0 1
0 3
0 734
1 0
1 2
1 734
2 1
2 734
3 0
3 734
4 5
4 6
4 331
4 157
4 158
4 159
5 4
5 6
5 7
5 8
5 329
5 331
6 4
6 5
6 7
6 238
6 154
6 157
7 257
7 5
7 6
7 8
7 9
7 238
7 239
8 5
8 7
8 9
8 10
8 330
8 329
9 256
9 257
9 7
9 8
9 10
9 11
10 8
10 9
10 330
10 11
10 12
10 16
11 256
11 258
11 9
11 10
11 12
11 13
12 10
12 11
12 13
12 14
12 15
12 16
13 194
13 258
13 196
13 11
13 12
13 15
13 474
14 483
14 12
14 15
14 16
14 17
14 18
15 483
15 12
15 13
15 14
15 474
15 475
16 330
16 10
16 12
16 14
16 17
16 178
17 14
17 16
17 178
17 18
17 184
17 185
18 483
18 14
18 17
18 185
18 186
18 187
19 493
19 20
19 21
19 22
19 23
19 24
20 486
20 487
20 45
20 493
20 19
20 21
21 129
21 45
21 19
21 20
21 22
21 28
22 19
22 21
22 24
22 25
22 26
22 28
23 325
23 493
23 494
23 19
23 116
23 24
24 19
24 116
24 22
24 23
24 118
24 25
25 108
25 110
25 118
25 22
25 24
25 26
25 27
26 22
26 25
26 27
26 28
26 29
26 30
27 33
27 36
27 108
27 25
27 26
27 30
28 129
28 44
28 21
28 22
28 26
28 29
29 43
29 44
29 26
29 28
29 30
29 31
30 32
30 33
30 26
30 27
30 29
30 31
31 32
31 41
31 42
31 43
31 29
31 30
32 33
32 34
32 35
32 40
32 41
32 30
32 31
33 32
33 34
33 36
33 27
33 30
34 32
34 33
34 35
34 36
34 37
34 38
35 32
35 34
35 38
35 39
35 40
36 33
36 34
36 37
36 139
36 108
36 140
36 27
37 34
37 36
37 38
37 138
37 139
38 34
38 35
38 37
38 39
38 138
39 35
39 38
39 40
39 138
39 150
40 32
40 35
40 39
40 41
40 150
40 151
41 32
41 40
41 42
41 151
41 153
41 31
42 131
42 132
42 41
42 43
42 153
42 31
43 131
43 42
43 44
43 123
43 127
43 29
43 31
44 129
44 43
44 122
44 123
44 28
44 29
45 129
45 130
45 486
45 20
45 21
45 318
45 671
46 461
46 462
46 495
46 496
46 497
46 221
47 512
47 510
47 48
47 49
47 286
47 511
48 47
48 49
48 277
48 55
48 283
48 286
49 47
49 48
49 50
49 51
49 52
49 55
49 511
50 505
50 49
50 51
50 57
50 511
51 49
51 50
51 52
51 53
51 56
51 57
52 49
52 51
52 53
52 54
52 55
53 261
53 51
53 52
53 54
53 56
54 261
54 276
54 52
54 53
54 55
55 48
55 49
55 52
55 276
55 54
55 277
56 260
56 261
56 51
56 53
56 57
57 260
57 263
57 264
57 50
57 51
57 56
57 505
58 515
58 518
58 519
58 59
58 60
58 61
58 607
59 66
59 515
59 517
59 58
59 61
59 63
60 228
60 58
60 61
60 62
60 607
61 64
61 227
61 58
61 59
61 60
61 62
61 63
62 227
62 228
62 100
62 60
62 61
63 64
63 65
63 66
63 59
63 61
64 65
64 226
64 227
64 230
64 233
64 234
64 80
64 61
64 63
65 64
65 66
65 75
65 80
65 63
66 65
66 517
66 521
66 75
66 59
66 63
67 68
67 69
67 204
67 524
67 210
68 67
68 69
68 198
68 203
68 204
68 79
69 67
69 68
69 70
69 72
69 523
69 524
69 79
70 69
70 71
70 72
70 77
70 78
70 79
71 416
71 417
71 70
71 72
71 523
71 78
71 415
72 523
72 69
72 70
72 71
73 521
73 74
73 75
73 427
73 525
73 522
74 73
74 75
74 427
74 76
75 65
75 66
75 73
75 74
75 521
75 76
75 80
76 74
76 75
76 427
76 80
76 81
76 82
76 83
76 84
77 550
77 70
77 551
77 552
77 78
77 79
78 417
78 70
78 551
78 71
78 77
78 694
79 68
79 197
79 198
79 70
79 552
79 69
79 77
80 64
80 65
80 233
80 75
80 76
80 235
80 84
81 422
81 424
81 427
81 76
81 428
81 82
82 102
82 105
82 76
82 429
82 428
82 81
82 83
83 102
83 104
83 76
83 82
83 84
84 101
84 104
84 232
84 235
84 76
84 80
84 83
84 85
84 86
85 104
85 235
85 84
86 101
86 104
86 84
86 87
86 88
87 104
87 86
88 104
88 86
89 101
89 231
89 232
89 90
89 91
90 96
90 97
90 226
90 101
90 229
90 231
90 89
90 91
90 92
90 93
90 95
91 89
91 90
92 226
92 90
92 93
92 94
92 95
93 90
93 92
94 226
94 99
94 100
94 227
94 92
94 95
95 97
95 98
95 99
95 90
95 92
95 94
96 90
96 101
97 98
97 101
97 103
97 107
97 90
97 95
98 97
98 99
98 426
98 107
98 430
98 95
99 98
99 100
99 425
99 426
99 94
99 95
100 99
100 228
100 227
100 425
100 94
100 62
101 96
101 97
101 102
101 103
101 232
101 104
101 84
101 86
101 89
101 90
102 101
102 103
102 104
102 105
102 82
102 83
103 97
103 101
103 102
103 105
103 106
103 107
104 101
104 102
104 83
104 84
104 85
104 86
104 87
104 88
105 102
105 103
105 106
105 429
105 82
106 103
106 105
106 107
106 429
106 430
107 97
107 98
107 103
107 106
107 430
108 36
108 140
108 109
108 110
108 111
108 141
108 25
108 27
109 134
109 135
109 108
109 110
109 111
109 117
109 118
110 25
110 108
110 109
110 118
111 133
111 135
111 108
111 141
111 109
111 142
112 526
112 527
112 113
112 114
112 121
112 122
112 123
113 673
113 675
113 325
113 526
113 112
113 114
114 325
114 112
114 113
114 115
114 121
115 325
115 114
115 116
115 117
115 119
115 120
115 121
116 325
116 115
116 117
116 118
116 23
116 24
117 134
117 109
117 115
117 116
117 118
117 119
117 126
118 109
118 110
118 116
118 117
118 24
118 25
119 115
119 117
119 120
119 125
119 126
120 115
120 119
120 121
120 124
120 125
121 112
121 114
121 115
121 120
121 123
121 124
122 129
122 130
122 44
122 527
122 112
122 123
123 43
123 44
123 112
123 121
123 122
123 124
123 127
124 128
124 137
124 120
124 121
124 123
124 125
124 127
125 137
125 119
125 120
125 124
125 126
126 134
126 137
126 117
126 119
126 125
127 128
127 131
127 43
127 123
127 124
128 131
128 132
128 133
128 136
128 137
128 124
128 127
129 130
129 44
129 45
129 21
129 122
129 28
130 129
130 45
130 527
130 122
130 671
131 128
131 132
131 42
131 43
131 127
132 128
132 131
132 133
132 42
132 147
132 153
133 128
133 132
133 135
133 136
133 142
133 111
133 143
133 147
134 135
134 136
134 137
134 109
134 117
134 126
135 133
135 134
135 136
135 109
135 111
136 128
136 133
136 134
136 135
136 137
137 128
137 134
137 136
137 124
137 125
137 126
138 37
138 38
138 39
138 139
138 145
138 150
139 36
139 37
139 138
139 140
139 145
139 146
140 36
140 139
140 108
140 141
140 146
141 140
141 108
141 142
141 111
141 144
141 145
141 146
142 133
142 141
142 143
142 144
142 111
143 133
143 142
143 144
143 147
143 148
144 141
144 142
144 143
144 145
144 148
144 149
145 138
145 139
145 141
145 144
145 146
145 149
145 150
146 145
146 139
146 140
146 141
147 132
147 133
147 143
147 148
147 152
147 153
148 143
148 144
148 147
148 149
148 152
149 144
149 145
149 148
149 150
149 151
149 152
150 39
150 40
150 138
150 145
150 149
150 151
151 40
151 41
151 149
151 150
151 152
151 153
152 147
152 148
152 149
152 151
152 153
153 132
153 41
153 42
153 147
153 151
153 152
154 6
154 238
154 240
154 176
154 157
155 162
155 163
155 172
155 156
155 157
156 176
156 155
156 172
156 157
157 163
157 4
157 6
157 176
157 154
157 155
157 156
157 158
158 163
158 164
158 4
158 165
158 157
158 159
159 4
159 165
159 166
159 326
159 331
159 158
160 161
160 162
160 170
160 171
160 172
160 473
161 160
161 162
161 163
161 164
161 473
162 160
162 161
162 163
162 172
162 155
163 161
163 162
163 164
163 155
163 157
163 158
164 161
164 163
164 165
164 472
164 473
164 158
165 164
165 166
165 167
165 472
165 158
165 159
166 165
166 326
166 167
166 168
166 159
167 165
167 166
167 168
167 169
167 173
167 472
168 326
168 327
168 166
168 169
168 167
169 327
169 168
169 167
169 173
169 174
170 160
170 171
170 175
170 177
170 182
170 471
170 473
171 160
171 170
171 172
171 176
171 182
172 160
172 162
172 171
172 176
172 155
172 156
173 167
173 169
173 174
173 175
173 471
173 472
174 327
174 328
174 169
174 173
174 175
174 177
174 179
175 170
175 173
175 174
175 177
175 471
176 171
176 172
176 240
176 180
176 182
176 247
176 154
176 156
176 157
177 170
177 174
177 175
177 178
177 179
177 181
177 182
177 183
178 330
178 16
178 17
178 177
178 179
178 183
178 184
179 328
179 329
179 330
179 174
179 177
179 178
180 176
180 181
180 182
180 247
180 249
181 177
181 180
181 182
181 183
181 184
181 249
181 250
182 170
182 171
182 176
182 177
182 180
182 181
183 184
183 177
183 178
183 181
184 17
184 178
184 181
184 183
184 185
184 250
185 186
185 17
185 18
185 241
185 184
185 250
186 251
186 241
186 18
186 529
186 185
186 187
186 252
187 482
187 483
187 484
187 529
187 18
187 530
187 186
188 530
188 531
188 532
188 537
188 252
188 189
188 190
189 484
189 485
189 530
189 188
189 190
189 191
190 192
190 193
190 536
190 537
190 188
190 189
190 191
191 193
191 485
191 669
191 670
191 538
191 539
191 189
191 190
192 193
192 194
192 195
192 535
192 536
192 190
193 192
193 546
193 195
193 538
193 190
193 191
194 192
194 195
194 196
194 548
194 13
194 535
194 474
194 476
195 192
195 193
195 194
195 546
195 548
196 609
196 194
196 258
196 13
196 535
197 198
197 199
197 552
197 202
197 79
198 68
198 197
198 199
198 203
198 79
199 197
199 198
199 200
199 202
199 203
200 199
200 201
200 202
200 203
200 205
200 206
200 207
201 200
201 552
201 202
201 554
201 207
201 727
202 197
202 199
202 552
202 201
202 200
203 68
203 198
203 199
203 200
203 204
203 205
204 67
204 68
204 203
204 205
204 210
205 225
205 200
205 203
205 204
205 206
205 210
205 604
206 225
206 200
206 205
206 431
206 207
207 200
207 553
207 201
207 554
207 206
207 431
207 208
207 209
208 419
208 420
208 431
208 207
208 209
209 418
209 419
209 553
209 557
209 207
209 208
209 703
210 67
210 519
210 524
210 204
210 205
210 604
210 607
211 556
211 558
211 435
211 212
211 213
211 214
212 394
212 395
212 560
212 561
212 434
212 211
212 435
212 213
213 560
213 211
213 212
213 214
213 217
214 556
214 562
214 211
214 563
214 213
214 567
214 217
215 389
215 390
215 568
215 569
215 216
215 217
215 570
216 391
216 217
216 390
216 215
217 567
217 391
217 568
217 560
217 213
217 214
217 215
217 216
218 453
218 454
218 589
218 590
218 597
218 598
218 599
218 219
219 224
219 454
219 597
219 218
219 220
220 224
220 622
220 625
220 597
220 219
220 223
221 224
221 455
221 46
221 462
221 496
221 725
221 222
221 223
222 620
222 221
222 462
222 223
223 224
223 620
223 625
223 220
223 221
223 222
224 454
224 455
224 219
224 220
224 221
224 223
225 205
225 206
225 431
225 604
225 606
226 64
226 227
226 229
226 230
226 231
226 234
226 90
226 92
226 94
227 64
227 226
227 100
227 62
227 61
227 94
228 100
228 423
228 425
228 60
228 605
228 62
228 607
229 234
229 226
229 90
229 231
230 64
230 234
230 226
230 236
231 226
231 229
231 232
231 234
231 89
231 90
232 101
232 231
232 233
232 234
232 235
232 84
232 89
233 64
233 232
233 234
233 235
233 237
233 80
234 64
234 226
234 229
234 230
234 231
234 232
234 233
234 235
234 236
235 232
235 233
235 234
235 236
235 237
235 80
235 84
235 85
236 234
236 235
236 230
237 233
237 235
238 6
238 7
238 239
238 240
238 154
239 257
239 7
239 238
239 240
239 245
240 238
240 239
240 176
240 245
240 246
240 247
240 154
241 250
241 242
241 243
241 185
241 186
241 251
241 253
242 241
242 243
242 244
242 248
242 250
243 241
243 242
243 244
243 245
243 253
244 242
244 243
244 245
244 246
244 248
245 257
245 239
245 240
245 243
245 244
245 246
245 253
246 240
246 244
246 245
246 247
246 248
246 249
247 240
247 176
247 180
247 246
247 249
248 242
248 244
248 246
248 249
248 250
249 180
249 181
249 246
249 247
249 248
249 250
250 248
250 185
250 241
250 242
250 181
250 184
250 249
251 241
251 186
251 252
251 253
251 254
251 255
252 529
252 530
252 531
252 186
252 251
252 188
252 255
253 257
253 241
253 243
253 245
253 251
253 254
254 256
254 609
254 257
254 608
254 251
254 253
254 255
255 608
255 531
255 251
255 252
255 254
256 609
256 257
256 258
256 9
256 11
256 254
257 256
257 7
257 9
257 239
257 245
257 253
257 254
258 256
258 609
258 196
258 11
258 13
259 260
259 261
259 262
259 270
259 271
259 272
259 275
259 276
260 259
260 261
260 262
260 263
260 56
260 57
261 259
261 260
261 276
261 53
261 54
261 56
262 259
262 260
262 263
262 270
262 271
262 273
263 260
263 262
263 264
263 273
263 57
264 263
264 456
264 457
264 458
264 505
264 273
264 503
264 57
265 458
265 266
265 267
265 272
265 273
266 265
266 267
266 272
266 274
266 278
266 280
267 265
267 266
267 458
267 459
267 465
267 278
267 279
267 284
267 285
268 273
268 458
268 269
269 273
269 268
270 259
270 262
270 271
270 272
270 273
271 259
271 270
271 262
272 259
272 265
272 266
272 270
272 273
272 274
272 275
273 262
273 263
273 264
273 265
273 458
273 268
273 269
273 270
273 272
274 266
274 272
274 275
274 280
274 281
275 259
275 272
275 274
275 276
275 277
275 281
275 282
276 259
276 261
276 275
276 277
276 54
276 55
277 48
277 275
277 276
277 55
277 281
277 283
278 280
278 266
278 267
278 279
279 267
279 278
279 280
279 281
279 282
279 283
279 284
280 266
280 274
280 278
280 279
280 281
281 274
281 275
281 277
281 279
281 280
281 282
281 283
282 281
282 275
282 279
283 48
283 277
283 279
283 281
283 284
283 286
284 267
284 279
284 283
284 285
284 286
284 287
285 288
285 289
285 267
285 465
285 466
285 284
285 287
286 512
286 47
286 48
286 283
286 284
286 287
287 288
287 512
287 284
287 285
287 286
288 512
288 289
288 290
288 285
288 287
289 288
289 290
289 291
289 294
289 466
289 468
289 285
290 288
290 289
290 512
290 291
290 292
290 513
290 610
291 289
291 290
291 292
291 293
291 294
291 463
292 290
292 611
292 291
292 293
292 610
292 612
292 613
293 291
293 292
293 611
293 620
293 462
293 463
294 289
294 291
294 463
294 468
294 469
295 296
295 297
295 298
295 301
295 303
295 633
296 295
296 298
296 629
296 630
296 631
296 633
297 295
297 300
297 301
297 302
297 303
298 295
298 296
298 299
298 301
298 630
298 635
298 636
299 641
299 298
299 300
299 301
299 507
299 636
299 637
300 640
300 641
300 644
300 645
300 297
300 299
300 301
300 302
300 639
301 295
301 297
301 298
301 299
301 300
302 385
302 386
302 644
302 297
302 650
302 300
302 303
303 577
303 386
303 295
303 297
303 302
303 633
303 634
304 641
304 642
304 709
304 305
304 306
304 700
304 637
305 640
305 641
305 304
305 306
305 307
305 308
306 642
306 643
306 679
306 683
306 304
306 305
306 308
307 640
307 647
307 648
307 305
307 308
307 309
307 310
308 648
308 649
308 683
308 305
308 306
308 307
309 646
309 647
309 307
309 310
309 311
309 312
310 648
310 656
310 307
310 309
310 312
311 644
311 645
311 646
311 309
311 663
311 312
312 663
312 651
312 656
312 309
312 310
312 311
312 313
312 314
313 706
313 708
313 490
313 656
313 657
313 312
313 314
314 322
314 324
314 490
314 491
314 651
314 312
314 313
315 321
315 324
315 651
315 664
315 666
315 316
315 317
316 320
316 665
316 666
316 315
316 317
317 320
317 664
317 315
317 316
317 318
317 319
318 320
318 486
318 488
318 45
318 671
318 317
318 670
318 319
319 318
319 664
319 667
319 317
319 670
320 527
320 528
320 665
320 316
320 317
320 318
320 671
321 672
321 673
321 675
321 324
321 323
321 666
321 315
322 323
322 324
322 491
322 492
322 494
322 314
323 321
323 322
323 675
323 324
323 674
323 494
324 321
324 322
324 323
324 651
324 314
324 315
325 674
325 675
325 494
325 113
325 114
325 115
325 116
325 23
326 166
326 327
326 168
326 331
326 159
327 326
327 168
327 169
327 328
327 331
327 174
328 327
328 329
328 331
328 174
328 179
329 5
329 328
329 8
329 330
329 331
329 179
330 8
330 329
330 10
330 16
330 178
330 179
331 4
331 5
331 326
331 327
331 328
331 329
331 159
332 333
332 334
332 335
332 343
332 344
333 332
333 334
333 335
333 336
333 339
333 340
334 332
334 333
334 340
334 342
334 343
335 332
335 333
335 336
335 337
335 344
335 345
336 333
336 335
336 337
336 338
336 339
337 335
337 336
337 338
337 345
337 346
338 336
338 337
338 339
338 346
338 383
339 333
339 336
339 338
339 340
339 378
339 379
339 383
340 333
340 334
340 339
340 341
340 342
340 379
340 381
341 355
341 340
341 373
341 374
341 342
341 377
341 380
341 381
342 355
342 334
342 340
342 341
342 343
342 347
343 352
343 332
343 334
343 342
343 344
343 347
343 348
343 351
344 332
344 335
344 343
344 345
344 349
344 350
344 351
345 384
345 335
345 337
345 344
345 346
345 349
345 382
346 337
346 338
346 345
346 382
346 383
347 354
347 355
347 342
347 343
347 348
348 352
348 353
348 354
348 343
348 347
349 384
349 356
349 344
349 345
349 350
350 356
350 357
350 344
350 349
350 351
351 352
351 357
351 358
351 343
351 344
351 350
352 353
352 358
352 359
352 343
352 348
352 351
353 352
353 354
353 359
353 360
353 348
354 353
354 355
354 360
354 361
354 347
354 348
355 354
355 361
355 365
355 373
355 342
355 341
355 347
356 384
356 357
356 363
356 439
356 440
356 349
356 350
357 356
357 358
357 372
357 440
357 350
357 351
358 352
358 357
358 359
358 369
358 372
358 351
359 352
359 353
359 358
359 360
359 362
359 369
360 353
360 354
360 359
360 361
360 362
360 364
361 354
361 355
361 360
361 364
361 365
362 359
362 360
362 364
362 368
362 369
363 384
363 356
363 652
363 654
363 438
363 439
364 360
364 361
364 362
364 365
364 366
364 367
364 368
365 355
365 361
365 364
365 366
365 373
366 364
366 365
366 367
366 373
366 374
366 375
367 364
367 366
367 368
367 371
367 375
367 376
368 362
368 364
368 367
368 369
368 370
368 371
369 358
369 359
369 362
369 368
369 370
369 372
370 368
370 369
370 371
370 372
370 441
370 442
371 367
371 368
371 370
371 376
371 442
372 357
372 358
372 369
372 370
372 440
372 441
373 355
373 365
373 366
373 341
373 374
374 366
374 341
374 373
374 375
374 377
374 444
374 445
375 366
375 367
375 374
375 376
375 445
376 367
376 371
376 375
376 442
376 445
377 341
377 374
377 380
377 443
377 444
377 446
378 677
378 678
378 447
378 339
378 379
378 383
379 339
379 340
379 378
379 380
379 381
379 447
380 436
380 341
380 377
380 379
380 381
380 446
380 447
381 379
381 380
381 341
381 340
382 384
382 680
382 682
382 345
382 346
382 383
383 677
383 680
383 346
383 338
383 339
383 378
383 382
384 356
384 682
384 363
384 654
384 345
384 349
384 382
385 386
385 387
385 388
385 650
385 302
385 688
386 577
386 385
386 388
386 302
386 303
387 544
387 385
387 388
387 390
387 687
387 688
388 576
388 385
388 386
388 387
388 577
388 389
388 390
389 576
389 388
389 390
389 215
389 570
390 387
390 388
390 389
390 391
390 687
390 215
390 216
391 545
391 390
391 687
391 565
391 567
391 216
391 217
392 581
392 394
392 396
392 397
392 398
392 559
393 394
393 395
393 396
393 433
393 434
393 404
394 392
394 393
394 395
394 396
394 559
394 561
394 212
395 434
395 393
395 394
395 212
396 392
396 393
396 394
396 397
396 401
396 403
396 404
397 392
397 396
397 398
397 401
397 690
398 581
398 392
398 397
398 690
398 734
399 400
399 401
399 690
399 691
399 692
399 693
399 603
400 452
400 399
400 401
400 402
400 693
400 410
401 396
401 397
401 399
401 400
401 690
401 402
401 403
402 400
402 401
402 403
402 408
402 409
402 410
403 396
403 401
403 402
403 404
403 408
404 393
404 396
404 433
404 403
404 407
404 408
405 407
405 406
405 695
405 696
405 698
405 411
406 405
406 407
406 408
406 409
406 411
406 413
407 696
407 433
407 404
407 405
407 406
407 408
408 402
408 403
408 404
408 406
408 407
408 409
409 450
409 451
409 402
409 406
409 408
409 410
409 413
410 451
410 452
410 400
410 402
410 409
411 405
411 406
411 698
411 413
411 478
411 479
412 449
412 478
412 699
412 413
412 414
413 449
413 450
413 406
413 409
413 411
413 412
413 478
414 490
414 412
414 699
414 700
414 478
415 416
415 417
415 419
415 420
415 421
415 71
416 421
416 71
416 522
416 523
416 525
416 415
417 418
417 419
417 71
417 78
417 694
417 415
418 417
418 419
418 209
418 694
418 703
419 417
419 418
419 420
419 208
419 209
419 415
420 419
420 421
420 431
420 432
420 208
420 415
421 416
421 420
421 525
421 432
421 701
421 415
422 423
422 424
422 427
422 81
422 701
422 702
423 228
423 422
423 424
423 425
423 605
423 702
424 422
424 423
424 425
424 426
424 428
424 81
425 99
425 100
425 228
425 423
425 424
425 426
426 98
426 99
426 424
426 425
426 428
426 429
426 430
427 422
427 73
427 74
427 76
427 525
427 81
427 701
428 424
428 426
428 429
428 81
428 82
429 105
429 426
429 106
429 428
429 430
429 82
430 98
430 426
430 107
430 106
430 429
431 225
431 420
431 206
431 207
431 208
431 432
431 606
432 420
432 421
432 606
432 431
432 701
432 702
433 393
433 434
433 404
433 407
433 696
434 393
434 395
434 433
434 435
434 212
434 696
434 697
435 558
435 434
435 211
435 212
435 697
436 448
436 437
436 438
436 380
436 446
436 447
437 448
437 704
437 652
437 655
437 436
437 438
438 363
438 652
438 436
438 437
438 439
438 446
439 356
439 363
439 438
439 440
439 443
439 446
440 356
440 357
440 372
440 439
440 441
440 443
441 370
441 372
441 440
441 442
441 443
441 444
441 445
442 370
442 371
442 376
442 441
442 445
443 377
443 439
443 440
443 441
443 444
443 446
444 377
444 374
444 441
444 443
444 445
445 374
445 375
445 376
445 441
445 442
445 444
446 436
446 438
446 439
446 377
446 443
446 380
447 448
447 678
447 436
447 378
447 379
447 380
448 704
448 705
448 678
448 436
448 437
448 447
449 450
449 716
449 717
449 506
449 699
449 412
449 413
450 449
450 451
450 716
450 722
450 409
450 413
451 450
451 452
451 722
451 409
451 410
452 451
452 400
452 720
452 722
452 721
452 693
452 410
453 454
453 711
453 712
453 719
453 599
453 218
454 224
454 453
454 711
454 455
454 218
454 219
455 224
455 454
455 711
455 723
455 725
455 221
456 264
456 457
456 458
456 459
456 460
456 464
456 470
457 456
457 264
457 460
457 503
458 264
458 265
458 456
458 267
458 268
458 459
458 273
459 456
459 458
459 267
459 464
459 465
460 456
460 457
460 461
460 497
460 470
460 503
461 460
461 46
461 462
461 463
461 497
461 470
462 293
462 620
462 461
462 46
462 463
462 221
462 222
463 291
463 293
463 294
463 461
463 462
463 469
463 470
464 456
464 459
464 465
464 466
464 467
464 470
465 267
465 459
465 464
465 466
465 285
466 289
466 464
466 465
466 467
466 468
466 285
467 464
467 466
467 468
467 469
467 470
468 289
468 294
468 466
468 467
468 469
469 294
469 463
469 467
469 468
469 470
470 456
470 460
470 461
470 463
470 464
470 467
470 469
471 170
471 173
471 175
471 472
471 473
472 164
472 165
472 167
472 173
472 471
472 473
473 160
473 161
473 164
473 170
473 471
473 472
474 194
474 13
474 15
474 475
474 476
475 482
475 483
475 15
475 474
475 476
475 477
476 194
476 548
476 551
476 695
476 474
476 475
476 477
477 481
477 482
477 695
477 698
477 475
477 476
477 479
478 480
478 490
478 411
478 412
478 413
478 414
478 479
479 480
479 481
479 698
479 411
479 477
479 478
480 481
480 485
480 488
480 489
480 490
480 478
480 479
481 480
481 482
481 484
481 485
481 477
481 479
482 481
482 483
482 484
482 475
482 187
482 477
483 482
483 187
483 14
483 15
483 18
483 475
484 481
484 482
484 485
484 530
484 187
484 189
485 480
485 481
485 484
485 488
485 189
485 670
485 191
486 487
486 488
486 45
486 20
486 318
487 486
487 488
487 489
487 492
487 493
487 20
488 480
488 485
488 486
488 487
488 489
488 670
488 318
489 480
489 487
489 488
489 490
489 491
489 492
490 480
490 708
490 478
490 489
490 491
490 313
490 314
490 700
490 414
491 322
491 489
491 490
491 492
491 314
492 322
492 487
492 489
492 491
492 493
492 494
493 487
493 492
493 494
493 19
493 20
493 23
494 322
494 323
494 674
494 325
494 492
494 493
494 23
495 46
495 496
495 497
495 500
495 501
495 502
496 46
496 495
496 500
496 725
496 724
496 221
497 460
497 461
497 46
497 495
497 502
497 503
498 636
498 615
498 718
498 499
498 635
498 508
499 514
499 614
499 615
499 718
499 498
499 500
499 501
500 718
500 495
500 496
500 499
500 724
500 501
501 514
501 495
501 499
501 500
501 502
501 509
502 495
502 497
502 501
502 503
502 504
502 509
503 264
503 457
503 460
503 497
503 502
503 504
503 505
504 502
504 503
504 505
504 509
504 510
504 511
505 264
505 50
505 503
505 504
505 57
505 511
506 449
506 717
506 718
506 507
506 508
506 699
507 700
507 299
507 508
507 506
507 699
507 636
507 637
508 718
508 498
508 506
508 507
508 636
509 513
509 514
509 501
509 502
509 504
509 510
510 512
510 513
510 47
510 504
510 509
510 511
511 47
511 49
511 50
511 504
511 505
511 510
512 288
512 513
512 290
512 47
512 286
512 510
512 287
513 512
513 514
513 290
513 610
513 509
513 510
514 513
514 610
514 614
514 499
514 501
514 509
515 516
515 517
515 518
515 58
515 59
516 515
516 517
516 518
516 520
516 521
517 66
517 515
517 516
517 521
517 59
518 515
518 516
518 519
518 520
518 58
519 518
519 520
519 524
519 210
519 58
519 607
520 516
520 518
520 519
520 521
520 522
520 523
520 524
521 66
521 516
521 517
521 520
521 73
521 522
521 75
522 416
522 520
522 73
522 521
522 523
522 525
523 416
523 69
523 71
523 72
523 520
523 522
523 524
524 67
524 69
524 519
524 520
524 523
524 210
525 416
525 421
525 73
525 522
525 427
525 701
526 673
526 527
526 112
526 113
526 528
527 320
527 130
527 526
527 112
527 528
527 122
527 671
528 672
528 320
528 673
528 526
528 527
528 665
529 530
529 186
529 187
529 252
530 484
530 529
530 252
530 187
530 188
530 189
531 608
531 532
531 533
531 252
531 188
531 255
532 531
532 533
532 534
532 537
532 188
533 608
533 609
533 531
533 532
533 534
533 535
534 532
534 533
534 535
534 536
534 537
535 192
535 609
535 194
535 196
535 533
535 534
535 536
536 192
536 534
536 535
536 537
536 190
537 532
537 534
537 536
537 188
537 190
538 193
538 546
538 539
538 540
538 542
538 191
539 544
539 669
539 538
539 540
539 541
539 191
540 538
540 539
540 541
540 542
541 544
541 539
541 540
541 542
541 543
542 546
542 547
542 538
542 540
542 541
542 543
543 544
543 545
543 547
543 541
543 542
544 545
544 387
544 669
544 687
544 688
544 539
544 541
544 543
545 544
545 547
545 549
545 391
545 687
545 565
545 543
546 193
546 195
546 547
546 548
546 538
546 542
547 545
547 546
547 548
547 549
547 542
547 543
548 546
548 547
548 195
548 549
548 550
548 194
548 551
548 476
549 545
549 547
549 548
549 550
549 565
549 566
549 726
549 730
550 548
550 549
550 551
550 552
550 77
550 726
550 727
551 548
551 550
551 77
551 78
551 694
551 695
551 476
552 197
552 550
552 201
552 202
552 77
552 79
552 727
553 554
553 555
553 557
553 207
553 209
554 201
554 553
554 555
554 207
554 727
554 728
554 731
555 553
555 554
555 556
555 557
555 558
555 731
556 555
556 558
556 562
556 211
556 214
556 731
557 553
557 555
557 558
557 209
557 697
557 703
558 555
558 556
558 557
558 211
558 435
558 697
559 581
559 392
559 394
559 560
559 561
559 574
560 559
560 569
560 561
560 212
560 213
560 568
560 217
560 574
561 560
561 394
561 212
561 559
562 556
562 563
562 564
562 214
562 731
563 562
563 564
563 565
563 214
563 567
564 562
564 563
564 565
564 566
564 729
564 731
565 545
565 549
565 391
565 563
565 564
565 566
565 567
566 549
566 564
566 565
566 729
566 730
567 391
567 563
567 565
567 214
567 217
568 560
568 217
568 569
568 215
569 560
569 215
569 568
569 570
569 571
569 574
570 576
570 389
570 215
570 569
570 571
570 572
571 734
571 569
571 570
571 572
571 573
571 574
571 575
572 576
572 577
572 580
572 570
572 571
572 573
573 578
573 580
573 571
573 572
573 734
574 581
574 559
574 560
574 569
574 571
574 575
575 571
575 581
575 734
575 574
576 577
576 388
576 389
576 570
576 572
577 576
577 386
577 388
577 580
577 303
577 634
577 572
578 579
578 580
578 582
578 573
578 734
579 578
579 580
579 582
579 583
579 634
580 577
580 578
580 579
580 634
580 572
580 573
581 392
581 574
581 398
581 559
581 734
581 575
582 578
582 579
582 583
582 584
582 734
583 579
583 582
583 584
583 585
583 632
583 633
583 634
584 585
584 582
584 734
584 583
585 583
585 584
585 594
585 595
585 632
585 734
586 587
586 588
586 591
586 596
586 628
586 629
586 732
587 586
587 629
587 631
587 632
587 732
588 586
588 589
588 590
588 591
588 596
588 597
589 588
589 590
589 591
589 592
589 598
589 218
590 218
590 597
590 588
590 589
591 586
591 588
591 589
591 592
591 594
591 732
592 589
592 591
592 593
592 594
592 598
592 733
593 592
593 594
593 595
593 602
593 603
593 733
593 734
594 585
594 591
594 592
594 593
594 595
594 632
594 732
595 585
595 593
595 594
595 734
596 586
596 588
596 621
596 628
596 597
597 588
597 621
597 590
597 622
597 596
597 218
597 219
597 220
598 589
598 592
598 599
598 600
598 218
598 733
599 453
599 719
599 598
599 600
599 218
600 719
600 598
600 599
600 601
600 733
601 719
601 720
601 692
601 693
601 600
601 602
601 603
601 733
602 593
602 601
602 603
602 733
603 399
603 593
603 691
603 692
603 601
603 602
603 734
604 225
604 205
604 210
604 605
604 606
604 607
605 228
605 423
605 702
605 604
605 606
605 607
606 225
606 431
606 432
606 604
606 605
606 702
607 228
607 519
607 60
607 210
607 58
607 604
607 605
608 609
608 531
608 533
608 254
608 255
609 256
609 608
609 258
609 196
609 533
609 535
609 254
610 513
610 290
610 514
610 292
610 613
610 614
611 612
611 292
611 293
611 619
611 620
612 611
612 292
612 613
612 618
612 619
613 610
613 612
613 292
613 614
613 615
613 617
613 618
614 610
614 514
614 613
614 615
614 499
615 613
615 614
615 616
615 617
615 498
615 499
615 635
616 615
616 617
616 621
616 628
616 629
616 630
616 635
617 613
617 615
617 616
617 618
617 621
617 623
617 627
618 612
618 613
618 617
618 619
618 626
618 627
619 611
619 612
619 618
619 620
619 625
619 626
620 611
620 293
620 619
620 462
620 625
620 222
620 223
621 616
621 617
621 622
621 623
621 596
621 597
621 628
622 621
622 623
622 624
622 625
622 597
622 220
623 617
623 621
623 622
623 624
623 627
624 622
624 623
624 625
624 626
624 627
625 619
625 620
625 622
625 624
625 626
625 220
625 223
626 618
626 619
626 624
626 625
626 627
627 617
627 618
627 623
627 624
627 626
628 616
628 586
628 621
628 596
628 629
629 616
629 296
629 586
629 587
629 628
629 630
629 631
630 616
630 296
630 298
630 629
630 635
631 296
631 587
631 629
631 632
631 633
632 583
632 585
632 587
632 594
632 631
632 633
632 732
633 295
633 296
633 583
633 303
633 631
633 632
633 634
634 577
634 579
634 580
634 583
634 303
634 633
635 615
635 616
635 298
635 498
635 630
635 636
636 298
636 299
636 498
636 507
636 635
636 508
637 641
637 299
637 304
637 507
637 700
638 640
638 647
638 646
638 639
639 640
639 645
639 646
639 300
639 638
640 641
640 647
640 300
640 305
640 307
640 638
640 639
641 640
641 299
641 300
641 304
641 305
641 637
642 643
642 676
642 709
642 707
642 304
642 306
643 642
643 676
643 677
643 679
643 306
644 645
644 650
644 300
644 302
644 663
644 311
645 644
645 646
645 300
645 311
645 639
646 645
646 647
646 309
646 311
646 638
646 639
647 640
647 646
647 307
647 309
647 638
648 649
648 656
648 307
648 308
648 310
649 648
649 683
649 686
649 656
649 658
649 308
650 385
650 644
650 302
650 688
650 662
650 663
650 668
651 324
651 664
651 659
651 663
651 312
651 314
651 315
652 363
652 653
652 654
652 655
652 437
652 438
653 652
653 654
653 655
653 656
653 658
654 384
654 682
654 363
654 652
654 653
654 658
655 704
655 652
655 653
655 656
655 657
655 437
656 648
656 649
656 653
656 655
656 657
656 658
656 310
656 312
656 313
657 704
657 706
657 655
657 656
657 313
658 649
658 682
658 653
658 654
658 685
658 656
658 686
659 651
659 660
659 661
659 663
659 664
659 667
660 659
660 661
660 662
660 667
660 668
660 669
661 659
661 660
661 662
661 663
662 650
662 660
662 661
662 663
662 668
663 644
663 650
663 651
663 659
663 661
663 662
663 311
663 312
664 651
664 659
664 315
664 667
664 317
664 319
665 320
665 672
665 528
665 666
665 316
666 672
666 321
666 665
666 315
666 316
667 659
667 660
667 664
667 669
667 670
667 319
668 650
668 688
668 660
668 662
668 669
669 544
669 688
669 660
669 539
669 667
669 668
669 670
669 191
670 191
670 485
670 488
670 667
670 669
670 318
670 319
671 320
671 130
671 45
671 527
671 318
672 321
672 673
672 528
672 665
672 666
673 672
673 321
673 675
673 526
673 528
673 113
674 323
674 325
674 675
674 494
675 321
675 673
675 323
675 674
675 325
675 113
676 705
676 642
676 643
676 707
676 677
676 678
677 643
677 676
677 678
677 679
677 680
677 378
677 383
678 448
678 705
678 676
678 677
678 378
678 447
679 643
679 677
679 680
679 681
679 683
679 684
679 306
680 677
680 679
680 681
680 682
680 382
680 383
681 679
681 680
681 682
681 684
681 685
682 384
682 680
682 681
682 685
682 654
682 658
682 382
683 679
683 649
683 684
683 686
683 306
683 308
684 679
684 681
684 683
684 685
684 686
685 681
685 682
685 684
685 686
685 658
686 649
686 683
686 684
686 685
686 658
687 544
687 545
687 387
687 390
687 391
688 544
688 385
688 387
688 650
688 668
688 669
689 690
689 691
689 734
690 397
690 398
690 399
690 689
690 401
690 691
690 734
691 399
691 689
691 690
691 603
691 734
692 601
692 603
692 693
692 399
693 452
693 399
693 400
693 720
693 692
693 601
694 417
694 418
694 551
694 78
694 695
694 703
695 551
695 405
695 694
695 696
695 698
695 476
695 477
695 703
696 407
696 433
696 434
696 405
696 695
696 697
696 703
697 557
697 558
697 434
697 435
697 696
697 703
698 405
698 695
698 411
698 477
698 479
699 449
699 700
699 506
699 507
699 412
699 414
700 708
700 709
700 490
700 304
700 507
700 699
700 637
700 414
701 421
701 422
701 427
701 525
701 432
701 702
702 422
702 701
702 423
702 432
702 605
702 606
703 418
703 557
703 209
703 694
703 695
703 696
703 697
704 448
704 705
704 706
704 655
704 657
704 437
705 704
705 448
705 706
705 707
705 676
705 678
706 704
706 705
706 707
706 708
706 657
706 313
707 705
707 706
707 642
707 708
707 709
707 676
708 706
708 707
708 709
708 490
708 313
708 700
709 642
709 707
709 708
709 304
709 700
710 711
710 712
710 713
710 714
710 719
710 720
710 721
711 453
711 710
711 454
711 455
711 712
711 713
711 723
712 719
712 453
712 710
712 711
713 710
713 711
713 714
713 715
713 723
714 710
714 713
714 715
714 716
714 721
714 722
715 713
715 714
715 716
715 717
715 723
715 724
716 449
716 450
716 714
716 715
716 717
716 722
717 449
717 715
717 716
717 718
717 724
717 506
718 717
718 498
718 499
718 500
718 724
718 506
718 508
719 453
719 710
719 712
719 720
719 599
719 600
719 601
720 452
720 710
720 719
720 721
720 693
720 601
721 452
721 710
721 714
721 720
721 722
722 450
722 451
722 452
722 714
722 716
722 721
723 455
723 711
723 713
723 715
723 724
723 725
724 715
724 717
724 718
724 496
724 723
724 500
724 725
725 455
725 496
725 723
725 724
725 221
726 549
726 550
726 727
726 728
726 729
726 730
727 550
727 552
727 201
727 554
727 726
727 728
728 554
728 726
728 727
728 729
728 731
729 564
729 726
729 566
729 728
729 730
729 731
730 566
730 729
730 549
730 726
731 554
731 555
731 556
731 562
731 564
731 728
731 729
732 586
732 587
732 591
732 594
732 632
733 592
733 593
733 598
733 600
733 601
733 602
734 0
734 1
734 2
734 3
734 398
734 689
734 690
734 691
734 571
734 573
734 575
734 578
734 581
734 582
734 584
734 585
734 593
734 595
734 603
