0.457169 0.249514 -0.270173 0.000000 0.000000 0.000000
0.500000 0.094069 0.096794 0.000000 0.000000 0.000000
0.487595 0.031555 -0.009452 0.000000 0.124035 -0.992278
0.475934 0.077089 -0.109417 0.000000 0.000000 -1.000000
-0.291654 0.278655 -0.164303 -0.281557 0.938673 -0.199045
-0.276782 0.284113 -0.160900 -0.188058 0.976868 -0.101798
-0.274009 0.276240 -0.180767 -0.038187 0.743439 -0.667713
-0.258691 0.286397 -0.161469 0.006514 0.990072 -0.140409
-0.236147 0.282565 -0.168415 0.022474 0.923216 -0.383624
-0.231345 0.286300 -0.119871 0.014547 0.919837 0.392031
-0.167142 0.257668 -0.082657 -0.202563 0.166597 0.964994
-0.156294 0.213997 -0.083313 -0.075002 -0.371804 0.925277
-0.198040 0.260625 -0.089419 -0.134162 0.327150 0.935400
-0.200656 0.205756 -0.089944 -0.053895 -0.330046 0.942425
-0.242175 0.258980 -0.091230 0.000192 0.264606 0.964357
-0.237827 0.204846 -0.092350 -0.023247 -0.344028 0.938671
-0.277657 0.254746 -0.088877 -0.017946 0.106805 0.994118
-0.283002 0.211128 -0.092105 -0.060303 -0.372530 0.926059
-0.272207 0.274377 -0.100206 -0.041485 0.759328 0.649385
-0.257843 0.286300 -0.122627 -0.072150 0.986763 0.145237
-0.277080 0.284070 -0.122732 -0.203681 0.971863 0.118305
-0.339174 0.246190 -0.095167 -0.086961 0.229946 0.969310
-0.331397 0.206579 -0.096864 -0.082450 -0.503629 0.859977
-0.296448 0.246873 -0.089822 -0.120740 0.146319 0.981841
-0.295705 0.269504 -0.102366 -0.221648 0.694616 0.684383
-0.293456 0.280334 -0.122662 -0.246452 0.959085 0.139347
-0.337932 0.271009 -0.164399 -0.067993 0.947972 -0.311009
-0.386467 0.251929 -0.184660 -0.114006 0.267389 -0.956821
-0.369626 0.269451 -0.172413 0.037408 0.799849 -0.599035
-0.328991 0.249829 -0.191169 -0.141943 0.411559 -0.900262
-0.297393 0.265585 -0.184039 -0.182150 0.739073 -0.648532
-0.311154 0.273554 -0.161950 -0.180790 0.969280 -0.166768
-0.309842 0.275785 -0.123099 -0.209778 0.972411 0.102032
-0.327583 0.270143 -0.118769 -0.126713 0.902305 0.412055
-0.439778 0.245324 -0.121866 -0.962809 -0.040092 0.267191
-0.435211 0.224652 -0.121157 -0.821763 -0.553987 0.133433
-0.421783 0.221144 -0.104527 -0.550339 -0.417305 0.723176
-0.424652 0.242953 -0.101806 -0.414063 0.035593 0.909552
-0.388138 0.209947 -0.099926 -0.128679 -0.394268 0.909942
-0.387263 0.240723 -0.094528 -0.079432 0.158464 0.984164
-0.387779 0.257484 -0.105621 -0.018735 0.748150 0.663265
-0.434249 0.264902 -0.123537 -0.849863 0.452864 0.269532
-0.422841 0.259662 -0.109041 -0.170042 0.610656 0.773424
-0.422981 0.271735 -0.125881 -0.159778 0.922268 0.351984
-0.395766 0.270956 -0.126091 0.038654 0.969568 0.241751
-0.424162 0.274097 -0.153482 -0.135283 0.988122 -0.072891
-0.396116 0.274420 -0.154689 -0.007232 0.989206 -0.146354
-0.423480 0.264404 -0.169500 -0.277592 0.662023 -0.696181
-0.396894 0.267457 -0.172824 -0.076251 0.835396 -0.544333
-0.433908 0.266407 -0.153902 -0.823148 0.518889 -0.230609
-0.366083 0.272688 -0.155669 0.046129 0.998802 -0.016351
-0.367352 0.268909 -0.125103 0.002687 0.977741 0.209797
-0.424521 0.248194 -0.175702 -0.485815 0.007474 -0.874030
-0.439139 0.247327 -0.153753 -0.960569 0.024880 -0.276926
-0.272155 0.251422 -0.199095 -0.026781 0.285244 -0.958081
-0.294480 0.247695 -0.198159 -0.123311 0.094816 -0.987828
-0.330181 0.212265 -0.190154 -0.119299 -0.301732 -0.945899
-0.385391 0.217872 -0.183322 -0.219433 -0.439326 -0.871115
-0.421608 0.223515 -0.170838 -0.521967 -0.478964 -0.705793
-0.435010 0.226796 -0.152283 -0.900468 -0.393109 -0.186071
-0.163940 0.253110 -0.202970 -0.140295 0.114607 -0.983454
-0.197166 0.208993 -0.196943 -0.045283 -0.405966 -0.912766
-0.199073 0.252568 -0.198403 -0.108577 0.300830 -0.947477
-0.235001 0.210856 -0.195342 -0.052518 -0.390905 -0.918932
-0.235386 0.252568 -0.197301 0.011860 0.370330 -0.928825
-0.281078 0.216726 -0.194930 -0.043397 -0.411353 -0.910442
-0.166416 0.281795 -0.183952 -0.230507 0.685872 -0.690251
-0.102554 0.271227 -0.201474 0.002046 0.314993 -0.949092
-0.078838 0.302782 -0.269727 -0.072113 0.979770 0.186685
-0.096343 0.300875 -0.268878 -0.235970 0.961847 0.138451
-0.064727 0.269688 -0.234008 0.046008 0.166420 0.984981
-0.039323 0.269959 -0.234997 -0.140391 0.269374 0.952748
-0.016674 0.205896 -0.223957 -0.921694 -0.187479 0.339606
-0.039857 0.208993 -0.234315 -0.186368 -0.326106 0.926780
-0.036847 0.228431 -0.328366 0.107653 -0.386257 -0.916087
0.003473 0.227478 -0.325015 0.027210 -0.309397 -0.950543
0.175505 0.264946 -0.299322 0.204842 0.332099 -0.920733
0.182486 0.215589 -0.305901 0.109654 -0.193013 -0.975050
0.247730 0.204619 -0.296409 0.225979 -0.025483 -0.973799
0.180395 0.289266 -0.274364 0.177260 0.791811 -0.584477
0.244178 0.301461 -0.225636 0.171782 0.866154 -0.469327
0.236515 0.273511 -0.273305 0.248035 0.585397 -0.771874
0.246041 0.345630 0.065134 0.059644 0.976863 0.205382
0.292363 0.348911 -0.013923 0.057574 0.997338 -0.044750
0.243592 0.352874 -0.014028 0.052935 0.998519 0.012534
0.188208 0.347905 0.072614 0.113816 0.977816 0.175846
-0.036786 0.287306 0.098141 -0.567281 0.694552 -0.442481
-0.043942 0.314076 0.138732 -0.278535 0.904054 -0.324199
-0.048290 0.322999 0.031122 -0.312260 0.909651 0.273913
-0.124005 0.304698 0.035933 -0.128916 0.897783 0.421149
-0.029892 0.292267 -0.083042 -0.500552 0.693647 0.517979
-0.105336 0.278016 -0.084144 -0.032145 0.282334 0.958777
-0.101198 0.207165 -0.083182 0.008668 -0.332706 0.942991
-0.127294 0.303692 -0.162930 -0.050966 0.980246 -0.191100
-0.089415 0.306885 -0.119259 -0.146876 0.914408 0.377209
-0.089817 0.304969 -0.165143 -0.116095 0.922877 -0.367179
-0.030820 0.324871 -0.117439 -0.341884 0.927675 0.150115
0.191768 0.354370 -0.015147 0.088523 0.996026 -0.009764
0.241720 0.336567 -0.137551 0.104839 0.973289 -0.204249
0.242525 0.344449 -0.077942 0.076191 0.988702 -0.129086
0.246313 0.322771 -0.181983 0.147050 0.920247 -0.362660
0.295976 0.320226 -0.168074 0.113716 0.918944 -0.377638
0.051562 0.326874 0.185133 -0.016096 0.632919 0.774051
0.014548 0.332788 0.166140 -0.340611 0.871942 0.351713
-0.034433 0.309387 0.184748 -0.216317 0.879230 0.424454
-0.104287 0.298417 0.184380 -0.101489 0.876655 0.470293
-0.047730 0.229892 0.203329 -0.014727 -0.398816 0.916913
-0.043408 0.274692 0.211150 -0.058068 0.355047 0.933043
-0.127784 0.270143 0.208718 -0.027049 0.165411 0.985854
-0.301723 0.277194 0.139703 -0.255951 0.954692 -0.151832
-0.285618 0.281113 0.171529 -0.183833 0.968006 0.170794
-0.286160 0.281428 0.140106 -0.160829 0.980456 -0.113314
-0.283396 0.273283 0.119145 -0.024915 0.788098 -0.615045
-0.269705 0.283256 0.139616 0.095478 0.990223 -0.101695
-0.252585 0.276468 0.177819 0.008586 0.858865 0.512130
-0.252375 0.247240 0.200914 -0.034588 0.238354 0.970562
-0.255262 0.211583 0.197922 -0.039042 -0.462063 0.885988
-0.284341 0.244003 0.200835 -0.050131 0.143961 0.988313
-0.294462 0.214452 0.197686 -0.065261 -0.449920 0.890681
-0.281813 0.271096 0.187923 -0.024431 0.648617 0.760723
-0.269784 0.282338 0.170164 0.040459 0.977459 0.207211
-0.395897 0.213455 0.189830 -0.133106 -0.440587 0.887787
-0.343461 0.239043 0.194029 -0.116249 0.273443 0.954838
-0.397454 0.236488 0.191904 -0.123010 0.292383 0.948357
-0.341834 0.211399 0.191755 -0.075069 -0.575591 0.814284
-0.305039 0.242271 0.199095 -0.127152 0.176145 0.976117
-0.305879 0.266906 0.186733 -0.217000 0.629704 0.745912
-0.300612 0.277237 0.170462 -0.281541 0.935706 0.212578
-0.317418 0.271822 0.168476 -0.306505 0.944485 0.118329
-0.346269 0.261438 0.173944 -0.161581 0.886947 0.432685
-0.401146 0.252060 0.178414 -0.069873 0.769394 0.634942
-0.434774 0.251649 0.174766 -0.217108 0.666418 0.713268
-0.437057 0.262357 0.157243 -0.142319 0.924299 0.354143
-0.405730 0.263625 0.158494 -0.051346 0.966744 0.250539
-0.373747 0.265042 0.158547 0.009953 0.971067 0.238600
-0.400236 0.260257 0.115742 0.001076 0.806491 -0.591245
-0.372723 0.267089 0.137901 0.017187 0.997091 -0.074255
-0.405048 0.267089 0.135347 -0.057835 0.987720 -0.145138
-0.437127 0.263809 0.133658 -0.202275 0.977702 -0.056427
-0.450188 0.255708 0.158005 -0.762795 0.573120 0.299462
-0.436637 0.237398 0.182219 -0.452092 0.089932 0.887426
-0.455472 0.238859 0.159492 -0.936111 -0.061748 0.346240
-0.432963 0.216726 0.180925 -0.524485 -0.441815 0.727815
-0.450783 0.220103 0.159719 -0.750356 -0.645267 0.143515
-0.450337 0.221512 0.132224 -0.822700 -0.517548 -0.235177
-0.455498 0.239909 0.131760 -0.929847 0.007972 -0.367859
-0.450206 0.256889 0.132749 -0.750653 0.549008 -0.367573
-0.396754 0.242498 0.101693 -0.051976 0.247967 -0.967373
-0.340101 0.209859 0.101063 -0.017950 -0.236288 -0.971517
-0.394602 0.215545 0.101465 -0.140288 -0.454012 -0.879882
-0.436217 0.241177 0.108875 -0.433426 0.085073 -0.897165
-0.434223 0.256574 0.116845 -0.206334 0.738892 -0.641456
-0.432552 0.219237 0.111832 -0.452386 -0.529340 -0.717737
-0.342306 0.242455 0.102620 -0.042980 0.484227 -0.873886
-0.305695 0.248920 0.100564 -0.064228 0.231689 -0.970667
-0.294331 0.216455 0.099270 0.005343 -0.308317 -0.951269
-0.251570 0.210402 0.100599 -0.034328 -0.284009 -0.958207
-0.252970 0.252926 0.103434 0.012306 0.433904 -0.900875
-0.286239 0.251107 0.101238 0.007935 0.383565 -0.923480
-0.306789 0.268410 0.117649 -0.171469 0.777954 -0.604472
-0.344414 0.263809 0.125820 -0.094010 0.956357 -0.276665
-0.317645 0.271691 0.137070 -0.270407 0.957987 -0.095605
-0.217496 0.281708 0.132512 -0.188782 0.909037 -0.371502
-0.252463 0.279792 0.131821 0.009710 0.966586 -0.256160
0.296037 0.084866 -0.004536 -0.104277 -0.731978 -0.673301
0.221092 0.128265 0.003390 -0.465790 -0.720075 -0.514326
0.272557 0.113918 -0.022505 -0.301947 -0.836798 -0.456724
0.206482 0.015161 0.143281 -0.340888 -0.891296 -0.298975
0.351999 0.113507 -0.035758 0.082558 -0.951577 -0.296116
0.303875 0.009518 0.145162 0.359134 -0.931637 -0.055457
0.254545 0.000087 0.173130 0.169603 -0.984467 0.045382
0.215720 0.000000 0.198508 -0.020343 -0.999374 0.028943
0.431677 0.122614 0.016320 0.393456 -0.910651 -0.126122
0.413297 0.108958 0.044314 0.535209 -0.830710 -0.153207
0.367404 0.098714 0.006662 0.304717 -0.888045 -0.344272
-0.245298 0.279022 -0.303381 -0.029358 0.949884 -0.311220
-0.216674 0.281200 -0.270313 -0.163295 0.972933 0.163512
-0.216481 0.280745 -0.301500 -0.182614 0.967189 -0.176631
-0.201365 0.287166 -0.271004 -0.277210 0.933826 0.226106
-0.199948 0.285574 -0.303320 -0.248032 0.934702 -0.254581
-0.188251 0.289668 -0.270558 -0.118205 0.980068 0.159668
-0.187858 0.279066 -0.317483 0.017548 0.726566 -0.686872
-0.189738 0.261438 -0.328812 0.029206 0.229502 -0.972870
-0.203289 0.257257 -0.329451 -0.087671 0.068396 -0.993799
-0.203324 0.272776 -0.320064 -0.147758 0.711130 -0.687359
-0.229971 0.259899 -0.325015 -0.100222 0.392830 -0.914134
-0.266031 0.280973 -0.305306 -0.086493 0.955752 -0.281170
-0.278156 0.274735 -0.312042 -0.227303 0.932477 -0.280750
-0.266031 0.280973 -0.305306 0.091040 0.995446 0.028266
-0.266923 0.280430 -0.283330 0.047736 0.990704 0.127386
-0.257746 0.282565 -0.299252 0.000000 0.000000 0.000000
-0.245053 0.277334 -0.268957 -0.096172 0.889507 0.446687
-0.204260 0.272277 -0.251330 -0.207034 0.685574 0.697944
-0.185093 0.278243 -0.251522 -0.035106 0.739434 0.672313
-0.204234 0.254431 -0.240141 -0.174351 0.168122 0.970225
-0.156426 0.220374 -0.241628 -0.096359 -0.362103 0.927144
-0.195276 0.226061 -0.241707 -0.086299 -0.393704 0.915177
-0.231668 0.256207 -0.246929 -0.167906 0.281805 0.944666
-0.231310 0.221695 -0.246851 -0.128256 -0.483371 0.865969
-0.072207 0.218642 -0.232154 -0.074766 -0.288648 0.954511
-0.080098 0.265314 -0.232722 -0.125837 0.168776 0.977589
-0.080037 0.290535 -0.245573 -0.155797 0.688103 0.708690
-0.098294 0.299099 -0.300940 -0.197893 0.939884 -0.278310
-0.055664 0.293176 -0.247900 0.057627 0.735837 0.674702
-0.048290 0.302196 -0.268441 0.133990 0.989680 0.050792
-0.063328 0.303421 -0.269220 -0.000551 0.994859 0.101272
-0.079276 0.300604 -0.301352 -0.069401 0.949896 -0.304764
-0.085356 0.283658 -0.325733 -0.177846 0.715722 -0.675362
-0.065086 0.301286 -0.301649 0.106927 0.964991 -0.239498
-0.049908 0.297279 -0.300870 0.090351 0.977131 -0.192488
-0.066153 0.289625 -0.319994 0.086232 0.753519 -0.651746
-0.068909 0.271507 -0.335242 0.123046 0.400723 -0.907899
-0.083239 0.268367 -0.336528 -0.224850 0.155781 -0.961860
-0.111941 0.269224 -0.328252 -0.154587 0.306100 -0.939365
-0.073047 0.242184 -0.339975 0.020174 -0.355702 -0.934382
-0.031038 0.299554 -0.261355 -0.052674 0.912391 0.405916
-0.326358 0.176844 -0.020230 -0.050986 -0.925504 -0.375291
-0.377780 0.181305 0.021848 -0.114606 -0.968563 0.220795
-0.377998 0.178847 -0.021971 -0.071232 -0.878841 -0.471767
-0.433488 0.187455 -0.021866 -0.210865 -0.954580 -0.210506
-0.433908 0.189319 0.018419 -0.177754 -0.917823 0.354970
-0.475461 0.200245 0.015804 -0.392578 -0.885928 0.247012
-0.474254 0.199108 -0.017623 -0.539769 -0.821086 -0.185652
-0.439402 0.209492 -0.042765 -0.152541 -0.491679 -0.857311
-0.379652 0.203753 -0.045713 -0.043499 -0.293922 -0.954839
-0.479599 0.216272 -0.034218 -0.463317 -0.537282 -0.704745
-0.494559 0.220558 -0.014806 -0.869238 -0.465946 -0.165288
-0.495162 0.221512 0.016302 -0.798473 -0.584537 0.144076
-0.480579 0.217776 0.033973 -0.540280 -0.503404 0.674302
-0.441571 0.207716 0.044734 -0.185134 -0.453813 0.871653
-0.380500 0.203937 0.049694 -0.097959 -0.585036 0.805070
-0.326306 0.177710 0.025943 -0.076151 -0.927732 0.365395
-0.277963 0.172750 -0.018979 -0.046529 -0.927610 -0.370640
-0.277631 0.173476 0.026555 -0.059837 -0.925459 0.374092
-0.235404 0.172015 -0.018813 0.027335 -0.912431 -0.408317
-0.235780 0.172382 0.026984 0.013509 -0.942307 0.334477
-0.187560 0.175934 -0.018445 -0.020090 -0.906385 -0.421974
-0.236786 0.203709 -0.046501 -0.029866 -0.359290 -0.932748
-0.279363 0.203298 -0.046186 -0.013195 -0.327824 -0.944647
-0.327189 0.209264 -0.048933 0.019463 -0.376555 -0.926190
-0.051395 0.212361 0.064601 -0.275234 -0.313601 0.908791
-0.328125 0.209037 0.055678 -0.065545 -0.426835 0.901951
-0.279223 0.200525 0.053840 -0.017367 -0.385174 0.922681
-0.237573 0.200070 0.055870 -0.038785 -0.349245 0.936228
-0.188470 0.174840 0.029319 -0.042351 -0.937282 0.345989
-0.318397 0.244047 -0.049414 0.006365 0.317895 -0.948105
-0.315729 0.266635 -0.033816 -0.056806 0.739347 -0.670924
-0.284918 0.250512 -0.044226 0.014237 0.376719 -0.926218
-0.274954 0.279521 -0.014876 -0.040939 0.930073 -0.365087
-0.248745 0.284113 0.028978 -0.097147 0.969119 0.226653
-0.239734 0.257204 0.057007 -0.132211 0.319645 0.938268
-0.301741 0.279748 -0.013057 -0.039919 0.984452 -0.171060
-0.274718 0.281200 0.027937 -0.050788 0.897276 0.438538
-0.284752 0.251605 0.055266 -0.010540 0.252042 0.967659
-0.173686 0.288942 0.048933 -0.180782 0.714692 0.675672
-0.189677 0.209763 0.061810 -0.086241 -0.377947 0.921802
-0.320654 0.245639 0.058573 -0.005727 0.136939 0.990563
-0.102108 0.303193 0.139826 -0.142626 0.976956 -0.158791
-0.050004 0.212632 0.087223 -0.213870 -0.248477 -0.944732
-0.176817 0.258753 0.065598 -0.101696 0.107081 0.989036
-0.128134 0.272688 0.069955 -0.041760 0.203691 0.978144
-0.338571 0.240084 -0.049834 -0.054940 0.182767 -0.981620
-0.387061 0.241816 -0.046361 -0.027988 0.441677 -0.896737
-0.441947 0.238404 -0.047244 -0.068689 0.149083 -0.986436
-0.443951 0.256067 -0.032994 -0.021165 0.796105 -0.604788
-0.481008 0.253381 -0.032460 -0.158233 0.752661 -0.639112
-0.454125 0.263765 -0.012672 -0.064123 0.977509 -0.200910
-0.489423 0.259207 -0.015497 -0.428355 0.884004 -0.187212
-0.483632 0.239087 -0.039109 -0.446983 0.008717 -0.894500
-0.499493 0.239454 -0.016381 -0.952741 0.127201 -0.275871
-0.375103 0.262033 -0.023589 -0.051773 0.970054 -0.237306
-0.420838 0.263494 -0.015751 0.009259 0.995317 -0.096217
-0.456032 0.263083 0.012680 -0.048834 0.983559 0.173861
-0.490263 0.259120 0.016757 -0.504596 0.823352 0.259760
-0.500000 0.239174 0.019189 -0.966714 -0.015876 0.255368
-0.485714 0.239454 0.038671 -0.455817 0.013174 0.889976
-0.450048 0.250792 0.032889 -0.057544 0.756677 0.651252
-0.423620 0.261989 0.016416 0.002739 0.985329 0.170641
-0.483326 0.251789 0.032320 -0.104001 0.691679 0.714678
-0.447354 0.234713 0.046623 -0.096510 0.264763 0.959472
-0.383562 0.235990 0.050779 -0.118293 0.252092 0.960446
-0.384700 0.259619 0.032451 -0.123504 0.904646 0.407874
-0.340119 0.239813 0.057208 -0.148760 0.185156 0.971384
-0.342087 0.262532 0.043343 -0.204454 0.668516 0.715042
-0.354833 0.267457 0.025566 -0.242746 0.967120 0.075853
-0.352261 0.265996 -0.014710 -0.235626 0.959474 -0.154567
-0.338885 0.259942 -0.032539 -0.125260 0.752548 -0.646515
-0.335482 0.272417 -0.012444 -0.305565 0.921477 -0.239812
-0.301916 0.280745 0.023327 -0.075336 0.985525 0.151871
-0.319876 0.277745 -0.012068 -0.179693 0.967337 -0.178801
-0.320453 0.279153 0.022566 -0.211081 0.968220 0.134146
-0.316604 0.267133 0.045232 -0.060488 0.733636 0.676845
-0.336663 0.274280 0.023799 -0.299931 0.939966 0.162803
-0.302318 0.256749 -0.312304 -0.514997 -0.010143 -0.857132
-0.269495 0.233120 -0.319985 -0.192002 -0.427171 -0.883550
-0.299108 0.237626 -0.311115 -0.514728 -0.451051 -0.729114
-0.274692 0.256522 -0.320685 -0.156703 0.106788 -0.981856
-0.301741 0.270370 -0.309234 -0.349172 0.301931 -0.887083
-0.278156 0.274735 -0.312042 -0.037864 0.584048 -0.810835
-0.230015 0.230706 -0.323791 -0.090431 -0.303372 -0.948571
-0.312195 0.256618 -0.296181 -0.982271 0.043962 -0.182239
-0.309124 0.238999 -0.295797 -0.912624 -0.381237 -0.147567
-0.308687 0.272828 -0.297030 -0.395456 0.829350 -0.394707
-0.301741 0.270370 -0.309234 -0.208357 0.929040 -0.305732
-0.308687 0.272828 -0.297030 -0.923938 0.332117 0.189833
-0.303001 0.279652 -0.281292 -0.850857 0.468538 0.237729
-0.307217 0.271367 -0.276883 -0.579552 0.685929 0.440024
-0.310209 0.254571 -0.276297 -0.943657 0.046642 0.327621
-0.306789 0.236174 -0.275221 -0.856312 -0.498178 0.136190
-0.297069 0.230662 -0.259483 -0.658836 -0.332685 0.674726
-0.300324 0.272050 -0.270733 -0.345519 0.434741 0.831635
-0.299904 0.251247 -0.260008 -0.509415 0.132561 0.850249
-0.307217 0.271367 -0.276883 0.000000 0.000000 0.000000
-0.285968 0.274324 -0.269867 -0.123969 0.713128 0.689986
-0.284979 0.281708 -0.282648 -0.156780 0.986662 -0.043791
-0.265646 0.278287 -0.272483 -0.018640 0.947730 0.318527
-0.274420 0.251649 -0.252065 -0.193831 0.255878 0.947078
-0.285968 0.274324 -0.269867 0.000000 0.000000 0.000000
-0.272994 0.221923 -0.254033 -0.216773 -0.308615 0.926157
-0.266923 0.280430 -0.283330 0.000000 0.000000 0.000000
-0.163372 0.097393 0.306434 -0.933194 0.305205 0.189734
-0.142761 0.115467 0.273926 -0.496448 0.737036 -0.458603
-0.159951 0.097708 0.278904 -0.915803 0.165252 -0.366056
-0.145919 0.116928 0.301684 -0.442994 0.894952 0.053073
-0.152743 0.095617 0.322137 -0.426054 0.143126 0.893305
-0.145158 0.109369 0.315996 -0.285641 0.851996 0.438762
-0.108162 0.122115 0.264426 -0.201629 0.849659 -0.487264
-0.115878 0.116289 0.316635 0.003456 0.732945 0.680279
-0.113490 0.126804 0.295980 -0.149497 0.987457 0.050793
-0.145158 0.109369 0.315996 -0.168778 0.483268 0.859049
-0.128431 0.093798 0.326940 -0.032320 0.113824 0.992975
-0.124967 0.106815 0.322015 -0.016667 0.385128 0.922713
-0.002598 0.120383 0.319626 -0.147619 0.658341 0.738103
-0.055384 0.132044 0.295377 -0.071275 0.903544 0.422525
-0.097760 0.107138 0.320597 0.079296 0.355276 0.931392
-0.090622 0.093841 0.323047 0.120767 0.046311 0.991600
-0.121914 0.060143 0.325217 -0.003792 -0.130923 0.991385
-0.152804 0.058919 0.320370 -0.547330 -0.205922 0.811188
-0.085618 0.066608 0.320659 0.139532 -0.096508 0.985503
-0.019395 0.095617 0.326153 -0.275347 0.108792 0.955169
0.000044 0.058823 0.332425 -0.280032 -0.240700 0.929325
0.000630 0.095119 0.335014 -0.258103 0.205774 0.943949
-0.020261 0.057230 0.324210 -0.249079 -0.128270 0.959951
-0.059321 0.103263 0.317781 -0.055156 0.259043 0.964290
-0.054221 0.048902 0.315366 -0.070740 -0.322965 0.943763
-0.105310 0.047214 0.318568 0.039271 -0.566712 0.822979
-0.129193 0.043076 0.317982 -0.085563 -0.453390 0.887196
-0.147642 0.046855 0.316591 -0.206606 -0.754181 0.623318
-0.146094 0.040889 0.312715 -0.307780 -0.573176 0.759434
-0.105310 0.047214 0.318568 0.000000 0.000000 0.000000
-0.006500 0.033785 0.318944 -0.157656 -0.619124 0.769305
-0.012265 0.014023 0.294178 -0.081853 -0.959748 0.268670
-0.001207 0.017575 0.262650 -0.081062 -0.901693 -0.424711
-0.162497 0.057598 0.304903 -0.963653 -0.257345 0.071740
-0.160170 0.055000 0.278239 -0.845281 -0.126970 -0.519016
-0.144336 0.036786 0.272780 -0.558100 -0.763776 -0.324299
-0.147879 0.038159 0.300258 -0.466664 -0.878083 0.105810
-0.107585 0.027959 0.266254 -0.241802 -0.917810 -0.314890
-0.116726 0.027635 0.299375 -0.144059 -0.920283 0.363766
-0.055358 0.019123 0.293050 -0.102798 -0.914312 0.391749
0.230374 0.122938 -0.131673 -0.278647 -0.955380 0.098008
0.164273 0.139419 -0.226354 -0.239815 -0.963755 -0.116902
0.241116 0.112781 -0.202393 -0.096920 -0.952336 -0.289244
0.154387 0.152716 -0.154584 -0.223711 -0.967735 0.115938
0.086528 0.149978 -0.234350 -0.101256 -0.978658 -0.178818
0.252734 0.146934 -0.271083 0.067087 -0.716089 -0.694778
0.108162 0.174018 -0.294432 0.037964 -0.659830 -0.750455
0.181734 0.170108 -0.286104 -0.049703 -0.762508 -0.645067
-0.039122 0.185084 -0.260087 -0.168914 -0.967180 0.189816
-0.036760 0.194419 -0.302305 -0.017835 -0.830761 -0.556344
-0.110856 0.215362 -0.236239 -0.090316 -0.262025 0.960826
-0.194217 0.198924 -0.266289 -0.077293 -0.940459 0.331003
-0.228458 0.200752 -0.268144 -0.122554 -0.983725 0.131401
-0.265349 0.206710 -0.271870 -0.238825 -0.916804 0.320051
-0.265270 0.211355 -0.302961 -0.261768 -0.891306 -0.370205
-0.227635 0.204934 -0.302786 -0.084271 -0.802025 -0.591315
-0.194392 0.203071 -0.302393 -0.072126 -0.860294 -0.504671
-0.156854 0.198836 -0.302410 -0.075338 -0.851729 -0.518539
-0.109929 0.188321 -0.260944 -0.107738 -0.943566 0.313171
-0.071997 0.192914 -0.303565 0.009179 -0.836244 -0.548280
-0.071945 0.187131 -0.260918 -0.026153 -0.946762 0.320871
-0.155463 0.226971 -0.325278 -0.037123 -0.327530 -0.944111
-0.109238 0.193369 -0.302681 -0.088944 -0.834000 -0.544548
-0.291707 0.218459 -0.270611 -0.505183 -0.854277 0.122479
-0.294970 0.222561 -0.298788 -0.586351 -0.776039 -0.232285
-0.388374 0.194051 0.122925 -0.177603 -0.954408 -0.239922
-0.427128 0.201207 0.164198 -0.330309 -0.918745 0.216343
-0.426892 0.202887 0.128506 -0.461358 -0.859528 -0.219910
-0.389800 0.193824 0.165677 -0.131716 -0.921646 0.364993
-0.339962 0.188094 0.167033 -0.095989 -0.974470 0.202963
-0.338291 0.187586 0.122890 -0.063813 -0.876694 -0.476796
-0.292354 0.184717 0.123616 -0.064470 -0.917346 -0.392835
-0.294515 0.185679 0.169762 -0.061550 -0.926973 0.370045
-0.250993 0.180894 0.124140 -0.054951 -0.929380 -0.365012
-0.255262 0.183903 0.169456 -0.037379 -0.918504 0.393640
-0.216280 0.179801 0.123493 -0.036658 -0.923403 -0.382078
-0.221818 0.183352 0.170462 -0.003815 -0.924894 0.380206
0.179862 0.111416 0.064478 -0.730278 -0.541691 -0.416250
0.147686 0.162453 0.007440 -0.170574 -0.985239 -0.014415
0.207996 0.149803 -0.035172 -0.356088 -0.929489 -0.096189
0.228773 0.097209 0.022688 -0.503637 -0.578087 -0.642001
0.167404 0.141422 0.042030 -0.578613 -0.731879 -0.359945
0.102414 0.015755 0.250604 -0.134601 -0.968058 -0.211534
0.168769 0.008381 0.224744 -0.239347 -0.961642 -0.134007
-0.099116 0.099528 0.240779 -0.281201 0.196451 -0.939326
-0.050958 0.046400 0.231314 -0.055888 -0.208260 -0.976475
-0.137976 0.053819 0.256010 -0.466029 -0.206589 -0.860313
-0.138098 0.097979 0.257331 -0.570374 0.158728 -0.805903
-0.048368 0.101811 0.231130 -0.034502 0.445349 -0.894692
-0.101566 0.049584 0.242118 -0.270711 -0.396815 -0.877071
-0.051255 0.017986 0.259116 -0.087594 -0.852492 -0.515350
-0.045193 0.326279 -0.015279 -0.269384 0.850666 -0.451442
-0.115572 0.307383 -0.017894 -0.165696 0.947166 -0.274629
-0.202756 0.252471 -0.051741 -0.119987 0.146266 -0.981942
-0.206509 0.282338 -0.031419 -0.216372 0.661268 -0.718267
-0.240381 0.249602 -0.046833 -0.104475 0.299827 -0.948256
-0.241554 0.282206 -0.018507 -0.158452 0.876911 -0.453784
0.119412 0.283387 0.215279 -0.064234 0.421568 0.904519
0.201391 0.255568 0.234568 -0.015225 0.617661 0.786297
0.180964 0.298959 0.194668 0.129958 0.756769 0.640634
0.241396 0.318861 0.152642 0.096074 0.866804 0.489306
0.230190 0.011198 0.267916 0.350358 -0.847385 0.398985
0.264281 0.017488 0.245941 0.420766 -0.843279 0.334419
0.192100 0.011294 0.285395 0.027440 -0.967436 0.251624
0.196256 0.034371 0.322959 0.252119 -0.669432 0.698782
0.014478 0.013297 0.293513 -0.035008 -0.972692 0.229445
0.059199 0.015939 0.302533 0.059534 -0.916808 0.394866
0.123830 0.019622 0.298010 -0.036998 -0.912556 0.407274
0.162768 0.011241 0.288955 -0.076627 -0.971024 0.226364
0.161115 0.031913 0.323099 -0.047180 -0.729711 0.682126
0.021608 0.031598 0.321114 -0.037247 -0.667140 0.744001
0.036130 0.056872 0.338330 -0.058124 -0.212534 0.975423
0.018257 0.058779 0.336589 -0.172606 -0.225950 0.958725
0.106701 0.055140 0.332163 -0.016969 -0.306105 0.951847
0.063721 0.058691 0.339975 0.099080 -0.434463 0.895224
0.039664 0.090972 0.338146 0.021084 0.183220 0.982846
0.018669 0.093430 0.338208 -0.067752 0.141248 0.987653
0.156889 0.153670 0.283042 -0.388577 0.919716 0.055948
0.104645 0.103403 0.329468 -0.060954 0.503085 0.862085
0.061080 0.134048 0.296864 0.035908 0.974655 0.220815
0.062593 0.107366 0.332547 0.124768 0.416540 0.900515
0.025492 0.118380 0.326520 -0.003047 0.697103 0.716964
0.018205 0.132674 0.299681 0.005419 0.985112 0.171828
0.002913 0.125580 0.262694 0.029041 0.879875 -0.474318
-0.008661 0.135500 0.295657 0.004625 0.999762 0.021335
0.187201 0.327049 0.147446 0.115288 0.928109 0.354008
0.135587 0.327285 0.168712 0.163898 0.814494 0.556540
0.383230 0.130723 -0.173602 0.366867 -0.892938 -0.260902
0.373642 0.121433 -0.100442 0.184165 -0.981805 -0.046283
0.310620 0.109955 -0.182272 0.133089 -0.974809 -0.178985
0.294314 0.111189 -0.103154 -0.065388 -0.994895 0.076861
0.287770 0.118292 -0.054444 -0.146575 -0.989197 -0.002316
0.225938 0.132998 -0.081957 -0.332225 -0.931045 0.150939
0.325693 0.146426 -0.247795 0.271799 -0.671749 -0.689114
0.153241 0.161359 -0.080592 -0.147896 -0.985538 0.082714
0.077290 0.153574 -0.164504 -0.066687 -0.995843 0.062045
-0.199099 0.174797 -0.118288 0.006159 -0.940279 0.340349
-0.197376 0.176984 -0.166333 0.008445 -0.904346 -0.426716
-0.236541 0.174114 -0.119548 -0.039394 -0.924142 0.380012
-0.154203 0.176572 -0.116057 -0.012006 -0.928994 0.369901
-0.280807 0.177115 -0.120326 -0.072752 -0.927577 0.366479
-0.235631 0.176756 -0.165231 -0.048580 -0.905514 -0.421527
-0.280212 0.179853 -0.165047 -0.085402 -0.883656 -0.460281
-0.328983 0.181760 -0.122233 -0.146358 -0.975089 0.166678
-0.328256 0.184358 -0.163980 -0.126178 -0.835505 -0.534799
-0.381541 0.194830 -0.161495 -0.266157 -0.919767 -0.288424
-0.151518 0.213910 -0.199794 -0.017844 -0.376825 -0.926113
-0.379696 0.191506 -0.122347 -0.211891 -0.913932 0.346166
-0.414907 0.205118 -0.119469 -0.431467 -0.880702 0.195450
-0.417767 0.206167 -0.155887 -0.564100 -0.803373 -0.190745
0.138387 0.156950 0.096969 -0.678869 -0.725331 -0.114161
0.117488 0.176704 0.089227 -0.222410 -0.971673 0.079913
0.072050 0.160450 -0.002244 -0.170722 -0.980384 0.098496
-0.215633 0.210900 0.098727 -0.056299 -0.253686 -0.965647
-0.182311 0.291628 -0.121831 -0.201750 0.972211 0.118759
-0.198950 0.283842 -0.168992 -0.135077 0.878849 -0.457579
-0.205310 0.287621 -0.119416 -0.122382 0.961129 0.247495
-0.038352 0.291217 -0.052764 -0.416133 0.534819 -0.735392
-0.047590 0.214408 -0.056080 -0.144268 -0.332506 -0.932001
-0.165550 0.280019 -0.096654 -0.242312 0.714494 0.656341
-0.148124 0.268314 -0.080269 -0.035141 0.135389 0.990169
-0.180334 0.290902 -0.161005 -0.212864 0.962769 -0.166626
-0.162094 0.294270 -0.160559 -0.334321 0.913660 -0.231204
-0.163013 0.295136 -0.122032 -0.304612 0.928680 0.211579
-0.146908 0.303648 -0.121420 -0.320874 0.937308 0.135989
-0.146024 0.302143 -0.161784 -0.234136 0.950176 -0.205782
-0.139857 0.287578 -0.188186 -0.093642 0.746750 -0.658480
-0.141921 0.260441 -0.207440 -0.063335 0.227284 -0.971767
0.062497 0.336891 -0.165974 -0.196625 0.857173 -0.476018
-0.020479 0.277648 -0.196050 -0.342488 0.606756 -0.717321
0.013542 0.335841 -0.153211 -0.287996 0.789912 -0.541385
-0.032954 0.316534 -0.158223 -0.138668 0.808765 -0.571551
-0.127522 0.305931 -0.122417 -0.065801 0.987990 0.139809
-0.140985 0.291129 -0.096881 -0.118131 0.776603 0.618815
-0.096641 0.204348 -0.200765 -0.081149 -0.388807 -0.917738
-0.027495 0.203114 -0.207475 -0.232549 -0.288555 -0.928793
-0.003630 0.277237 -0.229232 -0.628667 0.677805 0.381259
0.051771 0.316805 -0.219950 -0.266023 0.952993 -0.145041
-0.002633 0.303692 -0.264277 -0.252663 0.952106 0.172205
0.021669 0.312755 -0.251767 -0.424415 0.877649 0.222720
0.057711 0.323550 -0.249186 -0.121047 0.992254 0.027923
-0.027767 0.298732 -0.301623 -0.000445 0.930753 -0.365648
0.057353 0.318992 -0.273471 -0.008813 0.955912 -0.293520
0.022640 0.311434 -0.280566 -0.199316 0.934405 -0.295231
0.004077 0.299598 -0.298990 0.006323 0.752470 -0.658597
-0.039480 0.272732 -0.328462 0.157257 0.325017 -0.932542
0.003456 0.269408 -0.324490 0.095530 0.279882 -0.955270
0.058149 0.270090 -0.318235 0.124870 0.343614 -0.930772
0.058149 0.304470 -0.294659 0.135407 0.689321 -0.711689
0.095810 0.315808 -0.263936 0.233347 0.881335 -0.410851
0.097577 0.321547 -0.235128 0.042641 0.998719 -0.027254
0.131196 0.321494 -0.211263 0.043719 0.958267 -0.282511
0.056845 0.227067 -0.322085 0.081921 -0.208287 -0.974631
0.114286 0.220558 -0.314343 0.128783 -0.069617 -0.989226
0.112142 0.265996 -0.308875 0.178224 0.449119 -0.875516
0.121520 0.292538 -0.285045 0.214250 0.739645 -0.637982
0.430137 0.283938 -0.214220 0.762175 0.539365 -0.358014
0.445648 0.225475 -0.231305 0.822109 -0.013370 -0.569173
0.369784 0.274464 -0.235522 0.181954 0.607175 -0.773454
0.384979 0.216412 -0.252161 0.353954 -0.014878 -0.935144
0.310821 0.272006 -0.254741 0.222272 0.573761 -0.788285
0.325606 0.201566 -0.276437 0.308055 -0.016133 -0.951232
0.134546 0.307340 -0.253246 0.185381 0.899337 -0.396014
0.186580 0.305380 -0.240491 0.124814 0.902369 -0.412493
0.301662 0.299685 -0.209575 0.126899 0.875865 -0.465572
0.354107 0.303972 -0.190950 0.053644 0.873091 -0.484598
0.409054 0.323226 -0.161941 0.472077 0.840192 -0.266872
0.338221 0.326192 -0.144961 0.022614 0.962792 -0.269297
0.336672 0.337888 -0.078370 -0.015388 0.984926 -0.172288
0.404584 0.342393 -0.083007 0.523325 0.843249 -0.122727
0.291768 0.331974 -0.132040 0.088862 0.977830 -0.189610
0.291033 0.340303 -0.076236 0.069616 0.986499 -0.148231
0.338116 0.346628 -0.014133 -0.021623 0.997714 -0.064018
0.403202 0.349366 -0.014264 0.507923 0.856375 -0.092930
0.406964 0.354781 0.023756 0.507294 0.861275 0.029312
0.418712 0.342079 0.083015 0.745942 0.620768 0.241281
0.344738 0.347362 0.040954 -0.034169 0.992089 0.120800
0.295600 0.345814 0.055240 0.036856 0.984840 0.169502
0.140574 0.356968 0.049493 0.135746 0.982031 0.131107
0.133532 0.352051 0.105122 0.125428 0.982273 0.139308
0.095180 0.372312 0.033991 0.088257 0.961535 0.260117
0.051159 0.373817 0.027666 -0.247332 0.932201 0.264249
0.054186 0.362523 0.123554 -0.217984 0.967411 0.128835
0.092809 0.346811 0.158311 0.162032 0.852876 0.496335
0.093474 0.360205 0.119425 0.206470 0.969374 0.132981
0.051710 0.353145 0.101597 -0.354720 0.920505 -0.163844
0.009509 0.337844 0.125138 -0.469308 0.868241 -0.160959
0.052874 0.356146 0.056019 -0.296146 0.914685 0.275043
-0.038562 0.291724 0.066447 -0.336611 0.581808 0.740400
0.006666 0.349681 0.030982 -0.420249 0.814204 0.400576
0.052323 0.373817 -0.006837 -0.207480 0.970595 -0.122058
0.095775 0.372951 -0.008814 0.165168 0.973502 -0.158154
0.148596 0.360108 -0.018437 0.112400 0.988315 -0.102951
0.011994 0.356513 -0.009094 -0.426747 0.848619 -0.312623
-0.035482 0.217732 -0.080286 -0.496394 -0.264887 0.826697
0.051675 0.357563 -0.039380 -0.276994 0.924649 -0.261339
0.016744 0.350276 -0.115086 -0.462236 0.862004 0.208057
0.044283 0.350870 -0.087398 -0.343209 0.924669 0.164907
0.188479 0.348176 -0.079726 0.101145 0.988398 -0.113308
0.135404 0.340714 -0.150376 0.036787 0.955436 -0.292898
0.092862 0.351684 -0.137866 0.154142 0.934586 -0.320607
0.138632 0.354597 -0.077723 0.060058 0.992397 -0.107427
0.094016 0.360380 -0.100346 0.073989 0.996966 0.024170
0.052174 0.362934 -0.110528 -0.143194 0.986913 0.074154
0.051115 0.355831 -0.140220 -0.087930 0.921139 -0.379173
0.186537 0.340530 -0.145967 0.073624 0.979618 -0.186892
0.189109 0.326008 -0.196733 0.087963 0.934272 -0.345541
0.052611 0.350319 0.160498 -0.105052 0.862584 0.494887
0.048019 0.287394 0.210205 -0.010768 0.323691 0.946102
-0.142052 0.299414 0.135889 -0.085809 0.964505 -0.249734
-0.119683 0.273056 0.101868 -0.090121 0.443910 -0.891528
-0.177071 0.284804 0.121052 -0.143527 0.744534 -0.651973
-0.173099 0.257983 0.099296 -0.060230 0.269931 -0.960994
-0.217453 0.254886 0.101868 -0.101117 0.398483 -0.911585
0.035456 0.236628 0.212173 -0.065857 -0.290400 0.954636
-0.143207 0.295731 0.184424 -0.062332 0.928242 0.366717
-0.170606 0.295276 0.141199 -0.147418 0.985744 -0.081090
-0.195398 0.289808 0.141269 -0.238721 0.963748 -0.119175
-0.171735 0.294769 0.180225 -0.155715 0.976652 0.147999
-0.196579 0.289397 0.178379 -0.325373 0.932523 0.156628
-0.179118 0.283116 0.197039 -0.162178 0.590550 0.790537
-0.178698 0.254247 0.207729 -0.040893 -0.011133 0.999101
-0.217426 0.279066 0.182613 -0.223027 0.899683 0.375273
-0.218922 0.249873 0.204300 -0.135359 0.248084 0.959235
-0.181331 0.215362 0.200293 -0.014480 -0.462305 0.886603
-0.134748 0.215187 0.200092 0.065593 -0.457165 0.886960
-0.221853 0.211539 0.200153 -0.011804 -0.459172 0.888269
0.171184 0.035063 0.149388 -0.589823 -0.657246 -0.469187
0.195031 0.040793 0.114456 -0.598024 -0.603815 -0.527044
0.188785 0.076581 0.086830 -0.719577 -0.508872 -0.472502
0.237040 0.038842 0.081563 -0.400001 -0.737646 -0.543946
0.234214 0.063975 0.047699 -0.479138 -0.670057 -0.566965
0.289187 0.058962 0.022085 -0.135862 -0.763739 -0.631066
0.290386 0.040845 0.056194 -0.012480 -0.865247 -0.501191
0.241641 0.012790 0.118857 -0.155492 -0.914201 -0.374243
0.347581 0.075584 0.024560 0.353035 -0.791964 -0.498156
0.289835 0.020987 0.093671 0.170706 -0.920996 -0.350179
0.485102 0.136462 -0.032740 0.812289 -0.582449 -0.030653
0.482521 0.142192 0.051855 0.875538 -0.473775 0.094710
0.433532 0.128991 -0.037210 0.238148 -0.963587 -0.121593
0.340766 0.052314 0.063227 0.412701 -0.836296 -0.360952
0.458088 0.140373 0.084581 0.559494 -0.795690 0.232045
0.366731 0.048080 0.107633 0.633520 -0.772320 0.046620
-0.188505 0.288899 -0.300162 -0.045322 0.984179 -0.171282
-0.160065 0.263993 -0.326284 -0.004484 0.370597 -0.928783
-0.194900 0.233715 -0.326389 -0.010881 -0.388234 -0.921496
-0.190368 0.260668 -0.240281 -0.008036 0.153702 0.988085
-0.160100 0.265086 -0.242652 -0.042782 0.290268 0.955989
-0.151325 0.288487 -0.267829 -0.053822 0.903872 0.424404
-0.173327 0.289170 -0.270121 0.024584 0.987263 0.157185
-0.174403 0.288033 -0.301168 0.040418 0.984474 -0.170813
-0.110437 0.270318 -0.240001 -0.153657 0.346269 0.925466
-0.151920 0.286712 -0.302856 -0.032828 0.932723 -0.359097
-0.121223 0.293544 -0.267251 -0.224984 0.919676 0.321837
-0.122264 0.290351 -0.302060 -0.209611 0.866549 -0.452942
-0.109789 0.232980 -0.328532 -0.118553 -0.356150 -0.926878
-0.128143 0.203893 -0.051671 -0.039338 -0.370384 -0.928045
-0.130216 0.171332 -0.020571 0.024361 -0.918469 -0.394741
-0.188347 0.211224 -0.050420 -0.020669 -0.340634 -0.939969
-0.131703 0.168970 0.032058 0.065483 -0.939228 0.336991
-0.053582 0.184087 -0.023493 0.063531 -0.985308 -0.158529
-0.053819 0.185767 0.032329 0.062912 -0.912127 0.405051
-0.131056 0.201890 0.063743 0.009084 -0.390273 0.920654
-0.179127 0.256662 -0.054024 -0.109886 0.246968 -0.962773
-0.176555 0.287849 -0.036974 -0.141885 0.715991 -0.683539
-0.201032 0.294996 -0.009391 -0.177027 0.967758 -0.179183
-0.180247 0.297682 -0.010633 -0.312928 0.944621 -0.098832
-0.180833 0.295731 0.025164 -0.242534 0.959967 0.140142
-0.161219 0.304698 0.027351 -0.223092 0.956298 0.189008
-0.160686 0.305879 -0.014605 -0.119319 0.984254 -0.130411
-0.200367 0.293728 0.024902 -0.225250 0.942889 0.245404
-0.220742 0.290403 -0.010266 -0.287417 0.954086 -0.084325
-0.222859 0.285574 0.031296 -0.221514 0.913390 0.341542
-0.199256 0.279608 0.047201 -0.203805 0.662297 0.720990
-0.201024 0.254335 0.064531 -0.137419 0.184703 0.973140
-0.121590 0.205161 0.090259 -0.081527 -0.207083 -0.974921
-0.173581 0.210445 0.095971 -0.068455 -0.199580 -0.977487
-0.052296 0.127487 0.258862 -0.048982 0.927748 -0.369978
0.017899 0.163686 -0.232451 -0.332915 -0.928490 -0.164542
-0.006211 0.176704 -0.254567 -0.329644 -0.944068 0.008323
0.050617 0.179214 -0.300188 -0.098630 -0.810510 -0.577360
0.002616 0.188549 -0.300967 -0.138827 -0.831093 -0.538527
-0.156819 0.195740 -0.265519 -0.132218 -0.942564 0.306744
-0.176004 0.178987 0.122198 -0.069860 -0.933748 -0.351048
-0.181314 0.185224 0.170786 -0.036894 -0.924877 0.378472
-0.124626 0.175566 0.114937 0.027433 -0.950331 -0.310029
-0.131581 0.178208 0.169876 0.118929 -0.907369 0.403158
-0.050643 0.190368 0.111762 0.055250 -0.997727 -0.038574
-0.048482 0.199108 0.166560 0.096472 -0.869820 0.483845
0.021660 0.196055 0.172675 -0.067314 -0.931156 0.358352
0.098408 0.230706 0.213634 -0.199950 -0.543922 0.814965
0.083449 0.185636 0.158547 -0.200319 -0.931702 0.302992
0.127408 0.170423 0.155179 -0.535985 -0.759097 0.369448
0.151028 0.132998 0.116302 -0.874060 -0.454346 -0.172011
0.132517 0.201382 0.206539 -0.552735 -0.604859 0.573263
0.145123 0.151212 0.162151 -0.974425 -0.215504 0.063666
0.151841 0.181629 0.208411 -0.895972 -0.042788 0.442044
0.162567 0.092205 0.125007 -0.871940 -0.253654 -0.418784
0.143111 0.103307 0.171792 -0.866095 0.123935 -0.484273
0.004497 0.097297 0.235811 0.010818 0.286355 -0.958062
-0.002065 0.045210 0.237123 -0.042040 -0.318024 -0.947150
0.053451 0.093885 0.229363 -0.161118 0.296503 -0.941343
0.046260 0.040066 0.230107 -0.217239 -0.272361 -0.937351
0.105240 0.098985 0.217448 -0.505364 0.383588 -0.772960
0.099134 0.043120 0.214080 -0.505664 -0.315505 -0.802970
0.143338 0.036698 0.177775 -0.629469 -0.531780 -0.566550
0.047835 0.014067 0.255984 -0.053927 -0.932551 -0.356988
0.053390 0.121975 0.251242 -0.051032 0.874877 -0.481650
0.102476 0.125527 0.249519 -0.322936 0.868987 -0.374931
0.147056 0.140924 0.223519 -0.814658 0.568480 -0.114728
-0.132552 0.272601 -0.053604 -0.064137 0.294557 -0.953479
0.151150 0.228117 0.235469 -0.387754 0.002875 0.921758
0.212816 0.215913 0.264706 -0.031962 0.540384 0.840811
0.178191 0.197927 0.255126 -0.552844 0.295181 0.779251
0.302292 0.323506 0.131445 0.183278 0.860282 0.475735
0.362873 0.265908 0.157830 0.381562 0.559788 0.735560
0.354308 0.326918 0.106408 0.086957 0.846060 0.525947
0.260318 0.228746 0.245985 0.287297 0.505214 0.813769
0.256495 0.275287 0.210423 0.131125 0.729579 0.671208
0.219981 0.175566 0.284074 0.025827 0.480585 0.876568
0.178698 0.164141 0.278703 -0.583439 0.601315 0.545912
0.256714 0.180938 0.271730 0.317631 0.391422 0.863655
0.304663 0.223699 0.227920 0.486391 0.446096 0.751280
0.303289 0.179669 0.250919 0.437502 0.393917 0.808345
0.265034 0.128169 0.290040 0.398830 0.205117 0.893791
0.228624 0.124845 0.303635 0.381880 0.238051 0.893028
0.157458 0.134958 0.311412 -0.126828 0.713355 0.689231
0.139157 0.101627 0.334472 -0.083935 0.311203 0.946629
0.161876 0.102397 0.335041 0.068600 0.365643 0.928224
0.189327 0.134275 0.311674 0.092105 0.561937 0.822036
0.188146 0.099624 0.331576 0.258323 0.284107 0.923338
0.211836 0.102677 0.321131 0.500654 0.237009 0.832570
0.262094 0.060922 0.292612 0.558720 -0.315312 0.767079
0.206325 0.064789 0.330054 0.452631 -0.042998 0.890661
0.186572 0.061333 0.336563 0.211909 -0.035681 0.976638
0.165130 0.062427 0.339878 0.033481 -0.178279 0.983410
0.142184 0.058962 0.338470 -0.115618 -0.125555 0.985327
0.229123 0.046260 0.312514 0.580686 -0.254978 0.773169
0.113533 0.133864 0.295823 -0.168150 0.961236 0.218518
0.431266 0.285391 0.127150 0.696732 0.484042 0.529403
0.348159 0.212265 0.201220 0.523916 0.436036 0.731700
0.345893 0.166416 0.231673 0.630040 0.204770 0.749078
0.310288 0.138781 0.264679 0.578201 0.058861 0.813768
0.389144 0.204706 0.177154 0.496613 0.266344 0.826097
0.448456 0.232622 0.141462 0.861564 0.313326 0.399417
0.383002 0.083142 0.154654 0.751466 -0.569966 0.332321
0.417199 0.149934 0.165624 0.730759 -0.205832 0.650865
0.363669 0.111145 0.214483 0.741430 -0.288146 0.606015
0.315239 0.036427 0.210205 0.616920 -0.695888 0.367627
0.313297 0.074858 0.258398 0.672113 -0.322282 0.666632
0.398487 0.085557 0.077924 0.709395 -0.700817 -0.074927
0.426297 0.120611 0.113415 0.712128 -0.659340 0.241130
0.471953 0.174202 0.126607 0.908844 -0.014806 0.416873
0.436707 0.141326 -0.105008 0.524523 -0.790501 -0.316203
0.485478 0.148613 -0.109304 0.818146 -0.141288 -0.557383
0.439095 0.170151 -0.190574 0.795461 -0.531919 -0.290350
0.388382 0.163686 -0.227614 0.404853 -0.670421 -0.621796
-0.152130 0.177482 -0.166928 -0.033321 -0.914299 -0.403666
-0.098250 0.175750 -0.169010 -0.026031 -0.944906 -0.326306
-0.024932 0.179398 -0.178003 -0.218444 -0.972367 -0.082368
0.018572 0.158175 -0.170567 -0.231442 -0.970720 0.064317
0.076074 0.161499 -0.095657 -0.057263 -0.997012 0.051837
0.015852 0.170606 -0.107956 -0.294683 -0.950293 0.100528
-0.028309 0.185811 -0.108971 -0.153687 -0.914809 0.373504
-0.100332 0.175068 -0.115086 0.034571 -0.937689 0.345753
-0.000665 0.185268 -0.052467 -0.331344 -0.943396 0.014657
0.080238 0.179258 0.084144 -0.137496 -0.980035 0.143621
0.005450 0.188776 0.069071 -0.165866 -0.982618 0.083375
0.306316 0.277561 0.191536 0.380218 0.637742 0.669865
0.487031 0.229593 -0.053516 0.953412 0.298397 -0.044324
