2 581
4 156
4 157
4 158
4 159
4 166
4 326
4 331
5 6
5 329
5 331
6 5
6 7
6 8
6 154
6 238
7 6
7 8
7 9
7 238
7 239
8 6
8 7
8 10
8 330
9 7
9 10
9 11
9 239
9 257
10 8
10 9
10 11
10 12
10 14
11 9
11 10
11 12
11 256
11 257
11 258
12 10
12 11
12 14
12 15
13 15
13 258
14 10
14 12
14 16
14 17
14 18
14 483
15 12
15 13
15 483
16 14
16 17
16 18
16 330
17 14
17 16
17 178
18 14
18 16
18 186
18 187
18 483
19 21
19 22
19 23
19 24
20 21
20 45
20 487
20 493
21 19
21 20
21 28
21 44
21 129
22 19
22 24
22 28
23 19
23 24
23 325
23 494
24 19
24 22
24 23
24 25
25 24
25 26
25 27
25 110
25 118
26 25
26 29
26 30
27 25
27 30
27 108
27 110
28 21
28 22
28 29
28 44
29 26
29 28
29 31
29 43
30 26
30 27
30 31
31 29
31 30
31 32
31 42
32 31
32 33
32 35
32 41
32 153
33 32
33 34
33 35
33 36
34 33
34 35
34 36
34 37
34 38
34 138
34 139
34 141
34 146
35 32
35 33
35 34
35 38
35 39
35 40
35 41
35 151
35 153
36 33
36 34
36 37
36 140
36 141
37 145
37 150
37 38
37 140
37 141
37 149
37 139
37 34
37 36
37 146
38 139
38 150
38 39
38 138
38 37
38 34
38 35
38 145
38 151
38 146
39 35
39 38
39 40
39 138
39 147
39 149
39 150
39 151
39 152
40 35
40 38
40 39
40 41
40 138
40 147
40 150
40 151
40 152
40 153
41 32
41 35
41 40
41 132
41 147
41 151
41 153
42 31
42 43
42 131
42 132
43 29
43 42
43 127
43 128
43 131
44 21
44 28
44 122
44 129
45 20
45 130
45 486
46 495
46 497
47 286
47 511
48 49
48 52
48 54
48 55
48 277
48 279
48 283
49 48
49 50
49 51
49 52
49 55
49 511
50 49
50 51
50 57
50 511
51 49
51 50
51 52
51 53
51 54
51 55
51 56
51 57
51 260
52 48
52 49
52 51
52 53
52 54
52 55
52 277
52 283
53 260
53 261
53 56
53 52
53 276
53 271
53 51
53 262
53 54
53 277
54 48
54 51
54 52
54 53
54 55
54 275
54 276
54 277
54 281
54 282
55 48
55 49
55 51
55 52
55 54
55 276
55 277
55 279
55 283
56 51
56 268
56 263
56 57
56 270
56 259
56 271
56 262
56 53
56 261
57 50
57 51
57 56
57 260
57 262
57 263
57 268
57 269
57 270
57 273
58 65
58 66
58 607
58 518
58 61
58 519
58 62
58 63
58 228
58 60
59 61
59 66
59 521
59 80
59 516
59 227
59 517
59 58
59 235
59 63
60 62
60 425
60 605
60 63
60 228
60 100
60 227
60 58
60 607
60 518
61 59
61 100
61 62
61 65
61 607
61 60
61 518
61 515
61 63
61 58
62 228
62 227
62 607
62 61
62 58
62 60
62 100
62 59
62 94
62 425
63 80
63 227
63 235
63 234
63 62
63 58
63 60
63 65
63 230
63 518
64 88
64 236
64 226
64 59
64 234
64 85
64 230
64 231
64 233
64 89
65 64
65 66
65 73
65 58
65 233
65 515
65 227
65 76
65 61
65 517
66 522
66 516
66 73
66 521
66 76
66 75
66 63
66 235
66 520
66 59
67 199
67 197
67 200
67 79
67 203
67 210
67 204
67 69
67 524
67 68
68 204
68 70
68 79
68 198
68 202
68 199
68 524
68 552
68 197
68 69
69 70
69 67
69 203
69 198
69 197
69 72
69 68
69 524
69 79
69 523
70 68
70 69
70 71
70 72
70 77
70 79
70 198
70 416
70 523
70 552
71 70
71 72
71 77
71 78
71 415
71 417
71 476
71 551
72 68
72 69
72 70
72 71
72 77
72 79
72 198
72 416
72 523
72 552
73 65
73 74
73 66
73 520
73 76
73 517
73 522
73 427
73 75
73 525
74 65
74 517
74 521
74 427
74 525
74 66
74 516
74 75
74 73
74 76
75 80
75 517
75 516
75 521
75 515
75 427
75 522
75 66
75 73
75 65
76 65
76 235
76 427
76 74
76 73
76 83
76 66
76 81
76 521
76 75
77 70
77 71
77 72
77 78
77 548
77 550
77 551
77 552
78 71
78 77
78 415
78 417
78 476
78 551
78 694
79 67
79 198
79 68
79 550
79 72
79 201
79 197
79 203
79 69
79 70
80 104
80 59
80 230
80 81
80 236
80 84
80 237
80 234
80 233
80 87
81 76
81 80
81 82
81 83
81 422
81 424
81 427
81 428
82 84
82 106
82 428
82 83
82 103
82 430
82 107
82 102
82 105
82 81
83 233
83 76
83 82
83 85
83 81
83 237
83 96
83 429
83 80
83 105
84 76
84 103
84 104
84 89
84 87
84 88
84 233
84 92
84 232
84 86
85 231
85 86
85 92
85 90
85 93
85 91
85 96
85 104
85 80
85 88
86 104
86 80
86 89
86 102
86 101
86 106
86 87
86 96
86 107
86 105
87 101
87 92
87 226
87 105
87 107
87 104
87 93
87 95
87 106
87 234
88 236
88 92
88 103
88 234
88 86
88 235
88 226
88 102
88 230
88 232
89 64
89 103
89 91
89 237
89 234
89 90
89 95
89 230
89 85
89 233
90 101
90 102
90 95
90 96
90 98
90 85
90 234
90 230
90 106
90 103
91 90
91 236
91 102
91 89
91 95
91 237
91 84
91 107
91 98
91 232
92 94
92 237
92 86
92 87
92 234
92 229
92 226
92 98
92 90
92 106
93 229
93 87
93 91
93 97
93 94
93 86
93 90
93 103
93 231
93 96
94 107
94 97
94 233
94 99
94 98
94 237
94 230
94 226
94 62
94 234
95 97
95 86
95 101
95 430
95 106
95 85
95 229
95 93
95 96
95 103
96 95
96 80
96 88
96 236
96 90
96 101
96 97
96 230
96 102
96 105
97 105
97 230
97 231
97 107
97 430
97 102
97 103
97 86
97 93
97 104
98 430
98 102
98 89
98 231
98 91
98 105
98 94
98 106
98 88
98 93
99 426
99 95
99 227
99 429
99 425
99 100
99 226
99 229
99 94
99 430
100 60
100 61
100 62
100 99
100 227
100 228
100 423
100 425
101 86
101 229
101 234
101 232
101 93
101 226
101 235
101 104
101 80
101 83
102 86
102 85
102 83
102 430
102 98
102 231
102 90
102 88
102 96
102 95
103 96
103 102
103 88
103 107
103 84
103 101
103 430
103 86
103 92
103 82
104 89
104 93
104 88
104 234
104 236
104 87
104 101
104 103
104 85
104 96
105 87
105 97
105 107
105 103
105 106
105 102
105 430
105 82
105 83
105 429
106 83
106 428
106 101
106 105
106 97
106 107
106 91
106 104
106 102
106 430
107 88
107 430
107 105
107 104
107 428
107 426
107 95
107 87
107 92
107 86
108 27
108 109
108 110
108 111
108 134
108 135
108 142
109 108
109 110
109 111
109 117
109 118
109 126
109 134
109 135
110 25
110 27
110 108
110 109
110 117
110 118
110 126
110 134
110 135
111 108
111 109
111 134
111 135
111 136
111 142
111 143
112 113
112 114
112 115
112 120
112 121
112 122
112 526
112 527
112 528
113 112
113 114
113 115
113 116
113 321
113 325
113 675
114 112
114 113
114 115
114 116
114 119
114 120
114 121
114 126
115 112
115 113
115 114
115 116
115 119
115 120
115 121
115 126
116 113
116 114
116 115
116 117
116 118
116 119
116 126
116 325
117 116
117 109
117 135
117 134
117 126
117 120
117 125
117 137
117 118
117 110
118 25
118 109
118 110
118 116
118 117
118 119
118 126
119 114
119 115
119 116
119 117
119 118
119 120
119 121
119 125
119 126
119 134
120 115
120 125
120 134
120 117
120 124
120 121
120 123
120 119
120 114
120 112
121 112
121 114
121 115
121 119
121 120
121 123
121 124
121 125
121 126
121 137
122 44
122 112
122 123
122 129
122 130
122 527
123 120
123 121
123 122
123 124
123 125
123 127
123 128
123 131
124 120
124 121
124 123
124 125
124 127
124 128
124 131
124 136
124 137
125 127
125 137
125 124
125 128
125 119
125 136
125 123
125 134
125 117
125 126
126 117
126 109
126 125
126 110
126 120
126 137
126 119
126 114
126 134
126 115
127 43
127 123
127 124
127 125
127 128
127 131
127 137
128 43
128 123
128 124
128 125
128 127
128 131
128 136
128 137
129 21
129 44
129 122
129 130
130 45
130 122
130 129
130 320
130 526
130 527
130 671
131 42
131 43
131 123
131 124
131 127
131 128
131 136
131 137
132 41
132 42
132 133
132 136
133 132
133 135
133 136
133 137
133 143
134 125
134 137
134 110
134 111
134 117
134 119
134 135
134 136
134 108
134 120
135 108
135 109
135 110
135 111
135 117
135 126
135 133
135 134
135 136
135 137
136 111
136 124
136 125
136 128
136 131
136 132
136 133
136 134
136 135
136 137
137 121
137 126
137 131
137 124
137 134
137 125
137 133
137 120
137 135
137 117
138 141
138 149
138 146
138 144
138 39
138 145
138 139
138 40
138 150
138 38
139 150
139 149
139 145
139 34
139 146
139 38
139 138
139 141
139 140
139 144
140 36
140 37
140 139
140 141
140 142
140 144
140 146
141 142
141 140
141 146
141 149
141 34
141 139
141 36
141 144
141 37
141 138
142 108
142 111
142 140
142 141
142 143
142 144
142 148
143 111
143 133
143 142
143 144
143 147
143 148
144 138
144 143
144 145
144 142
144 152
144 139
144 149
144 148
144 141
144 146
145 146
145 37
145 38
145 148
145 144
145 141
145 138
145 150
145 139
145 152
146 38
146 150
146 144
146 139
146 145
146 148
146 138
146 34
146 37
146 141
147 39
147 40
147 41
147 143
147 148
147 149
147 151
147 152
147 153
148 152
148 149
148 153
148 145
148 150
148 139
148 142
148 151
148 143
148 146
149 148
149 146
149 138
149 150
149 152
149 139
149 39
149 37
149 145
149 151
150 151
150 38
150 146
150 40
150 148
150 152
150 37
150 139
150 39
150 138
151 41
151 147
151 39
151 149
151 148
151 35
151 153
151 40
151 152
151 38
152 39
152 40
152 144
152 145
152 147
152 148
152 149
152 150
152 151
152 153
153 32
153 35
153 40
153 41
153 147
153 148
153 151
153 152
154 6
154 156
154 157
154 176
154 238
154 240
154 246
154 247
155 157
155 164
155 161
155 162
155 156
155 158
155 172
155 163
155 165
155 171
156 4
156 154
156 155
156 157
156 162
156 171
156 172
156 176
156 247
157 4
157 154
157 155
157 156
157 158
157 162
157 171
157 172
157 176
158 4
158 167
158 159
158 161
158 165
158 164
158 162
158 472
158 166
158 155
159 161
159 166
159 164
159 168
159 165
159 167
159 158
159 4
159 331
159 326
160 162
160 472
160 473
160 471
160 163
160 164
160 161
160 172
160 170
160 165
161 163
161 166
161 160
161 165
161 472
161 162
161 167
161 155
161 164
161 158
162 164
162 172
162 170
162 156
162 160
162 471
162 155
162 165
162 158
162 157
163 162
163 471
163 165
163 160
163 155
163 167
163 166
163 161
163 473
163 159
164 471
164 472
164 165
164 167
164 160
164 166
164 473
164 158
164 155
164 159
165 472
165 163
165 158
165 159
165 168
165 162
165 160
165 164
165 155
165 167
166 327
166 167
166 472
166 4
166 163
166 164
166 161
166 159
166 326
166 331
167 471
167 164
167 173
167 168
167 158
167 161
167 165
167 163
167 327
167 326
168 169
168 174
168 471
168 327
168 166
168 328
168 473
168 173
168 326
168 167
169 167
169 168
169 173
169 174
169 175
169 327
169 328
169 471
169 472
169 473
170 160
170 162
170 171
170 172
170 175
170 177
170 471
170 473
171 155
171 156
171 157
171 160
171 162
171 170
171 172
171 176
171 177
172 155
172 156
172 157
172 160
172 162
172 170
172 171
172 176
172 247
173 167
173 168
173 169
173 174
173 175
173 327
173 328
173 471
173 472
173 473
174 168
174 169
174 173
174 175
174 327
174 328
175 168
175 169
175 170
175 173
175 174
175 327
175 328
175 471
175 473
176 238
176 240
176 172
176 180
176 154
176 171
176 246
176 157
176 156
176 155
177 170
177 171
177 179
177 180
177 181
177 182
177 183
177 249
178 17
178 179
178 183
178 184
178 330
179 177
179 178
179 183
179 329
179 330
180 182
180 181
180 176
180 242
180 246
180 184
180 177
180 183
180 248
180 249
181 249
181 185
181 180
181 244
181 250
181 247
181 182
181 177
181 242
181 183
182 177
182 180
182 181
182 183
182 184
182 247
182 248
182 249
182 250
183 177
183 178
183 179
183 180
183 181
183 182
183 184
183 248
183 249
183 250
184 178
184 180
184 181
184 182
184 183
184 185
184 242
184 248
184 249
184 250
185 181
185 184
185 186
185 241
185 242
185 248
185 250
185 251
186 18
186 185
186 251
186 252
186 529
187 18
187 483
187 529
188 189
188 252
188 255
188 529
188 530
188 531
188 532
188 534
188 537
189 188
189 530
190 192
190 193
190 537
191 485
191 670
192 190
192 194
192 195
193 190
193 195
193 546
194 192
194 196
194 258
194 535
195 192
195 193
195 546
195 548
196 194
196 256
196 258
196 533
196 535
196 536
196 609
197 67
197 198
197 68
197 552
197 79
197 69
197 550
197 201
197 202
197 199
198 204
198 550
198 199
198 203
198 67
198 202
198 70
198 72
198 201
198 197
199 204
199 206
199 225
199 201
199 210
199 207
199 79
199 202
199 198
199 197
200 207
200 199
200 225
200 204
200 205
200 604
200 206
200 67
200 203
200 201
201 199
201 726
201 552
201 728
201 553
201 202
201 727
201 197
201 554
201 79
202 68
202 199
202 554
202 201
202 197
202 198
202 552
202 203
202 727
202 79
203 199
203 67
203 225
203 205
203 204
203 68
203 210
203 198
203 604
203 69
204 604
204 67
204 199
204 202
204 205
204 524
204 198
204 68
204 203
204 225
205 210
205 431
205 204
205 604
205 207
205 606
205 203
205 200
205 206
205 225
206 199
206 200
206 202
206 205
206 207
206 208
206 225
206 431
206 604
207 199
207 200
207 202
207 205
207 206
207 208
207 209
207 225
207 431
207 553
208 206
208 207
208 209
208 419
208 431
208 553
209 207
209 208
209 553
210 199
210 519
210 204
210 524
210 205
210 225
210 520
210 607
210 604
210 67
211 214
213 214
214 211
214 213
214 567
215 216
215 389
216 215
216 390
219 220
220 219
220 622
221 224
222 223
222 462
222 620
223 222
223 622
224 221
224 454
225 206
225 207
225 604
225 203
225 210
225 205
225 200
225 204
225 606
225 431
226 94
226 233
226 237
226 90
226 101
226 92
226 98
226 103
226 97
226 230
227 234
227 59
227 425
227 58
227 64
227 230
227 60
227 94
227 236
227 62
228 62
228 425
228 100
228 61
228 60
228 58
228 702
228 605
228 423
228 607
229 95
229 97
229 236
229 230
229 232
229 93
229 86
229 88
229 226
229 90
230 65
230 85
230 97
230 235
230 80
230 229
230 232
230 104
230 91
230 89
231 236
231 64
231 97
231 93
231 104
231 85
231 103
231 80
231 98
231 95
232 85
232 234
232 231
232 235
232 103
232 104
232 84
232 230
232 64
232 90
233 92
233 229
233 236
233 83
233 84
233 90
233 231
233 235
233 97
233 230
234 89
234 80
234 86
234 84
234 65
234 97
234 226
234 63
234 230
234 95
235 64
235 101
235 229
235 89
235 85
235 59
235 234
235 230
235 233
235 232
236 95
236 92
236 101
236 226
236 63
236 97
236 91
236 89
236 233
236 64
237 97
237 233
237 104
237 95
237 226
237 91
237 232
237 234
237 236
237 87
238 6
238 7
238 154
238 176
238 239
238 240
238 244
238 245
238 246
238 247
239 7
239 9
239 238
239 240
239 245
239 253
239 257
240 154
240 176
240 238
240 239
240 244
240 245
240 246
240 247
241 185
241 242
241 243
241 244
241 248
241 250
241 251
241 253
241 254
242 250
242 246
242 241
242 253
242 184
242 243
242 181
242 244
242 251
242 248
243 241
243 242
243 244
243 245
243 246
243 248
243 250
243 251
243 253
244 241
244 180
244 250
244 245
244 247
244 240
244 249
244 253
244 242
244 238
245 238
245 239
245 240
245 243
245 244
245 246
245 247
245 253
246 240
246 180
246 244
246 242
246 243
246 249
246 248
246 247
246 176
246 238
247 244
247 180
247 249
247 238
247 246
247 172
247 240
247 181
247 156
247 176
248 182
248 241
248 250
248 184
248 180
248 181
248 185
248 249
248 242
248 183
249 182
249 250
249 242
249 246
249 184
249 247
249 180
249 176
249 181
249 244
250 243
250 182
250 185
250 242
250 180
250 241
250 181
250 249
250 244
250 248
251 185
251 186
251 241
251 242
251 243
251 252
251 253
251 254
251 255
251 608
252 186
252 188
252 251
252 255
252 529
252 530
252 531
252 532
252 537
253 239
253 241
253 242
253 243
253 244
253 245
253 251
253 254
254 241
254 251
254 253
254 255
254 256
254 531
254 533
254 534
254 608
254 609
255 188
255 251
255 252
255 254
255 529
255 531
255 532
255 534
255 537
255 608
256 11
256 196
256 254
256 257
256 258
256 608
256 609
257 9
257 11
257 239
257 256
258 11
258 13
258 194
258 196
258 256
258 535
258 609
259 270
259 261
259 281
259 273
259 280
259 260
259 271
259 263
259 272
259 274
260 270
260 268
260 51
260 261
260 57
260 53
260 259
260 262
260 263
260 272
261 262
261 269
261 276
261 268
261 272
261 260
261 56
261 271
261 53
261 270
262 259
262 53
262 269
262 57
262 260
262 270
262 272
262 263
262 271
262 273
263 269
263 273
263 261
263 260
263 268
263 271
263 259
263 57
263 272
263 262
264 457
264 458
264 505
265 270
265 273
265 266
265 268
265 280
265 267
265 274
265 458
265 272
265 278
266 265
266 267
266 272
266 274
266 278
266 279
266 280
267 265
267 266
267 278
267 284
267 458
267 465
268 273
268 265
268 259
268 270
268 269
268 263
268 262
268 271
268 261
268 56
269 262
269 273
269 261
269 268
269 56
269 272
269 260
269 265
269 271
269 270
270 269
270 260
270 56
270 262
270 265
270 272
270 271
270 268
270 259
270 57
271 53
271 56
271 259
271 262
271 260
271 270
271 263
271 268
271 276
271 269
272 271
272 270
272 282
272 275
272 266
272 274
272 263
272 281
272 265
272 259
273 57
273 259
273 262
273 263
273 265
273 268
273 269
273 270
273 272
273 458
274 278
274 281
274 280
274 265
274 282
274 283
274 259
274 279
274 266
274 275
275 281
275 280
275 272
275 276
275 279
275 274
275 277
275 259
275 278
275 282
276 55
276 280
276 279
276 261
276 275
276 277
276 53
276 274
276 54
276 271
277 283
277 281
277 48
277 52
277 276
277 54
277 53
277 279
277 55
277 282
278 279
278 265
278 281
278 266
278 282
278 267
278 274
278 275
278 280
278 283
279 283
279 276
279 280
279 274
279 282
279 281
279 275
279 266
279 48
279 277
280 278
280 281
280 259
280 279
280 275
280 272
280 274
280 282
280 276
280 266
281 282
281 278
281 272
281 275
281 279
281 54
281 276
281 274
281 259
281 280
282 54
282 276
282 280
282 278
282 274
282 275
282 259
282 272
282 279
282 277
283 48
283 52
283 55
283 274
283 277
283 278
283 279
283 280
284 267
284 286
284 287
284 465
285 287
285 288
285 289
285 465
285 466
285 468
285 512
286 47
286 284
286 287
287 284
287 285
287 286
287 288
287 465
287 466
287 512
288 285
288 287
288 289
288 290
288 294
288 466
288 512
289 285
289 288
289 290
289 291
289 294
289 466
289 468
290 288
290 289
290 291
290 292
290 294
290 610
291 289
291 290
291 292
291 294
291 463
291 468
292 290
292 291
292 293
292 463
292 610
292 612
293 292
293 463
293 611
293 612
293 619
294 288
294 289
294 290
294 291
294 466
294 467
294 468
294 469
297 300
297 301
298 629
298 630
300 297
300 301
301 297
301 300
302 650
304 305
304 709
305 304
305 307
306 308
306 642
306 683
307 305
307 310
307 647
308 306
308 648
308 683
309 311
309 638
309 646
309 647
310 307
311 309
311 638
311 645
311 646
311 663
312 651
313 314
313 708
314 313
314 491
315 317
315 324
315 666
316 317
316 320
316 528
316 665
316 666
316 672
317 315
317 316
317 318
318 317
318 671
319 664
319 670
320 130
320 316
320 526
320 527
320 528
320 665
320 671
321 113
321 323
321 666
321 672
321 673
321 674
321 675
322 492
322 494
323 321
323 324
323 494
323 674
323 675
324 315
324 323
325 23
325 113
325 116
325 674
325 675
326 4
326 158
326 159
326 165
326 166
326 167
326 168
326 327
326 328
326 331
327 166
327 326
327 168
327 328
327 472
327 159
327 175
327 173
327 169
327 174
328 168
328 169
328 173
328 174
328 175
328 326
328 327
329 5
329 179
329 330
330 8
330 16
330 178
330 179
330 329
331 4
331 5
331 159
331 166
331 326
332 346
332 334
332 339
332 338
332 351
332 333
332 344
332 382
332 345
332 337
333 346
333 383
333 336
333 381
333 338
333 334
333 332
333 379
333 382
333 337
334 381
334 341
334 336
334 343
334 340
334 344
334 346
334 332
334 347
334 333
335 382
335 334
335 332
335 339
335 344
335 346
335 345
335 351
335 349
335 343
336 340
336 334
336 382
336 346
336 378
336 332
336 333
336 337
336 339
336 335
337 334
337 383
337 335
337 345
337 340
337 332
337 336
337 382
337 339
337 344
338 332
338 339
338 378
338 382
338 333
338 337
338 383
338 346
338 336
338 340
339 333
339 382
339 340
339 337
339 383
339 338
339 381
339 346
339 335
339 332
340 342
340 338
340 339
340 337
340 377
340 341
340 334
340 381
340 333
340 380
341 334
341 340
341 342
341 347
341 377
341 379
341 380
341 381
341 443
342 334
342 340
342 341
342 343
342 347
342 348
342 354
342 355
342 377
343 332
343 334
343 335
343 342
343 344
343 345
343 347
343 348
343 351
343 352
344 335
344 337
344 382
344 345
344 351
344 346
344 334
344 343
344 350
344 332
345 332
345 335
345 337
345 343
345 344
345 346
345 349
345 350
345 382
345 384
346 382
346 335
346 337
346 384
346 345
346 334
346 338
346 350
346 333
346 336
347 334
347 341
347 342
347 343
347 348
347 353
347 354
347 355
347 373
348 342
348 343
348 347
348 352
348 353
348 354
348 355
348 358
349 332
349 335
349 344
349 345
349 346
349 350
349 351
349 356
349 382
349 384
350 332
350 335
350 344
350 345
350 346
350 349
350 351
350 356
350 382
350 384
351 332
351 335
351 343
351 344
351 349
351 350
351 352
351 357
352 343
352 348
352 351
352 353
352 354
352 358
352 359
352 360
352 369
352 372
353 347
353 348
353 352
353 354
353 355
353 358
353 359
353 360
353 361
353 365
354 361
354 352
354 360
354 373
354 355
354 365
354 347
354 366
354 342
354 364
355 373
355 364
355 366
355 444
355 365
355 367
355 348
355 374
355 353
355 342
356 349
356 350
356 357
356 363
356 439
357 351
357 356
357 372
357 439
357 440
357 441
358 348
358 352
358 353
358 359
358 360
358 369
358 370
358 372
358 442
359 369
359 361
359 354
359 358
359 353
359 371
359 360
359 368
359 370
359 362
360 362
360 361
360 369
360 368
360 354
360 367
360 358
360 364
360 365
360 359
361 366
361 368
361 353
361 362
361 354
361 369
361 375
361 365
361 376
361 359
362 361
362 370
362 369
362 376
362 359
362 364
362 371
362 360
362 365
362 367
363 356
363 384
363 652
363 654
364 368
364 362
364 360
364 365
364 375
364 355
364 354
364 361
364 376
364 369
365 353
365 371
365 355
365 360
365 362
365 366
365 354
365 367
365 368
365 373
366 375
366 376
366 374
366 361
366 365
366 354
366 355
366 364
366 373
366 362
367 369
367 366
367 368
367 371
367 365
367 360
367 376
367 361
367 375
367 362
368 361
368 360
368 364
368 367
368 442
368 370
368 359
368 362
368 445
368 371
369 442
369 364
369 358
369 360
369 368
369 361
369 352
369 370
369 371
369 376
370 376
370 368
370 369
370 362
370 371
370 372
370 359
370 442
370 441
370 358
371 365
371 360
371 375
371 376
371 442
371 362
371 445
371 364
371 368
371 369
372 352
372 357
372 358
372 370
372 441
372 442
373 347
373 354
373 355
373 365
373 366
373 374
373 375
373 444
374 355
374 366
374 373
374 375
374 376
374 443
374 444
374 445
375 355
375 367
375 368
375 366
375 374
375 365
375 361
375 373
375 376
375 364
376 370
376 369
376 368
376 442
376 362
376 371
376 444
376 375
376 367
376 364
377 340
377 341
377 342
377 379
377 380
377 381
377 443
378 336
378 338
378 379
378 381
378 383
378 447
378 677
378 680
379 333
379 339
379 340
379 341
379 377
379 378
379 380
379 381
379 447
380 340
380 341
380 377
380 379
380 381
380 446
380 447
381 333
381 334
381 339
381 340
381 341
381 377
381 378
381 379
381 380
382 335
382 339
382 349
382 350
382 337
382 345
382 336
382 333
382 338
382 346
383 336
383 378
383 382
383 677
383 680
383 681
383 346
383 338
383 337
383 333
384 345
384 346
384 349
384 350
384 363
384 382
384 654
385 386
385 688
386 385
386 577
387 544
389 215
389 390
389 570
389 576
390 216
390 389
391 565
391 567
392 398
398 392
399 690
400 402
402 400
402 403
402 410
403 402
404 408
405 698
408 404
408 409
409 408
409 451
410 402
410 452
412 414
412 449
414 412
415 71
415 78
415 417
415 420
415 421
415 432
416 70
416 72
416 421
416 523
416 525
417 71
417 78
417 415
417 419
417 420
417 551
417 694
418 703
419 208
419 417
419 420
419 694
420 415
420 417
420 419
420 421
420 431
420 432
421 415
421 416
421 420
421 432
421 701
422 81
422 423
422 424
422 425
422 427
422 701
423 100
423 228
423 422
423 424
423 425
423 605
423 701
423 702
424 81
424 422
424 423
424 425
424 427
424 428
425 60
425 62
425 99
425 100
425 227
425 228
425 422
425 423
425 424
426 98
426 103
426 82
426 106
426 430
426 94
426 428
426 105
426 107
426 429
427 74
427 76
427 73
427 521
427 422
427 522
427 701
427 75
427 81
427 525
428 107
428 430
428 103
428 81
428 106
428 82
428 424
428 105
428 426
428 83
429 426
429 430
429 99
429 105
429 103
429 102
429 106
429 107
429 98
429 82
430 106
430 105
430 426
430 99
430 429
430 95
430 98
430 102
430 82
430 107
431 205
431 206
431 207
431 208
431 225
431 420
431 604
431 606
432 415
432 420
432 421
432 606
434 435
435 434
436 438
436 446
436 447
436 448
437 438
437 448
437 652
437 704
438 436
438 437
438 439
438 446
439 356
439 357
439 438
439 440
439 446
440 357
440 439
440 441
440 443
441 357
441 370
441 372
441 440
441 442
441 444
441 445
442 358
442 368
442 369
442 370
442 371
442 372
442 376
442 441
442 444
442 445
443 341
443 374
443 377
443 440
443 444
444 355
444 373
444 374
444 375
444 376
444 441
444 442
444 443
444 445
445 366
445 368
445 370
445 371
445 374
445 375
445 376
445 441
445 442
445 444
446 380
446 436
446 438
446 439
446 447
447 378
447 379
447 380
447 436
447 446
447 678
448 436
448 437
448 678
448 704
448 705
449 412
449 717
450 716
451 409
451 722
452 410
452 720
452 721
453 454
454 224
454 453
455 711
455 723
456 457
456 458
456 459
456 460
456 464
456 467
456 469
456 470
457 264
457 456
457 459
457 460
457 470
457 503
457 504
457 505
458 264
458 265
458 267
458 273
458 456
458 459
458 464
459 456
459 457
459 458
459 464
459 467
459 469
460 456
460 457
460 461
460 470
460 497
460 503
461 460
461 497
462 222
462 620
463 291
463 292
463 293
463 468
463 469
464 456
464 458
464 459
464 466
464 467
464 468
464 469
464 470
465 267
465 284
465 285
465 287
465 466
466 285
466 287
466 288
466 289
466 294
466 464
466 465
466 467
466 468
467 294
467 456
467 459
467 464
467 466
467 468
467 469
467 470
468 285
468 289
468 291
468 294
468 463
468 464
468 466
468 467
468 469
469 294
469 456
469 459
469 463
469 464
469 467
469 468
469 470
470 456
470 457
470 460
470 464
470 467
470 469
471 163
471 170
471 167
471 168
471 473
471 169
471 175
471 165
471 472
471 162
472 160
472 168
472 167
472 471
472 169
472 173
472 163
472 165
472 166
472 164
473 170
473 168
473 161
473 169
473 173
473 160
473 165
473 167
473 162
473 164
476 71
476 78
476 477
476 551
477 476
480 488
480 489
481 485
482 484
483 14
483 15
483 18
483 187
484 482
485 191
485 481
485 488
486 45
486 487
487 20
487 486
488 480
488 485
488 489
489 480
489 488
491 314
492 322
492 493
493 20
493 492
493 494
494 23
494 322
494 323
494 493
494 674
495 46
495 502
496 725
497 46
497 460
497 461
497 503
498 499
498 635
499 498
499 501
500 501
500 724
501 499
501 500
501 514
502 495
502 509
503 457
503 460
503 497
503 504
504 457
504 503
505 264
505 457
505 511
506 508
506 699
506 718
507 508
507 636
508 506
508 507
508 636
509 502
509 510
509 513
510 509
510 512
510 513
511 47
511 49
511 50
511 505
512 285
512 287
512 288
512 510
512 513
513 509
513 510
513 512
513 514
514 501
514 513
514 610
515 521
515 66
515 59
515 62
515 227
515 63
515 607
515 75
515 518
515 61
516 59
516 517
516 518
516 521
516 73
516 520
516 515
516 519
516 66
516 65
517 59
517 515
517 75
517 518
517 521
517 66
517 520
517 516
517 74
517 519
518 517
518 516
518 66
518 58
518 61
518 520
518 65
518 59
518 60
518 63
519 58
519 210
519 515
519 516
519 517
519 518
519 520
519 524
519 604
519 607
520 66
520 524
520 73
520 516
520 522
520 515
520 517
520 518
520 521
520 74
521 76
521 65
521 520
521 517
521 522
521 515
521 516
521 75
521 427
521 73
522 516
522 521
522 525
522 74
522 73
522 517
522 427
522 523
522 520
522 66
523 69
523 70
523 72
523 416
523 522
523 524
524 67
524 68
524 69
524 203
524 204
524 210
524 519
524 520
524 523
525 73
525 74
525 416
525 427
525 522
525 701
526 112
526 130
526 320
526 527
526 528
526 665
526 671
527 112
527 122
527 130
527 320
527 526
527 528
527 665
527 671
528 112
528 316
528 320
528 526
528 527
528 665
528 671
528 672
528 673
529 186
529 187
529 188
529 252
529 255
529 530
529 531
530 188
530 189
530 252
530 529
530 531
530 532
531 254
531 188
531 537
531 536
531 252
531 534
531 530
531 529
531 608
531 532
532 188
532 252
532 255
532 530
532 531
532 533
532 534
532 536
532 537
533 196
533 254
533 531
533 532
533 534
533 535
533 536
533 537
533 608
533 609
534 608
534 531
534 254
534 533
534 535
534 536
534 609
534 255
534 537
534 188
535 194
535 196
535 258
535 533
535 534
535 536
535 608
535 609
536 196
536 531
536 532
536 533
536 534
536 535
536 537
536 608
536 609
537 188
537 190
537 252
537 255
537 531
537 532
537 533
537 534
537 536
538 539
538 540
538 542
539 538
539 540
539 669
540 538
540 539
540 541
540 542
540 543
541 540
541 543
542 538
542 540
542 543
542 546
542 547
543 540
543 541
543 542
543 545
543 547
544 387
545 543
546 193
546 195
546 542
547 542
547 543
548 77
548 195
548 550
549 564
549 566
549 729
549 730
550 77
550 79
550 197
550 198
550 548
550 552
550 726
550 727
551 71
551 77
551 78
551 417
551 476
551 694
552 197
552 198
552 69
552 201
552 77
552 79
552 202
552 550
552 70
552 68
553 201
553 207
553 208
553 209
553 554
553 555
554 201
554 202
554 553
554 726
554 727
554 728
555 553
555 557
555 731
556 558
556 562
557 555
557 703
558 556
560 561
560 568
561 560
562 556
562 563
562 564
562 729
563 562
563 564
563 565
563 566
563 567
564 549
564 562
564 563
564 566
564 729
564 730
564 731
565 391
565 563
565 566
566 549
566 563
566 564
566 565
567 214
567 391
567 563
568 560
569 570
569 571
570 389
570 569
571 569
572 576
574 575
575 574
576 389
576 572
577 386
578 582
579 582
579 634
581 2
582 578
582 579
583 584
584 583
586 587
586 588
586 591
586 628
587 586
587 732
588 586
591 586
591 732
592 598
593 595
594 732
595 593
596 621
597 622
598 592
598 599
599 598
599 600
600 599
600 733
601 692
602 603
602 733
603 602
603 692
604 431
604 225
604 203
604 200
604 204
604 206
604 519
604 606
604 210
604 607
605 60
605 228
605 423
605 606
605 607
605 702
606 205
606 225
606 431
606 432
606 604
606 605
607 58
607 61
607 518
607 60
607 519
607 228
607 605
607 59
607 210
607 604
608 251
608 254
608 255
608 256
608 531
608 533
608 534
608 535
608 536
608 609
609 196
609 254
609 256
609 258
609 533
609 534
609 535
609 536
609 608
610 290
610 292
610 514
610 612
610 613
611 293
611 618
611 619
611 620
611 624
611 625
611 626
611 627
612 292
612 293
612 610
612 613
612 618
613 610
613 612
613 614
613 615
613 617
614 613
614 615
615 613
615 614
615 616
615 617
615 635
616 615
616 628
616 630
616 635
617 613
617 615
617 621
617 623
617 627
618 611
618 612
618 619
618 623
618 626
618 627
619 293
619 611
619 618
619 620
619 624
619 625
619 626
619 627
620 222
620 462
620 611
620 619
620 624
620 625
620 626
621 596
621 617
621 623
621 627
622 220
622 223
622 597
622 624
622 625
622 626
623 617
623 618
623 621
623 624
623 627
624 611
624 619
624 620
624 622
624 623
624 625
624 626
624 627
625 611
625 619
625 620
625 622
625 624
625 626
625 627
626 611
626 618
626 619
626 620
626 622
626 624
626 625
626 627
627 611
627 617
627 618
627 619
627 621
627 623
627 624
627 625
627 626
628 586
628 616
628 629
628 630
629 298
629 628
629 630
630 298
630 616
630 628
630 629
630 635
634 579
635 498
635 615
635 616
635 630
635 636
636 507
636 508
636 635
637 700
638 309
638 311
638 639
638 640
638 646
639 638
639 645
639 646
640 638
640 641
641 640
642 306
642 676
643 676
643 677
643 678
643 679
643 680
643 681
643 684
644 645
645 311
645 639
645 644
645 646
646 309
646 311
646 638
646 639
646 645
647 307
647 309
648 308
648 649
648 656
649 648
649 656
649 658
649 683
649 686
650 302
651 312
651 664
652 363
652 437
652 655
653 655
653 658
653 682
654 363
654 382
654 384
654 658
654 682
654 685
655 652
655 653
655 704
656 648
656 649
657 706
658 649
658 653
658 654
658 682
658 685
658 686
659 661
659 663
659 667
660 661
660 662
660 667
660 668
660 669
661 659
661 660
661 662
661 663
662 660
662 661
662 668
663 311
663 659
663 661
664 319
664 651
665 316
665 320
665 526
665 527
665 528
665 666
665 671
665 672
665 673
666 315
666 316
666 321
666 665
666 672
666 673
667 659
667 660
668 660
668 662
668 669
668 688
669 539
669 660
669 668
670 191
670 319
671 130
671 318
671 320
671 526
671 527
671 528
671 665
672 316
672 321
672 528
672 665
672 666
672 673
672 675
673 321
673 528
673 665
673 666
673 672
673 675
674 321
674 323
674 325
674 494
674 675
675 113
675 321
675 323
675 325
675 672
675 673
675 674
676 642
676 643
676 678
676 705
677 378
677 383
677 643
677 678
677 680
677 681
678 447
678 448
678 643
678 676
678 677
679 643
679 680
679 681
679 683
679 684
679 685
679 686
680 378
680 383
680 643
680 677
680 679
680 681
680 684
681 383
681 643
681 677
681 679
681 680
681 684
681 685
681 686
682 653
682 654
682 658
682 685
682 686
683 306
683 308
683 649
683 679
683 684
683 686
684 643
684 679
684 680
684 681
684 683
684 685
684 686
685 654
685 658
685 679
685 681
685 682
685 684
685 686
686 649
686 658
686 679
686 681
686 682
686 683
686 684
686 685
688 385
688 668
690 399
692 601
692 603
693 720
694 78
694 417
694 419
694 551
694 695
695 694
697 703
698 405
699 506
700 637
701 421
701 422
701 423
701 427
701 525
701 702
702 228
702 423
702 605
702 701
703 418
703 557
703 697
704 437
704 448
704 655
704 705
704 706
705 448
705 676
705 704
706 657
706 704
706 707
707 706
708 313
709 304
710 712
710 713
710 721
711 455
711 713
711 723
712 710
713 710
713 711
713 714
714 713
714 715
714 722
715 714
715 716
715 723
715 724
716 450
716 715
716 722
717 449
717 724
718 506
719 720
720 452
720 693
720 719
720 721
721 452
721 710
721 720
722 451
722 714
722 716
723 455
723 711
723 715
723 725
724 500
724 715
724 717
725 496
725 723
726 201
726 550
726 554
726 727
726 728
726 729
726 730
727 197
727 201
727 202
727 550
727 552
727 554
727 726
727 728
728 201
728 554
728 726
728 727
728 729
728 730
728 731
729 549
729 562
729 564
729 726
729 728
729 730
729 731
730 549
730 564
730 726
730 728
730 729
730 731
731 555
731 564
731 728
731 729
731 730
732 587
732 591
732 594
733 600
733 602
