  0.487031   0.229593  -0.053516
  0.321631   0.152678   0.096490
  0.015455   0.259283   0.147410
  0.020261   0.258992   0.011749
  0.031664   0.250698  -0.133540
  0.059805   0.239867  -0.264060
  0.189312   0.091147   0.216495
 -0.158202   0.237918   0.148451
 -0.164695   0.237079   0.002796
 -0.129054   0.241265  -0.131329
 -0.084580   0.243449  -0.276036
  0.011333   0.074503   0.278129
 -0.317000   0.225350   0.149408
 -0.339883   0.224468  -0.005659
 -0.298327   0.229413  -0.128998
 -0.204166   0.239254  -0.285981
 -0.150970   0.051658   0.268359
 -0.452888   0.235975   0.150243
 -0.493500   0.225199  -0.013039
 -0.431534   0.237229  -0.127150
 -0.304692   0.235552  -0.294346
