0 729
0 3
1 729
1 2
2 729
2 3
2 1
3 0
3 729
3 2
4 5
4 6
4 20
4 25
4 30
4 31
5 4
5 6
5 7
5 19
5 20
6 64
6 4
6 5
6 7
6 8
6 54
6 30
7 5
7 6
7 8
7 9
7 19
8 64
8 6
8 7
8 9
8 475
8 476
9 7
9 8
9 12
9 14
9 18
9 19
9 476
10 480
10 11
10 12
10 479
11 480
11 10
11 459
11 12
11 13
11 724
11 92
12 9
12 10
12 11
12 13
12 14
12 476
12 479
13 456
13 11
13 12
13 459
13 14
13 15
14 9
14 12
14 13
14 15
14 16
14 18
15 456
15 458
15 13
15 14
15 16
15 17
16 14
16 15
16 17
16 18
16 23
16 24
17 458
17 460
17 15
17 16
17 21
17 22
17 23
18 9
18 14
18 16
18 19
18 20
18 24
18 25
19 5
19 7
19 9
19 18
19 20
20 4
20 5
20 18
20 19
20 25
21 33
21 38
21 39
21 40
21 17
21 22
21 23
21 24
22 38
22 460
22 463
22 17
22 467
22 21
23 16
23 17
23 21
23 24
24 32
24 33
24 16
24 18
24 21
24 23
24 25
25 32
25 4
25 18
25 20
25 24
25 31
26 32
26 33
26 50
26 51
26 27
26 28
26 29
26 30
26 31
27 47
27 48
27 52
27 56
27 57
27 26
27 28
27 29
28 48
28 26
28 27
28 50
29 55
29 56
29 26
29 27
29 30
30 4
30 6
30 54
30 55
30 26
30 29
30 31
31 32
31 4
31 25
31 26
31 30
32 33
32 24
32 25
32 26
32 31
33 32
33 40
33 51
33 21
33 24
33 26
34 35
34 36
34 37
34 41
34 53
34 59
35 34
35 36
35 468
35 469
35 59
36 34
36 35
36 37
36 38
36 468
37 34
37 36
37 38
37 39
37 41
37 42
38 36
38 37
38 39
38 467
38 468
38 21
38 22
39 37
39 38
39 40
39 42
39 21
40 33
40 39
40 42
40 43
40 44
40 51
40 21
41 34
41 37
41 42
41 43
41 49
41 53
42 37
42 39
42 40
42 41
42 43
43 40
43 41
43 42
43 44
43 45
43 49
44 40
44 43
44 45
44 46
44 50
44 51
45 43
45 44
45 46
45 47
45 49
46 44
46 45
46 47
46 48
46 50
47 45
47 46
47 48
47 49
47 52
47 27
48 46
48 47
48 50
48 27
48 28
49 41
49 43
49 45
49 47
49 52
49 53
50 44
50 46
50 48
50 51
50 26
50 28
51 33
51 40
51 44
51 50
51 26
52 47
52 49
52 53
52 57
52 58
52 27
53 34
53 41
53 49
53 52
53 58
53 59
54 64
54 65
54 6
54 55
54 30
55 65
55 54
55 56
55 29
55 30
56 65
56 464
56 55
56 57
56 27
56 29
57 464
57 465
57 52
57 56
57 58
57 27
58 465
58 52
58 469
58 53
58 57
58 59
59 34
59 35
59 469
59 53
59 58
60 66
60 487
60 466
60 61
60 62
61 457
61 461
61 466
61 60
61 62
61 63
62 64
62 66
62 475
62 60
62 61
62 63
63 64
63 65
63 461
63 462
63 61
63 62
64 65
64 6
64 8
64 54
64 475
64 62
64 63
65 64
65 462
65 464
65 54
65 55
65 56
65 63
66 481
66 482
66 486
66 487
66 475
66 60
66 62
67 486
67 487
67 489
67 491
67 494
67 495
67 466
67 95
68 69
68 201
68 202
68 203
68 205
68 206
69 68
69 613
69 614
69 201
69 202
70 199
70 200
70 201
70 71
70 203
70 73
71 70
71 72
71 73
71 203
71 496
71 215
72 71
72 73
72 489
72 495
72 496
72 638
72 639
73 70
73 199
73 72
73 71
73 368
73 639
74 75
74 369
74 214
74 505
74 379
75 512
75 640
75 641
75 74
75 369
75 505
75 506
76 513
76 514
76 77
76 78
76 79
76 81
77 513
77 76
77 366
77 78
77 367
78 453
78 520
78 521
78 76
78 77
78 365
78 367
78 81
79 514
79 515
79 522
79 523
79 76
79 80
79 81
80 100
80 101
80 520
80 523
80 524
80 79
80 81
80 566
81 520
81 76
81 78
81 79
81 80
82 674
82 420
82 83
82 84
82 85
82 537
82 445
83 99
83 528
83 82
83 531
83 84
83 532
83 537
84 97
84 99
84 82
84 83
84 85
85 97
85 82
85 84
85 538
85 539
85 445
85 446
86 545
86 546
86 258
86 547
86 548
86 240
86 87
86 570
87 257
87 546
87 104
87 86
87 570
88 548
88 549
88 553
88 89
88 411
88 412
89 548
89 260
89 628
89 629
89 88
89 412
89 254
90 96
90 554
90 555
90 556
90 557
90 91
90 477
90 94
91 480
91 554
91 493
91 90
91 92
91 94
92 480
92 554
92 11
92 723
92 724
92 91
93 485
93 486
93 492
93 94
93 95
94 96
94 492
94 493
94 90
94 91
94 93
94 95
95 96
95 67
95 486
95 491
95 93
95 94
96 490
96 491
96 556
96 90
96 94
96 95
97 99
97 552
97 558
97 84
97 85
97 538
98 99
98 100
98 101
98 558
98 530
98 565
98 566
99 97
99 98
99 558
99 530
99 83
99 84
99 531
100 80
100 98
100 101
100 566
101 98
101 100
101 524
101 525
101 527
101 80
101 530
102 103
102 104
102 107
102 567
102 568
102 446
102 543
103 546
103 102
103 104
103 567
103 542
104 257
104 546
104 102
104 103
104 105
104 107
104 87
105 257
105 104
105 107
105 108
105 569
105 575
106 648
106 585
106 649
106 107
106 108
106 568
106 574
107 102
107 104
107 105
107 106
107 108
107 568
108 580
108 581
108 105
108 106
108 107
108 585
108 575
109 161
109 110
109 111
109 112
109 127
109 159
110 109
110 111
110 119
110 120
110 127
111 109
111 110
111 112
111 113
111 120
112 163
112 109
112 111
112 113
112 157
112 158
112 159
113 163
113 111
113 112
113 114
113 120
114 163
114 582
114 583
114 113
114 115
114 119
114 120
115 583
115 586
115 114
115 116
115 117
115 119
116 586
116 394
116 396
116 115
116 117
116 118
117 115
117 116
117 118
117 119
117 125
117 126
118 392
118 394
118 116
118 117
118 122
118 124
118 125
119 110
119 114
119 115
119 117
119 120
119 126
119 127
120 110
120 111
120 113
120 114
120 119
121 386
121 388
121 140
121 142
121 122
121 123
121 124
122 129
122 130
122 118
122 121
122 123
122 124
122 125
122 126
123 130
123 131
123 140
123 121
123 122
124 388
124 389
124 392
124 118
124 121
124 122
125 122
125 126
125 117
125 118
126 128
126 129
126 117
126 119
126 122
126 125
126 127
127 128
127 161
127 109
127 110
127 119
127 126
128 160
128 129
128 161
128 126
128 127
129 128
129 160
129 130
129 134
129 122
129 126
130 129
130 131
130 132
130 133
130 134
130 122
130 123
131 130
131 132
131 139
131 140
131 123
132 130
132 131
132 133
132 138
132 139
133 130
133 132
133 134
133 136
133 137
133 138
134 160
134 129
134 130
134 133
134 136
135 160
135 136
135 137
135 147
135 151
135 153
136 160
136 133
136 134
136 135
136 137
137 133
137 135
137 136
137 138
137 151
138 132
138 133
138 137
138 139
138 146
138 151
139 131
139 132
139 138
139 140
139 141
139 145
139 146
140 131
140 139
140 141
140 142
140 121
140 123
141 139
141 140
141 142
141 143
141 144
141 145
142 386
142 140
142 141
142 143
142 121
143 386
143 387
143 141
143 142
143 144
144 387
144 141
144 143
144 145
144 152
145 139
145 141
145 144
145 146
145 150
145 152
146 138
146 139
146 145
146 150
146 151
147 135
147 148
147 149
147 150
147 151
147 153
148 390
148 147
148 149
148 153
148 154
148 155
149 385
149 390
149 147
149 148
149 150
149 152
150 145
150 146
150 147
150 149
150 151
150 152
151 135
151 137
151 138
151 146
151 147
151 150
152 385
152 387
152 144
152 145
152 149
152 150
153 160
153 135
153 147
153 148
153 154
153 159
154 148
154 153
154 155
154 158
154 159
155 390
155 391
155 148
155 154
155 156
155 157
155 158
156 391
156 393
156 157
156 473
156 155
156 573
157 162
157 163
157 112
157 155
157 156
157 573
157 158
158 112
158 154
158 155
158 157
158 159
159 160
159 161
159 109
159 112
159 153
159 154
159 158
160 128
160 129
160 161
160 134
160 135
160 136
160 153
160 159
161 160
161 128
161 159
161 109
161 127
162 577
162 579
162 163
162 573
162 582
162 571
162 157
163 162
163 582
163 112
163 113
163 114
163 157
164 165
164 166
164 168
164 174
164 400
164 592
164 595
165 164
165 166
165 399
165 400
165 401
166 451
166 164
166 165
166 168
166 399
167 170
167 171
167 588
167 587
167 594
167 403
168 448
168 451
168 164
168 166
168 174
168 599
169 708
169 170
169 594
169 596
169 600
169 602
170 708
170 422
170 167
170 169
170 171
170 594
171 421
171 422
171 167
171 423
171 170
171 403
172 598
172 173
172 174
172 599
173 710
173 711
173 172
173 174
173 595
173 598
173 600
173 601
174 164
174 168
174 172
174 173
174 595
174 599
175 298
175 176
175 177
175 184
175 185
175 186
175 188
175 189
175 191
176 192
176 175
176 177
176 178
176 191
177 175
177 176
177 178
177 179
177 184
178 192
178 193
178 176
178 177
178 179
178 180
179 177
179 178
179 180
179 181
179 184
179 603
180 193
180 609
180 178
180 179
180 603
181 610
181 612
181 179
181 182
181 184
181 603
181 604
182 181
182 183
182 184
182 604
182 605
183 299
183 182
183 184
183 185
183 605
184 175
184 177
184 179
184 181
184 182
184 183
184 185
185 296
185 298
185 299
185 175
185 183
185 184
186 298
186 175
186 314
186 187
186 188
186 189
186 190
187 298
187 314
187 302
187 303
187 186
188 298
188 175
188 186
188 189
188 190
188 319
189 319
189 314
189 175
189 313
189 186
189 315
189 188
189 191
190 186
190 188
191 192
191 197
191 175
191 176
191 313
191 315
191 189
192 193
192 194
192 197
192 176
192 178
192 606
192 191
193 192
193 608
193 609
193 178
193 180
193 606
193 607
194 192
194 196
194 197
194 606
195 642
195 196
195 370
195 378
195 606
195 607
196 194
196 195
196 642
196 197
196 198
196 371
196 606
197 192
197 194
197 196
197 198
197 313
197 316
197 318
197 191
198 196
198 197
198 371
198 372
198 373
198 318
199 611
199 70
199 200
199 73
199 368
199 370
199 380
200 201
200 611
200 70
200 199
201 611
201 68
201 69
201 70
201 613
201 200
201 203
202 68
202 69
202 614
202 206
202 207
203 68
203 70
203 71
203 201
203 204
203 205
203 215
204 203
204 205
204 208
204 209
204 215
205 68
205 203
205 204
205 206
205 208
206 68
206 202
206 205
206 207
206 208
206 210
207 614
207 202
207 206
207 210
207 211
207 212
207 213
208 204
208 205
208 206
208 209
208 210
209 204
209 208
209 210
209 501
209 215
210 206
210 207
210 208
210 209
210 211
210 501
210 505
211 207
211 210
211 212
211 214
211 505
212 615
212 207
212 211
212 213
212 214
213 614
213 615
213 207
213 212
213 604
213 381
214 615
214 74
214 211
214 212
214 505
214 379
214 382
215 71
215 203
215 204
215 496
215 209
215 498
215 501
216 231
216 232
216 238
216 239
216 217
216 218
217 230
217 231
217 216
217 218
217 219
217 220
218 224
218 239
218 216
218 217
218 219
218 223
219 225
219 217
219 218
219 220
219 221
219 222
219 223
220 229
220 230
220 217
220 219
220 221
221 227
221 228
221 229
221 219
221 220
221 222
222 225
222 226
222 227
222 219
222 221
223 224
223 225
223 263
223 268
223 218
223 219
224 261
224 262
224 263
224 239
224 218
224 223
225 226
225 268
225 269
225 219
225 222
225 223
226 225
226 227
226 269
226 274
226 222
227 226
227 228
227 274
227 221
227 222
228 227
228 229
228 274
228 275
228 221
229 228
229 230
229 275
229 279
229 280
229 220
229 221
230 229
230 231
230 241
230 280
230 217
230 220
231 230
231 232
231 233
231 241
231 216
231 217
232 231
232 233
232 234
232 237
232 238
232 216
233 231
233 232
233 234
233 235
233 241
233 242
234 232
234 233
234 618
234 235
234 236
234 237
235 233
235 234
235 236
235 242
235 243
235 244
236 616
236 617
236 234
236 235
236 618
236 244
237 232
237 618
237 234
237 238
237 413
237 415
238 232
238 237
238 239
238 247
238 216
238 415
239 224
239 261
239 238
239 245
239 247
239 216
239 218
240 258
240 548
240 260
240 621
240 622
240 86
240 727
241 256
241 230
241 231
241 233
241 242
241 280
241 282
242 256
242 233
242 235
242 241
242 243
242 253
243 235
243 242
243 244
243 250
243 253
243 255
244 617
244 619
244 236
244 235
244 243
244 255
245 261
245 239
245 246
245 247
245 286
246 289
246 245
246 247
246 248
246 251
246 286
246 287
247 416
247 238
247 239
247 245
247 246
247 248
247 415
248 416
248 246
248 247
248 249
248 251
248 252
249 416
249 632
249 248
249 250
249 252
250 633
250 243
250 632
250 249
250 634
250 252
250 253
250 255
251 288
251 289
251 246
251 248
251 252
252 288
252 291
252 248
252 249
252 250
252 251
252 253
253 256
253 291
253 242
253 243
253 250
253 252
254 259
254 260
254 633
254 627
254 628
254 630
254 89
255 259
255 619
255 622
255 243
255 244
255 634
255 250
256 291
256 241
256 242
256 282
256 283
256 253
257 104
257 105
257 87
257 569
257 570
258 645
258 647
258 240
258 86
258 727
258 570
258 635
259 260
259 622
259 633
259 634
259 254
259 255
260 259
260 548
260 622
260 240
260 89
260 254
261 224
261 262
261 239
261 245
261 286
262 224
262 261
262 263
262 264
262 270
262 286
263 224
263 262
263 264
263 265
263 268
263 223
264 262
264 263
264 265
264 266
264 270
264 271
265 263
265 264
265 266
265 267
265 268
266 264
266 265
266 267
266 271
266 272
267 265
267 266
267 268
267 269
267 272
267 273
268 225
268 263
268 265
268 267
268 269
268 223
269 225
269 226
269 267
269 268
269 273
269 274
270 262
270 264
270 271
270 277
270 281
270 284
270 285
270 286
271 264
271 266
271 270
271 272
271 277
272 266
272 267
272 271
272 273
272 276
272 277
273 267
273 269
273 272
273 274
273 275
273 276
273 278
274 226
274 227
274 228
274 269
274 273
274 275
275 228
275 229
275 273
275 274
275 278
275 279
276 272
276 273
276 277
276 278
276 279
276 280
276 281
277 270
277 271
277 272
277 276
277 281
278 273
278 275
278 276
278 279
279 229
279 275
279 276
279 278
279 280
280 229
280 230
280 241
280 276
280 279
280 281
280 282
280 283
281 270
281 276
281 277
281 280
281 283
281 284
282 256
282 241
282 283
282 280
283 256
283 291
283 292
283 280
283 281
283 282
283 284
284 292
284 270
284 281
284 283
284 285
285 292
285 270
285 284
285 286
285 287
286 261
286 262
286 270
286 245
286 246
286 285
286 287
287 289
287 290
287 292
287 246
287 285
287 286
288 289
288 290
288 291
288 251
288 252
289 288
289 290
289 246
289 251
289 287
290 288
290 289
290 291
290 292
290 287
291 288
291 256
291 290
291 292
291 283
291 252
291 253
292 290
292 291
292 283
292 284
292 285
292 287
293 294
293 295
293 296
293 297
293 300
293 302
294 293
294 295
294 296
294 299
294 374
294 375
295 384
295 293
295 294
295 300
295 301
295 374
296 293
296 294
296 297
296 298
296 299
296 185
297 293
297 296
297 298
297 302
297 303
297 304
298 296
298 297
298 175
298 303
298 185
298 186
298 187
298 188
299 294
299 296
299 183
299 185
299 605
299 375
300 293
300 295
300 301
300 302
300 304
300 305
300 307
301 384
301 295
301 300
301 307
301 308
302 293
302 297
302 300
302 303
302 304
302 305
302 314
302 187
303 297
303 298
303 187
303 302
304 297
304 300
304 302
304 305
304 306
305 300
305 302
305 304
305 306
305 307
305 310
305 311
305 314
306 304
306 305
306 310
306 312
306 313
306 314
307 300
307 301
307 305
307 308
307 309
307 311
308 384
308 301
308 307
308 309
308 383
309 307
309 308
309 311
309 318
309 383
310 305
310 306
310 311
310 312
310 313
310 316
310 317
311 305
311 307
311 309
311 310
311 316
311 318
312 313
312 306
312 310
313 197
313 306
313 310
313 189
313 312
313 314
313 315
313 316
313 317
313 191
314 302
314 305
314 306
314 315
314 313
314 186
314 187
314 189
315 319
315 189
315 313
315 314
315 317
315 191
316 197
316 310
316 311
316 313
316 318
317 313
317 315
317 310
318 197
318 198
318 309
318 373
318 311
318 316
318 383
319 315
319 188
319 189
320 321
320 322
320 323
320 324
320 353
320 337
321 320
321 322
321 323
321 326
321 404
321 407
322 320
322 321
322 354
322 353
322 407
323 320
323 321
323 324
323 325
323 326
323 328
324 320
324 323
324 325
324 329
324 330
324 336
324 337
325 323
325 324
325 327
325 328
325 329
326 321
326 323
326 328
326 404
326 408
326 637
327 325
327 328
327 329
327 331
327 333
327 334
327 343
328 323
328 325
328 326
328 327
328 333
328 637
329 324
329 325
329 327
329 330
329 331
330 324
330 329
330 331
330 335
330 336
331 327
331 329
331 330
331 334
331 335
332 333
332 339
332 341
332 343
332 441
332 442
332 444
333 327
333 328
333 332
333 343
333 444
333 637
334 331
334 335
334 343
334 327
335 330
335 331
335 334
335 336
335 338
335 343
336 324
336 330
336 335
336 337
336 338
336 345
336 346
337 320
337 353
337 324
337 356
337 336
337 346
337 347
337 348
338 335
338 336
338 343
338 344
338 345
339 332
339 340
339 341
339 342
339 343
340 430
340 432
340 339
340 341
340 342
340 350
341 332
341 432
341 339
341 436
341 340
341 441
342 339
342 340
342 343
342 344
342 350
343 327
343 332
343 333
343 334
343 335
343 338
343 339
343 342
343 344
344 359
344 338
344 342
344 343
344 345
344 349
344 350
345 358
345 359
345 336
345 338
345 344
345 346
345 347
345 349
346 336
346 337
346 345
346 347
346 348
346 349
347 356
347 358
347 337
347 345
347 346
347 348
348 337
348 346
348 347
349 344
349 345
349 346
350 359
350 425
350 430
350 340
350 342
350 344
350 351
351 352
351 425
351 350
351 359
352 359
352 425
352 660
352 662
352 666
352 410
352 351
353 320
353 322
353 355
353 354
353 356
353 337
354 353
354 322
354 355
354 406
354 407
355 353
355 354
355 356
355 357
355 406
356 353
356 355
356 357
356 358
356 337
356 347
357 355
357 356
357 358
357 359
357 406
357 409
357 410
358 356
358 357
358 359
358 345
358 347
359 352
359 357
359 358
359 344
359 345
359 410
359 350
359 351
360 449
360 450
360 452
360 361
360 362
360 363
361 360
361 362
361 363
361 364
361 367
362 449
362 453
362 360
362 361
362 365
362 367
363 452
363 454
363 455
363 360
363 361
363 364
364 640
364 455
364 361
364 363
364 366
364 367
364 638
365 362
365 453
365 78
365 367
366 640
366 513
366 512
366 364
366 77
366 367
367 361
367 362
367 364
367 365
367 366
367 77
367 78
368 641
368 199
368 73
368 369
368 380
368 639
369 641
369 74
369 75
369 368
369 379
369 380
370 611
370 195
370 199
370 378
370 380
370 607
371 642
371 196
371 198
371 372
371 376
371 377
372 198
372 371
372 373
372 374
372 375
372 376
373 198
373 372
373 374
373 318
373 383
374 384
374 294
374 295
374 372
374 373
374 375
374 383
375 294
375 299
375 372
375 374
375 376
375 605
376 381
376 371
376 372
376 375
376 377
376 605
377 642
377 615
377 371
377 376
377 381
377 382
378 642
378 195
378 370
378 379
378 380
378 382
379 74
379 369
379 214
379 378
379 380
379 382
380 199
380 368
380 369
380 370
380 378
380 379
381 615
381 213
381 376
381 377
381 604
381 605
382 642
382 615
382 214
382 377
382 378
382 379
383 384
383 308
383 373
383 374
383 309
383 318
384 295
384 301
384 308
384 374
384 383
385 386
385 387
385 388
385 389
385 390
385 149
385 152
386 385
386 387
386 388
386 142
386 143
386 121
387 385
387 386
387 143
387 144
387 152
388 385
388 386
388 389
388 121
388 124
389 385
389 388
389 390
389 391
389 392
389 124
390 385
390 389
390 391
390 148
390 149
390 155
391 389
391 390
391 392
391 393
391 155
391 156
392 389
392 391
392 393
392 394
392 118
392 124
393 391
393 392
393 394
393 395
393 473
393 156
394 392
394 393
394 395
394 396
394 116
394 118
395 643
395 393
395 394
395 396
395 473
395 636
396 643
396 644
396 394
396 395
396 586
396 116
397 589
397 653
397 591
397 400
397 401
397 470
398 454
398 399
398 401
398 721
398 470
398 471
398 472
399 451
399 452
399 165
399 166
399 454
399 398
399 401
400 164
400 165
400 397
400 591
400 592
400 401
401 165
401 397
401 398
401 399
401 400
401 470
402 426
402 427
402 403
402 664
402 665
402 666
403 423
403 167
403 171
403 427
403 428
403 587
403 402
403 665
404 321
404 326
404 405
404 406
404 407
404 408
404 409
405 659
405 404
405 660
405 408
405 409
405 410
406 354
406 355
406 357
406 404
406 407
406 409
407 321
407 354
407 322
407 404
407 406
408 326
408 659
408 404
408 405
408 443
408 637
409 357
409 404
409 405
409 406
409 410
410 352
410 357
410 359
410 660
410 405
410 409
411 553
411 88
411 412
411 477
411 670
412 624
412 629
412 88
412 89
412 411
412 670
413 618
413 237
413 623
413 414
413 415
414 416
414 623
414 624
414 625
414 631
414 413
414 415
415 416
415 237
415 238
415 247
415 413
415 414
416 631
416 632
416 247
416 248
416 249
416 414
416 415
417 418
417 419
417 574
417 650
417 568
417 446
417 671
418 672
418 417
418 673
418 419
418 420
418 678
418 671
419 417
419 418
419 420
419 445
419 446
420 674
420 418
420 419
420 678
420 82
420 445
421 422
421 423
421 424
421 171
421 692
421 697
422 708
422 421
422 170
422 171
422 692
423 421
423 424
423 171
423 428
423 429
423 403
424 421
424 423
424 429
424 693
424 694
424 695
424 697
425 352
425 426
425 430
425 666
425 350
425 351
426 425
426 427
426 430
426 434
426 402
426 666
427 426
427 428
427 429
427 433
427 402
427 403
427 434
428 427
428 403
428 429
428 423
429 423
429 424
429 427
429 428
429 433
429 695
429 696
430 425
430 426
430 431
430 432
430 434
430 340
430 350
431 430
431 432
431 434
431 435
431 436
432 430
432 431
432 436
432 340
432 341
433 427
433 429
433 696
433 434
433 438
433 440
434 426
434 427
434 430
434 431
434 433
434 435
434 440
435 431
435 434
435 436
435 440
435 441
436 431
436 432
436 435
436 341
436 441
437 680
437 686
437 698
437 668
437 669
438 696
438 687
438 686
438 433
438 439
438 440
438 698
439 442
439 443
439 438
439 440
439 441
439 698
439 667
440 433
440 434
440 435
440 438
440 439
440 441
441 332
441 435
441 436
441 341
441 439
441 440
441 442
442 332
442 439
442 441
442 443
442 444
443 659
443 439
443 408
443 442
443 667
443 444
443 637
444 332
444 333
444 442
444 443
444 637
445 419
445 420
445 82
445 85
445 446
446 544
446 417
446 419
446 102
446 85
446 568
446 539
446 445
446 543
447 448
447 449
447 713
447 715
447 716
448 449
448 450
448 451
448 168
448 713
448 599
448 447
449 448
449 450
449 453
449 360
449 362
449 716
449 447
450 448
450 449
450 451
450 452
450 360
451 448
451 450
451 452
451 166
451 168
451 399
452 450
452 451
452 454
452 360
452 363
452 399
453 449
453 519
453 521
453 362
453 716
453 365
453 78
454 452
454 455
454 363
454 398
454 399
454 721
455 454
455 363
455 364
455 720
455 721
455 638
456 457
456 458
456 459
456 13
456 717
456 15
457 456
457 458
457 461
457 717
457 466
457 61
458 456
458 457
458 460
458 461
458 15
458 17
459 456
459 11
459 717
459 13
459 718
459 724
460 458
460 461
460 462
460 463
460 17
460 22
461 457
461 458
461 460
461 462
461 61
461 63
462 65
462 460
462 461
462 463
462 464
462 63
463 460
463 462
463 464
463 465
463 467
463 22
464 65
464 462
464 463
464 465
464 56
464 57
465 463
465 464
465 467
465 468
465 469
465 57
465 58
466 67
466 487
466 457
466 717
466 494
466 60
466 61
467 38
467 463
467 465
467 468
467 22
468 35
468 36
468 38
468 465
468 467
468 469
469 35
469 465
469 468
469 58
469 59
470 651
470 652
470 397
470 398
470 653
470 401
470 471
471 651
471 398
471 726
471 470
471 472
472 727
472 398
472 721
472 722
472 725
472 726
472 471
473 393
473 395
473 156
473 636
473 573
473 572
474 481
474 483
474 475
474 476
474 479
475 64
475 481
475 66
475 8
475 474
475 476
475 62
476 8
476 9
476 12
476 474
476 475
476 479
477 553
477 554
477 555
477 670
477 90
477 411
477 478
478 616
478 617
478 554
478 620
478 725
478 477
478 670
479 480
479 483
479 10
479 12
479 493
479 474
479 476
480 10
480 11
480 493
480 91
480 92
480 479
481 482
481 66
481 483
481 474
481 475
482 481
482 66
482 483
482 484
482 485
482 486
483 481
483 482
483 484
483 493
483 474
483 479
484 482
484 483
484 485
484 492
484 493
485 482
485 484
485 486
485 492
485 93
486 66
486 482
486 67
486 485
486 487
486 93
486 95
487 66
487 67
487 486
487 466
487 60
488 489
488 490
488 559
488 560
488 497
488 564
489 67
489 488
489 72
489 490
489 491
489 495
489 496
489 497
490 96
490 488
490 489
490 491
490 556
490 564
491 96
491 67
491 489
491 490
491 95
492 484
492 485
492 493
492 93
492 94
493 480
493 483
493 484
493 492
493 91
493 94
493 479
494 67
494 717
494 718
494 495
494 466
495 67
495 72
495 489
495 494
495 718
495 719
495 638
496 71
496 72
496 489
496 497
496 498
496 499
496 215
497 488
497 489
497 559
497 496
497 499
497 500
497 510
497 511
498 496
498 499
498 501
498 503
498 504
498 215
499 496
499 497
499 498
499 500
499 502
499 503
500 497
500 499
500 502
500 510
501 209
501 210
501 498
501 215
501 504
501 505
502 499
502 500
502 503
502 508
502 509
502 510
503 498
503 499
503 502
503 504
503 508
504 498
504 501
504 503
504 505
504 506
504 507
504 508
505 74
505 75
505 210
505 211
505 501
505 214
505 504
505 506
506 512
506 75
506 504
506 505
506 507
507 512
507 513
507 514
507 504
507 506
507 508
508 514
508 515
508 502
508 503
508 504
508 507
508 509
509 515
509 522
509 502
509 508
509 510
509 511
510 497
510 500
510 502
510 509
510 511
511 522
511 523
511 559
511 497
511 566
511 509
511 510
512 640
512 513
512 75
512 366
512 506
512 507
513 512
513 514
513 76
513 77
513 366
513 507
514 513
514 515
514 76
514 79
514 507
514 508
515 514
515 522
515 79
515 508
515 509
516 729
516 517
516 518
516 526
517 516
517 518
517 519
517 715
517 716
517 729
518 516
518 517
518 519
518 520
518 525
518 526
519 517
519 453
519 518
519 520
519 521
519 716
520 518
520 519
520 521
520 524
520 525
520 78
520 80
520 81
521 520
521 453
521 78
521 519
522 515
522 523
522 79
522 509
522 511
523 522
523 79
523 80
523 566
523 511
524 520
524 101
524 80
524 525
525 101
525 518
525 520
525 524
525 526
525 527
526 516
526 518
526 525
526 527
526 528
526 529
526 729
527 101
527 525
527 526
527 528
527 530
527 531
528 526
528 527
528 529
528 83
528 531
528 532
529 526
529 528
529 532
529 533
529 729
530 98
530 99
530 101
530 527
530 531
531 99
531 527
531 528
531 530
531 83
532 528
532 529
532 83
532 533
532 536
532 537
533 529
533 532
533 534
533 536
533 729
534 676
534 533
534 535
534 536
534 729
535 729
535 699
535 676
535 534
536 676
536 532
536 533
536 534
536 537
537 674
537 676
537 82
537 83
537 532
537 536
538 97
538 547
538 551
538 552
538 85
538 539
538 540
539 544
539 545
539 547
539 85
539 538
539 446
540 547
540 550
540 551
540 538
540 541
541 547
541 540
541 549
541 550
542 544
542 545
542 546
542 103
542 567
542 543
543 544
543 102
543 542
543 567
543 446
544 545
544 542
544 539
544 446
544 543
545 544
545 546
545 547
545 86
545 539
545 542
546 545
546 103
546 104
546 86
546 87
546 542
547 545
547 548
547 549
547 86
547 538
547 539
547 540
547 541
548 547
548 260
548 549
548 240
548 86
548 88
548 89
549 547
549 548
549 550
549 553
549 88
549 541
550 549
550 551
550 553
550 555
550 540
550 541
551 550
551 552
551 555
551 538
551 540
552 97
552 551
552 555
552 558
552 561
552 538
553 549
553 550
553 555
553 88
553 411
553 477
554 723
554 725
554 90
554 91
554 92
554 477
554 478
555 550
555 551
555 552
555 553
555 557
555 561
555 90
555 477
556 96
556 490
556 557
556 563
556 564
556 90
557 555
557 556
557 561
557 562
557 563
557 90
558 97
558 98
558 99
558 552
558 561
558 565
559 488
559 560
559 497
559 561
559 565
559 566
559 511
560 488
560 559
560 561
560 562
560 564
561 552
561 555
561 557
561 558
561 559
561 560
561 562
561 565
562 557
562 560
562 561
562 563
562 564
563 562
563 556
563 557
563 564
564 488
564 490
564 556
564 560
564 562
564 563
565 98
565 558
565 559
565 561
565 566
566 98
566 100
566 523
566 559
566 80
566 565
566 511
567 543
567 542
567 102
567 103
568 417
568 446
568 102
568 106
568 107
568 574
569 576
569 257
569 105
569 570
569 571
569 575
570 636
570 257
570 258
570 635
570 86
570 87
570 569
570 571
570 572
571 576
571 577
571 162
571 569
571 570
571 572
571 573
572 473
572 570
572 571
572 636
572 573
573 162
573 473
573 571
573 156
573 157
573 572
574 417
574 649
574 106
574 650
574 568
575 576
575 578
575 580
575 105
575 108
575 569
576 577
576 578
576 569
576 571
576 575
577 576
577 162
577 579
577 578
577 571
578 576
578 577
578 579
578 580
578 575
579 577
579 162
579 578
579 580
579 582
580 578
580 579
580 581
580 582
580 583
580 108
580 575
581 580
581 583
581 584
581 585
581 108
582 162
582 579
582 163
582 580
582 583
582 114
583 580
583 581
583 582
583 584
583 586
583 114
583 115
584 644
584 581
584 646
584 583
584 585
584 586
585 581
585 646
585 584
585 648
585 106
585 108
586 644
586 583
586 584
586 396
586 115
586 116
587 167
587 588
587 657
587 403
587 665
588 167
588 587
588 589
588 590
588 657
588 594
589 588
589 653
589 590
589 591
589 397
589 657
590 588
590 589
590 591
590 593
590 594
591 589
591 590
591 397
591 400
591 593
591 592
592 164
592 591
592 400
592 593
592 595
593 590
593 591
593 592
593 594
593 595
593 596
593 600
594 167
594 169
594 170
594 588
594 590
594 593
594 596
595 164
595 173
595 174
595 592
595 593
595 600
596 600
596 593
596 594
596 169
597 713
597 714
597 598
597 599
597 729
598 712
598 172
598 173
598 601
598 597
598 599
598 729
599 448
599 168
599 713
599 172
599 174
599 597
599 598
600 710
600 169
600 173
600 593
600 595
600 596
600 602
601 712
601 173
601 598
601 711
602 705
602 708
602 710
602 169
602 600
603 609
603 610
603 179
603 180
603 181
604 612
604 614
604 381
604 181
604 182
604 213
604 605
605 299
605 182
605 375
605 376
605 183
605 604
605 381
606 192
606 193
606 194
606 195
606 196
606 607
607 608
607 193
607 195
607 611
607 370
607 606
608 193
608 610
608 611
608 609
608 612
608 613
608 607
609 608
609 193
609 610
609 180
609 603
610 608
610 609
610 612
610 181
610 603
611 608
611 613
611 199
611 200
611 201
611 370
611 607
612 608
612 610
612 613
612 614
612 181
612 604
613 608
613 611
613 612
613 69
613 614
613 201
614 612
614 69
614 613
614 202
614 207
614 213
614 604
615 212
615 213
615 214
615 377
615 381
615 382
616 617
616 618
616 670
616 236
616 478
617 616
617 619
617 620
617 236
617 244
617 478
618 616
618 234
618 236
618 237
618 623
618 413
618 670
619 617
619 620
619 621
619 622
619 244
619 255
620 617
620 619
620 621
620 725
620 727
620 478
621 619
621 620
621 622
621 240
621 727
622 259
622 260
622 619
622 621
622 240
622 255
623 414
623 618
623 624
623 413
623 670
624 670
624 623
624 625
624 626
624 629
624 412
624 414
625 624
625 626
625 627
625 630
625 631
625 414
626 624
626 625
626 627
626 628
626 629
627 625
627 626
627 628
627 630
627 254
628 626
628 627
628 629
628 89
628 254
629 624
629 626
629 628
629 89
629 412
630 625
630 627
630 631
630 632
630 633
630 254
631 416
631 625
631 630
631 632
631 414
632 416
632 633
632 630
632 631
632 249
632 250
633 259
633 630
633 634
633 632
633 250
633 254
634 633
634 250
634 259
634 255
635 258
635 643
635 645
635 570
635 636
636 643
636 395
636 473
636 570
636 635
636 572
637 326
637 328
637 333
637 408
637 443
637 444
638 640
638 455
638 72
638 364
638 495
638 719
638 720
638 639
639 640
639 641
639 72
639 73
639 368
639 638
640 512
640 641
640 75
640 364
640 366
640 638
640 639
641 640
641 75
641 368
641 369
641 639
642 195
642 196
642 371
642 377
642 378
642 382
643 644
643 645
643 395
643 396
643 635
643 636
644 643
644 645
644 646
644 584
644 586
644 396
645 258
645 643
645 644
645 646
645 647
645 635
646 644
646 645
646 647
646 584
646 585
646 648
647 258
647 645
647 646
647 648
647 649
647 727
648 646
648 647
648 585
648 106
648 649
649 647
649 648
649 106
649 650
649 651
649 726
649 727
649 574
650 417
650 649
650 651
650 652
650 654
650 574
650 671
651 649
651 650
651 652
651 470
651 471
651 726
652 650
652 651
652 653
652 654
652 655
652 470
653 652
653 397
653 589
653 655
653 657
653 470
654 650
654 652
654 655
654 656
654 671
655 652
655 653
655 654
655 656
655 657
655 658
655 669
656 673
656 680
656 654
656 655
656 669
656 671
657 587
657 588
657 589
657 653
657 655
657 658
657 665
658 655
658 657
658 663
658 664
658 665
658 669
659 660
659 405
659 661
659 408
659 443
659 667
660 352
660 659
660 405
660 662
660 661
660 410
661 659
661 660
661 662
661 663
661 667
661 668
662 352
662 660
662 661
662 663
662 664
662 666
663 658
663 661
663 662
663 664
663 668
663 669
664 658
664 402
664 662
664 663
664 665
664 666
665 587
665 657
665 402
665 403
665 658
665 664
666 352
666 425
666 426
666 402
666 662
666 664
667 659
667 661
667 439
667 698
667 443
667 668
668 437
668 661
668 663
668 698
668 667
668 669
669 680
669 655
669 656
669 658
669 437
669 663
669 668
670 616
670 618
670 623
670 624
670 411
670 412
670 477
670 478
671 417
671 418
671 673
671 650
671 654
671 656
672 673
672 418
672 677
672 678
672 679
673 672
673 418
673 679
673 680
673 656
673 671
674 675
674 676
674 420
674 678
674 82
674 728
674 537
675 674
675 676
675 682
675 728
675 699
675 700
675 703
676 674
676 675
676 534
676 535
676 536
676 537
676 699
677 672
677 678
677 679
677 681
677 682
677 683
677 728
678 672
678 418
678 674
678 420
678 677
678 728
679 672
679 673
679 677
679 680
679 681
679 685
679 689
680 673
680 679
680 686
680 656
680 689
680 437
680 669
681 677
681 679
681 683
681 684
681 685
682 675
682 677
682 683
682 728
682 700
683 677
683 681
683 682
683 684
683 700
683 701
683 702
684 681
684 683
684 685
684 692
684 702
685 679
685 681
685 684
685 689
685 691
685 692
685 697
686 680
686 687
686 688
686 689
686 437
686 438
686 698
687 686
687 688
687 438
687 695
687 696
688 686
688 687
688 689
688 690
688 694
688 695
689 679
689 680
689 685
689 686
689 688
689 690
689 691
690 688
690 689
690 691
690 693
690 694
691 685
691 689
691 690
691 693
691 697
692 708
692 421
692 422
692 709
692 684
692 685
692 697
692 702
693 424
693 690
693 691
693 694
693 697
694 424
694 688
694 690
694 693
694 695
695 424
695 429
695 687
695 688
695 694
695 696
696 429
696 687
696 433
696 438
696 695
697 421
697 424
697 685
697 691
697 692
697 693
698 686
698 437
698 438
698 439
698 667
698 668
699 704
699 675
699 676
699 535
699 729
699 703
700 675
700 682
700 683
700 701
700 703
701 706
701 707
701 683
701 700
701 702
701 703
702 707
702 709
702 683
702 684
702 692
702 701
703 704
703 706
703 675
703 712
703 699
703 700
703 701
704 712
704 729
704 699
704 703
705 706
705 707
705 708
705 710
705 711
705 602
706 705
706 707
706 711
706 712
706 701
706 703
707 705
707 706
707 708
707 709
707 701
707 702
708 705
708 707
708 709
708 422
708 169
708 170
708 692
708 602
709 692
709 707
709 708
709 702
710 705
710 711
710 173
710 600
710 602
711 705
711 706
711 710
711 712
711 173
711 601
712 704
712 706
712 711
712 601
712 598
712 729
712 703
713 448
713 714
713 715
713 597
713 599
713 729
713 447
714 713
714 729
714 597
715 517
715 713
715 716
715 729
715 447
716 449
716 517
716 453
716 519
716 715
716 447
717 456
717 457
717 459
717 718
717 494
717 466
718 459
718 717
718 494
718 719
718 495
718 724
719 718
719 495
719 720
719 722
719 723
719 724
719 638
720 455
720 719
720 721
720 722
720 638
721 454
721 455
721 398
721 720
721 722
721 472
722 719
722 720
722 721
722 723
722 725
722 472
723 554
723 719
723 722
723 724
723 725
723 92
724 459
724 11
724 718
724 719
724 723
724 92
725 554
725 620
725 722
725 723
725 727
725 472
725 478
726 471
726 649
726 651
726 727
726 472
727 258
727 647
727 649
727 620
727 621
727 240
727 725
727 726
727 472
728 674
728 675
728 677
728 678
728 682
729 0
729 1
729 2
729 3
729 516
729 517
729 526
729 529
729 533
729 534
729 535
729 699
729 704
729 712
729 713
729 714
729 715
729 597
729 598
