 -0.487031   0.229593  -0.055537
 -0.311046   0.152587   0.103108
 -0.023623   0.264782   0.139825
 -0.033667   0.258852   0.004515
 -0.029053   0.257560  -0.142079
 -0.047320   0.248490  -0.268117
 -0.170259   0.090984   0.230024
  0.147477   0.236277   0.142847
  0.157644   0.236310   0.002403
  0.135774   0.239867  -0.136960
  0.093027   0.243017  -0.279676
  0.003821   0.074814   0.280076
  0.311664   0.226683   0.145809
  0.338536   0.223828   0.000452
  0.297707   0.228120  -0.131907
  0.207303   0.241608  -0.289059
  0.162174   0.076338   0.293598
  0.452636   0.239435   0.148435
  0.494957   0.219908  -0.001199
  0.433026   0.240142  -0.127604
  0.303051   0.236076  -0.296965
