0 517
3 714
4 19
4 31
4 25
4 32
4 18
4 24
4 54
4 7
4 5
4 33
5 8
5 30
5 25
5 7
5 54
5 31
5 20
5 6
5 18
5 33
6 4
6 31
6 20
6 30
6 32
6 5
6 25
6 8
6 7
6 55
7 20
7 54
7 30
7 5
7 25
7 8
7 64
7 31
7 475
7 6
8 4
8 5
8 6
8 7
8 9
8 64
8 475
8 481
9 8
9 14
9 18
9 19
9 20
9 25
9 474
9 475
9 476
10 11
10 12
10 479
10 480
10 493
11 10
11 13
11 92
11 459
12 10
12 13
12 14
12 476
12 479
12 480
12 483
13 11
13 12
13 15
14 9
14 12
14 16
14 18
14 19
14 20
14 476
15 13
15 456
15 458
16 14
16 17
16 18
16 19
16 21
16 23
16 24
16 25
17 16
17 23
17 460
18 4
18 19
18 23
18 9
18 20
18 33
18 14
18 24
18 5
18 25
19 4
19 5
19 9
19 14
19 16
19 18
19 20
19 24
19 25
20 19
20 25
20 14
20 30
20 32
20 6
20 4
20 24
20 18
20 7
21 16
21 22
21 23
21 24
21 32
21 33
21 51
22 21
22 38
22 463
22 467
23 16
23 17
23 18
23 21
23 24
23 25
23 33
24 23
24 16
24 20
24 4
24 5
24 32
24 33
24 19
24 21
24 18
25 5
25 20
25 16
25 4
25 30
25 24
25 33
25 32
25 31
25 23
26 27
26 28
26 29
26 31
26 32
26 33
26 46
26 48
26 50
26 51
27 26
27 28
27 45
27 46
27 47
27 48
27 50
27 52
27 57
27 58
28 26
28 27
28 45
28 46
28 48
28 50
28 51
28 57
28 58
29 26
29 30
29 31
29 50
29 55
29 56
30 6
30 55
30 31
30 54
30 32
30 4
30 20
30 7
30 29
30 25
31 50
31 33
31 4
31 54
31 29
31 5
31 30
31 55
31 26
31 32
32 21
32 25
32 20
32 5
32 30
32 51
32 33
32 26
32 24
32 31
33 21
33 18
33 23
33 25
33 32
33 26
33 50
33 31
33 24
33 5
34 36
34 59
34 49
34 469
34 41
34 37
34 52
34 45
34 43
34 40
35 53
35 36
35 468
35 41
35 42
35 45
35 43
35 469
35 34
35 49
36 41
36 34
36 468
36 40
36 53
36 42
36 467
36 37
36 35
36 38
37 34
37 35
37 36
37 38
37 39
37 40
37 41
37 42
37 44
37 468
38 22
38 36
38 37
38 39
38 40
38 42
38 467
38 468
39 36
39 37
39 38
39 40
39 42
39 44
39 467
40 34
40 39
40 43
40 51
40 42
40 37
40 44
40 41
40 36
40 38
41 53
41 42
41 47
41 52
41 35
41 49
41 59
41 43
41 44
41 45
42 43
42 38
42 44
42 35
42 41
42 36
42 39
42 34
42 37
42 468
43 41
43 52
43 53
43 42
43 45
43 35
43 48
43 47
43 49
43 51
44 43
44 39
44 48
44 52
44 42
44 51
44 41
44 34
44 49
44 47
45 27
45 49
45 52
45 53
45 34
45 43
45 46
45 59
45 48
45 41
46 47
46 51
46 43
46 48
46 27
46 40
46 45
46 50
46 26
46 28
47 49
47 44
47 34
47 53
47 27
47 59
47 46
47 45
47 52
47 48
48 51
48 49
48 44
48 28
48 45
48 46
48 58
48 43
48 26
48 27
49 47
49 44
49 53
49 59
49 58
49 48
49 41
49 45
49 35
49 43
50 26
50 27
50 28
50 29
50 31
50 33
50 44
50 46
50 48
50 51
51 44
51 28
51 32
51 33
51 43
51 50
51 46
51 21
51 48
51 26
52 27
52 48
52 49
52 59
52 58
52 34
52 44
52 43
52 41
52 53
53 47
53 41
53 59
53 34
53 36
53 43
53 49
53 44
53 45
53 35
54 4
54 5
54 6
54 7
54 30
54 31
54 55
54 64
54 65
55 6
55 29
55 30
55 31
55 54
55 56
55 64
55 65
56 29
56 55
56 65
56 462
56 464
57 27
57 28
57 48
57 58
57 465
57 469
58 469
58 52
58 53
58 47
58 465
58 48
58 49
58 57
58 59
58 28
59 469
59 53
59 49
59 47
59 35
59 41
59 52
59 43
59 468
59 34
60 61
60 62
60 66
60 466
60 486
60 487
61 60
61 62
61 466
62 60
62 61
62 63
62 64
62 66
62 466
63 62
63 64
63 461
64 7
64 8
64 54
64 55
64 62
64 63
64 65
65 54
65 55
65 56
65 64
65 462
66 60
66 62
66 481
66 482
66 485
66 486
66 487
67 93
67 95
67 486
67 487
68 215
68 206
68 205
68 202
68 613
68 200
68 69
68 70
68 204
68 614
69 215
69 204
69 70
69 203
69 206
69 205
69 202
69 201
69 613
69 200
70 68
70 69
70 71
70 199
70 200
70 201
70 203
70 205
70 215
70 611
71 70
71 200
71 203
71 204
71 215
71 496
72 73
72 199
72 495
72 639
73 72
73 199
73 368
73 380
73 495
73 639
74 75
74 207
74 211
74 214
74 369
74 505
74 506
75 74
75 369
75 506
75 641
76 77
76 79
76 514
77 76
77 367
78 365
79 76
79 522
79 523
80 81
80 100
80 523
81 80
82 85
82 537
83 84
83 532
84 83
84 99
85 82
86 87
86 548
87 86
87 104
88 411
88 548
89 254
89 260
89 412
89 627
89 628
89 629
90 477
91 94
91 480
91 492
91 493
92 11
92 724
93 67
93 95
93 482
93 485
93 486
93 492
94 91
94 492
95 67
95 93
95 491
96 556
97 552
98 100
98 530
99 84
99 531
100 80
100 98
100 101
101 100
101 524
101 527
101 530
102 103
102 542
102 567
103 102
103 104
103 546
103 567
103 568
104 87
104 103
105 108
105 257
105 575
106 107
107 106
108 105
108 575
108 578
109 158
109 154
109 126
109 129
109 110
109 111
109 113
109 159
109 127
109 120
110 163
110 113
110 119
110 128
110 120
110 114
110 127
110 111
110 117
110 125
111 113
111 154
111 163
111 128
111 110
111 127
111 109
111 159
111 161
111 120
112 109
112 161
112 111
112 113
112 154
112 163
112 159
112 157
112 120
112 158
113 157
113 126
113 110
113 119
113 162
113 111
113 163
113 109
113 128
113 127
114 119
114 582
114 120
114 115
114 110
114 111
114 127
114 163
114 126
114 125
115 114
115 116
115 117
115 118
115 119
115 125
115 582
115 583
115 586
116 115
116 117
116 118
116 394
116 396
116 583
116 586
117 110
117 115
117 116
117 118
117 119
117 122
117 124
117 125
117 126
117 392
118 115
118 116
118 117
118 124
118 125
118 389
118 392
118 394
119 110
119 113
119 114
119 115
119 117
119 120
119 125
119 126
119 127
119 128
120 112
120 582
120 127
120 163
120 128
120 110
120 111
120 109
120 113
120 126
121 123
121 124
121 130
121 140
121 142
121 386
121 388
122 117
122 123
122 124
122 125
122 126
122 128
122 129
122 134
123 136
123 131
123 142
123 129
123 133
123 130
123 134
123 121
123 122
123 124
124 117
124 118
124 121
124 122
124 123
124 125
124 129
124 389
124 392
125 114
125 124
125 118
125 122
125 129
125 127
125 117
125 119
125 126
125 128
126 122
126 125
126 110
126 161
126 117
126 129
126 120
126 113
126 114
126 128
127 110
127 112
127 126
127 120
127 125
127 111
127 128
127 113
127 163
127 119
128 119
128 126
128 129
128 110
128 127
128 160
128 113
128 109
128 120
128 111
129 126
129 130
129 123
129 124
129 160
129 125
129 136
129 133
129 161
129 109
130 133
130 140
130 131
130 142
130 121
130 132
130 137
130 123
130 139
130 136
131 141
131 137
131 134
131 133
131 142
131 130
131 139
131 146
131 143
131 123
132 141
132 139
132 151
132 130
132 143
132 138
132 140
132 146
132 137
132 131
133 131
133 146
133 139
133 134
133 130
133 129
133 160
133 147
133 138
133 136
134 122
134 123
134 129
134 130
134 131
134 133
134 136
134 137
134 160
135 133
135 136
135 137
135 138
135 147
135 149
135 150
135 151
135 153
136 123
136 133
136 161
136 130
136 160
136 135
136 131
136 147
136 134
136 137
137 139
137 151
137 131
137 136
137 138
137 146
137 130
137 133
137 160
137 147
138 135
138 137
138 141
138 147
138 133
138 145
138 131
138 132
138 139
138 152
139 141
139 138
139 140
139 144
139 137
139 145
139 132
139 130
139 146
139 133
140 143
140 142
140 132
140 139
140 133
140 121
140 131
140 123
140 386
140 141
141 146
141 132
141 145
141 130
141 140
141 131
141 142
141 143
141 133
141 139
142 144
142 132
142 121
142 143
142 123
142 140
142 141
142 387
142 139
142 130
143 146
143 144
143 131
143 139
143 140
143 387
143 132
143 386
143 142
143 145
144 141
144 387
144 145
144 150
144 142
144 139
144 143
144 146
144 152
144 138
145 151
145 387
145 150
145 141
145 138
145 152
145 132
145 146
145 144
145 139
146 141
146 132
146 143
146 139
146 137
146 145
146 144
146 133
146 150
146 131
147 133
147 135
147 136
147 137
147 138
147 149
147 150
147 151
147 153
148 149
148 153
148 155
148 385
148 390
149 135
149 147
149 148
149 150
149 151
149 152
149 153
149 385
150 151
150 137
150 135
150 144
150 146
150 145
150 387
150 152
150 149
150 147
151 137
151 132
151 150
151 144
151 147
151 135
151 152
151 149
151 145
151 138
152 138
152 144
152 385
152 146
152 149
152 150
152 143
152 145
152 386
152 151
153 135
153 147
153 148
153 149
153 160
153 161
154 109
154 111
154 112
154 155
154 157
154 158
154 159
154 161
155 148
155 154
155 156
155 157
155 158
155 390
155 391
156 155
156 157
156 393
156 395
156 473
157 111
157 112
157 113
157 154
157 155
157 156
157 158
157 159
157 163
157 573
158 109
158 111
158 112
158 154
158 155
158 157
158 159
158 161
159 109
159 111
159 112
159 113
159 154
159 157
159 158
159 160
159 161
159 163
160 109
160 128
160 129
160 133
160 134
160 136
160 137
160 153
160 159
160 161
161 136
161 112
161 153
161 154
161 128
161 159
161 111
161 158
161 129
161 127
162 113
162 163
162 571
162 573
162 576
162 577
162 579
162 582
163 127
163 573
163 110
163 162
163 111
163 157
163 159
163 109
163 112
163 113
164 166
164 451
164 592
165 399
166 164
166 451
167 171
167 588
167 594
169 596
170 171
171 167
171 170
171 403
172 173
172 598
172 599
173 172
173 710
174 595
175 190
175 319
175 315
175 314
175 176
175 185
175 191
175 178
175 181
175 298
176 319
176 606
176 180
176 175
176 177
176 603
176 178
176 190
176 192
176 181
177 612
177 183
177 603
177 178
177 609
177 315
177 181
177 610
177 180
177 185
178 603
178 193
178 177
178 609
178 192
178 176
178 194
178 181
178 179
178 606
179 192
179 191
179 176
179 180
179 185
179 190
179 175
179 315
179 181
179 193
180 182
180 609
180 179
180 178
180 193
180 603
180 181
180 610
180 612
180 175
181 604
181 605
181 178
181 176
181 182
181 183
181 175
181 610
181 179
181 180
182 180
182 175
182 381
182 605
182 177
182 604
182 603
182 176
182 179
182 612
183 184
183 610
183 175
183 181
183 603
183 182
183 179
183 381
183 375
183 185
184 183
184 182
184 185
184 604
184 177
184 175
184 181
184 612
184 605
184 603
185 375
185 605
185 190
185 183
185 298
185 177
185 186
185 179
185 182
185 299
186 310
186 303
186 189
186 175
186 304
186 296
186 315
186 187
186 188
186 298
187 186
187 306
187 319
187 304
187 188
187 317
187 310
187 189
187 312
187 314
188 319
188 175
188 315
188 306
188 312
188 296
188 300
188 189
188 314
188 187
189 312
189 303
189 176
189 317
189 300
189 319
189 304
189 302
189 188
189 315
190 315
190 185
190 303
190 298
190 176
190 187
190 179
190 186
190 191
190 319
191 317
191 315
191 175
191 190
191 313
191 194
191 177
191 319
191 316
191 314
192 180
192 607
192 606
192 179
192 197
192 176
192 191
192 178
192 177
192 609
193 180
193 608
193 179
193 607
193 176
193 606
193 192
193 194
193 609
193 191
194 178
194 191
194 192
194 193
194 196
194 197
194 198
194 372
194 606
194 607
195 196
195 370
195 371
195 607
195 642
196 194
196 195
196 198
196 371
196 372
196 606
196 607
196 642
197 313
197 316
197 194
197 318
197 191
197 309
197 198
197 315
197 372
197 606
198 194
198 196
198 197
198 318
198 371
198 372
198 606
199 70
199 72
199 73
199 200
199 368
199 370
199 378
199 380
200 68
200 69
200 70
200 71
200 199
200 201
200 203
200 370
200 611
201 205
201 68
201 611
201 204
201 70
201 200
201 215
201 69
201 203
201 202
202 210
202 68
202 212
202 612
202 205
202 211
202 614
202 613
202 201
202 208
203 68
203 69
203 70
203 71
203 200
203 201
203 204
203 205
203 215
203 498
204 71
204 203
204 68
204 498
204 69
204 206
204 201
204 504
204 209
204 501
205 201
205 202
205 501
205 204
205 209
205 206
205 208
205 68
205 215
205 203
206 211
206 208
206 69
206 209
206 501
206 212
206 613
206 213
206 505
206 614
207 615
207 210
207 212
207 74
207 614
207 211
207 202
207 213
207 505
207 208
208 210
208 211
208 202
208 204
208 212
208 209
208 505
208 501
208 207
208 206
209 202
209 205
209 211
209 204
209 208
209 505
209 207
209 206
209 212
209 210
210 202
210 614
210 505
210 212
210 207
210 214
210 213
210 208
210 211
210 501
211 208
211 74
211 212
211 615
211 206
211 207
211 505
211 214
211 210
211 209
212 202
212 209
212 213
212 615
212 208
212 614
212 211
212 505
212 214
212 207
213 614
213 207
213 211
213 206
213 212
213 612
213 202
213 604
213 214
213 615
214 74
214 207
214 210
214 211
214 212
214 213
214 505
214 615
215 503
215 70
215 205
215 71
215 498
215 203
215 496
215 204
215 68
215 69
216 224
216 231
216 232
216 239
217 218
217 220
217 230
217 231
218 217
218 220
218 224
218 230
219 220
219 221
219 222
219 223
219 225
219 263
220 217
220 218
220 219
220 222
220 223
220 229
221 219
221 222
221 225
221 226
221 227
221 228
221 229
221 274
221 275
221 279
222 225
222 223
222 226
222 269
222 228
222 220
222 221
222 219
222 268
222 263
223 219
223 220
223 222
223 225
223 263
223 268
224 216
224 218
224 239
224 261
224 262
225 219
225 221
225 222
225 223
225 226
225 263
225 265
225 267
225 268
225 269
226 221
226 222
226 225
226 227
226 265
226 267
226 268
226 269
226 273
226 274
227 228
227 221
227 269
227 222
227 267
227 274
227 226
227 275
227 279
227 265
228 221
228 222
228 227
228 229
228 273
228 274
228 275
228 276
228 278
228 279
229 220
229 221
229 228
229 275
229 276
229 279
230 217
230 218
230 241
230 280
231 216
231 217
231 241
232 216
232 233
232 234
233 232
233 235
233 242
233 243
234 232
234 235
234 236
234 237
234 618
235 233
235 234
235 236
235 244
236 234
236 235
236 237
236 244
236 617
236 618
237 234
237 236
237 415
237 618
238 239
238 245
238 246
238 247
239 216
239 224
239 238
239 245
239 261
240 258
240 621
241 230
241 231
241 253
241 256
241 282
241 283
241 291
242 233
242 243
242 253
243 233
243 242
243 250
243 255
244 235
244 236
244 255
244 619
245 238
245 239
245 246
245 247
245 251
245 261
245 285
245 286
245 287
245 289
246 238
246 245
246 247
246 251
246 261
246 285
246 286
246 287
246 289
247 238
247 245
247 246
247 248
247 251
247 286
247 287
247 289
247 415
248 247
248 249
248 251
248 252
248 288
248 290
248 416
249 248
249 250
249 252
249 416
249 627
249 630
249 631
249 632
250 243
250 249
250 252
250 253
250 632
251 245
251 246
251 247
251 248
251 285
251 287
251 288
251 289
251 290
252 248
252 249
252 250
252 253
252 288
252 290
252 416
252 632
253 241
253 242
253 250
253 252
253 256
253 282
253 283
253 288
253 291
254 89
254 259
254 260
254 627
254 628
254 630
254 632
254 633
254 634
255 243
255 244
255 259
255 634
256 241
256 253
256 282
256 283
256 284
256 288
256 290
256 291
256 292
257 105
257 569
257 570
258 240
258 647
259 254
259 255
259 260
259 627
259 633
259 634
260 89
260 254
260 259
261 224
261 239
261 245
261 246
261 262
261 270
261 285
261 286
261 287
261 289
262 224
262 261
262 270
262 285
262 286
263 219
263 222
263 223
263 225
263 264
263 265
263 266
263 268
263 271
264 263
264 266
264 271
264 277
265 225
265 226
265 227
265 263
265 266
265 267
265 268
265 269
265 273
265 274
266 263
266 264
266 265
266 267
266 268
266 271
266 272
266 277
267 266
267 227
267 265
267 274
267 268
267 273
267 269
267 278
267 225
267 226
268 222
268 223
268 225
268 226
268 263
268 265
268 266
268 267
268 269
269 222
269 225
269 226
269 227
269 265
269 267
269 268
269 273
269 274
269 278
270 261
270 262
270 281
270 285
270 286
270 287
270 289
271 263
271 264
271 266
271 272
271 277
272 266
272 267
272 271
272 273
272 274
272 275
272 276
272 277
272 278
272 279
273 278
273 276
273 227
273 272
273 274
273 275
273 226
273 228
273 265
273 267
274 265
274 227
274 228
274 272
274 278
274 221
274 267
274 269
274 279
274 273
275 221
275 227
275 228
275 229
275 272
275 273
275 274
275 276
275 278
275 279
276 228
276 229
276 272
276 273
276 275
276 277
276 278
276 279
277 264
277 266
277 271
277 272
277 276
277 279
277 281
278 227
278 228
278 267
278 269
278 272
278 273
278 274
278 275
278 276
278 279
279 221
279 227
279 228
279 229
279 272
279 274
279 275
279 276
279 277
279 278
280 230
280 281
280 282
280 283
280 284
281 270
281 277
281 280
281 282
281 283
281 284
281 292
282 241
282 253
282 256
282 280
282 281
282 283
282 284
282 291
282 292
283 284
283 289
283 291
283 253
283 256
283 282
283 290
283 288
283 292
283 280
284 289
284 288
284 282
284 285
284 281
284 283
284 292
284 280
284 290
284 291
285 292
285 262
285 286
285 261
285 289
285 245
285 284
285 287
285 270
285 290
286 245
286 246
286 247
286 261
286 262
286 270
286 285
286 287
286 289
287 246
287 290
287 251
287 247
287 261
287 270
287 245
287 286
287 292
287 284
288 248
288 253
288 283
288 256
288 251
288 284
288 292
288 291
288 289
288 290
289 286
289 284
289 270
289 247
289 288
289 290
289 285
289 251
289 245
289 246
290 256
290 251
290 285
290 291
290 288
290 252
290 248
290 289
290 284
290 287
291 241
291 253
291 256
291 282
291 283
291 284
291 288
291 290
291 292
292 281
292 285
292 283
292 290
292 282
292 291
292 284
292 289
292 288
292 256
293 383
293 297
293 298
293 295
293 296
293 300
293 303
293 384
293 307
293 187
294 300
294 383
294 374
294 301
294 308
294 375
294 384
294 296
294 299
294 295
295 296
295 297
295 293
295 301
295 302
295 373
295 374
295 307
295 383
295 305
296 185
296 374
296 295
296 303
296 298
296 293
296 304
296 186
296 375
296 188
297 307
297 301
297 306
297 190
297 295
297 302
297 300
297 303
297 315
297 313
298 304
298 296
298 306
298 189
298 313
298 315
298 186
298 314
298 305
298 312
299 183
299 185
299 294
299 296
299 374
299 375
299 376
299 605
300 313
300 302
300 307
300 187
300 295
300 311
300 310
300 188
300 314
300 298
301 374
301 302
301 383
301 314
301 309
301 297
301 293
301 310
301 308
301 373
302 189
302 307
302 311
302 308
302 306
302 188
302 187
302 310
302 319
302 295
303 305
303 190
303 189
303 296
303 310
303 302
303 307
303 186
303 315
303 295
304 307
304 296
304 305
304 311
304 317
304 315
304 319
304 295
304 310
304 306
305 317
305 307
305 189
305 302
305 187
305 319
305 316
305 313
305 298
305 306
306 309
306 301
306 188
306 302
306 298
306 312
306 313
306 319
306 310
306 187
307 293
307 303
307 319
307 318
307 313
307 311
307 317
307 302
307 309
307 308
308 303
308 373
308 297
308 294
308 309
308 384
308 307
308 318
308 314
308 310
309 306
309 307
309 383
309 311
309 310
309 295
309 308
309 312
309 318
309 313
310 188
310 319
310 312
310 317
310 308
310 316
310 302
310 298
310 309
310 311
311 312
311 310
311 189
311 303
311 302
311 309
311 300
311 295
311 383
311 313
312 309
312 317
312 300
312 307
312 315
312 306
312 293
312 186
312 304
312 187
313 300
313 303
313 302
313 197
313 297
313 298
313 190
313 187
313 312
313 317
314 308
314 317
314 306
314 293
314 305
314 303
314 316
314 297
314 296
314 190
315 304
315 306
315 317
315 175
315 319
315 314
315 191
315 303
315 298
315 197
316 310
316 307
316 373
316 308
316 305
316 313
316 189
316 319
316 306
316 317
317 307
317 306
317 311
317 303
317 187
317 314
317 298
317 315
317 304
317 316
318 313
318 316
318 384
318 373
318 198
318 197
318 372
318 311
318 317
318 308
319 187
319 188
319 310
319 307
319 314
319 312
319 316
319 189
319 306
319 191
320 322
320 321
320 325
320 324
320 353
320 407
320 330
320 354
320 329
320 337
321 320
321 322
321 323
321 325
321 326
321 328
321 329
321 404
321 407
322 354
322 323
322 321
322 325
322 348
322 324
322 353
322 337
322 320
322 329
323 407
323 321
323 330
323 325
323 320
323 334
323 322
323 329
323 324
323 328
324 331
324 322
324 337
324 323
324 348
324 329
324 325
324 338
324 327
324 334
325 323
325 322
325 337
325 329
325 353
325 328
325 331
325 321
325 324
325 327
326 321
326 327
326 328
326 334
326 404
326 407
326 637
327 326
327 335
327 329
327 324
327 328
327 325
327 323
327 331
327 330
327 343
328 327
328 325
328 330
328 326
328 331
328 329
328 321
328 407
328 323
328 335
329 321
329 328
329 330
329 323
329 353
329 325
329 320
329 322
329 331
329 324
330 338
330 328
330 356
330 324
330 349
330 327
330 345
330 329
330 336
330 325
331 329
331 338
331 323
331 324
331 327
331 334
331 335
331 320
331 336
331 330
332 339
332 340
332 341
332 342
332 435
332 436
332 441
332 442
332 444
333 335
333 443
333 444
333 637
334 327
334 343
334 328
334 330
334 331
334 325
334 323
334 329
334 335
334 326
335 327
335 328
335 330
335 331
335 333
335 334
335 336
335 338
335 343
336 324
336 358
336 337
336 338
336 330
336 348
336 346
336 347
336 331
336 335
337 353
337 320
337 346
337 354
337 324
337 356
337 325
337 355
337 348
337 345
338 324
338 330
338 331
338 335
338 336
338 343
338 344
338 345
338 349
339 332
339 340
339 341
339 342
339 343
339 344
339 436
339 441
340 430
340 432
340 435
340 339
340 431
340 350
340 341
340 342
340 332
340 436
341 332
341 339
341 340
341 342
341 431
341 432
341 435
341 436
341 441
342 332
342 339
342 340
342 341
342 344
342 350
342 351
342 430
342 431
342 432
343 327
343 334
343 335
343 338
343 339
343 344
344 338
344 339
344 342
344 343
344 350
344 351
344 359
345 356
345 358
345 348
345 330
345 353
345 336
345 349
345 338
345 346
345 337
346 347
346 356
346 336
346 354
346 345
346 358
346 355
346 349
346 337
346 330
347 358
347 348
347 354
347 353
347 337
347 345
347 330
347 336
347 346
347 355
348 324
348 349
348 336
348 356
348 345
348 337
348 330
348 322
348 358
348 354
349 338
349 330
349 356
349 353
349 347
349 348
349 358
349 345
349 346
349 337
350 340
350 342
350 344
350 351
350 352
350 359
350 425
350 430
350 432
351 342
351 344
351 350
351 352
351 359
351 410
351 425
351 430
352 350
352 351
352 359
352 410
352 425
352 660
353 356
353 358
353 325
353 337
353 330
353 354
353 336
353 347
353 322
353 355
354 355
354 356
354 320
354 406
354 346
354 347
354 337
354 322
354 357
354 353
355 357
355 348
355 337
355 353
355 356
355 354
355 406
355 409
355 347
355 358
356 357
356 354
356 346
356 330
356 347
356 348
356 353
356 349
356 406
356 337
357 354
357 355
357 356
357 358
357 406
357 409
358 353
358 356
358 337
358 348
358 406
358 355
358 345
358 347
358 336
358 346
359 344
359 350
359 351
359 352
359 410
360 450
360 452
365 78
367 77
368 73
368 199
368 369
368 379
368 380
368 639
369 74
369 75
369 368
369 379
369 639
369 641
370 195
370 199
370 200
370 378
370 380
370 611
371 195
371 196
371 198
371 372
371 377
371 642
372 194
372 196
372 197
372 198
372 318
372 371
372 376
373 307
373 318
373 301
373 294
373 308
373 383
373 374
373 316
373 384
373 309
374 318
374 373
374 309
374 375
374 384
374 293
374 301
374 308
374 383
374 294
375 183
375 185
375 294
375 296
375 299
375 374
375 376
375 605
376 299
376 372
376 375
376 377
376 381
376 605
377 371
377 376
377 381
377 382
377 642
378 199
378 370
378 380
378 382
379 368
379 369
379 380
379 382
380 73
380 199
380 368
380 370
380 378
380 379
381 182
381 183
381 376
381 377
381 604
381 605
382 377
382 378
382 379
382 615
383 318
383 295
383 311
383 307
383 312
383 308
383 373
383 301
383 310
383 306
384 301
384 308
384 373
384 294
384 293
384 318
384 309
384 300
384 374
384 311
385 148
385 149
385 152
385 386
385 387
385 388
385 390
386 121
386 140
386 141
386 142
386 143
386 144
386 152
386 385
386 387
386 388
387 142
387 143
387 144
387 145
387 150
387 152
387 385
387 386
387 388
388 121
388 385
388 386
388 387
389 118
389 124
389 391
389 392
390 148
390 155
390 385
390 391
391 155
391 389
391 390
391 392
391 393
392 117
392 118
392 124
392 389
392 391
392 394
393 156
393 391
393 394
393 395
393 473
394 116
394 118
394 392
394 393
394 396
395 156
395 393
395 396
395 473
395 636
395 643
396 116
396 394
396 395
396 584
396 586
396 644
397 401
397 589
398 401
399 165
400 591
400 592
401 397
401 398
402 427
402 666
403 171
403 665
404 321
404 326
404 407
404 408
404 637
405 409
405 410
406 322
406 354
406 355
406 356
406 357
406 358
406 409
407 320
407 321
407 322
407 323
407 326
407 328
407 404
408 404
408 637
408 659
409 355
409 357
409 405
409 406
410 351
410 352
410 359
410 405
411 88
411 477
412 89
412 629
413 414
413 415
413 618
413 623
413 624
413 625
413 631
414 413
414 415
414 416
414 623
414 624
414 625
414 626
414 631
415 237
415 247
415 413
415 414
415 416
415 618
415 623
416 248
416 249
416 252
416 414
416 415
416 625
416 631
417 671
418 672
418 677
419 445
421 422
421 423
422 421
423 421
423 424
423 428
423 697
424 423
424 429
424 693
424 694
424 695
424 696
424 697
425 350
425 351
425 352
425 426
425 430
426 425
426 430
426 431
426 432
427 402
427 429
427 433
428 423
428 429
429 424
429 427
429 428
429 694
429 695
429 696
430 340
430 342
430 350
430 351
430 425
430 426
430 431
430 432
431 436
431 435
431 342
431 426
431 340
431 434
431 341
431 440
431 430
431 432
432 340
432 341
432 342
432 350
432 426
432 430
432 431
432 434
432 435
432 436
433 427
433 434
433 696
434 431
434 432
434 433
434 435
434 440
435 332
435 340
435 341
435 431
435 432
435 434
435 436
435 440
435 441
436 332
436 339
436 340
436 341
436 431
436 432
436 435
436 440
436 441
437 669
437 673
437 680
437 686
437 689
438 686
438 687
438 698
439 440
439 441
439 442
439 698
440 431
440 434
440 435
440 436
440 439
440 441
440 442
441 332
441 339
441 340
441 341
441 431
441 435
441 436
441 439
441 440
441 442
442 332
442 439
442 440
442 441
442 443
442 444
443 333
443 442
443 444
443 659
444 332
444 333
444 442
444 443
445 419
445 446
446 445
446 543
450 360
451 164
451 166
452 360
456 15
456 457
456 458
456 459
457 456
457 458
457 461
457 717
458 15
458 456
458 457
458 460
458 461
458 462
459 11
459 456
459 717
460 17
460 458
460 463
461 63
461 457
461 458
461 462
462 56
462 65
462 458
462 461
462 464
463 22
463 460
463 464
464 56
464 462
464 463
464 465
465 57
465 58
465 464
465 469
466 60
466 61
466 62
467 22
467 36
467 38
467 39
467 468
468 35
468 36
468 37
468 38
468 42
468 59
468 467
468 469
469 52
469 34
469 35
469 465
469 59
469 49
469 53
469 58
469 468
469 47
470 471
470 652
470 653
471 470
471 726
473 156
473 393
473 395
473 573
473 636
474 9
474 475
474 476
474 479
474 481
474 482
474 483
474 484
474 485
474 493
475 7
475 8
475 9
475 474
475 476
475 481
475 483
476 9
476 12
476 14
476 474
476 475
476 479
476 481
476 483
477 90
477 411
478 554
478 620
479 10
479 12
479 474
479 476
479 480
479 483
479 484
479 493
480 10
480 12
480 91
480 479
480 484
480 493
481 8
481 66
481 474
481 475
481 476
481 482
481 483
481 485
481 486
482 66
482 93
482 474
482 481
482 483
482 484
482 485
482 486
482 487
482 492
483 482
483 481
483 484
483 12
483 485
483 476
483 492
483 475
483 493
483 479
484 474
484 479
484 480
484 482
484 483
484 485
484 492
484 493
485 66
485 93
485 474
485 481
485 482
485 483
485 484
485 486
485 487
485 492
486 60
486 66
486 67
486 93
486 481
486 482
486 485
486 487
487 60
487 66
487 67
487 482
487 485
487 486
488 560
488 564
489 496
490 556
490 564
491 95
492 91
492 93
492 94
492 482
492 483
492 484
492 485
492 493
493 10
493 91
493 474
493 479
493 480
493 483
493 484
493 492
494 718
495 72
495 73
495 719
496 71
496 215
496 489
496 498
497 499
497 500
497 502
497 509
497 510
498 203
498 204
498 215
498 496
498 499
498 501
498 503
498 504
499 497
499 498
499 500
499 502
499 503
499 504
499 508
500 497
500 499
500 502
500 503
500 508
500 509
500 510
501 208
501 204
501 506
501 205
501 209
501 504
501 498
501 505
501 215
501 206
502 497
502 499
502 500
502 503
502 508
502 509
503 215
503 498
503 499
503 500
503 502
503 504
503 508
504 204
504 498
504 499
504 501
504 503
504 506
505 501
505 212
505 214
505 208
505 206
505 207
505 506
505 209
505 210
505 74
506 74
506 75
506 501
506 504
506 505
507 508
507 512
507 514
508 499
508 500
508 502
508 503
508 507
508 509
509 497
509 500
509 502
509 508
509 510
509 515
509 522
510 497
510 500
510 509
510 511
510 522
511 510
511 522
511 559
512 507
513 514
514 76
514 507
514 513
514 515
515 509
515 514
515 522
516 518
517 0
518 516
518 520
518 525
520 518
522 79
522 509
522 510
522 511
522 515
522 523
523 79
523 80
523 522
523 566
524 101
524 525
525 518
525 524
527 101
527 530
530 98
530 101
530 527
531 99
532 83
533 534
534 533
534 535
535 534
536 537
537 82
537 536
538 540
539 544
540 538
540 541
540 547
540 550
540 551
541 540
541 547
541 549
541 550
541 553
542 102
542 543
542 544
542 545
542 546
542 567
543 446
543 542
543 544
543 567
544 539
544 542
544 543
544 545
545 542
545 544
545 546
546 103
546 542
546 545
547 540
547 541
547 549
548 86
548 88
549 541
549 547
549 553
550 540
550 541
550 551
550 553
550 555
551 540
551 550
551 555
552 97
553 541
553 549
553 550
554 478
554 620
554 723
554 725
555 550
555 551
556 96
556 490
556 557
556 563
556 564
557 556
557 563
558 561
559 511
559 560
560 488
560 559
560 562
560 563
560 564
561 558
562 560
562 563
563 556
563 557
563 560
563 562
563 564
564 488
564 490
564 556
564 560
564 563
565 566
566 523
566 565
567 102
567 103
567 542
567 543
568 103
568 574
569 257
569 570
569 571
569 572
569 575
569 576
569 577
569 578
570 257
570 569
570 572
571 162
571 569
571 572
571 573
571 576
571 577
572 569
572 570
572 571
572 576
573 157
573 162
573 163
573 473
573 571
574 568
575 105
575 108
575 569
575 578
575 580
576 162
576 569
576 571
576 572
576 577
576 578
576 579
577 162
577 569
577 571
577 576
577 578
577 579
577 580
577 582
578 108
578 569
578 575
578 576
578 577
578 579
578 580
579 162
579 576
579 577
579 578
579 580
579 581
579 582
579 583
580 575
580 577
580 578
580 579
580 581
580 582
581 579
581 580
581 582
581 583
581 584
581 586
582 114
582 115
582 120
582 162
582 577
582 579
582 580
582 581
582 583
583 115
583 116
583 579
583 581
583 582
583 586
584 396
584 581
584 585
584 586
584 644
585 584
586 115
586 116
586 396
586 581
586 583
586 584
586 644
587 588
587 665
588 167
588 587
588 589
588 590
588 594
589 397
589 588
589 590
590 588
590 589
590 591
590 593
590 594
590 596
591 400
591 590
591 592
591 593
592 164
592 400
592 591
592 593
593 590
593 591
593 592
593 596
594 167
594 588
594 590
594 596
595 174
595 600
596 169
596 590
596 593
596 594
598 172
598 601
599 172
600 595
600 602
601 598
602 600
603 179
603 610
603 182
603 180
603 176
603 608
603 604
603 609
603 612
603 178
604 612
604 213
604 181
604 614
604 381
604 603
604 184
604 605
604 182
604 610
605 181
605 182
605 183
605 184
605 185
605 299
605 375
605 376
605 381
605 604
606 198
606 197
606 196
606 193
606 178
606 180
606 194
606 609
606 607
606 192
607 178
607 180
607 192
607 193
607 194
607 195
607 196
607 606
607 608
607 609
608 610
608 178
608 612
608 603
608 193
608 180
608 614
608 611
608 607
608 609
609 181
609 178
609 192
609 613
609 180
609 193
609 610
609 603
609 607
609 176
610 603
610 184
610 612
610 182
610 177
610 609
610 180
610 604
610 178
610 176
611 70
611 200
611 201
611 370
611 608
611 613
612 603
612 182
612 608
612 184
612 604
612 609
612 177
612 613
612 179
612 202
613 68
613 69
613 201
613 202
613 206
613 608
613 609
613 611
613 612
613 614
614 68
614 210
614 213
614 612
614 69
614 207
614 212
614 604
614 613
614 211
615 207
615 211
615 212
615 213
615 214
615 382
615 604
616 617
617 236
617 616
618 234
618 236
618 237
618 413
618 415
618 623
619 244
619 622
620 478
620 554
621 240
622 619
623 413
623 414
623 415
623 618
623 624
624 413
624 414
624 623
624 625
624 626
624 628
624 629
624 631
625 413
625 414
625 416
625 624
625 626
625 627
625 628
625 630
625 631
625 632
626 414
626 624
626 625
626 627
626 628
626 629
626 630
626 631
626 632
627 89
627 249
627 254
627 259
627 625
627 626
627 628
627 630
627 632
627 633
628 89
628 254
628 624
628 625
628 626
628 627
628 629
628 630
628 633
629 89
629 412
629 624
629 626
629 628
630 249
630 254
630 625
630 626
630 627
630 628
630 631
630 632
630 633
631 249
631 413
631 414
631 416
631 624
631 625
631 626
631 630
631 632
632 249
632 250
632 252
632 254
632 625
632 626
632 627
632 630
632 631
632 633
633 254
633 259
633 627
633 628
633 630
633 632
633 634
634 254
634 255
634 259
634 633
635 643
635 645
636 395
636 473
636 643
637 326
637 333
637 404
637 408
638 639
639 72
639 73
639 368
639 369
639 638
639 641
640 641
641 75
641 369
641 639
641 640
642 195
642 196
642 371
642 377
643 395
643 635
643 636
643 645
644 396
644 584
644 586
645 635
645 643
645 646
646 645
647 258
647 648
648 647
651 652
652 470
652 651
652 653
652 655
653 470
653 652
653 657
654 656
654 671
655 652
655 656
655 658
656 654
656 655
656 669
656 671
657 653
657 658
658 655
658 657
659 408
659 443
659 661
659 667
660 352
660 662
661 659
661 662
661 667
662 660
662 661
662 666
663 668
664 665
665 403
665 587
665 664
666 402
666 662
667 659
667 661
667 668
668 663
668 667
668 669
668 698
669 437
669 656
669 668
671 417
671 654
671 656
671 673
672 418
672 673
672 677
672 679
672 681
673 437
673 671
673 672
673 680
674 676
676 674
677 418
677 672
678 728
679 672
679 680
679 681
680 437
680 673
680 679
680 686
680 689
681 672
681 679
681 684
682 683
682 728
683 682
683 701
683 702
684 681
684 685
685 684
685 689
685 691
686 437
686 438
686 680
686 687
686 689
686 698
687 438
687 686
687 688
687 689
687 690
687 695
687 696
687 698
688 687
688 689
688 690
688 693
688 694
688 695
688 696
689 437
689 680
689 685
689 686
689 687
689 688
689 690
689 691
689 693
690 687
690 688
690 689
690 691
690 693
690 694
690 695
690 696
691 685
691 689
691 690
691 693
692 697
693 424
693 688
693 689
693 690
693 691
693 694
693 695
693 697
694 424
694 429
694 688
694 690
694 693
694 695
694 696
694 697
695 424
695 429
695 687
695 688
695 690
695 693
695 694
695 696
696 424
696 429
696 433
696 687
696 688
696 690
696 694
696 695
697 423
697 424
697 692
697 693
697 694
698 438
698 439
698 668
698 686
698 687
699 704
700 701
700 703
701 683
701 700
702 683
703 700
704 699
708 709
709 708
710 173
710 711
711 710
714 3
717 457
717 459
718 494
718 724
719 495
719 720
720 719
722 723
723 554
723 722
723 725
724 92
724 718
725 554
725 723
726 471
728 678
728 682
