 -0.500001   0.171057  -0.084581
 -0.302974   0.111576   0.100921
 -0.206503   0.203478   0.089053
 -0.213142   0.202973  -0.042311
 -0.232864   0.198856  -0.146000
 -0.271345   0.191114  -0.248538
 -0.145351   0.063990   0.249322
  0.005205   0.186917   0.082708
  0.012043   0.203452  -0.051679
 -0.008535   0.202107  -0.195717
 -0.051895   0.189567  -0.301260
 -0.011474   0.048616   0.328465
  0.201301   0.194099   0.076932
  0.221568   0.208442  -0.060385
  0.201958   0.207986  -0.242357
  0.124580   0.195325  -0.343625
  0.106581   0.041525   0.372545
  0.397129   0.165354   0.070979
  0.424393   0.181307  -0.068959
  0.406336   0.203354  -0.287683
  0.297131   0.177402  -0.385153
