  0.487314   0.168836  -0.055381
  0.380947   0.117371   0.067354
  0.202416   0.197888   0.084089
  0.196348   0.204489  -0.035523
  0.210749   0.203036  -0.146624
  0.255035   0.191863  -0.243900
  0.295854   0.076200   0.165542
 -0.011829   0.186548   0.081153
 -0.025036   0.197589  -0.050363
 -0.007904   0.197703  -0.195164
  0.040687   0.187215  -0.296343
  0.107295   0.053681   0.278647
 -0.211038   0.192061   0.078416
 -0.228387   0.206322  -0.063999
 -0.205090   0.206894  -0.238963
 -0.128259   0.195970  -0.337685
 -0.122034   0.041150   0.368335
 -0.409964   0.172826   0.075690
 -0.427834   0.179344  -0.077374
 -0.398208   0.179509  -0.281844
 -0.298619   0.184790  -0.379362
