0 2
0 7
0 30
1 600
1 690
1 598
1 590
1 578
1 588
1 692
1 592
1 586
1 599
2 0
2 28
3 572
3 573
3 574
3 575
3 576
3 577
3 606
3 608
3 779
3 783
4 587
4 590
4 585
4 579
4 600
4 599
4 1
4 598
4 588
4 692
5 4
5 12
5 576
5 578
5 579
5 580
5 585
5 586
5 587
6 600
6 593
6 588
6 590
6 692
6 602
6 29
6 589
6 601
6 586
7 0
7 30
8 9
8 28
8 30
9 8
9 10
9 31
10 9
10 31
12 579
12 576
12 13
12 594
12 595
12 5
12 578
12 591
12 586
12 587
13 590
13 12
13 589
13 600
13 596
13 592
13 594
13 580
13 579
13 591
14 366
14 371
14 372
14 373
15 18
15 367
15 391
15 369
15 379
15 16
15 374
15 380
15 368
15 377
16 384
16 17
16 18
16 394
16 15
16 393
16 369
16 20
16 386
16 399
17 385
17 389
17 494
17 412
17 47
17 382
17 381
17 398
17 18
17 16
18 15
18 16
18 17
18 369
18 380
18 381
18 385
18 390
19 387
19 388
19 394
19 395
19 396
19 398
19 401
19 402
19 403
20 397
20 383
20 398
20 395
20 384
20 399
20 387
20 16
20 382
20 386
21 22
21 48
22 21
22 24
22 48
23 24
23 25
23 46
24 22
24 23
24 46
25 23
25 26
25 46
25 49
26 25
26 27
26 46
26 49
27 26
27 49
28 2
28 8
28 30
29 590
29 692
29 13
29 592
29 6
29 600
29 593
29 693
29 589
29 602
30 0
30 7
30 8
30 28
31 9
31 10
32 279
32 280
32 281
32 282
32 286
32 287
33 34
33 35
33 36
33 289
33 292
33 293
33 300
33 319
34 33
34 36
34 38
34 292
34 293
34 294
34 295
34 318
34 319
35 65
35 306
35 302
35 300
35 295
35 305
35 292
35 301
35 37
35 33
36 33
36 34
36 35
36 289
36 300
37 35
37 38
37 294
37 295
37 296
37 298
37 302
37 303
37 308
37 309
38 309
38 317
38 37
38 316
38 310
38 297
38 294
38 438
38 296
38 443
39 40
39 66
40 39
40 42
40 66
41 42
41 43
41 64
42 40
42 41
42 44
42 64
43 41
43 44
43 67
44 42
44 43
44 67
46 23
46 24
46 25
46 26
46 49
47 400
47 398
47 397
47 408
47 405
47 497
47 409
47 403
47 404
47 402
48 21
48 22
49 25
49 26
49 27
49 46
50 549
50 550
50 553
51 52
51 53
51 54
51 536
51 542
51 543
51 544
52 51
52 54
52 56
52 544
52 545
52 615
52 616
52 624
52 677
53 624
53 54
53 51
53 622
53 543
53 542
53 83
53 623
53 544
53 633
54 51
54 52
54 53
54 543
54 615
55 615
55 617
55 623
55 624
55 625
55 626
55 627
55 628
55 629
55 630
56 52
56 630
56 642
56 640
56 627
56 626
56 617
56 615
56 616
56 624
57 58
57 84
58 57
58 60
58 84
59 60
59 61
59 62
59 82
60 58
60 59
60 82
61 59
61 62
61 85
62 59
62 61
62 85
64 41
64 42
64 66
65 301
65 314
65 442
65 300
65 292
65 307
65 443
65 305
65 296
65 295
66 39
66 40
66 64
67 43
67 44
68 472
68 479
68 480
68 481
68 482
68 486
68 487
69 480
69 71
69 70
69 471
69 456
69 72
69 458
69 453
69 469
69 470
70 69
70 72
70 74
70 451
70 452
70 453
70 456
70 458
70 459
70 739
71 69
71 464
71 468
71 469
71 471
71 474
71 475
71 568
71 739
72 69
72 70
72 458
72 471
73 463
73 451
73 450
73 459
73 465
73 460
73 446
73 568
73 449
73 739
74 446
74 460
74 735
74 739
74 459
74 464
74 451
74 454
74 458
74 468
75 76
75 77
75 569
76 75
76 569
77 75
77 78
77 79
77 567
77 569
78 77
78 80
78 567
79 77
79 80
79 570
80 78
80 79
80 567
80 570
82 59
82 60
82 84
83 640
83 543
83 630
83 614
83 626
83 629
83 613
83 623
83 631
83 639
84 57
84 58
84 82
85 61
85 62
86 733
86 88
86 89
86 730
86 98
86 731
86 90
86 87
86 476
86 91
87 89
87 92
87 491
87 469
87 473
87 470
87 86
87 88
87 478
87 730
88 476
88 454
88 732
88 733
88 730
88 731
88 86
88 89
88 455
88 87
89 88
89 86
89 91
89 455
89 92
89 90
89 732
89 98
89 97
89 476
90 94
90 93
90 86
90 89
90 91
90 105
90 109
90 101
90 129
90 106
91 90
91 96
91 86
91 89
91 99
91 100
91 106
91 97
91 129
91 109
92 95
92 86
92 478
92 93
92 97
92 476
92 492
92 87
92 89
92 90
93 106
93 96
93 102
93 490
93 493
93 105
93 130
93 492
93 95
93 101
94 91
94 97
94 102
94 493
94 130
94 129
94 490
94 492
94 96
94 109
95 196
95 109
95 106
95 130
95 92
95 101
95 93
95 490
95 127
95 128
96 97
96 91
96 129
96 100
96 107
96 110
96 90
96 104
96 99
96 93
97 107
97 92
97 106
97 104
97 109
97 105
97 100
97 96
97 89
97 108
98 455
98 733
98 732
98 88
98 484
98 89
98 86
98 730
98 99
98 454
99 455
99 91
99 102
99 100
99 97
99 106
99 98
99 485
99 484
99 105
100 103
100 104
100 485
100 90
100 96
100 109
100 197
100 99
100 102
100 106
101 106
101 130
101 91
101 94
101 129
101 90
101 105
101 96
101 95
101 131
102 108
102 94
102 110
102 104
102 109
102 106
102 99
102 90
102 130
102 100
103 99
103 97
103 100
103 104
103 109
103 102
103 106
103 198
103 110
103 197
104 101
104 107
104 103
104 97
104 109
104 102
104 108
104 96
104 105
104 106
105 99
105 90
105 103
105 95
105 97
105 106
105 107
105 96
105 91
105 94
106 102
106 97
106 93
106 130
106 108
106 109
106 131
106 103
106 107
106 94
107 128
107 96
107 108
107 105
107 102
107 110
107 101
107 104
107 129
107 97
108 128
108 112
108 131
108 129
108 106
108 105
108 97
108 109
108 110
108 104
109 105
109 107
109 90
109 96
109 130
109 94
109 106
109 99
109 95
109 103
110 106
110 108
110 109
110 96
110 107
110 104
110 197
110 111
110 129
110 105
111 110
111 112
111 113
111 114
111 115
111 126
111 131
111 199
112 118
112 116
112 129
112 126
112 107
112 110
112 128
112 131
112 108
112 113
113 111
113 112
113 114
113 115
113 116
113 118
113 119
113 125
113 126
113 131
114 111
114 113
114 115
114 116
114 565
114 566
114 671
115 111
115 113
115 114
115 116
115 565
115 566
115 671
116 112
116 113
116 114
116 115
116 118
116 119
116 126
116 566
118 112
118 113
118 116
118 119
118 120
118 125
118 126
118 128
118 131
119 113
119 116
119 118
119 120
119 121
119 123
119 124
119 125
119 126
120 118
120 119
120 123
120 124
120 125
120 126
120 128
121 119
122 177
122 768
123 119
123 120
123 124
123 125
123 184
123 185
123 187
124 119
124 120
124 123
124 184
124 185
124 187
125 113
125 118
125 119
125 120
125 123
125 126
125 128
126 111
126 112
126 113
126 116
126 118
126 119
126 120
126 125
126 128
126 131
127 95
127 128
127 130
127 189
127 191
127 493
128 131
128 118
128 127
128 130
128 126
128 101
128 95
128 129
128 107
128 125
129 93
129 128
129 105
129 102
129 101
129 95
129 112
129 109
129 96
129 130
130 95
130 106
130 129
130 102
130 105
130 127
130 92
130 196
130 109
130 96
131 108
131 118
131 105
131 126
131 111
131 110
131 102
131 129
131 113
131 101
132 135
132 136
133 136
133 747
133 748
134 152
135 132
135 136
135 140
135 141
136 132
136 133
136 135
136 141
136 747
136 749
138 145
138 755
139 143
140 135
140 142
140 756
141 135
141 136
141 749
141 754
141 756
142 140
142 143
142 523
143 139
143 142
143 522
144 529
144 756
144 774
145 138
145 712
146 149
147 148
147 149
148 147
148 167
149 146
149 147
149 757
150 153
150 156
151 755
152 134
153 150
153 155
154 757
155 153
156 150
156 758
157 758
157 770
158 159
158 160
158 166
158 170
158 209
158 759
158 762
159 158
159 160
159 161
159 162
159 163
159 234
159 235
159 759
160 169
160 163
160 166
160 158
160 159
160 209
160 211
160 162
160 161
160 205
161 159
161 160
161 162
161 163
161 212
161 214
161 219
161 234
162 159
162 160
162 161
162 163
162 212
162 214
162 219
162 234
163 159
163 160
163 161
163 162
163 212
163 214
163 219
163 234
164 165
164 168
164 763
164 764
165 164
166 158
166 160
166 169
166 205
166 209
166 211
167 148
167 171
167 173
168 164
168 764
168 765
169 160
169 166
169 182
169 201
169 204
169 205
169 207
169 209
169 211
170 158
170 740
170 762
171 167
171 175
172 174
172 175
172 767
173 167
173 765
174 172
174 175
174 767
174 793
174 797
174 800
175 171
175 172
175 174
175 181
176 181
176 609
177 122
177 178
177 180
177 186
177 188
177 768
178 177
178 210
178 765
178 766
178 768
178 769
179 184
179 187
179 186
179 185
179 202
179 180
179 207
179 183
179 210
179 182
180 177
180 179
180 183
180 184
180 185
180 186
180 187
180 188
181 175
181 176
181 609
181 610
181 611
181 800
182 169
182 179
182 200
182 202
182 203
182 204
182 205
182 207
182 208
183 179
183 180
183 184
183 185
183 186
183 187
183 188
184 123
184 124
184 179
184 180
184 183
184 185
184 186
184 187
184 188
185 123
185 124
185 179
185 180
185 183
185 184
185 186
185 187
185 188
186 177
186 179
186 180
186 183
186 184
186 185
186 187
186 188
186 768
187 123
187 124
187 179
187 180
187 183
187 184
187 185
187 186
187 188
188 177
188 179
188 180
188 183
188 184
188 185
188 186
188 187
189 127
189 190
189 191
189 196
189 493
190 189
190 191
190 192
190 193
190 200
190 202
190 203
190 208
191 127
191 189
191 190
191 193
191 196
191 489
191 490
191 493
192 190
192 193
192 194
192 197
192 198
192 199
192 200
192 203
192 208
193 190
193 191
193 192
193 194
193 196
193 200
193 203
193 208
194 192
194 193
194 195
194 197
194 198
194 199
194 485
194 488
194 489
195 194
195 479
195 489
195 480
195 197
195 482
195 472
195 488
195 481
195 478
196 95
196 130
196 189
196 191
196 193
196 489
196 490
196 492
196 493
197 100
197 103
197 110
197 192
197 194
197 195
197 198
197 485
197 488
198 100
198 103
198 110
198 192
198 194
198 195
198 197
198 485
198 488
199 111
199 192
199 194
199 200
200 182
200 190
200 192
200 193
200 199
200 201
200 202
200 203
200 204
200 208
201 169
201 200
201 202
201 204
201 205
201 209
201 565
201 566
202 179
202 182
202 190
202 200
202 201
202 203
202 204
202 207
202 208
203 182
203 190
203 192
203 193
203 200
203 202
203 204
203 208
204 169
204 182
204 200
204 201
204 202
204 203
204 205
204 207
204 208
205 160
205 166
205 169
205 182
205 201
205 204
205 207
205 209
205 211
206 207
206 210
206 740
206 766
206 769
207 169
207 179
207 182
207 202
207 204
207 205
207 206
207 210
208 182
208 190
208 192
208 193
208 200
208 202
208 203
208 204
209 158
209 160
209 166
209 169
209 201
209 205
209 211
210 178
210 179
210 206
210 207
210 766
210 769
211 160
211 166
211 169
211 205
211 209
211 212
211 214
211 565
212 160
212 161
212 162
212 163
212 211
212 214
212 219
213 214
213 557
213 558
213 559
214 161
214 162
214 163
214 211
214 212
214 213
214 216
214 219
215 216
215 217
215 218
215 554
215 556
215 557
215 559
215 562
216 214
216 215
216 217
216 218
216 219
216 220
216 221
217 215
217 216
217 218
217 557
218 215
218 216
218 217
218 221
218 222
218 223
219 161
219 162
219 163
219 212
219 214
219 216
219 220
220 216
220 219
220 224
220 225
221 216
221 218
221 222
221 223
222 218
222 221
222 223
222 227
222 228
222 229
222 651
223 218
223 221
223 222
223 229
223 549
223 553
223 554
223 555
224 220
224 230
224 231
224 232
224 233
224 240
225 220
225 226
225 658
225 662
225 663
225 667
226 674
226 225
226 228
226 649
226 652
226 655
226 660
226 659
226 657
226 227
227 655
227 222
227 656
227 654
227 657
227 659
227 651
227 661
227 658
227 228
228 654
228 649
228 658
228 656
228 655
228 226
228 657
228 661
228 660
228 229
229 222
229 223
229 227
229 228
229 547
229 551
229 651
229 676
230 664
230 239
230 233
230 665
230 666
230 725
230 672
230 224
230 667
230 232
231 224
231 234
231 235
231 236
231 240
231 241
231 243
231 262
232 224
232 230
232 233
232 665
232 666
232 667
233 224
233 230
233 232
233 665
233 666
233 667
234 159
234 161
234 162
234 163
234 231
234 235
234 240
234 759
235 159
235 231
235 234
235 236
235 237
235 238
235 240
235 241
235 759
236 231
236 235
236 237
236 240
236 241
236 243
236 245
236 772
237 235
237 236
237 238
237 771
237 773
238 235
238 237
238 759
238 760
238 761
239 230
239 243
239 262
239 721
239 722
239 725
239 726
240 224
240 231
240 234
240 235
240 236
240 241
240 243
240 262
241 231
241 235
241 236
241 240
241 242
241 243
241 244
241 245
241 254
241 772
242 241
242 243
242 244
242 245
242 250
242 253
242 254
242 255
242 256
242 772
243 231
243 236
243 239
243 240
243 241
243 242
243 262
244 241
244 242
244 245
244 246
244 250
244 253
244 254
244 255
244 256
244 772
245 236
245 241
245 242
245 244
245 246
245 247
245 248
245 250
245 254
245 772
246 250
246 254
246 334
246 245
246 247
246 248
246 244
246 752
246 249
246 772
247 245
247 246
247 248
247 746
247 752
247 772
247 773
248 251
248 745
248 751
248 246
248 772
248 334
248 249
248 247
248 752
248 250
249 246
249 248
249 250
249 251
249 334
249 341
249 343
249 344
249 752
250 242
250 244
250 245
250 246
250 248
250 249
250 251
250 254
250 772
251 246
251 248
251 249
251 250
251 331
251 332
251 334
251 341
252 253
252 256
252 257
252 258
252 270
253 242
253 244
253 252
253 254
253 255
253 256
253 258
253 259
253 269
254 241
254 242
254 244
254 245
254 246
254 250
254 253
254 255
254 256
255 242
255 244
255 253
255 254
255 256
255 259
255 260
256 242
256 244
256 252
256 253
256 254
256 255
256 258
256 259
256 269
257 252
257 258
257 269
257 270
257 277
257 324
257 326
257 327
257 328
257 432
258 252
258 253
258 256
258 257
258 259
258 269
258 270
258 271
258 283
259 253
259 255
259 256
259 258
259 260
259 269
259 271
260 255
260 259
260 261
260 264
260 271
261 260
261 265
261 418
261 421
261 727
261 728
262 230
262 231
262 239
262 240
262 243
262 725
262 726
263 264
263 265
263 266
263 267
263 268
263 271
263 272
263 284
263 422
264 260
264 263
264 265
264 266
264 267
264 271
264 272
264 284
264 422
265 417
265 419
265 729
265 266
265 264
265 421
265 422
265 263
265 268
265 420
266 268
266 426
266 420
266 422
266 430
266 418
266 263
266 267
266 265
266 428
267 264
267 425
267 418
267 423
267 268
267 419
267 265
267 263
267 426
267 422
268 440
268 425
268 423
268 267
268 263
268 433
268 265
268 266
268 422
268 430
269 253
269 256
269 257
269 258
269 259
269 270
269 271
269 283
270 252
270 257
270 258
270 269
270 277
270 327
271 258
271 259
271 260
271 263
271 264
271 269
271 272
271 283
271 284
272 263
272 264
272 266
272 267
272 268
272 271
272 422
273 285
273 275
273 282
273 287
273 276
273 286
273 289
273 299
273 291
273 274
274 276
274 440
274 439
274 323
274 436
274 299
274 435
274 424
274 441
274 434
275 276
275 436
275 299
275 440
275 434
275 273
275 439
275 274
275 291
275 305
276 291
276 274
276 299
276 275
276 273
276 289
276 287
276 282
276 440
276 286
277 327
277 286
277 279
277 281
277 284
277 278
277 257
277 270
277 283
277 280
278 287
278 322
278 290
278 277
278 320
278 324
278 286
278 321
278 285
278 281
279 283
279 284
279 278
279 282
279 287
279 288
279 285
279 277
279 286
279 281
280 277
280 288
280 286
280 279
280 285
280 282
280 284
280 287
280 283
280 32
281 288
281 32
281 279
281 277
281 287
281 285
281 290
281 320
281 289
281 278
282 276
282 287
282 32
282 279
282 290
282 320
282 281
282 289
282 273
282 278
283 258
283 269
283 271
283 277
283 279
283 280
283 284
284 263
284 264
284 271
284 277
284 279
284 280
284 283
284 286
284 288
285 286
285 289
285 281
285 290
285 282
285 299
285 288
285 287
285 291
285 276
286 289
286 287
286 279
286 273
286 284
286 282
286 288
286 280
286 281
286 277
287 320
287 286
287 282
287 280
287 285
287 32
287 278
287 289
287 279
287 288
288 280
288 286
288 282
288 291
288 289
288 281
288 279
288 273
288 284
288 285
289 288
289 290
289 285
289 305
289 292
289 278
289 291
289 276
289 273
289 33
290 321
290 322
290 287
290 319
290 281
290 293
290 289
290 278
290 318
290 285
291 292
291 288
291 286
291 300
291 275
291 281
291 282
291 287
291 276
291 299
292 65
292 34
292 35
292 305
292 301
292 306
292 291
292 300
292 319
292 289
293 33
293 34
293 289
293 290
293 292
293 300
293 305
293 318
293 319
293 320
294 319
294 317
294 312
294 37
294 296
294 34
294 295
294 302
294 38
294 316
295 296
295 303
295 307
295 297
295 35
295 65
295 37
295 34
295 301
295 302
296 303
296 309
296 315
296 298
296 297
296 294
296 308
296 302
296 307
296 38
297 443
297 38
297 311
297 309
297 298
297 295
297 294
297 444
297 310
297 303
298 308
298 315
298 302
298 295
298 316
298 297
298 311
298 309
298 307
298 313
299 292
299 300
299 275
299 304
299 285
299 440
299 305
299 289
299 291
299 274
300 305
300 289
300 33
300 299
300 35
300 319
300 65
300 292
300 304
300 301
301 313
301 300
301 306
301 292
301 443
301 302
301 314
301 296
301 295
301 305
302 312
302 309
302 442
302 307
302 294
302 37
302 316
302 296
302 308
302 35
303 312
303 315
303 313
303 309
303 444
303 443
303 298
303 302
303 308
303 295
304 274
304 275
304 299
304 300
304 305
304 437
304 440
304 441
305 289
305 65
305 35
305 291
305 292
305 299
305 275
305 301
305 306
305 304
306 313
306 295
306 442
306 300
306 311
306 443
306 305
306 301
306 314
306 292
307 313
307 302
307 316
307 306
307 296
307 309
307 442
307 301
307 308
307 303
308 297
308 302
308 316
308 298
308 309
308 313
308 296
308 312
308 310
308 37
309 316
309 313
309 297
309 303
309 444
309 315
309 298
309 37
309 312
309 443
310 313
310 298
310 317
310 314
310 443
310 38
310 312
310 297
310 311
310 316
311 316
311 312
311 309
311 444
311 307
311 65
311 443
311 314
311 313
311 301
312 294
312 444
312 307
312 315
312 309
312 311
312 313
312 443
312 310
312 298
313 308
313 316
313 303
313 301
313 312
313 443
313 442
313 302
313 309
313 314
314 444
314 307
314 313
314 301
314 442
314 306
314 65
314 310
314 302
314 443
315 38
315 295
315 312
315 443
315 296
315 294
315 309
315 311
315 297
315 444
316 313
316 308
316 310
316 38
316 298
316 312
316 303
316 309
316 297
316 311
317 38
317 294
317 310
317 318
317 319
317 438
317 442
317 443
317 444
318 323
318 441
318 319
318 293
318 435
318 34
318 290
318 317
318 437
318 438
319 33
319 34
319 290
319 292
319 293
319 294
319 300
319 317
319 318
319 320
320 281
320 279
320 287
320 293
320 322
320 282
320 289
320 318
320 323
320 290
321 435
321 439
321 278
321 320
321 323
321 436
321 290
321 322
321 434
321 433
322 278
322 281
322 436
322 435
322 320
322 279
322 324
322 321
322 323
322 290
323 274
323 436
323 433
323 322
323 441
323 439
323 321
323 437
323 424
323 440
324 257
324 277
324 278
324 322
324 325
324 326
324 327
324 431
325 428
325 432
325 324
325 423
325 427
325 430
325 328
325 433
325 327
325 431
326 325
326 427
326 428
326 324
326 432
326 329
326 420
326 429
326 257
326 327
327 257
327 270
327 277
327 324
327 325
327 326
327 328
327 329
327 432
328 257
328 431
328 421
328 325
328 428
328 427
328 432
328 329
328 417
328 729
329 429
329 723
329 431
329 729
329 419
329 326
329 417
329 327
329 420
329 328
330 329
330 429
330 717
330 723
330 729
331 251
331 332
331 333
331 334
331 335
331 341
331 717
331 718
331 719
332 251
332 331
332 333
332 334
332 335
332 341
332 717
332 718
332 719
333 331
333 332
333 335
333 341
333 521
333 717
333 718
333 719
334 751
334 249
334 342
334 246
334 344
334 251
334 343
334 248
334 341
334 331
335 331
335 332
335 333
335 336
335 340
335 341
335 517
335 518
335 525
336 335
336 517
336 521
336 524
336 525
336 526
336 532
336 533
336 775
337 413
337 416
337 515
337 356
337 514
337 414
337 346
337 354
337 355
337 353
338 516
338 337
338 515
338 500
338 512
338 353
338 340
338 354
338 355
338 519
339 337
339 338
339 340
339 345
339 346
339 348
339 353
339 354
339 356
339 518
340 335
340 338
340 339
340 514
340 515
340 516
340 517
340 518
340 519
340 520
341 343
341 251
341 331
341 344
341 249
341 335
341 248
341 334
341 333
341 332
342 334
342 341
342 347
342 750
342 752
342 348
342 352
342 343
342 349
342 753
343 342
343 753
343 248
343 352
343 341
343 751
343 344
343 349
343 249
343 334
344 343
344 751
344 753
344 345
344 352
344 752
344 342
344 349
344 249
344 334
345 339
345 344
345 346
345 347
345 348
345 349
345 356
345 358
346 337
346 339
346 345
346 353
346 354
346 355
346 356
346 357
346 359
346 365
347 342
347 344
347 345
347 348
347 349
347 352
347 357
347 358
347 359
348 339
348 342
348 344
348 345
348 347
348 349
348 357
348 358
348 359
349 751
349 347
349 350
349 753
349 342
349 345
349 348
349 352
349 344
349 351
350 349
350 351
350 352
350 528
350 743
350 744
350 753
350 754
351 349
351 350
351 352
351 358
351 527
351 528
351 531
351 744
352 342
352 343
352 344
352 347
352 349
352 350
352 351
352 751
352 753
352 754
353 356
353 414
353 338
353 514
353 337
353 413
353 355
353 339
353 365
353 354
354 337
354 416
354 356
354 357
354 414
354 359
354 365
354 353
354 339
354 338
355 371
355 412
355 415
355 337
355 365
355 372
355 373
355 368
355 414
355 416
356 337
356 339
356 345
356 346
356 353
356 354
356 357
356 359
356 360
356 365
357 347
357 361
357 362
357 359
357 365
357 348
357 364
357 363
357 356
357 358
358 345
358 347
358 348
358 351
358 357
358 359
358 360
358 531
359 354
359 360
359 356
359 363
359 361
359 362
359 357
359 364
359 346
359 365
360 365
360 361
360 356
360 504
360 362
360 358
360 357
360 364
360 505
360 509
361 362
361 357
361 511
361 504
361 505
361 364
361 363
361 509
361 506
361 365
362 360
362 511
362 512
362 504
362 507
362 510
362 513
362 506
362 363
362 361
363 507
363 360
363 359
363 370
363 357
363 374
363 364
363 366
363 361
363 362
364 373
364 357
364 370
364 361
364 359
364 362
364 377
364 374
364 367
364 363
365 363
365 373
365 357
365 372
365 367
365 379
365 371
365 374
365 361
365 355
366 412
366 380
366 365
366 391
366 367
366 373
366 364
366 368
366 381
366 379
367 355
367 365
367 374
367 373
367 391
367 411
367 366
367 370
367 15
367 372
368 414
368 381
368 392
368 379
368 415
368 372
368 411
368 391
368 412
368 370
369 392
369 370
369 366
369 364
369 381
369 372
369 365
369 367
369 371
369 15
370 367
370 508
370 503
370 381
370 363
370 364
370 372
370 376
370 377
370 379
371 363
371 391
371 370
371 392
371 373
371 364
371 381
371 377
371 380
371 14
372 380
372 355
372 368
372 366
372 365
372 367
372 370
372 371
372 415
372 363
373 368
373 379
373 370
373 366
373 355
373 381
373 377
373 365
373 380
373 374
374 378
374 385
374 380
374 373
374 377
374 368
374 367
374 15
374 372
374 366
375 374
375 499
375 503
375 382
375 383
375 498
375 508
375 742
375 741
375 513
376 363
376 506
376 505
376 510
376 364
376 499
376 508
376 378
376 511
376 504
377 364
377 385
377 369
377 382
377 376
377 503
377 363
377 372
377 368
377 371
378 377
378 508
378 369
378 374
378 366
378 382
378 383
378 372
378 502
378 385
379 380
379 414
379 412
379 368
379 371
379 377
379 391
379 392
379 366
379 365
380 389
380 17
380 377
380 411
380 373
380 370
380 367
380 379
380 369
380 382
381 380
381 377
381 371
381 373
381 390
381 382
381 379
381 16
381 366
381 389
382 498
382 394
382 385
382 374
382 375
382 390
382 377
382 503
382 378
382 370
383 741
383 20
383 378
383 410
383 496
383 377
383 386
383 501
383 382
383 384
384 393
384 399
384 386
384 16
384 401
384 408
384 497
384 394
384 400
384 385
385 386
385 382
385 393
385 18
385 390
385 394
385 383
385 17
385 378
385 369
386 384
386 393
386 495
386 395
386 401
386 498
386 394
386 385
386 16
386 383
387 385
387 406
387 404
387 393
387 384
387 402
387 397
387 19
387 401
387 395
388 409
388 394
388 398
388 393
388 396
388 408
388 395
388 47
388 402
388 403
389 409
389 47
389 411
389 393
389 394
389 410
389 17
389 380
389 415
389 494
390 410
390 382
390 412
390 47
390 394
390 409
390 398
390 407
390 393
390 415
391 17
391 371
391 366
391 415
391 368
391 15
391 742
391 380
391 390
391 741
392 380
392 17
392 415
392 414
392 379
392 500
392 410
392 368
392 367
392 390
393 394
393 381
393 369
393 396
393 389
393 17
393 388
393 384
393 20
393 387
394 393
394 398
394 390
394 395
394 16
394 384
394 386
394 403
394 389
394 408
395 384
395 402
395 497
395 397
395 388
395 387
395 396
395 408
395 405
395 20
396 397
396 388
396 387
396 19
396 402
396 393
396 400
396 403
396 399
396 386
397 405
397 399
397 387
397 47
397 402
397 396
397 401
397 407
397 497
397 408
398 17
398 403
398 394
398 393
398 497
398 47
398 396
398 395
398 390
398 20
399 495
399 384
399 396
399 388
399 406
399 402
399 387
399 408
399 497
399 397
400 399
400 408
400 388
400 403
400 404
400 497
400 407
400 397
400 384
400 396
401 402
401 396
401 403
401 395
401 386
401 405
401 406
401 384
401 397
401 398
402 399
402 495
402 395
402 408
402 407
402 398
402 47
402 401
402 387
402 406
403 387
403 398
403 408
403 47
403 399
403 396
403 495
403 406
403 409
403 402
404 399
404 400
404 494
404 402
404 408
404 495
404 497
404 407
404 406
404 388
405 384
405 407
405 403
405 408
405 397
405 496
405 406
405 395
405 495
405 401
406 495
406 497
406 404
406 384
406 407
406 409
406 387
406 402
406 405
406 47
407 405
407 497
407 403
407 389
407 741
407 398
407 47
407 397
407 404
407 494
408 397
408 398
408 409
408 494
408 399
408 403
408 495
408 404
408 384
408 407
409 495
409 390
409 404
409 408
409 407
409 498
409 406
409 497
409 403
409 388
410 389
410 392
410 741
410 498
410 499
410 390
410 415
410 383
410 503
410 409
411 416
411 367
411 392
411 742
411 380
411 413
411 410
411 379
411 501
411 355
412 413
412 501
412 355
412 415
412 389
412 372
412 368
412 379
412 390
412 367
413 337
413 353
413 507
413 512
413 516
413 412
413 411
413 338
413 513
413 501
414 513
414 355
414 415
414 337
414 379
414 392
414 500
414 338
414 353
414 514
415 368
415 369
415 355
415 371
415 411
415 390
415 389
415 17
415 381
415 379
416 519
416 338
416 413
416 516
416 414
416 512
416 355
416 353
416 337
416 515
417 426
417 429
417 266
417 428
417 422
417 425
417 729
417 419
417 265
417 418
418 419
418 428
418 265
418 431
418 429
418 430
418 427
418 422
418 266
418 425
419 430
419 266
419 267
419 421
419 417
419 729
419 420
419 431
419 329
419 418
420 265
420 418
420 422
420 728
420 329
420 426
420 328
420 419
420 432
420 326
421 422
421 430
421 328
421 729
421 418
421 329
421 432
421 425
421 426
421 427
422 420
422 268
422 426
422 418
422 421
422 266
422 428
422 272
422 264
422 263
423 420
423 426
423 421
423 427
423 268
423 422
423 419
423 267
423 433
423 429
424 268
424 426
424 321
424 274
424 440
424 439
424 433
424 435
424 434
424 323
425 417
425 426
425 268
425 431
425 419
425 420
425 429
425 729
425 329
425 418
426 423
426 422
426 429
426 428
426 729
426 417
426 329
426 420
426 268
426 425
427 729
427 418
427 326
427 422
427 325
427 430
427 426
427 421
427 329
427 423
428 426
428 417
428 325
428 430
428 432
428 427
428 729
428 329
428 422
428 266
429 265
429 329
429 423
429 426
429 427
429 328
429 326
429 431
429 421
429 425
430 425
430 428
430 424
430 267
430 427
430 429
430 431
430 419
430 420
430 266
431 425
431 433
431 329
431 328
431 326
431 423
431 419
431 418
431 432
431 426
432 326
432 257
432 428
432 421
432 417
432 329
432 729
432 431
432 420
432 327
433 274
433 440
433 435
433 434
433 323
433 431
433 321
433 430
433 424
433 268
434 322
434 437
434 435
434 441
434 321
434 436
434 424
434 433
434 439
434 299
435 424
435 437
435 433
435 441
435 322
435 321
435 439
435 436
435 434
435 323
436 321
436 434
436 274
436 433
436 424
436 439
436 435
436 323
436 441
436 275
437 274
437 438
437 318
437 436
437 435
437 323
437 439
437 440
437 434
437 441
438 38
438 310
438 314
438 317
438 318
438 437
438 441
438 442
438 443
438 444
439 437
439 433
439 322
439 440
439 275
439 434
439 441
439 274
439 424
439 436
440 441
440 268
440 439
440 273
440 433
440 299
440 424
440 437
440 436
440 276
441 304
441 323
441 439
441 436
441 438
441 318
441 437
441 434
441 440
441 274
442 443
442 313
442 317
442 314
442 306
442 302
442 65
442 311
442 444
442 310
443 444
443 314
443 310
443 38
443 317
443 442
443 65
443 301
443 309
443 307
444 442
444 310
444 315
444 443
444 298
444 314
444 307
444 311
444 297
444 38
445 462
445 446
445 737
445 460
445 464
445 736
445 449
445 467
445 450
445 466
446 736
446 462
446 737
446 74
446 459
446 452
446 449
446 450
446 464
446 466
447 461
447 449
447 462
447 738
447 451
447 736
447 467
447 737
447 74
447 448
448 449
448 463
448 460
448 739
448 446
448 447
448 462
448 445
448 467
448 451
449 466
449 463
449 446
449 450
449 460
449 462
449 461
449 445
449 465
449 467
450 460
450 452
450 462
450 467
450 464
450 739
450 461
450 449
450 446
450 73
451 448
451 735
451 739
451 568
451 70
451 737
451 74
451 459
451 458
451 454
452 738
452 446
452 734
452 736
452 451
452 458
452 450
452 460
452 739
452 735
453 69
453 70
453 454
453 455
453 456
453 457
453 458
453 459
453 483
454 735
454 453
454 451
454 458
454 98
454 88
454 455
454 731
454 483
454 733
455 484
455 89
455 86
455 482
455 453
455 454
455 483
455 99
455 88
455 456
456 471
456 457
456 455
456 483
456 481
456 484
456 458
456 69
456 454
456 482
457 69
457 482
457 458
457 456
457 480
457 481
457 483
457 471
457 484
457 479
458 456
458 72
458 74
458 70
458 452
458 69
458 454
458 739
458 451
458 459
459 464
459 739
459 568
459 453
459 460
459 452
459 468
459 73
459 451
459 458
460 449
460 452
460 739
460 450
460 461
460 448
460 459
460 465
460 463
460 445
461 446
461 463
461 460
461 568
461 474
461 445
461 447
461 464
461 462
461 73
462 448
462 446
462 465
462 461
462 737
462 450
462 449
462 467
462 736
462 447
463 450
463 461
463 446
463 468
463 467
463 739
463 464
463 568
463 462
463 736
464 459
464 460
464 73
464 445
464 568
464 739
464 463
464 74
464 468
464 461
465 73
465 460
465 463
465 474
465 467
465 446
465 568
465 448
465 738
465 464
466 465
466 462
466 450
466 738
466 447
466 736
466 448
466 737
466 446
466 449
467 461
467 474
467 465
467 448
467 446
467 450
467 737
467 738
467 466
467 736
468 734
468 73
468 451
468 475
468 459
468 461
468 74
468 736
468 464
468 474
469 475
469 470
469 731
469 87
469 730
469 473
469 477
469 491
469 71
469 471
470 472
470 69
470 477
470 480
470 486
470 471
470 476
470 487
470 479
470 473
471 486
471 69
471 480
471 456
471 491
471 482
471 479
471 472
471 478
471 469
472 480
472 68
472 488
472 195
472 481
472 478
472 487
472 470
472 482
472 479
473 470
473 491
473 471
473 87
473 469
473 730
473 475
473 477
473 486
473 478
474 736
474 734
474 568
474 71
474 464
474 461
474 463
474 467
474 738
474 735
475 731
475 468
475 88
475 733
475 473
475 476
475 469
475 470
475 730
475 734
476 86
476 730
476 87
476 469
476 475
476 477
476 470
476 88
476 89
476 92
477 87
477 469
477 470
477 473
477 476
477 478
477 479
477 486
477 491
477 730
478 488
478 489
478 472
478 486
478 473
478 195
478 490
478 491
478 471
478 492
479 457
479 482
479 487
479 478
479 477
479 195
479 488
479 470
479 471
479 68
480 456
480 479
480 482
480 488
480 478
480 195
480 472
480 69
480 484
480 483
481 479
481 472
481 488
481 68
481 456
481 485
481 484
481 487
481 486
481 195
482 472
482 486
482 195
482 478
482 480
482 488
482 456
482 484
482 471
482 68
483 453
483 454
483 455
483 456
483 457
483 480
483 481
483 482
483 484
484 455
484 456
484 732
484 482
484 480
484 487
484 457
484 98
484 481
484 99
485 99
485 100
485 103
485 194
485 195
485 197
485 198
485 481
485 482
485 488
486 471
486 68
486 470
486 478
486 482
486 487
486 473
486 479
486 481
486 480
487 488
487 472
487 478
487 482
487 479
487 481
487 486
487 195
487 471
487 484
488 487
488 472
488 478
488 485
488 194
488 481
488 195
488 482
488 198
488 489
489 191
489 194
489 195
489 196
489 478
489 481
489 488
489 490
489 492
489 493
490 93
490 94
490 478
490 489
490 95
490 130
490 492
490 493
490 196
490 488
491 476
491 730
491 87
491 478
491 492
491 470
491 479
491 469
491 486
491 473
492 478
492 94
492 196
492 489
492 490
492 130
492 93
492 92
492 491
492 95
493 490
493 127
493 93
493 492
493 94
493 189
493 95
493 196
493 489
493 130
494 741
494 390
494 497
494 17
494 410
494 404
494 384
494 498
494 495
494 47
495 407
495 384
495 405
495 496
495 387
495 386
495 402
495 400
495 409
495 403
496 494
496 498
496 406
496 404
496 384
496 409
496 408
496 741
496 383
496 497
497 399
497 496
497 494
497 409
497 407
497 401
497 398
497 388
497 47
497 402
498 496
498 375
498 383
498 503
498 386
498 501
498 499
498 410
498 502
498 409
499 742
499 513
499 410
499 411
499 502
499 507
499 383
499 500
499 501
499 375
500 412
500 511
500 414
500 416
500 516
500 499
500 513
500 392
500 504
500 376
501 376
501 411
501 383
501 500
501 498
501 413
501 741
501 412
501 507
501 508
502 410
502 503
502 499
502 508
502 376
502 742
502 383
502 501
502 378
502 375
503 378
503 499
503 741
503 376
503 410
503 383
503 742
503 501
503 498
503 370
504 520
504 510
504 515
504 512
504 519
504 511
504 530
504 506
504 500
504 513
505 515
505 530
505 362
505 513
505 519
505 504
505 520
505 508
505 361
505 510
506 361
506 516
506 500
506 504
506 530
506 376
506 509
506 510
506 520
506 519
507 510
507 500
507 512
507 362
507 363
507 376
507 370
507 413
507 519
507 516
508 501
508 513
508 502
508 505
508 512
508 375
508 376
508 500
508 511
508 503
509 511
509 530
509 519
509 513
509 507
509 510
509 505
509 512
509 531
509 533
510 376
510 533
510 500
510 511
510 512
510 514
510 506
510 504
510 520
510 530
511 510
511 505
511 506
511 530
511 519
511 508
511 360
511 515
511 512
511 507
512 504
512 513
512 416
512 509
512 520
512 362
512 500
512 511
512 505
512 516
513 519
513 413
513 501
513 504
513 375
513 499
513 742
513 505
513 506
513 376
514 520
514 516
514 513
514 519
514 505
514 340
514 416
514 353
514 337
514 511
515 505
515 519
515 504
515 414
515 507
515 340
515 520
515 510
515 509
515 353
516 506
516 507
516 509
516 340
516 414
516 520
516 519
516 510
516 515
516 353
517 335
517 336
517 340
517 518
517 524
517 525
517 526
517 530
517 532
517 533
518 335
518 339
518 340
518 517
518 519
518 520
518 525
518 530
518 532
518 533
519 506
519 520
519 511
519 513
519 500
519 512
519 413
519 507
519 338
519 518
520 530
520 507
520 516
520 514
520 532
520 510
520 513
520 533
520 511
520 509
521 333
521 336
521 719
521 720
522 143
523 142
524 530
524 528
524 744
524 525
524 532
524 336
524 526
524 775
524 527
524 529
525 335
525 336
525 517
525 518
525 524
525 526
525 527
525 532
525 533
525 775
526 744
526 528
526 775
526 530
526 517
526 527
526 525
526 532
526 529
526 524
527 351
527 524
527 525
527 526
527 528
527 529
527 530
527 531
527 532
527 744
528 350
528 351
528 524
528 526
528 527
528 529
528 531
528 744
529 144
529 524
529 526
529 527
529 528
529 743
529 744
529 775
530 527
530 531
530 524
530 505
530 526
530 533
530 517
530 532
530 518
530 509
531 351
531 358
531 509
531 524
531 526
531 527
531 528
531 530
531 533
531 744
532 336
532 517
532 518
532 520
532 524
532 525
532 526
532 527
532 530
532 533
533 530
533 509
533 518
533 531
533 532
533 336
533 520
533 525
533 524
533 517
534 537
534 542
534 638
534 535
534 541
534 538
534 536
534 539
534 543
534 540
535 537
535 539
535 536
535 554
535 553
535 550
535 564
535 538
535 555
535 534
536 552
536 534
536 555
536 543
536 541
536 544
536 539
536 535
536 538
536 546
537 563
537 633
537 534
537 550
537 538
537 535
537 542
537 541
537 540
537 536
538 537
538 546
538 550
538 534
538 555
538 552
538 535
538 536
538 547
538 539
539 546
539 541
539 549
539 534
539 537
539 538
539 536
539 550
539 535
539 553
540 647
540 648
540 634
540 537
540 637
540 541
540 534
540 650
540 636
540 635
541 647
541 563
541 637
541 648
541 537
541 534
541 539
541 536
541 542
541 633
542 53
542 537
542 622
542 541
542 543
542 544
542 624
542 51
542 638
542 633
543 545
543 622
543 544
543 83
543 51
543 633
543 624
543 542
543 53
543 534
544 677
544 546
544 624
544 52
544 542
544 615
544 548
544 536
544 51
544 53
545 52
545 53
545 543
545 544
545 546
545 548
545 615
545 618
545 644
545 677
546 547
546 539
546 553
546 676
546 545
546 550
546 555
546 551
546 544
546 538
547 550
547 645
547 546
547 548
547 555
547 553
547 552
547 551
547 229
547 676
548 547
548 646
548 552
548 544
548 551
548 644
548 645
548 677
548 676
548 545
549 535
549 552
549 536
549 539
549 538
549 223
549 555
549 554
549 553
549 50
550 553
550 547
550 546
550 539
550 537
550 549
550 538
550 50
550 535
550 551
551 646
551 547
551 676
551 645
551 546
551 550
551 553
551 538
551 229
551 552
552 555
552 535
552 538
552 551
552 550
552 539
552 645
552 549
552 547
552 553
553 223
553 549
553 547
553 552
553 546
553 536
553 555
553 539
553 551
553 50
554 215
554 223
554 535
554 549
554 553
554 555
554 556
554 557
554 559
554 562
555 539
555 549
555 536
555 546
555 535
555 551
555 550
555 223
555 552
555 547
556 215
556 535
556 550
556 554
556 557
556 559
556 562
556 563
556 564
557 213
557 215
557 217
557 554
557 556
557 559
557 561
557 562
557 564
558 213
558 560
558 565
558 669
558 674
559 213
559 215
559 554
559 556
559 557
559 560
559 561
559 562
559 564
559 653
560 659
560 558
560 561
560 655
560 654
560 653
560 675
560 656
560 559
560 660
561 557
561 559
561 560
561 562
561 563
561 564
561 652
561 653
561 674
561 675
562 215
562 554
562 556
562 557
562 559
562 561
562 563
562 564
563 537
563 540
563 541
563 556
563 561
563 562
563 564
563 649
563 652
563 653
564 535
564 556
564 557
564 559
564 561
564 562
564 563
564 653
565 114
565 115
565 201
565 211
565 558
565 566
565 670
565 671
565 673
566 114
566 115
566 116
566 201
566 565
566 670
566 671
566 673
567 77
567 78
567 80
567 570
568 461
568 463
568 475
568 74
568 734
568 459
568 465
568 451
568 73
568 736
569 75
569 76
569 77
570 79
570 80
570 567
571 698
571 572
571 596
571 581
571 785
571 786
571 575
571 582
571 595
571 776
572 571
572 778
572 574
572 3
572 575
572 582
572 573
572 581
572 608
572 776
573 584
573 779
573 581
573 785
573 778
573 595
573 3
573 574
573 575
573 576
574 577
574 608
574 576
574 573
574 606
574 572
574 783
574 3
574 575
574 779
575 579
575 584
575 582
575 779
575 572
575 606
575 571
575 3
575 577
575 581
576 608
576 573
576 606
576 779
576 607
576 605
576 574
576 3
576 575
576 579
577 578
577 608
577 574
577 607
577 606
577 603
577 779
577 605
577 597
577 575
578 12
578 579
578 5
578 599
578 694
578 690
578 597
578 576
578 598
578 585
579 598
579 13
579 577
579 580
579 581
579 594
579 605
579 5
579 578
579 585
580 5
580 12
580 13
580 579
580 586
580 587
580 591
580 594
580 595
580 596
581 572
581 573
581 584
581 571
581 583
581 582
581 575
581 785
581 596
581 595
582 595
582 584
582 583
582 572
582 571
582 581
582 786
582 785
582 575
582 776
583 786
583 582
583 571
583 785
583 584
583 697
583 698
583 696
583 596
583 814
584 814
584 776
584 571
584 575
584 786
584 582
584 572
584 785
584 698
584 581
585 588
585 578
585 4
585 599
585 598
585 589
585 587
585 690
585 579
585 592
586 592
586 600
586 5
586 6
586 585
586 587
586 579
586 580
586 12
586 593
587 592
587 579
587 589
587 586
587 594
587 585
587 580
587 5
587 12
587 588
588 587
588 692
588 585
588 586
588 1
588 602
588 591
588 4
588 592
588 29
589 601
589 692
589 591
589 593
589 6
589 13
589 592
589 594
589 588
589 693
590 594
590 585
590 586
590 589
590 601
590 588
590 29
590 599
590 593
590 6
591 588
591 590
591 594
591 593
591 600
591 12
591 595
591 6
591 29
591 692
592 602
592 586
592 589
592 591
592 691
592 587
592 590
592 4
592 588
592 593
593 13
593 591
593 692
593 601
593 6
593 587
593 590
593 592
593 602
593 29
594 691
594 591
594 13
594 596
594 12
594 589
594 693
594 593
594 595
594 587
595 693
595 581
595 12
595 591
595 594
595 580
595 587
595 583
595 596
595 573
596 696
596 693
596 580
596 595
596 583
596 694
596 13
596 581
596 571
596 695
597 604
597 699
597 578
597 798
597 603
597 607
597 605
597 598
597 694
597 577
598 1
598 4
598 578
598 579
598 585
598 597
598 599
598 690
598 694
598 697
599 690
599 592
599 588
599 585
599 586
599 1
599 590
599 598
599 600
599 692
600 592
600 588
600 601
600 585
600 690
600 590
600 593
600 591
600 29
600 693
601 692
601 593
601 602
601 600
601 588
601 589
601 691
601 29
601 592
601 590
602 591
602 29
602 589
602 588
602 690
602 600
602 590
602 692
602 592
602 593
603 607
603 699
603 597
603 604
603 784
603 577
603 798
603 605
603 606
603 576
604 798
604 784
604 605
604 603
604 697
604 817
604 577
604 606
604 607
604 597
605 576
605 577
605 578
605 579
605 597
605 603
605 604
605 606
605 607
605 798
606 798
606 605
606 783
606 604
606 576
606 575
606 779
606 784
606 603
606 607
607 576
607 606
607 577
607 603
607 779
607 783
607 604
607 798
607 597
607 784
608 782
608 778
608 603
608 779
608 606
608 784
608 572
608 576
608 607
608 3
609 176
609 181
609 610
610 181
610 609
610 611
610 801
610 826
610 827
611 181
611 610
611 797
611 800
611 801
612 620
612 619
612 628
612 614
612 640
612 616
612 629
612 613
612 627
612 641
613 625
613 614
613 629
613 623
613 639
613 632
613 640
613 641
613 628
613 612
614 622
614 641
614 613
614 639
614 625
614 612
614 627
614 626
614 617
614 623
615 55
615 52
615 56
615 618
615 677
615 545
615 630
615 625
615 619
615 616
616 627
616 640
616 626
616 624
616 56
616 625
616 619
616 617
616 612
616 641
617 626
617 620
617 613
617 630
617 623
617 614
617 625
617 619
617 627
617 628
618 644
618 615
618 56
618 643
618 642
618 619
618 616
618 639
618 677
618 545
619 629
619 614
619 630
619 627
619 628
619 640
619 612
619 618
619 615
619 631
620 629
620 626
620 623
620 621
620 631
620 617
620 630
620 619
620 628
620 625
621 626
621 627
621 617
621 631
621 625
621 614
621 612
621 640
621 613
621 629
622 632
622 613
622 542
622 624
622 640
622 628
622 53
622 614
622 627
622 639
623 625
623 620
623 630
623 616
623 631
623 640
623 622
623 627
623 619
623 53
624 83
624 622
624 542
624 632
624 55
624 52
624 543
624 53
624 56
624 615
625 629
625 630
625 615
625 620
625 613
625 616
625 626
625 623
625 614
625 617
626 627
626 623
626 629
626 641
626 617
626 628
626 612
626 622
626 83
626 613
627 83
627 621
627 613
627 631
627 612
627 629
627 617
627 622
627 620
627 56
628 613
628 623
628 627
628 619
628 620
628 55
628 640
628 83
628 632
628 614
629 55
629 630
629 622
629 632
629 83
629 624
629 621
629 640
629 612
629 627
630 628
630 627
630 619
630 617
630 631
630 56
630 615
630 623
630 626
630 625
631 622
631 627
631 612
631 613
631 632
631 619
631 614
631 630
631 620
631 83
632 53
632 628
632 614
632 622
632 83
632 624
632 613
632 639
632 629
632 630
633 53
633 534
633 537
633 541
633 542
633 543
633 637
633 638
633 639
634 643
634 635
634 638
634 637
634 647
634 644
634 540
634 650
634 636
634 646
635 540
635 634
635 636
635 637
635 638
635 643
635 646
635 647
635 648
635 650
636 540
636 634
636 635
636 637
636 638
636 643
636 646
636 647
636 648
636 650
637 647
637 541
637 633
637 650
637 636
637 634
637 643
637 635
637 540
637 646
638 639
638 633
638 637
638 635
638 636
638 541
638 634
638 643
638 642
638 542
639 623
639 613
639 641
639 633
639 631
639 642
639 614
639 618
639 628
639 632
640 618
640 641
640 620
640 632
640 613
640 628
640 83
640 631
640 621
640 612
641 640
641 615
641 625
641 618
641 632
641 614
641 613
641 56
641 617
641 612
642 56
642 616
642 618
642 638
642 639
642 640
642 641
642 643
642 644
642 677
643 618
643 634
643 635
643 636
643 637
643 638
643 642
643 644
643 646
643 677
644 545
644 548
644 618
644 634
644 642
644 643
644 646
644 677
645 650
645 648
645 546
645 548
645 676
645 646
645 551
645 547
645 634
645 552
646 637
646 643
646 645
646 548
646 634
646 647
646 551
646 650
646 644
646 636
647 645
647 634
647 648
647 649
647 646
647 636
647 651
647 540
647 637
647 541
648 635
648 649
648 540
648 645
648 636
648 650
648 647
648 541
648 634
648 651
649 648
649 651
649 659
649 654
649 675
649 228
649 227
649 226
649 647
649 563
650 634
650 651
650 649
650 648
650 540
650 635
650 541
650 647
650 645
650 646
651 647
651 227
651 650
651 229
651 648
651 649
651 222
651 654
651 655
651 228
652 563
652 656
652 649
652 560
652 655
652 561
652 657
652 226
652 674
652 659
653 660
653 674
653 661
653 560
653 659
653 654
653 652
653 649
653 559
653 655
654 658
654 652
654 653
654 651
654 228
654 675
654 227
654 226
654 655
654 656
655 657
655 226
655 228
655 654
655 658
655 653
655 649
655 560
655 675
655 660
656 658
656 653
656 659
656 657
656 227
656 560
656 649
656 228
656 661
656 674
657 661
657 655
657 560
657 654
657 226
657 652
657 675
657 653
657 658
657 674
658 225
658 657
658 660
658 655
658 659
658 652
658 226
658 674
658 228
658 675
659 657
659 653
659 652
659 655
659 674
659 226
659 649
659 661
659 658
659 675
660 654
660 655
660 662
660 656
660 661
660 669
660 652
660 675
660 657
660 560
661 653
661 662
661 228
661 659
661 657
661 652
661 660
661 560
661 227
661 669
662 225
662 660
662 661
662 663
662 667
662 668
662 669
662 674
663 225
663 660
663 661
663 662
663 667
663 668
663 669
663 674
664 230
664 665
665 664
665 233
665 671
665 666
665 672
665 230
665 667
665 673
665 232
665 668
666 230
666 232
666 233
666 665
666 667
666 670
666 672
667 225
667 230
667 232
667 233
667 662
667 663
667 665
667 666
667 668
667 672
668 662
668 663
668 665
668 667
668 669
668 670
668 672
668 673
669 558
669 560
669 660
669 661
669 662
669 663
669 668
669 674
670 565
670 566
670 665
670 666
670 668
670 671
670 672
670 673
671 114
671 115
671 565
671 566
671 665
671 670
671 672
671 673
672 230
672 665
672 666
672 667
672 668
672 670
672 671
672 673
673 565
673 566
673 665
673 668
673 670
673 671
673 672
674 662
674 660
674 558
674 653
674 652
674 657
674 226
674 560
674 656
674 658
675 652
675 561
675 656
675 659
675 226
675 660
675 655
675 661
675 649
675 560
676 229
676 546
676 547
676 548
676 551
676 552
676 555
676 634
676 645
676 646
677 52
677 544
677 545
677 548
677 615
677 618
677 642
677 643
677 644
678 680
678 685
678 812
679 680
679 701
679 820
680 678
680 679
680 681
680 700
681 680
681 811
681 812
681 819
682 683
682 684
682 804
682 812
682 813
683 682
683 684
683 687
683 794
683 804
683 807
683 813
684 682
684 683
684 687
684 688
684 813
685 678
686 787
686 789
686 820
686 821
687 683
687 684
687 791
687 792
687 794
687 813
688 684
688 790
688 791
689 808
690 600
690 29
690 578
690 1
690 599
690 4
690 691
690 693
690 602
690 692
691 692
691 593
691 590
691 588
691 594
691 690
691 602
691 13
691 592
691 29
692 693
692 1
692 588
692 589
692 600
692 602
692 591
692 690
692 601
692 29
693 600
693 595
693 13
693 691
693 695
693 602
693 692
693 594
693 29
693 591
694 578
694 596
694 597
694 598
694 690
694 695
694 696
694 697
695 583
695 596
695 690
695 693
695 694
695 696
695 697
696 583
696 596
696 694
696 695
696 697
696 698
696 699
696 785
696 814
697 583
697 597
697 598
697 604
697 694
697 695
697 696
697 698
697 699
697 814
698 571
698 583
698 584
698 696
698 697
698 699
698 785
698 786
698 814
698 817
699 597
699 603
699 604
699 696
699 697
699 698
699 785
699 798
699 814
699 817
700 680
700 701
700 819
700 830
701 679
701 700
701 820
701 822
701 829
702 704
702 834
703 704
704 702
704 703
705 710
705 837
709 710
710 705
710 709
710 839
712 145
712 713
713 712
716 774
717 330
717 331
717 332
717 333
717 718
717 719
717 721
717 723
717 724
717 726
718 331
718 332
718 333
718 717
718 719
718 721
718 724
718 726
719 331
719 332
719 333
719 521
719 717
719 718
719 720
719 721
719 722
720 521
720 719
720 840
720 841
721 239
721 717
721 718
721 719
721 722
721 724
721 725
721 726
721 728
722 239
722 719
722 721
722 724
722 725
722 726
722 841
723 329
723 330
723 420
723 421
723 429
723 717
723 724
723 727
723 728
723 729
724 717
724 718
724 721
724 722
724 723
724 725
724 726
724 727
724 728
725 230
725 239
725 262
725 721
725 722
725 724
725 726
726 239
726 262
726 717
726 718
726 721
726 722
726 724
726 725
726 727
726 728
727 261
727 418
727 421
727 723
727 724
727 726
727 728
727 729
728 418
728 726
728 724
728 420
728 721
728 429
728 729
728 723
728 727
728 421
729 723
729 427
729 330
729 419
729 418
729 417
729 432
729 328
729 420
729 428
730 733
730 732
730 88
730 86
730 473
730 491
730 731
730 98
730 87
730 475
731 469
731 475
731 730
731 454
731 733
731 734
731 86
731 732
731 98
731 88
732 455
732 454
732 88
732 89
732 731
732 98
732 99
732 733
732 86
732 730
733 86
733 88
733 98
733 454
733 475
733 730
733 731
733 732
733 734
733 735
734 735
734 568
734 736
734 468
734 731
734 737
734 475
734 733
734 467
734 738
735 731
735 74
735 734
735 447
735 454
735 736
735 733
735 737
735 738
735 451
736 468
736 568
736 474
736 452
736 447
736 462
736 445
736 734
736 738
736 737
737 452
737 446
737 462
737 466
737 447
737 734
737 448
737 445
737 736
737 735
738 467
738 465
738 463
738 734
738 461
738 446
738 445
738 736
738 448
738 735
739 451
739 568
739 460
739 468
739 452
739 448
739 465
739 70
739 461
739 71
740 170
740 206
740 764
740 766
741 391
741 501
741 742
741 409
741 383
741 389
741 503
741 375
741 494
741 410
742 411
742 741
742 415
742 391
742 499
742 508
742 375
742 498
742 412
742 413
743 350
743 529
743 754
743 756
744 350
744 351
744 524
744 526
744 527
744 528
744 529
744 531
745 248
745 746
745 747
745 749
745 750
745 751
745 752
745 753
746 247
746 248
746 745
746 747
746 750
746 752
746 771
746 773
747 133
747 136
747 745
747 746
747 749
747 750
748 133
748 770
748 771
748 773
749 136
749 141
749 745
749 747
749 750
749 754
750 342
750 745
750 746
750 747
750 749
750 751
750 752
750 753
750 754
751 752
751 745
751 349
751 344
751 342
751 750
751 334
751 352
751 248
751 343
752 745
752 746
752 344
752 751
752 246
752 248
752 247
752 750
752 249
752 343
753 342
753 343
753 344
753 349
753 350
753 352
753 745
753 750
753 751
753 754
754 141
754 350
754 352
754 743
754 749
754 750
754 753
754 756
755 138
755 151
756 140
756 141
756 144
756 743
756 754
757 149
757 154
758 156
758 157
759 158
759 159
759 234
759 235
759 238
759 760
759 762
760 238
760 759
760 761
760 762
760 763
761 238
761 760
761 762
761 763
762 158
762 170
762 759
762 760
762 761
762 763
763 164
763 760
763 761
763 762
764 164
764 168
764 740
764 765
764 766
765 168
765 173
765 178
765 764
765 766
765 769
766 178
766 206
766 210
766 740
766 764
766 765
766 769
767 172
767 174
767 794
767 808
768 122
768 177
768 178
768 186
769 178
769 206
769 210
769 765
769 766
770 157
770 748
770 771
770 773
771 237
771 746
771 748
771 770
771 773
772 236
772 241
772 242
772 244
772 245
772 246
772 247
772 248
772 250
773 237
773 247
773 746
773 748
773 770
773 771
774 144
774 716
775 336
775 524
775 525
775 526
775 529
776 571
776 787
776 572
776 785
776 573
776 777
776 788
776 778
776 786
776 582
777 776
777 778
777 782
777 788
777 790
778 779
778 782
778 573
778 776
778 788
778 783
778 574
778 777
778 608
778 572
779 574
779 3
779 575
779 576
779 783
779 608
779 782
779 573
779 607
779 572
780 782
780 790
780 791
780 792
780 795
780 796
781 782
781 783
781 784
781 795
781 796
781 797
781 799
782 608
782 777
782 778
782 779
782 780
782 781
782 783
782 784
782 795
782 796
783 3
783 574
783 606
783 607
783 608
783 778
783 779
783 781
783 782
783 784
784 603
784 604
784 606
784 607
784 608
784 781
784 782
784 783
784 798
784 799
785 584
785 698
785 583
785 582
785 572
785 814
785 786
785 696
785 581
785 699
786 698
786 817
786 582
786 584
786 776
786 814
786 785
786 571
786 815
786 583
787 686
787 776
787 786
787 788
787 789
787 815
788 776
788 777
788 778
788 787
788 789
788 790
789 686
789 787
789 788
789 790
790 688
790 777
790 780
790 788
790 789
790 791
791 687
791 688
791 780
791 790
791 792
792 687
792 780
792 791
792 795
793 174
793 794
793 795
793 796
793 797
793 800
794 683
794 687
794 767
794 793
794 807
795 780
795 781
795 782
795 792
795 793
795 796
795 797
796 780
796 781
796 782
796 793
796 795
796 797
796 799
796 800
797 174
797 611
797 781
797 793
797 795
797 796
797 800
798 817
798 597
798 799
798 604
798 607
798 699
798 606
798 605
798 814
798 784
799 781
799 784
799 796
799 798
799 801
799 816
800 174
800 181
800 611
800 793
800 796
800 797
800 801
801 610
801 611
801 799
801 800
801 816
801 818
802 806
803 805
803 806
803 810
803 811
804 682
804 683
804 805
804 807
804 813
805 803
805 804
805 811
805 812
806 802
806 803
807 683
807 794
807 804
807 808
807 813
808 689
808 767
808 807
809 810
809 839
810 803
810 809
810 811
810 832
811 681
811 803
811 805
811 810
811 832
812 678
812 681
812 682
812 805
813 682
813 683
813 684
813 687
813 804
813 807
814 815
814 785
814 786
814 696
814 583
814 798
814 699
814 584
814 817
814 697
815 786
815 787
815 814
815 816
815 817
815 821
816 799
816 801
816 815
816 817
816 818
817 604
817 698
817 699
817 786
817 798
817 814
817 815
817 816
818 801
818 816
818 822
818 823
818 827
819 681
819 700
819 831
819 832
820 679
820 686
820 701
820 821
820 822
821 686
821 815
821 820
822 701
822 818
822 820
822 828
822 829
823 818
823 825
823 826
823 827
824 826
825 823
825 836
826 610
826 823
826 824
826 827
827 610
827 818
827 823
827 826
828 822
828 829
829 701
829 822
829 828
830 700
830 831
830 833
831 819
831 830
831 832
831 837
831 838
832 810
832 811
832 819
832 831
832 838
833 830
834 702
836 825
837 705
837 831
837 838
837 839
838 831
838 832
838 837
838 839
839 710
839 809
839 837
839 838
840 720
841 720
841 722
