0 165
0 835
0 834
0 172
0 169
0 773
0 170
0 664
0 163
0 666
1 169
1 177
1 2
1 178
1 175
1 3
1 182
1 176
1 168
1 171
2 181
2 182
2 12
2 192
2 180
2 176
2 13
2 177
2 186
2 173
3 189
3 193
3 13
3 1
3 175
3 182
3 188
3 448
3 184
3 173
4 6
4 16
5 6
5 9
5 16
6 4
6 5
6 16
7 14
8 10
8 236
9 5
9 14
10 8
10 236
11 180
11 181
11 182
11 183
11 184
11 185
11 186
11 187
11 188
11 192
12 191
12 454
12 185
12 180
12 181
12 183
12 456
12 457
12 186
12 448
13 1
13 175
13 177
13 182
13 173
13 172
13 3
13 176
13 2
13 184
14 7
14 9
15 457
15 184
15 188
15 187
15 189
15 191
15 183
15 448
15 190
15 182
16 4
16 5
16 6
17 323
17 326
17 327
17 523
17 524
17 526
17 528
18 480
18 508
18 519
18 510
18 518
18 332
18 512
18 516
18 517
18 520
19 322
19 334
19 512
19 510
19 333
19 517
19 324
19 480
19 335
19 516
20 508
20 18
20 510
20 514
20 516
20 518
20 505
20 517
20 520
20 30
22 23
22 26
22 33
23 22
23 24
23 33
24 23
24 26
24 31
24 33
25 26
25 27
25 31
25 504
26 22
26 24
26 25
26 27
26 31
27 25
27 26
27 504
28 734
28 507
28 735
28 510
28 505
28 508
28 506
28 736
28 513
28 733
29 506
29 468
29 480
29 511
29 464
29 512
29 476
29 472
29 508
29 475
30 19
30 20
30 28
30 334
30 510
30 516
30 518
30 519
31 24
31 25
31 26
31 33
31 504
32 472
32 465
32 735
32 473
32 515
32 510
32 20
32 521
32 736
32 464
33 22
33 23
33 24
33 31
34 242
34 257
34 258
34 263
34 264
34 265
35 36
35 47
35 243
35 244
35 245
35 247
35 645
35 647
35 655
36 247
36 245
36 645
36 46
36 647
36 230
36 655
36 243
36 649
36 35
37 47
37 49
37 225
37 238
37 243
37 642
37 643
37 645
37 654
37 655
39 40
39 43
39 50
40 39
40 50
41 42
41 43
41 48
42 41
42 44
42 529
43 39
43 41
43 44
44 42
44 43
44 529
45 642
45 643
45 644
45 645
45 646
45 650
45 652
45 653
46 230
46 228
46 645
46 647
46 227
46 229
46 648
46 36
46 223
46 649
47 35
47 37
47 243
48 41
48 529
49 232
49 227
49 222
49 641
49 654
49 221
49 643
49 642
49 655
49 228
50 39
50 40
51 117
51 118
51 119
51 120
51 121
51 546
51 555
51 740
52 53
52 54
52 64
52 541
52 543
52 547
53 538
53 543
53 563
53 535
53 558
53 547
53 64
53 536
53 52
53 542
54 52
54 64
54 66
54 538
54 543
54 544
54 547
54 548
54 741
56 57
56 60
56 67
57 56
57 58
57 67
58 57
58 59
58 60
58 65
58 67
59 58
60 56
60 58
60 65
61 581
62 531
62 532
62 534
62 536
62 537
62 538
62 539
62 540
62 545
63 542
63 533
63 575
63 535
63 534
63 536
63 538
63 53
63 541
63 564
64 52
64 53
64 54
64 547
65 58
65 60
65 67
66 548
66 536
66 551
66 539
66 54
66 547
66 537
66 549
66 538
66 580
67 56
67 57
67 58
67 65
68 678
68 683
68 686
68 688
68 690
68 691
69 678
69 81
69 715
69 676
69 70
69 677
69 682
69 675
69 681
69 680
70 69
70 71
70 80
70 81
70 607
70 676
70 677
70 680
70 681
70 726
71 675
71 680
71 83
71 667
71 668
71 375
71 674
71 679
71 81
71 677
72 74
73 74
73 84
74 72
74 73
74 84
75 77
75 82
75 84
76 77
76 78
76 608
77 75
77 76
77 82
77 608
78 76
78 608
79 677
79 669
79 668
79 671
79 674
79 673
79 672
79 675
79 727
79 71
80 727
80 360
80 364
80 70
80 357
80 726
80 681
80 365
80 680
80 356
81 69
81 70
81 71
81 676
81 678
82 75
82 77
82 84
82 608
83 668
83 361
83 374
83 71
83 676
83 674
83 680
83 362
83 677
83 359
84 73
84 74
84 75
84 82
85 86
85 87
85 89
85 91
85 92
85 93
85 627
85 628
86 85
86 87
86 88
86 89
86 91
86 96
86 427
86 627
86 629
87 85
87 86
87 88
87 89
87 91
87 627
87 628
87 629
87 630
87 631
88 282
88 280
88 627
88 630
88 87
88 629
88 281
88 89
88 631
88 86
89 85
89 86
89 87
89 88
89 91
89 96
89 427
89 627
90 97
90 99
90 423
90 424
90 425
90 426
90 427
90 429
91 85
91 86
91 87
91 89
91 92
91 93
92 85
92 91
92 743
92 744
92 748
93 85
93 91
93 94
93 95
93 96
93 100
93 130
93 747
94 93
94 95
94 100
94 130
94 139
94 747
95 93
95 94
95 96
95 100
95 108
95 130
95 135
95 747
96 86
96 89
96 93
96 95
96 100
96 627
97 90
97 99
97 423
97 424
97 427
97 600
97 601
97 602
97 604
98 99
98 102
98 104
98 105
98 598
99 90
99 97
99 98
99 600
99 601
99 604
100 93
100 94
100 95
100 96
100 108
100 130
100 135
100 747
101 102
101 108
101 109
101 130
102 98
102 101
102 103
102 109
103 102
103 104
103 105
103 106
103 107
103 114
103 115
103 116
103 739
104 591
104 588
104 595
104 107
104 106
104 587
104 105
104 582
104 593
104 586
105 586
105 583
105 104
105 595
105 582
105 591
105 596
105 588
105 593
105 584
106 105
106 739
106 586
106 591
106 589
106 587
106 583
106 103
106 107
106 104
107 103
107 104
107 105
107 106
107 114
107 115
107 116
107 591
107 739
108 95
108 100
108 101
108 129
108 130
108 134
109 101
109 102
109 110
109 111
109 112
109 115
110 109
110 111
110 112
110 113
110 114
110 123
110 124
110 129
111 109
111 110
111 112
111 115
111 129
112 109
112 110
112 111
112 113
112 123
112 124
112 129
112 131
112 132
113 110
113 112
113 114
113 122
113 123
113 124
113 126
113 556
113 740
114 116
114 118
114 119
114 554
114 107
114 740
114 739
114 103
114 115
114 120
115 103
115 107
115 109
115 111
115 114
115 116
116 554
116 103
116 740
116 119
116 120
116 115
116 739
116 555
116 737
116 107
117 51
117 553
117 740
117 555
117 558
117 543
117 121
117 546
117 552
117 120
118 117
118 552
118 557
118 121
118 119
118 554
118 114
118 737
118 51
118 116
119 556
119 121
119 738
119 546
119 51
119 554
119 118
119 737
119 117
119 116
120 552
120 121
120 51
120 118
120 556
120 737
120 117
120 546
120 740
120 555
121 557
121 740
121 51
121 546
121 555
121 552
121 119
121 120
121 118
121 117
122 113
122 123
122 124
122 125
122 126
122 131
122 132
122 556
122 592
123 110
123 112
123 113
123 122
123 124
123 125
123 126
123 131
123 132
124 110
124 112
124 113
124 122
124 123
124 125
124 126
124 129
124 131
124 132
125 131
125 584
125 582
125 132
125 583
125 123
125 592
125 594
125 586
125 596
126 124
126 125
126 131
126 584
126 594
126 583
126 586
126 592
126 122
126 123
127 557
127 567
127 590
127 128
127 560
127 572
127 566
127 564
127 559
127 573
128 127
128 557
128 559
128 560
128 566
129 108
129 110
129 111
129 112
129 124
129 133
130 93
130 94
130 95
130 100
130 101
130 108
130 134
130 135
130 137
130 138
131 112
131 597
131 596
131 594
131 592
131 593
131 123
131 132
131 125
131 126
132 592
132 123
132 594
132 122
132 133
132 597
132 112
132 593
132 595
132 124
133 129
133 131
133 132
133 418
133 594
133 603
134 108
134 130
134 135
134 136
134 137
134 138
135 95
135 100
135 130
135 134
135 137
135 138
135 139
136 134
136 140
136 142
136 144
136 416
136 417
136 418
137 130
137 134
137 135
137 138
137 139
137 141
138 130
138 134
138 135
138 137
138 139
138 141
139 94
139 135
139 137
139 138
139 143
139 747
139 749
140 136
140 142
140 144
140 405
140 406
140 407
140 415
140 416
140 417
141 137
141 138
141 660
141 700
141 703
141 704
141 721
141 836
142 140
142 407
142 136
142 404
142 416
142 406
142 144
142 417
142 408
142 415
143 139
143 742
143 749
143 752
144 136
144 140
144 142
144 400
144 405
144 406
144 407
144 415
144 700
145 147
145 152
145 752
146 148
146 750
147 145
147 152
148 146
150 151
151 150
152 145
152 147
152 753
152 838
153 154
153 755
154 153
155 157
155 206
155 758
155 761
155 762
155 789
156 158
156 762
157 155
157 206
157 789
158 156
158 764
159 160
159 764
159 823
160 159
160 161
160 446
160 447
161 160
161 162
161 446
161 447
162 161
162 756
162 762
162 811
162 812
163 771
163 769
163 834
163 167
163 165
163 170
163 665
163 169
163 164
163 835
164 168
164 169
164 166
164 452
164 165
164 834
164 769
164 771
164 167
164 451
165 166
165 170
165 771
165 665
165 769
165 666
165 835
165 0
165 834
165 172
166 164
166 451
166 835
166 165
166 452
166 771
166 169
166 170
166 769
166 770
167 451
167 166
167 179
167 771
167 169
167 168
167 163
167 770
167 178
167 452
168 771
168 451
168 164
168 163
168 178
168 171
168 170
168 1
168 166
168 169
169 163
169 168
169 172
169 165
169 166
169 178
169 0
169 171
169 665
169 1
170 168
170 164
170 665
170 163
170 165
170 172
170 171
170 166
170 0
170 666
171 177
171 168
171 169
171 172
171 176
171 13
171 170
171 179
171 178
171 2
172 665
172 13
172 169
172 170
172 664
172 195
172 198
172 171
172 666
172 165
173 174
173 171
173 3
173 13
173 2
173 1
173 172
173 176
173 175
173 182
174 172
174 173
174 194
174 195
174 196
174 197
174 198
174 664
174 666
175 184
175 173
175 15
175 3
175 182
175 193
175 187
175 188
175 195
175 449
176 187
176 182
176 2
176 181
176 1
176 177
176 171
176 13
176 180
176 185
177 179
177 13
177 176
177 186
177 184
177 182
177 180
177 171
177 185
177 12
178 1
178 2
178 167
178 168
178 169
178 171
178 177
178 179
178 454
178 455
179 2
179 167
179 168
179 171
179 177
179 178
179 451
179 454
179 455
180 457
180 183
180 12
180 190
180 182
180 185
180 192
180 188
180 456
180 11
181 187
181 190
181 182
181 191
181 456
181 185
181 177
181 192
181 11
181 2
182 184
182 2
182 173
182 11
182 1
182 185
182 181
182 188
182 187
182 171
183 191
183 12
183 189
183 185
183 188
183 180
183 448
183 456
183 187
183 186
184 176
184 181
184 189
184 188
184 186
184 192
184 182
184 183
184 11
184 185
185 180
185 181
185 184
185 176
185 192
185 2
185 11
185 457
185 183
185 12
186 456
186 185
186 11
186 192
186 177
186 457
186 182
186 184
186 183
186 191
187 180
187 190
187 191
187 457
187 176
187 189
187 177
187 185
187 15
187 188
188 191
188 182
188 189
188 184
188 183
188 3
188 180
188 193
188 15
188 190
189 457
189 175
189 190
189 183
189 182
189 184
189 188
189 3
189 15
189 187
190 187
190 181
190 15
190 448
190 188
190 185
190 12
190 180
190 183
190 186
191 454
191 184
191 187
191 183
191 456
191 186
191 188
191 12
191 185
191 189
192 181
192 185
192 186
192 187
192 2
192 184
192 191
192 448
192 183
192 177
193 3
193 175
193 188
193 194
193 195
193 448
193 449
193 450
194 174
194 198
194 195
194 453
194 664
194 193
194 197
194 196
194 449
194 784
195 197
195 450
195 175
195 3
195 198
195 174
195 194
195 173
195 784
195 453
196 453
196 772
196 197
196 784
196 664
196 172
196 198
196 195
196 174
196 773
197 194
197 453
197 196
197 832
197 784
197 195
197 198
197 664
197 772
197 450
198 194
198 784
198 172
198 453
198 197
198 772
198 666
198 174
198 773
198 664
199 201
200 201
200 202
200 787
201 199
201 200
201 202
201 786
201 787
202 200
202 201
202 785
202 786
202 787
202 788
203 786
203 803
203 829
203 830
205 779
205 780
205 785
205 788
206 155
206 157
206 761
206 788
206 789
207 764
207 767
208 235
208 218
208 210
208 214
208 211
208 233
208 224
208 625
208 212
208 219
209 210
209 279
209 211
209 217
209 218
209 208
209 219
209 212
209 625
209 237
210 217
210 214
210 211
210 237
210 209
210 234
210 270
210 208
210 240
210 212
211 209
211 625
211 234
211 218
211 208
211 217
211 237
211 219
211 210
211 212
212 209
212 210
212 213
212 217
212 211
212 241
212 239
212 237
212 270
212 208
213 211
213 212
213 219
213 224
213 237
213 238
213 655
214 215
214 208
214 210
214 209
214 621
214 218
214 234
214 619
214 616
214 217
215 279
215 624
215 618
215 622
215 613
215 214
215 621
215 610
215 625
215 616
216 214
216 278
216 276
216 610
216 621
216 612
216 215
216 616
216 279
216 622
217 234
217 214
217 210
217 212
217 279
217 216
217 218
217 215
217 209
217 625
218 214
218 209
218 234
218 208
218 211
218 625
218 249
218 217
218 246
218 235
219 208
219 209
219 210
219 211
219 212
219 213
219 221
219 223
219 224
219 233
220 215
220 625
220 218
220 214
220 255
220 252
220 612
220 253
220 256
220 261
221 49
221 231
221 649
221 641
221 224
221 46
221 223
221 219
221 222
221 225
222 654
222 644
222 228
222 231
222 641
222 221
222 226
222 49
222 651
222 650
223 233
223 649
223 221
223 230
223 222
223 648
223 224
223 226
223 225
223 46
224 208
224 211
224 213
224 219
224 221
224 223
224 233
224 234
225 223
225 654
225 228
225 232
225 37
225 49
225 655
225 642
225 221
225 231
226 231
226 649
226 49
226 650
226 46
226 227
226 643
226 641
226 654
226 228
227 650
227 225
227 648
227 653
227 222
227 651
227 228
227 231
227 654
227 49
228 653
228 229
228 225
228 227
228 654
228 222
228 650
228 649
228 641
228 46
229 231
229 652
229 227
229 645
229 221
229 46
229 649
229 222
229 223
229 646
230 646
230 647
230 223
230 221
230 233
230 245
230 36
230 229
230 649
230 648
231 643
231 650
231 232
231 225
231 644
231 229
231 227
231 651
231 49
231 648
232 653
232 231
232 646
232 229
232 49
232 652
232 648
232 649
232 226
232 46
233 230
233 219
233 245
233 235
233 223
233 218
233 246
233 234
233 208
233 247
234 249
234 248
234 208
234 217
234 224
234 209
234 214
234 218
234 246
234 235
235 208
235 218
235 233
235 234
235 246
235 248
235 249
235 250
235 251
235 625
236 8
236 10
237 240
237 210
237 239
237 241
237 209
237 211
237 268
237 238
237 655
237 213
238 37
238 213
238 237
238 239
238 240
238 243
238 270
238 642
238 655
239 257
239 258
239 263
239 655
239 243
239 212
239 264
239 240
239 237
239 268
240 271
240 263
240 270
240 237
240 212
240 239
240 241
240 238
240 264
240 265
241 270
241 258
241 265
241 268
241 239
241 262
241 212
241 267
241 264
241 263
242 258
242 249
242 34
242 265
242 239
242 264
242 244
242 263
242 248
242 251
243 647
243 245
243 238
243 244
243 247
243 655
243 47
243 35
243 36
243 37
244 265
244 249
244 257
244 263
244 35
244 251
244 250
244 242
244 248
244 246
245 35
245 36
245 230
245 233
245 242
245 243
245 244
245 246
245 247
245 251
246 235
246 247
246 250
246 245
246 218
246 233
246 248
246 244
246 251
246 249
247 35
247 36
247 230
247 233
247 243
247 244
247 245
247 246
247 645
247 647
248 263
248 264
248 252
248 250
248 251
248 257
248 261
248 234
248 244
248 249
249 261
249 218
249 234
249 235
249 250
249 252
249 251
249 244
249 257
249 263
250 235
250 263
250 261
250 262
250 251
250 252
250 258
250 248
250 244
250 242
251 244
251 242
251 246
251 257
251 264
251 241
251 263
251 265
251 248
251 239
252 250
252 262
252 253
252 261
252 257
252 251
252 256
252 254
252 220
252 248
253 220
253 252
253 254
253 255
253 256
253 260
253 261
253 612
253 614
254 252
254 617
254 613
254 616
254 253
254 256
254 255
254 215
254 612
254 220
255 253
255 260
255 615
255 254
255 220
255 610
255 616
255 617
255 613
255 611
256 220
256 252
256 253
256 254
256 255
256 260
256 261
256 612
256 614
257 242
257 252
257 262
257 34
257 268
257 241
257 239
257 248
257 250
257 261
258 239
258 271
258 261
258 257
258 34
258 251
258 263
258 241
258 250
258 264
259 260
259 266
259 273
259 626
260 253
260 255
260 256
260 259
260 261
260 266
260 626
261 248
261 252
261 249
261 262
261 260
261 253
261 250
261 258
261 220
261 256
262 241
262 250
262 252
262 257
262 258
262 261
262 265
262 267
262 269
262 271
263 258
263 249
263 34
263 250
263 241
263 270
263 257
263 242
263 264
263 265
264 248
264 240
264 268
264 257
264 244
264 34
264 249
264 251
264 258
264 241
265 264
265 270
265 258
265 262
265 268
265 267
265 271
265 244
265 263
265 250
266 259
266 260
266 269
266 273
266 280
266 626
266 632
267 241
267 258
267 262
267 265
267 269
267 271
267 272
267 275
268 242
268 239
268 271
268 251
268 270
268 265
268 263
268 264
268 257
268 241
269 262
269 266
269 267
269 272
269 273
269 275
270 239
270 265
270 238
270 268
270 264
270 211
270 263
270 241
270 210
270 237
271 240
271 278
271 241
271 265
271 267
271 258
271 270
271 268
271 624
271 262
272 267
272 269
272 273
272 275
272 277
272 278
272 279
272 621
272 622
272 624
273 259
273 266
273 269
273 272
273 274
273 275
273 280
273 632
274 273
274 283
275 267
275 269
275 272
275 273
275 277
275 278
275 279
275 621
275 622
275 624
276 624
276 290
276 617
276 623
276 277
276 618
276 610
276 619
276 622
276 609
277 620
277 215
277 617
277 278
277 619
277 618
277 216
277 275
277 279
277 276
278 624
278 275
278 279
278 272
278 621
278 216
278 619
278 277
278 276
278 620
279 624
279 215
279 271
279 209
279 216
279 622
279 277
279 214
279 272
279 275
280 88
280 266
280 273
280 281
280 282
280 630
280 631
280 632
281 88
281 280
281 282
281 626
281 630
281 631
281 632
282 88
282 280
282 281
282 283
282 629
282 630
282 631
282 632
282 633
283 274
283 282
283 284
283 285
283 286
283 288
283 289
283 347
283 633
283 790
284 283
284 285
284 286
284 288
284 289
284 294
284 347
284 633
284 790
285 284
285 293
285 286
285 283
285 347
285 294
285 790
285 629
285 634
285 796
286 293
286 292
286 285
286 346
286 348
286 795
286 347
286 284
286 633
286 794
287 431
287 288
287 502
287 346
287 731
287 292
287 291
287 347
287 732
287 289
288 283
288 284
288 287
288 289
288 290
288 292
288 346
288 431
288 731
288 732
289 283
289 284
289 287
289 288
289 290
289 292
289 346
289 431
289 731
289 732
290 276
290 288
290 289
290 620
290 623
290 731
290 732
291 498
291 833
291 287
291 502
291 292
291 492
291 500
291 346
291 345
291 497
292 346
292 347
292 291
292 502
292 287
292 344
292 289
292 288
292 286
292 498
293 794
293 285
293 349
293 795
293 294
293 348
293 350
293 347
293 352
293 351
294 348
294 284
294 285
294 293
294 286
294 352
294 793
294 795
294 347
294 791
295 297
295 298
295 745
295 797
296 298
296 300
297 295
297 636
298 295
298 296
298 299
298 301
298 792
298 799
299 298
299 301
299 302
299 303
300 296
300 636
301 298
301 299
301 798
301 799
301 800
302 299
302 303
302 306
303 299
303 302
303 307
304 308
305 800
305 807
306 302
306 435
307 303
307 436
308 304
309 319
309 329
309 311
309 328
309 486
309 481
309 491
309 312
309 310
309 327
310 309
310 311
310 318
310 328
310 329
310 481
310 484
310 486
310 490
310 491
311 481
311 329
311 490
311 318
311 328
311 487
311 310
311 486
311 495
311 485
312 309
312 313
312 314
312 318
312 319
312 320
312 351
312 354
313 312
313 314
313 315
313 493
313 494
313 499
313 501
314 312
314 313
314 315
314 316
314 350
314 354
314 499
314 501
315 313
315 314
315 316
315 492
315 493
315 499
315 500
315 501
316 314
316 315
316 317
316 350
316 501
317 316
317 503
317 800
318 309
318 310
318 311
318 312
318 319
318 320
318 326
318 327
318 328
318 486
319 321
319 355
319 326
319 325
319 353
319 327
319 309
319 328
319 320
319 318
320 312
320 318
320 319
320 321
320 326
320 351
320 353
320 355
321 319
321 320
321 325
321 326
321 353
321 355
322 526
322 524
322 330
322 520
322 334
322 19
322 333
322 332
322 519
322 327
323 525
323 322
323 326
323 458
323 325
323 520
323 522
323 336
323 332
323 524
324 517
324 527
324 335
324 19
324 18
324 526
324 327
324 337
324 341
324 520
325 335
325 319
325 327
325 330
325 336
325 323
325 526
325 353
325 321
325 337
326 325
326 321
326 528
326 324
326 335
326 353
326 331
326 320
326 524
326 17
327 323
327 326
327 336
327 309
327 17
327 526
327 325
327 324
327 332
327 328
328 318
328 481
328 327
328 484
328 458
328 319
328 461
328 491
328 310
328 309
329 328
329 484
329 485
329 482
329 310
329 491
329 481
329 458
329 309
329 311
330 325
330 338
330 342
330 326
330 353
330 322
330 355
330 339
330 324
330 343
331 341
331 335
331 338
331 324
331 485
331 337
331 339
331 336
331 487
331 342
332 337
332 336
332 335
332 524
332 526
332 341
332 523
332 325
332 331
332 340
333 340
333 479
333 332
333 324
333 528
333 334
333 462
333 331
333 512
333 463
334 519
334 524
334 523
334 30
334 517
334 341
334 528
334 332
334 526
334 518
335 336
335 332
335 327
335 322
335 18
335 337
335 528
335 323
335 341
335 512
336 337
336 323
336 332
336 523
336 528
336 480
336 334
336 335
336 467
336 331
337 487
337 336
337 341
337 483
337 339
337 485
337 332
337 331
337 330
337 335
338 487
338 488
338 337
338 331
338 490
338 343
338 483
338 484
338 339
338 485
339 338
339 488
339 355
339 343
339 483
339 342
339 331
339 487
339 330
339 344
340 479
340 331
340 467
340 482
340 341
340 463
340 335
340 461
340 333
340 336
341 332
341 322
341 463
341 337
341 467
341 340
341 461
341 462
341 512
341 324
342 486
342 490
342 330
342 483
342 485
342 489
342 339
342 331
342 484
342 338
343 483
343 484
343 486
343 339
343 345
343 490
343 331
343 487
343 489
343 330
344 292
344 339
344 345
344 346
344 352
344 353
344 355
344 497
345 343
345 291
345 492
345 498
345 494
345 496
345 500
345 488
345 495
345 342
346 287
346 288
346 291
346 347
346 286
346 344
346 289
346 292
346 431
346 502
347 287
347 286
347 790
347 348
347 285
347 293
347 294
347 633
347 346
347 794
348 794
348 350
348 286
348 294
348 790
348 795
348 293
348 347
348 352
348 354
349 293
349 348
349 350
349 791
349 794
349 795
349 798
350 293
350 314
350 316
350 348
350 349
350 351
350 352
350 354
350 795
351 293
351 312
351 320
351 348
351 350
351 352
351 354
352 286
352 293
352 294
352 344
352 347
352 348
352 350
352 351
352 354
353 319
353 320
353 321
353 325
353 326
353 330
353 339
353 344
353 355
354 312
354 314
354 348
354 350
354 351
354 352
355 319
355 320
355 321
355 325
355 326
355 330
355 331
355 339
355 344
355 353
356 364
356 366
356 359
356 727
356 670
356 358
356 375
356 363
356 726
356 362
357 362
357 365
357 359
357 675
357 363
357 356
357 671
357 668
357 674
357 727
358 727
358 671
358 362
358 357
358 728
358 670
358 356
358 673
358 668
358 674
359 367
359 360
359 83
359 374
359 667
359 366
359 668
359 375
359 356
359 361
360 366
360 681
360 726
360 367
360 607
360 356
360 365
360 375
360 359
360 80
361 83
361 372
361 370
361 667
361 375
361 360
361 367
361 369
361 374
361 729
362 83
362 375
362 727
362 675
362 667
362 364
362 356
362 728
362 674
362 672
363 674
363 362
363 673
363 358
363 670
363 727
363 668
363 671
363 357
363 669
364 726
364 668
364 672
364 357
364 358
364 673
364 669
364 362
364 727
364 356
365 358
365 677
365 672
365 674
365 726
365 357
365 668
365 728
365 364
365 362
366 367
366 365
366 356
366 360
366 359
366 357
366 607
366 681
366 672
366 677
367 366
367 80
367 370
367 378
367 360
367 607
367 368
367 726
367 715
367 359
368 370
368 361
368 373
368 380
368 372
368 605
368 376
368 378
368 369
368 371
369 382
369 380
369 685
369 605
369 370
369 373
369 361
369 730
369 729
369 692
370 376
370 372
370 371
370 605
370 367
370 380
370 373
370 368
370 606
370 361
371 380
371 369
371 385
371 370
371 372
371 605
371 373
371 377
371 368
371 378
372 361
372 368
372 369
372 370
372 371
372 373
372 376
372 378
372 380
372 605
373 380
373 692
373 685
373 371
373 369
373 361
373 684
373 372
373 370
373 368
374 676
374 375
374 675
374 730
374 71
374 83
374 729
374 360
374 667
374 359
375 361
375 356
375 362
375 359
375 674
375 667
375 71
375 83
375 675
375 374
376 385
376 379
376 605
376 368
376 372
376 377
376 371
376 382
376 378
376 370
377 380
377 394
377 381
377 383
377 388
377 385
377 387
377 382
377 384
377 392
378 372
378 376
378 368
378 715
378 379
378 697
378 370
378 380
378 371
378 687
379 391
379 388
379 606
379 392
379 711
379 385
379 376
379 390
379 716
379 380
380 385
380 368
380 378
380 371
380 376
380 377
380 379
380 369
380 381
380 605
381 396
381 401
381 386
381 376
381 387
381 377
381 384
381 390
381 385
381 380
382 699
382 693
382 369
382 385
382 381
382 376
382 377
382 383
382 694
382 386
383 377
383 394
383 702
383 401
383 389
383 386
383 385
383 384
383 387
383 693
384 702
384 385
384 395
384 396
384 387
384 383
384 389
384 394
384 381
384 390
385 384
385 381
385 383
385 390
385 380
385 379
385 394
385 376
385 382
385 396
386 395
386 377
386 388
386 396
386 394
386 382
386 384
386 390
386 401
386 383
387 394
387 390
387 392
387 383
387 377
387 395
387 401
387 386
387 384
387 381
388 390
388 391
388 381
388 393
388 394
388 395
388 377
388 379
388 389
388 386
389 377
389 396
389 381
389 383
389 384
389 393
389 387
389 391
389 394
389 386
390 401
390 392
390 394
390 396
390 381
390 387
390 391
390 385
390 395
390 379
391 711
391 392
391 389
391 379
391 395
391 393
391 388
391 397
391 710
391 716
392 397
392 389
392 377
392 388
392 379
392 390
392 716
392 391
392 385
392 710
393 379
393 381
393 388
393 389
393 390
393 391
393 392
393 710
393 711
393 716
394 390
394 399
394 398
394 388
394 401
394 383
394 400
394 385
394 395
394 377
395 386
395 391
395 394
395 381
395 396
395 388
395 401
395 399
395 389
395 384
396 384
396 387
396 389
396 394
396 381
396 395
396 401
396 398
396 392
396 388
397 390
397 391
397 392
397 398
397 711
397 712
398 391
398 394
398 395
398 396
398 397
398 399
398 402
398 403
398 411
399 394
399 395
399 396
399 398
399 400
399 401
399 402
399 403
399 404
399 411
400 701
400 403
400 405
400 144
400 404
400 401
400 406
400 399
400 142
400 394
401 400
401 390
401 394
401 396
401 399
401 395
401 702
401 389
401 386
401 387
402 398
402 399
402 403
402 404
402 408
402 410
402 411
402 412
403 142
403 398
403 399
403 400
403 402
403 404
403 406
403 407
403 408
403 411
404 403
404 407
404 400
404 142
404 405
404 411
404 406
404 410
404 402
404 399
405 140
405 142
405 144
405 400
405 404
405 406
405 407
405 408
405 700
405 701
406 140
406 142
406 144
406 400
406 403
406 404
406 405
406 407
406 408
406 410
407 140
407 142
407 144
407 400
407 403
407 404
407 405
407 406
407 408
407 410
408 142
408 402
408 403
408 404
408 405
408 406
408 407
408 410
408 411
409 410
410 402
410 404
410 406
410 407
410 408
410 409
410 411
410 412
411 398
411 399
411 402
411 403
411 404
411 408
411 410
411 412
412 402
412 410
412 411
412 413
412 714
412 717
412 718
413 412
413 714
413 717
413 718
414 662
414 717
414 718
414 840
415 140
415 142
415 144
416 136
416 140
416 142
416 417
416 418
416 424
416 600
416 601
416 602
416 604
417 136
417 140
417 142
417 416
417 418
417 424
417 600
417 601
417 602
417 604
418 133
418 136
418 416
418 417
418 600
418 601
418 602
418 603
418 604
419 421
419 444
420 442
421 419
422 806
423 90
423 97
423 424
423 600
423 601
424 90
424 97
424 416
424 417
424 423
424 600
424 601
424 602
424 604
425 90
425 426
425 428
425 429
425 430
425 431
426 90
426 425
426 430
426 432
426 805
427 86
427 89
427 90
427 97
427 429
427 627
428 425
428 429
428 430
428 609
428 611
428 731
428 732
429 90
429 425
429 427
429 428
429 430
429 611
429 615
430 425
430 426
430 428
430 429
430 431
430 731
430 732
431 732
431 425
431 289
431 292
431 346
431 432
431 502
431 288
431 731
431 287
432 426
432 431
432 502
432 805
435 306
436 307
438 439
439 438
442 420
442 445
443 445
443 808
444 419
445 442
445 443
445 809
446 160
446 161
446 447
446 811
446 815
446 820
447 160
447 161
447 446
447 820
447 821
448 192
448 449
448 456
448 175
448 189
448 12
448 188
448 454
448 455
448 190
449 3
449 175
449 193
449 194
449 195
449 448
449 450
449 455
450 193
450 194
450 195
450 197
450 449
450 451
450 452
450 453
450 455
451 831
451 166
451 167
451 453
451 452
451 455
451 771
451 179
451 770
451 164
452 164
452 166
452 167
452 450
452 451
452 453
452 770
452 771
452 831
452 832
453 784
453 831
453 196
453 832
453 198
453 195
453 194
453 197
453 452
453 450
454 456
454 178
454 12
454 455
454 191
454 190
454 177
454 186
454 457
454 192
455 167
455 178
455 179
455 448
455 449
455 450
455 451
455 454
456 190
456 192
456 12
456 191
456 186
456 457
456 177
456 189
456 181
456 185
457 187
457 185
457 180
457 15
457 192
457 184
457 183
457 454
457 191
457 181
458 527
458 461
458 479
458 520
458 523
458 526
458 521
458 481
458 525
458 482
459 462
459 474
459 514
459 521
459 525
459 458
459 461
459 527
459 460
459 522
460 458
460 527
460 462
460 525
460 481
460 340
460 480
460 463
460 478
460 479
461 460
461 478
461 520
461 467
461 463
461 462
461 340
461 459
461 481
461 474
462 477
462 341
462 521
462 458
462 467
462 333
462 480
462 463
462 479
462 482
463 511
463 459
463 467
463 512
463 474
463 333
463 464
463 469
463 29
463 340
464 511
464 471
464 474
464 472
464 505
464 463
464 32
464 470
464 466
464 29
465 468
465 512
465 29
465 470
465 475
465 466
465 472
465 515
465 464
465 510
466 734
466 514
466 469
466 468
466 733
466 464
466 32
466 475
466 513
466 509
467 484
467 331
467 518
467 461
467 462
467 333
467 335
467 340
467 336
467 478
468 509
468 734
468 476
468 469
468 466
468 465
468 472
468 473
468 735
468 464
469 513
469 464
469 511
469 466
469 476
469 509
469 465
469 463
469 473
469 468
470 468
470 506
470 469
470 509
470 733
470 32
470 476
470 734
470 505
470 513
471 468
471 736
471 509
471 515
471 513
471 472
471 476
471 470
471 505
471 475
472 476
472 508
472 506
472 465
472 733
472 505
472 470
472 29
472 475
472 468
473 464
473 505
473 469
473 521
473 471
473 465
473 515
473 470
473 463
473 466
474 527
474 473
474 525
474 462
474 458
474 516
474 464
474 522
474 479
474 461
475 735
475 468
475 472
475 736
475 515
475 510
475 506
475 509
475 511
475 476
476 736
476 466
476 471
476 475
476 513
476 29
476 470
476 509
476 733
476 511
477 461
477 340
477 462
477 341
477 329
477 482
477 458
477 467
477 337
477 481
478 462
478 477
478 460
478 461
478 467
478 479
478 340
478 484
478 337
478 481
479 480
479 462
479 521
479 460
479 458
479 461
479 482
479 463
479 467
479 341
480 18
480 479
480 333
480 340
480 518
480 469
480 29
480 463
480 510
480 336
481 487
481 310
481 483
481 309
481 482
481 458
481 486
481 477
481 329
481 328
482 341
482 337
482 527
482 460
482 329
482 458
482 477
482 484
482 461
482 478
483 496
483 484
483 490
483 329
483 343
483 488
483 491
483 487
483 481
483 337
484 460
484 487
484 482
484 486
484 458
484 477
484 478
484 481
484 485
484 489
485 337
485 329
485 488
485 483
485 338
485 486
485 490
485 495
485 487
485 491
486 489
486 495
486 309
486 488
486 485
486 481
486 487
486 342
486 483
486 484
487 486
487 488
487 337
487 311
487 495
487 489
487 485
487 491
487 490
487 481
488 491
488 338
488 339
488 490
488 485
488 481
488 486
488 342
488 345
488 496
489 337
489 487
489 488
489 491
489 339
489 495
489 338
489 483
489 496
489 484
490 495
490 487
490 329
490 486
490 337
490 485
490 310
490 483
490 338
490 343
491 342
491 490
491 329
491 485
491 488
491 328
491 310
491 489
491 481
491 484
492 494
492 493
492 499
492 345
492 500
492 291
492 497
492 501
492 498
492 833
493 313
493 315
493 492
493 494
493 495
493 499
493 500
493 501
494 313
494 495
494 345
494 493
494 492
494 496
494 500
494 499
494 498
494 497
495 496
495 487
495 497
495 489
495 483
495 342
495 311
495 343
495 488
495 485
496 494
496 491
496 345
496 489
496 343
496 495
496 487
496 342
496 486
496 483
497 291
497 344
497 345
497 488
497 492
497 494
497 495
497 496
497 498
497 500
498 287
498 291
498 292
498 345
498 346
498 492
498 494
498 497
498 500
498 502
499 291
499 313
499 314
499 315
499 492
499 493
499 494
499 500
499 501
500 497
500 499
500 315
500 498
500 833
500 345
500 493
500 494
500 492
500 291
501 494
501 313
501 833
501 315
501 493
501 499
501 492
501 316
501 503
501 314
502 287
502 291
502 292
502 346
502 431
502 432
502 498
503 317
503 501
503 833
504 25
504 27
504 31
505 32
505 733
505 515
505 516
505 466
505 734
505 20
505 18
505 464
505 735
506 733
506 734
506 28
506 510
506 472
506 475
506 505
506 476
506 466
506 507
507 735
507 475
507 466
507 472
507 28
507 476
507 508
507 515
507 471
507 470
508 516
508 29
508 472
508 473
508 18
508 517
508 20
508 515
508 28
508 511
509 734
509 508
509 733
509 475
509 468
509 507
509 515
509 511
509 510
509 29
510 480
510 29
510 513
510 20
510 517
510 32
510 30
510 516
510 18
510 506
511 734
511 510
511 512
511 463
511 464
511 480
511 475
511 506
511 518
511 508
512 508
512 510
512 467
512 29
512 18
512 333
512 519
512 336
512 463
512 517
513 466
513 468
513 734
513 735
513 28
513 733
513 510
513 29
513 511
513 506
514 516
514 736
514 735
514 472
514 473
514 506
514 510
514 465
514 32
514 474
515 505
515 733
515 465
515 734
515 464
515 466
515 471
515 506
515 473
515 509
516 19
516 514
516 522
516 32
516 512
516 20
516 334
516 18
516 519
516 30
517 518
517 516
517 505
517 512
517 334
517 520
517 322
517 480
517 332
517 18
518 334
518 18
518 467
518 20
518 508
518 516
518 517
518 519
518 511
518 29
519 19
519 526
519 508
519 332
519 523
519 516
519 334
519 528
519 322
519 520
520 526
520 521
520 523
520 519
520 528
520 474
520 18
520 324
520 322
520 332
521 527
521 461
521 514
521 479
521 523
521 474
521 462
521 522
521 460
521 32
522 323
522 519
522 474
522 458
522 460
522 526
522 461
522 520
522 516
522 459
523 323
523 334
523 17
523 520
523 332
523 525
523 526
523 521
523 322
523 458
524 334
524 520
524 322
524 526
524 326
524 527
524 332
524 323
524 335
524 336
525 474
525 522
525 527
525 458
525 461
525 528
525 519
525 460
525 459
525 520
526 525
526 327
526 527
526 332
526 334
526 323
526 520
526 336
526 335
526 322
527 323
527 329
527 528
527 460
527 477
527 526
527 525
527 523
527 327
527 478
528 332
528 527
528 525
528 325
528 324
528 336
528 327
528 333
528 524
528 520
529 42
529 44
529 48
530 551
530 550
530 576
530 540
530 533
530 544
530 539
530 561
530 532
530 580
531 551
531 532
531 62
531 550
531 565
531 530
531 540
531 534
531 562
531 537
532 533
532 534
532 551
532 537
532 62
532 562
532 580
532 536
532 550
532 539
533 545
533 538
533 536
533 534
533 565
533 563
533 540
533 535
533 537
533 561
534 551
534 63
534 580
534 538
534 533
534 565
534 531
534 550
534 561
534 540
535 575
535 563
535 564
535 63
535 541
535 538
535 534
535 536
535 533
535 542
536 561
536 535
536 538
536 63
536 539
536 537
536 548
536 531
536 562
536 532
537 545
537 530
537 562
537 544
537 550
537 534
537 62
537 551
537 538
537 536
538 533
538 531
538 536
538 563
538 66
538 63
538 535
538 62
538 547
538 540
539 536
539 537
539 531
539 580
539 534
539 550
539 530
539 548
539 551
539 561
540 530
540 551
540 537
540 536
540 580
540 562
540 532
540 538
540 534
540 533
541 63
541 557
541 535
541 564
541 547
541 543
541 542
541 558
541 53
541 536
542 574
542 557
542 558
542 541
542 53
542 564
542 566
542 63
542 563
542 575
543 52
543 53
543 54
543 117
543 541
543 546
543 547
543 552
543 558
543 741
544 580
544 537
544 549
544 539
544 66
544 550
544 538
544 54
544 548
544 545
545 562
545 62
545 548
545 580
545 576
545 539
545 533
545 534
545 66
545 532
546 558
546 120
546 118
546 554
546 740
546 738
546 121
546 51
546 553
546 119
547 54
547 543
547 544
547 52
547 577
547 538
547 541
547 64
547 66
547 53
548 538
548 544
548 530
548 54
548 545
548 66
548 547
548 551
548 550
548 539
549 66
549 544
549 548
549 550
549 565
549 575
549 576
549 579
549 580
550 534
550 562
550 540
550 548
550 580
550 561
550 66
550 565
550 545
550 551
551 530
551 531
551 580
551 561
551 548
551 532
551 539
551 565
551 545
551 540
552 121
552 546
552 740
552 569
552 571
552 741
552 120
552 554
552 737
552 553
553 118
553 546
553 577
553 569
553 554
553 571
553 119
553 552
553 737
553 741
554 740
554 120
554 119
554 118
554 739
554 114
554 552
554 121
554 117
554 738
555 51
555 117
555 556
555 119
555 114
555 740
555 116
555 546
555 554
555 121
556 546
556 558
556 122
556 555
556 740
556 557
556 119
556 118
556 120
556 121
557 564
557 556
557 127
557 118
557 128
557 740
557 121
557 559
557 560
557 542
558 543
558 121
558 564
558 546
558 542
558 53
558 117
558 127
558 556
558 541
559 127
559 128
559 557
559 560
559 566
560 573
560 559
560 568
560 557
560 564
560 567
560 570
560 127
560 590
560 572
561 533
561 565
561 550
561 576
561 537
561 545
561 534
561 531
561 536
561 539
562 530
562 550
562 565
562 540
562 532
562 576
562 531
562 536
562 533
562 537
563 541
563 575
563 63
563 542
563 538
563 533
563 534
563 536
563 564
563 535
564 575
564 573
564 566
564 557
564 535
564 127
564 541
564 63
564 542
564 567
565 539
565 533
565 550
565 551
565 549
565 540
565 575
565 561
565 532
565 537
566 564
566 557
566 567
566 542
566 573
566 559
566 572
566 560
566 127
566 128
567 574
567 577
567 127
567 573
567 564
567 571
567 569
567 572
567 566
567 568
568 570
568 582
568 566
568 127
568 569
568 567
568 560
568 571
568 590
568 573
569 552
569 570
569 568
569 567
569 738
569 573
569 578
569 572
569 590
569 571
570 127
570 566
570 568
570 569
570 572
570 584
570 573
570 571
570 582
570 560
571 590
571 570
571 568
571 737
571 738
571 567
571 577
571 578
571 569
571 553
572 568
572 573
572 567
572 571
572 566
572 570
572 569
572 127
572 574
572 590
573 577
573 570
573 568
573 574
573 572
573 564
573 127
573 571
573 578
573 569
574 542
574 564
574 566
574 567
574 572
574 573
574 575
574 578
574 579
575 535
575 63
575 549
575 564
575 579
575 580
575 576
575 536
575 562
575 542
576 551
576 531
576 549
576 550
576 534
576 562
576 580
576 530
576 532
576 540
577 547
577 553
577 567
577 569
577 571
577 572
577 573
577 578
577 579
577 741
578 566
578 567
578 569
578 571
578 572
578 573
578 574
578 577
578 579
578 741
579 549
579 574
579 575
579 577
579 578
579 580
580 534
580 66
580 551
580 576
580 561
580 531
580 548
580 533
580 575
580 565
581 61
582 592
582 594
582 588
582 126
582 586
582 595
582 593
582 587
582 597
582 570
583 105
583 592
583 585
583 595
583 125
583 587
583 596
583 589
583 588
583 582
584 583
584 592
584 125
584 594
584 590
584 105
584 585
584 595
584 126
584 597
585 586
585 587
585 583
585 588
585 593
585 126
585 592
585 582
585 589
585 596
586 105
586 104
586 585
586 588
586 594
586 589
586 587
586 592
586 126
586 596
587 586
587 594
587 105
587 106
587 592
587 597
587 595
587 591
587 593
587 104
588 587
588 106
588 104
588 592
588 589
588 585
588 597
588 593
588 584
588 586
589 104
589 585
589 596
589 587
589 582
589 584
589 106
589 595
589 591
589 583
590 570
590 584
590 568
590 567
590 571
590 572
590 127
590 569
590 566
590 573
591 588
591 582
591 106
591 583
591 107
591 584
591 739
591 589
591 587
591 104
592 122
592 595
592 582
592 597
592 125
592 593
592 583
592 587
592 594
592 588
593 588
593 595
593 585
593 589
593 594
593 599
593 584
593 131
593 582
593 586
594 599
594 583
594 125
594 582
594 595
594 593
594 586
594 132
594 584
594 592
595 593
595 586
595 596
595 599
595 104
595 583
595 589
595 585
595 582
595 125
596 584
596 597
596 585
596 593
596 587
596 131
596 594
596 582
596 132
596 104
597 588
597 592
597 594
597 584
597 599
597 131
597 583
597 104
597 587
597 598
598 98
598 593
598 597
598 599
598 600
598 601
598 602
598 603
598 604
599 593
599 594
599 595
599 596
599 597
599 598
599 602
599 603
600 602
600 417
600 97
600 601
600 604
600 423
600 598
600 424
600 416
600 99
601 423
601 417
601 604
601 600
601 602
601 418
601 416
601 598
601 97
601 424
602 603
602 598
602 600
602 418
602 97
602 601
602 424
602 599
602 604
602 416
603 133
603 418
603 594
603 595
603 598
603 599
603 602
604 97
604 99
604 416
604 417
604 418
604 424
604 598
604 600
604 601
604 602
605 681
605 715
605 370
605 607
605 369
605 379
605 378
605 698
605 368
605 697
606 380
606 371
606 682
606 689
606 688
606 376
606 698
606 370
606 716
606 687
607 605
607 682
607 70
607 367
607 698
607 360
607 697
607 80
607 726
607 366
608 76
608 77
608 78
608 82
609 276
609 428
609 610
609 611
609 615
609 617
609 618
609 620
609 623
610 616
610 255
610 609
610 620
610 254
610 622
610 621
610 619
610 615
610 617
611 255
611 428
611 429
611 609
611 610
611 613
611 614
611 615
612 216
612 215
612 617
612 256
612 619
612 616
612 214
612 614
612 610
612 254
613 619
613 610
613 618
613 612
613 620
613 622
613 615
613 215
613 621
613 617
614 612
614 611
614 256
614 613
614 255
614 254
614 253
614 610
614 626
614 616
615 255
615 429
615 609
615 610
615 611
615 613
615 614
616 621
616 610
616 619
616 254
616 255
616 214
616 216
616 622
616 617
616 618
617 254
617 216
617 613
617 620
617 624
617 618
617 215
617 616
617 612
617 623
618 624
618 216
618 276
618 254
618 619
618 623
618 622
618 621
618 277
618 613
619 214
619 276
619 613
619 618
619 278
619 254
619 612
619 610
619 620
619 622
620 278
620 623
620 277
620 216
620 618
620 617
620 613
620 624
620 622
620 621
621 618
621 616
621 622
621 619
621 617
621 272
621 216
621 279
621 620
621 610
622 624
622 616
622 617
622 613
622 216
622 621
622 276
622 620
622 277
622 610
623 276
623 290
623 609
623 617
623 618
623 620
623 731
623 732
624 279
624 619
624 277
624 271
624 621
624 622
624 616
624 276
624 272
624 216
625 215
625 218
625 216
625 217
625 208
625 209
625 220
625 214
625 210
625 235
626 259
626 260
626 266
626 281
626 614
627 85
627 86
627 87
627 88
627 89
627 96
627 427
628 85
628 87
628 629
628 630
628 633
628 634
628 743
628 746
629 86
629 87
629 88
629 282
629 285
629 628
629 630
629 633
629 634
630 87
630 88
630 280
630 281
630 282
630 628
630 629
630 631
630 632
630 633
631 87
631 88
631 280
631 281
631 282
631 630
631 632
632 88
632 266
632 273
632 280
632 281
632 282
632 630
632 631
633 282
633 283
633 284
633 285
633 286
633 347
633 628
633 629
633 630
633 634
634 285
634 628
634 629
634 633
634 746
634 790
634 796
635 637
636 297
636 300
637 635
638 745
639 754
640 755
641 221
641 643
641 226
641 650
641 222
641 654
641 228
641 651
641 642
641 49
642 238
642 655
642 641
642 225
642 654
642 645
642 49
642 648
642 37
642 45
643 654
643 647
643 644
643 37
643 650
643 49
643 226
643 651
643 652
643 653
644 649
644 651
644 645
644 647
644 229
644 227
644 648
644 653
644 222
644 650
645 646
645 643
645 648
645 644
645 650
645 36
645 642
645 649
645 247
645 37
646 46
646 650
646 228
646 229
646 45
646 651
646 226
646 222
646 230
646 648
647 644
647 46
647 36
647 35
647 648
647 646
647 649
647 643
647 230
647 222
648 230
648 227
648 228
648 646
648 222
648 649
648 644
648 643
648 645
648 651
649 645
649 232
649 229
649 222
649 648
649 647
649 652
649 36
649 221
649 228
650 641
650 644
650 646
650 652
650 232
650 231
650 645
650 647
650 222
650 648
651 643
651 226
651 644
651 641
651 228
651 227
651 232
651 646
651 231
651 653
652 653
652 227
652 645
652 649
652 650
652 46
652 222
652 651
652 643
652 228
653 644
653 46
653 222
653 229
653 645
653 651
653 45
653 643
653 228
653 649
654 226
654 221
654 655
654 643
654 227
654 222
654 228
654 641
654 232
654 642
655 35
655 239
655 654
655 37
655 36
655 237
655 225
655 238
655 645
655 642
656 657
656 658
656 659
656 660
656 701
656 704
656 705
656 706
656 708
657 656
657 658
657 659
657 708
657 712
657 713
657 714
658 656
658 657
658 659
658 660
658 700
658 701
658 703
658 704
658 713
659 656
659 657
659 658
659 660
659 704
659 708
659 712
660 141
660 656
660 658
660 659
660 700
660 703
660 704
660 713
660 721
661 662
661 663
661 703
661 713
661 717
661 718
661 719
661 720
661 722
661 840
662 414
662 661
662 663
662 717
662 718
662 719
662 725
662 840
663 661
663 662
663 713
663 717
663 718
663 719
663 720
663 722
663 725
663 840
664 834
664 194
664 198
664 772
664 196
664 0
664 665
664 172
664 195
664 197
665 170
665 834
665 666
665 773
665 0
665 664
665 169
665 172
665 835
665 165
666 172
666 773
666 165
666 174
666 0
666 664
666 170
666 196
666 834
666 198
667 668
667 675
667 680
667 71
667 676
667 361
667 359
667 674
667 362
667 375
668 673
668 672
668 83
668 365
668 79
668 358
668 363
668 728
668 675
668 364
669 671
669 79
669 358
669 674
669 672
669 727
669 357
669 673
669 668
669 364
670 356
670 669
670 674
670 672
670 363
670 357
670 364
670 358
670 727
670 673
671 727
671 357
671 728
671 668
671 365
671 674
671 670
671 362
671 363
671 79
672 668
672 357
672 673
672 670
672 358
672 366
672 365
672 677
672 364
672 726
673 365
673 362
673 675
673 670
673 671
673 674
673 363
673 672
673 358
673 728
674 672
674 728
674 675
674 357
674 362
674 364
674 677
674 365
674 680
674 363
675 673
675 71
675 676
675 362
675 728
675 680
675 677
675 375
675 668
675 357
676 730
676 374
676 81
676 679
676 83
676 692
676 71
676 686
676 729
676 685
677 680
677 69
677 727
677 83
677 80
677 365
677 366
677 674
677 672
677 671
678 687
678 686
678 689
678 688
678 69
678 68
678 81
678 682
678 690
678 683
679 684
679 373
679 686
679 676
679 730
679 690
679 691
679 678
679 729
679 71
680 675
680 671
680 667
680 728
680 69
680 71
680 677
680 80
680 727
680 366
681 698
681 69
681 366
681 677
681 697
681 605
681 680
681 80
681 682
681 360
682 690
682 689
682 606
682 678
682 681
682 69
682 698
682 697
682 687
682 715
683 686
683 684
683 695
683 68
683 687
683 689
683 678
683 691
683 688
683 696
684 693
684 691
684 685
684 730
684 373
684 686
684 690
684 694
684 683
684 679
685 369
685 373
685 676
685 679
685 684
685 686
685 691
685 692
685 729
685 730
686 687
686 676
686 678
686 690
686 688
686 679
686 683
686 684
686 692
686 685
687 682
687 697
687 606
687 698
687 678
687 683
687 716
687 696
687 378
687 686
688 696
688 690
688 678
688 68
688 606
688 687
688 689
688 695
688 691
688 698
689 698
689 695
689 686
689 678
689 690
689 688
689 606
689 697
689 683
689 682
690 695
690 678
690 683
690 691
690 688
690 686
690 682
690 679
690 689
690 692
691 694
691 692
691 696
691 68
691 685
691 689
691 688
691 683
691 695
691 686
692 690
692 373
692 679
692 693
692 691
692 676
692 730
692 686
692 685
692 369
693 382
693 383
693 684
693 691
693 692
693 694
693 695
693 699
693 702
693 706
694 382
694 684
694 691
694 693
694 695
694 696
694 699
694 702
694 705
694 706
695 716
695 707
695 693
695 705
695 691
695 689
695 683
695 706
695 694
695 684
696 683
696 687
696 688
696 689
696 691
696 694
696 695
696 707
696 710
696 716
697 687
697 715
697 607
697 378
697 379
697 698
697 681
697 689
697 606
697 605
698 378
698 697
698 605
698 379
698 689
698 715
698 681
698 687
698 607
698 606
699 382
699 383
699 384
699 693
699 694
699 702
699 705
699 706
700 141
700 144
700 405
700 658
700 660
700 701
700 704
700 721
701 400
701 405
701 656
701 658
701 700
701 702
701 706
702 383
702 384
702 401
702 693
702 694
702 699
702 701
702 705
702 706
702 707
703 719
703 141
703 704
703 836
703 661
703 721
703 713
703 720
703 722
703 660
704 141
704 656
704 658
704 659
704 660
704 700
704 703
704 713
704 721
705 656
705 694
705 695
705 699
705 702
705 706
705 707
705 708
705 709
706 656
706 693
706 694
706 695
706 699
706 701
706 702
706 705
706 707
707 695
707 696
707 702
707 705
707 706
707 708
707 709
708 656
708 657
708 659
708 705
708 707
708 709
708 711
708 712
709 705
709 707
709 708
709 711
709 712
710 379
710 391
710 392
710 393
710 696
710 711
710 716
711 390
711 712
711 709
711 397
711 708
711 716
711 379
711 391
711 392
711 393
712 397
712 657
712 659
712 708
712 709
712 711
713 704
713 660
713 703
713 719
713 658
713 720
713 714
713 661
713 663
713 657
714 412
714 413
714 657
714 713
714 717
714 718
715 605
715 69
715 687
715 681
715 367
715 689
715 682
715 607
715 378
715 697
716 379
716 391
716 392
716 393
716 606
716 687
716 695
716 696
716 710
716 711
717 719
717 661
717 662
717 412
717 714
717 713
717 413
717 414
717 663
717 718
718 713
718 663
718 840
718 717
718 412
718 661
718 414
718 719
718 714
718 662
719 661
719 662
719 663
719 703
719 713
719 717
719 718
719 720
719 722
719 840
720 661
720 663
720 703
720 713
720 717
720 718
720 719
720 721
720 722
721 141
721 660
721 700
721 703
721 704
721 720
721 722
721 836
722 661
722 663
722 703
722 719
722 720
722 721
722 725
722 836
722 837
722 839
724 753
724 838
725 662
725 663
725 722
725 837
725 838
725 839
725 840
726 360
726 70
726 366
726 677
726 365
726 357
726 607
726 681
726 680
726 356
727 672
727 674
727 677
727 669
727 364
727 673
727 728
727 680
727 726
727 79
728 364
728 727
728 670
728 674
728 358
728 669
728 672
728 362
728 677
728 673
729 359
729 361
729 369
729 373
729 374
729 375
729 676
729 679
729 685
729 730
730 686
730 676
730 692
730 690
730 679
730 729
730 684
730 685
730 373
730 369
731 287
731 288
731 289
731 290
731 428
731 430
731 431
731 623
731 732
732 287
732 288
732 289
732 290
732 428
732 430
732 431
732 623
732 731
733 508
733 505
733 472
733 506
733 470
733 28
733 734
733 509
733 471
733 476
734 509
734 508
734 29
734 475
734 735
734 515
734 470
734 733
734 28
734 513
735 32
735 471
735 470
735 468
735 466
735 28
735 513
735 472
735 514
735 734
736 735
736 466
736 471
736 734
736 476
736 28
736 507
736 32
736 475
736 506
737 120
737 546
737 553
737 119
737 569
737 118
737 571
737 554
737 116
737 738
738 741
738 117
738 119
738 739
738 118
738 737
738 554
738 120
738 546
738 571
739 103
739 106
739 107
739 114
739 116
739 554
739 591
739 737
739 738
740 546
740 113
740 555
740 552
740 117
740 118
740 116
740 557
740 554
740 51
741 54
741 543
741 547
741 552
741 553
741 577
741 578
741 737
741 738
742 143
742 753
742 836
742 837
742 838
742 839
743 92
743 628
743 745
743 746
743 797
744 92
744 747
744 748
744 751
745 295
745 638
745 743
745 746
745 797
746 628
746 634
746 743
746 745
746 797
747 93
747 94
747 95
747 100
747 139
747 744
748 92
748 744
748 749
748 751
748 752
749 139
749 143
749 748
749 751
749 752
750 146
750 751
750 752
751 744
751 748
751 749
751 750
751 752
752 143
752 145
752 748
752 749
752 750
752 751
753 152
753 724
753 742
753 837
753 838
753 839
754 639
755 153
755 640
756 162
756 757
756 763
756 811
756 812
757 756
757 758
757 762
758 155
758 757
758 761
758 789
759 760
759 761
760 759
760 761
760 787
761 155
761 206
761 758
761 759
761 760
761 789
762 155
762 156
762 162
762 757
763 756
763 810
763 812
764 158
764 159
764 207
764 767
765 766
765 769
765 770
765 771
765 826
766 765
766 767
766 768
766 769
766 835
767 207
767 764
767 766
767 768
767 776
768 766
768 767
768 769
768 773
768 775
768 776
768 834
768 835
769 163
769 164
769 165
769 166
769 765
769 766
769 768
769 770
769 771
769 835
770 163
770 164
770 166
770 167
770 451
770 452
770 765
770 769
770 771
770 831
771 765
771 163
771 164
771 167
771 452
771 769
771 451
771 166
771 165
771 168
772 196
772 197
772 198
772 664
772 666
772 773
772 774
772 775
772 783
772 784
773 165
773 198
773 775
773 0
773 772
773 768
773 835
773 666
773 664
773 665
774 772
774 773
774 775
774 777
774 778
774 781
774 783
775 768
775 772
775 773
775 774
775 776
775 777
775 778
775 834
775 835
776 767
776 768
776 775
776 777
776 779
776 780
777 774
777 775
777 776
777 778
777 779
777 780
777 781
778 774
778 775
778 777
778 779
778 781
778 783
779 205
779 776
779 777
779 778
779 780
779 781
779 785
780 205
780 776
780 777
780 779
781 774
781 777
781 778
781 779
781 785
781 786
782 783
782 828
782 829
783 772
783 774
783 778
783 782
783 784
783 828
783 832
784 194
784 195
784 196
784 197
784 198
784 453
784 772
784 783
784 831
784 832
785 202
785 205
785 779
785 781
785 786
785 788
786 201
786 202
786 203
786 781
786 785
786 829
787 200
787 201
787 202
787 760
788 202
788 205
788 206
788 785
789 155
789 157
789 206
789 758
789 761
790 283
790 634
790 285
790 293
790 794
790 793
790 284
790 286
790 294
790 347
791 294
791 349
791 793
791 794
791 795
791 798
791 799
792 298
792 793
792 796
792 799
793 294
793 790
793 791
793 792
793 794
793 795
793 796
793 798
793 799
794 349
794 285
794 348
794 293
794 798
794 790
794 294
794 286
794 796
794 791
795 286
795 293
795 294
795 348
795 349
795 350
795 791
795 793
795 794
795 798
796 285
796 294
796 634
796 792
796 793
796 794
796 797
797 295
797 743
797 745
797 746
797 796
798 301
798 349
798 791
798 793
798 794
798 795
798 799
798 800
799 298
799 301
799 791
799 792
799 793
799 798
800 301
800 305
800 317
800 798
801 817
803 203
803 829
803 830
805 426
805 432
806 422
807 305
808 443
808 810
809 445
809 810
809 813
809 814
810 763
810 808
810 809
810 811
810 812
810 813
811 162
811 446
811 756
811 810
811 812
811 813
812 162
812 756
812 763
812 810
812 811
813 809
813 810
813 811
813 814
813 815
814 809
814 813
814 815
815 446
815 813
815 814
815 820
816 819
816 820
817 801
817 819
818 824
818 825
819 816
819 817
819 822
819 824
819 825
820 446
820 447
820 815
820 816
820 821
820 822
821 447
821 820
821 822
821 823
821 827
822 819
822 820
822 821
822 827
823 159
823 821
823 826
823 827
824 818
824 819
824 825
824 829
825 818
825 819
825 824
825 829
826 765
826 823
826 827
826 828
826 831
826 832
827 821
827 822
827 823
827 826
827 828
828 782
828 783
828 826
828 827
828 832
829 203
829 782
829 786
829 803
829 824
829 825
829 830
830 203
830 803
830 829
831 451
831 452
831 453
831 770
831 771
831 784
831 826
831 832
832 197
832 452
832 453
832 783
832 784
832 826
832 828
832 831
833 291
833 492
833 500
833 501
833 503
834 835
834 166
834 163
834 775
834 164
834 170
834 172
834 665
834 664
834 666
835 766
835 769
835 664
835 768
835 775
835 666
835 165
835 665
835 834
835 163
836 141
836 703
836 721
836 722
836 742
836 837
836 839
837 722
837 725
837 742
837 753
837 836
837 838
837 839
838 152
838 724
838 725
838 742
838 753
838 837
838 839
839 722
839 725
839 742
839 753
839 836
839 837
839 838
840 414
840 661
840 662
840 663
840 717
840 718
840 719
840 725
