0 1
0 2
0 3
0 13
1 0
1 2
1 3
2 0
2 1
2 11
2 12
2 13
3 0
3 1
3 11
3 13
3 15
4 16
4 5
4 6
5 4
5 6
5 7
5 8
5 9
5 14
5 16
6 4
6 5
6 7
6 14
6 16
7 5
7 6
7 8
7 12
7 14
8 5
8 7
8 9
8 10
8 11
8 12
9 5
9 8
9 10
9 236
9 14
10 8
10 9
10 11
10 236
10 15
11 2
11 3
11 8
11 10
11 12
11 13
11 15
12 192
12 2
12 454
12 7
12 8
12 11
12 14
12 15
12 177
12 178
12 179
12 180
13 0
13 3
13 2
13 11
14 5
14 6
14 7
14 9
14 12
14 236
14 15
14 16
15 3
15 10
15 11
15 12
15 236
15 14
16 4
16 5
16 6
16 14
17 18
17 19
17 20
17 30
18 17
18 19
18 20
19 17
19 18
19 28
19 29
19 30
20 32
20 17
20 18
20 28
20 30
21 33
21 22
21 23
22 33
22 21
22 23
22 24
22 25
22 26
22 31
23 33
23 21
23 22
23 24
23 31
24 22
24 23
24 25
24 29
24 31
25 22
25 24
25 26
25 27
25 28
25 29
26 22
26 504
26 25
26 27
26 31
27 32
27 504
27 25
27 26
27 28
28 32
28 19
28 20
28 25
28 27
28 29
28 30
29 32
29 19
29 24
29 25
29 28
29 31
30 17
30 19
30 28
30 20
31 32
31 33
31 504
31 22
31 23
31 24
31 26
31 29
32 20
32 504
32 27
32 28
32 29
32 31
33 31
33 21
33 22
33 23
34 35
34 36
34 37
34 47
35 34
35 36
35 37
36 34
36 35
36 45
36 46
36 47
37 34
37 35
37 45
37 47
37 49
38 40
38 50
38 39
39 38
39 40
39 41
39 42
39 43
39 48
39 50
40 38
40 39
40 41
40 48
40 50
41 39
41 40
41 42
41 46
41 48
42 39
42 41
42 43
42 44
42 45
42 46
43 39
43 42
43 44
43 48
43 529
44 42
44 43
44 45
44 529
44 49
45 36
45 37
45 42
45 44
45 46
45 47
45 49
46 36
46 41
46 42
46 45
46 48
46 49
47 34
47 37
47 36
47 45
48 39
48 40
48 41
48 43
48 46
48 49
48 50
48 529
49 37
49 44
49 45
49 46
49 48
49 529
50 40
50 48
50 38
50 39
51 64
51 52
51 53
51 54
52 51
52 53
52 54
53 64
53 51
53 52
53 62
53 63
54 64
54 66
54 51
54 52
54 62
55 56
55 57
55 67
56 65
56 67
56 55
56 57
56 58
56 59
56 60
57 65
57 67
57 55
57 56
57 58
58 65
58 56
58 57
58 59
58 63
59 56
59 58
59 60
59 61
59 62
59 63
60 65
60 581
60 56
60 59
60 61
61 66
61 581
61 59
61 60
61 62
62 64
62 66
62 53
62 54
62 59
62 61
62 63
63 65
63 66
63 53
63 58
63 59
63 62
64 54
64 51
64 53
64 62
65 66
65 67
65 581
65 56
65 57
65 58
65 60
65 63
66 65
66 581
66 54
66 61
66 62
66 63
67 65
67 57
67 56
67 55
68 81
68 69
68 70
68 71
69 676
69 68
69 677
69 70
69 71
69 678
69 680
70 68
70 69
70 678
70 680
70 681
70 682
70 79
70 80
70 81
71 68
71 69
71 79
71 81
71 83
72 73
72 74
72 84
73 72
73 74
73 75
73 76
73 77
73 82
73 84
74 72
74 73
74 75
74 82
74 84
75 73
75 74
75 76
75 80
75 82
76 73
76 75
76 77
76 78
76 79
76 80
77 608
77 73
77 76
77 78
77 82
78 608
78 76
78 77
78 79
78 83
79 70
79 71
79 76
79 78
79 80
79 81
79 83
80 70
80 75
80 76
80 79
80 82
80 83
81 68
81 71
81 70
81 79
82 608
82 73
82 74
82 75
82 77
82 80
82 83
82 84
83 608
83 71
83 78
83 79
83 80
83 82
84 72
84 73
84 74
84 82
85 86
85 87
85 89
85 91
85 92
86 627
86 85
86 87
86 88
86 89
86 90
87 628
87 629
87 85
87 86
87 88
87 630
87 92
88 631
88 627
88 630
88 86
88 87
88 281
89 96
89 97
89 85
89 86
89 90
89 91
89 93
89 95
90 97
90 423
90 425
90 426
90 427
90 627
90 86
90 89
91 744
91 85
91 89
91 92
91 93
91 94
92 743
92 744
92 745
92 628
92 85
92 87
92 91
92 638
93 89
93 91
93 94
93 95
94 135
94 744
94 139
94 747
94 91
94 93
94 95
95 96
95 130
95 100
95 101
95 135
95 89
95 93
95 94
96 97
96 98
96 99
96 101
96 102
96 89
96 95
97 96
97 99
97 423
97 424
97 89
97 90
98 96
98 99
98 102
98 103
98 104
98 598
99 96
99 97
99 98
99 424
99 598
99 600
99 601
100 135
100 130
100 95
101 96
101 130
101 102
101 108
101 109
101 95
102 96
102 98
102 101
102 103
102 109
103 98
103 102
103 104
103 105
103 106
103 107
103 109
103 115
104 98
104 103
104 105
104 588
104 597
104 598
105 582
105 103
105 104
105 106
105 587
105 588
105 589
106 739
106 582
106 103
106 105
106 107
106 589
106 591
107 739
107 103
107 106
107 115
107 116
108 129
108 130
108 101
108 109
108 110
109 101
109 102
109 103
109 108
109 110
109 111
109 115
110 129
110 108
110 109
110 111
110 112
110 124
111 109
111 110
111 112
111 113
111 114
111 115
112 110
112 111
112 113
112 122
112 123
112 124
113 111
113 112
113 114
113 121
113 122
114 111
114 113
114 115
114 116
114 117
114 120
114 121
115 103
115 107
115 109
115 111
115 114
115 116
116 738
116 739
116 107
116 114
116 115
116 117
117 738
117 554
117 114
117 116
117 118
117 119
117 120
118 554
118 555
118 117
118 119
119 740
119 555
119 556
119 117
119 118
119 120
119 121
120 121
120 114
120 117
120 119
121 128
121 740
121 556
121 113
121 114
121 119
121 120
121 122
122 128
122 112
122 113
122 121
122 123
122 126
122 127
123 112
123 122
123 124
123 125
123 126
124 129
124 131
124 132
124 133
124 110
124 112
124 123
124 125
125 131
125 584
125 592
125 123
125 124
125 126
126 584
126 122
126 123
126 125
126 127
127 128
127 584
127 559
127 560
127 570
127 566
127 567
127 568
127 122
127 126
128 556
128 557
128 559
128 560
128 121
128 122
128 127
129 130
129 133
129 134
129 108
129 110
129 124
130 129
130 100
130 101
130 134
130 135
130 108
130 95
131 132
131 585
131 592
131 594
131 596
131 124
131 125
132 131
132 133
132 594
132 596
132 603
132 124
133 129
133 132
133 134
133 136
133 603
133 124
134 129
134 130
134 133
134 135
134 136
134 137
135 130
135 100
135 134
135 137
135 138
135 139
135 94
135 95
136 416
136 417
136 418
136 133
136 134
136 137
136 140
136 603
137 134
137 135
137 136
137 138
137 140
137 141
138 135
138 137
138 139
138 141
138 143
139 135
139 138
139 747
139 749
139 143
139 94
140 416
140 136
140 137
140 141
140 142
140 415
141 704
141 836
141 742
141 137
141 138
141 140
141 142
141 143
141 144
141 721
141 700
142 140
142 141
142 144
142 406
142 415
143 742
143 138
143 139
143 749
143 141
143 752
143 145
144 141
144 142
144 400
144 405
144 406
144 407
144 700
144 701
144 415
145 742
145 750
145 143
145 752
145 751
145 146
145 147
145 152
146 750
146 145
146 147
146 148
146 637
146 638
147 145
147 146
147 148
147 149
147 150
147 151
147 152
148 640
148 146
148 147
148 755
148 149
148 153
148 635
148 637
149 147
149 148
149 150
149 153
149 154
150 199
150 200
150 204
150 147
150 149
150 151
150 154
151 199
151 147
151 724
151 150
151 152
152 742
152 838
152 145
152 753
152 147
152 724
152 151
153 755
153 148
153 149
153 441
153 154
154 441
154 204
154 149
154 150
154 153
155 206
155 789
155 758
155 761
155 762
155 156
155 157
156 160
156 161
156 162
156 762
156 155
156 157
156 158
157 205
157 206
157 207
157 155
157 156
157 158
158 160
158 207
158 156
158 767
158 764
158 157
158 159
159 160
159 821
159 823
159 826
159 764
159 765
159 158
159 447
160 161
160 447
160 158
160 156
160 446
160 159
161 160
161 162
161 811
161 156
161 446
162 161
162 811
162 756
162 762
162 156
163 769
163 834
163 164
163 165
163 166
163 665
164 163
164 165
164 166
164 167
164 168
165 163
165 164
165 168
165 169
165 170
165 665
166 769
166 771
166 164
166 163
166 167
167 451
167 164
167 452
167 166
167 771
167 168
167 178
167 179
168 164
168 165
168 167
168 169
168 178
169 165
169 168
169 170
169 171
169 178
170 165
170 169
170 171
170 172
170 665
171 169
171 170
171 172
171 173
171 176
171 177
171 178
171 180
171 181
172 170
172 171
172 173
172 174
172 665
172 666
173 171
173 172
173 174
173 175
173 176
173 182
173 188
174 195
174 196
174 172
174 173
174 175
174 666
175 193
175 194
175 195
175 173
175 174
175 188
176 171
176 173
176 182
176 181
177 180
177 178
177 171
177 12
178 167
178 168
178 169
178 171
178 12
178 177
178 179
179 451
179 454
179 455
179 167
179 12
179 178
180 192
180 171
180 12
180 177
180 181
180 185
180 186
180 191
181 171
181 176
181 180
181 182
181 184
181 185
181 187
182 173
182 176
182 181
182 183
182 184
182 188
183 182
183 184
183 185
183 186
183 188
183 189
183 190
184 181
184 182
184 183
184 185
184 187
185 180
185 181
185 183
185 184
185 186
186 180
186 183
186 185
186 190
186 191
187 184
187 181
188 193
188 173
188 175
188 182
188 183
188 189
189 448
189 193
189 457
189 183
189 188
189 190
190 457
190 183
190 186
190 189
190 191
191 192
191 456
191 457
191 180
191 186
191 190
192 454
192 456
192 12
192 180
192 191
193 448
193 449
193 194
193 450
193 175
193 188
193 189
194 193
194 450
194 195
194 196
194 197
194 453
194 175
195 194
195 196
195 174
195 175
196 194
196 195
196 197
196 198
196 174
196 666
197 194
197 196
197 772
197 198
197 453
197 784
198 772
198 773
198 196
198 197
198 664
198 666
199 200
199 201
199 723
199 724
199 150
199 151
200 199
200 201
200 202
200 204
200 787
200 150
200 760
201 199
201 200
201 202
201 203
201 723
202 200
202 201
202 203
202 785
202 786
202 787
203 803
203 201
203 202
203 786
203 723
203 829
203 830
204 200
204 150
204 759
204 760
204 441
204 154
205 779
205 780
205 206
205 207
205 785
205 788
205 157
206 205
206 788
206 789
206 761
206 155
206 157
207 776
207 780
207 205
207 157
207 158
207 767
208 224
208 234
208 209
208 210
208 211
208 218
208 219
209 208
209 625
209 210
209 217
209 218
210 271
210 208
210 209
210 240
210 211
210 212
210 279
210 216
210 217
211 208
211 210
211 212
211 213
211 219
212 237
212 270
212 240
212 210
212 211
212 213
213 225
213 237
213 238
213 654
213 211
213 212
213 219
214 612
214 616
214 625
214 215
214 216
214 217
214 218
214 220
215 613
215 616
215 619
215 622
215 214
215 216
216 622
216 624
216 210
216 278
216 214
216 217
216 215
216 279
217 209
217 210
217 625
217 214
217 216
217 218
218 234
218 235
218 208
218 209
218 214
218 248
218 217
218 220
219 224
219 225
219 234
219 208
219 211
219 213
219 221
220 612
220 214
220 248
220 218
220 252
220 253
220 254
221 224
221 225
221 226
221 219
221 222
221 223
222 226
222 227
222 228
222 229
222 221
222 223
223 224
223 229
223 230
223 233
223 221
223 222
224 233
224 234
224 208
224 219
224 221
224 223
225 641
225 226
225 231
225 654
225 213
225 219
225 221
226 225
226 227
226 231
226 232
226 221
226 222
227 641
227 226
227 228
227 231
227 232
227 650
227 651
227 222
228 227
228 229
228 648
228 232
228 650
228 222
229 228
229 230
229 648
229 649
229 222
229 223
230 233
230 649
230 229
230 223
231 641
231 225
231 226
231 227
232 226
232 227
232 228
233 224
233 230
233 649
233 234
233 235
233 246
233 247
233 223
234 224
234 233
234 235
234 208
234 218
234 219
235 233
235 234
235 246
235 248
235 249
235 218
236 9
236 10
236 14
236 15
237 238
237 239
237 240
237 241
237 212
237 213
238 237
238 654
238 655
238 239
238 213
239 237
239 238
239 655
239 241
239 242
239 243
240 268
240 237
240 270
240 271
240 241
240 210
240 212
241 258
241 265
241 268
241 237
241 239
241 240
241 242
242 258
242 239
242 241
242 243
242 244
242 250
243 642
243 645
243 647
243 239
243 655
243 242
243 244
243 245
244 242
244 243
244 245
244 246
244 248
244 250
245 647
245 649
245 243
245 244
245 246
245 247
246 233
246 235
246 244
246 245
246 247
246 248
247 233
247 649
247 245
247 246
248 250
248 235
248 244
248 252
248 246
248 249
248 218
248 251
248 220
249 248
249 235
249 251
250 257
250 258
250 242
250 244
250 248
250 251
251 257
251 261
251 262
251 263
251 248
251 249
251 250
251 252
252 260
252 261
252 248
252 251
252 220
252 253
253 256
253 259
253 260
253 252
253 220
253 254
253 255
254 612
254 220
254 253
254 255
255 256
255 610
255 612
255 613
255 614
255 253
255 254
256 259
256 614
256 615
256 626
256 253
256 255
257 258
257 263
257 264
257 250
257 251
258 257
258 264
258 265
258 241
258 242
258 250
259 256
259 260
259 266
259 273
259 626
259 280
259 281
259 253
260 259
260 261
260 266
260 252
260 253
261 260
261 262
261 266
261 251
261 252
262 261
262 263
262 266
262 267
262 251
263 257
263 262
263 264
263 265
263 267
263 268
263 251
264 257
264 258
264 265
264 263
265 258
265 263
265 264
265 268
265 241
266 259
266 260
266 261
266 262
266 267
266 269
266 273
267 262
267 263
267 266
267 268
267 269
267 271
268 263
268 265
268 267
268 270
268 271
268 240
268 241
269 266
269 267
269 271
269 272
269 273
270 240
270 212
270 268
271 267
271 268
271 269
271 240
271 272
271 210
271 278
271 279
272 269
272 271
272 273
272 275
272 277
272 278
273 259
273 266
273 269
273 272
273 274
273 275
273 280
274 290
274 273
274 275
274 276
274 280
274 282
274 283
275 272
275 273
275 274
275 276
275 277
276 290
276 620
276 621
276 274
276 275
276 277
277 621
277 272
277 624
277 275
277 276
277 278
278 271
278 272
278 624
278 277
278 279
278 216
279 216
279 210
279 278
279 271
280 259
280 273
280 274
280 631
280 632
280 281
280 282
281 259
281 632
281 626
281 627
281 631
281 280
281 88
282 274
282 630
282 631
282 280
282 633
282 283
282 284
283 288
283 289
283 290
283 274
283 282
283 284
284 288
284 633
284 282
284 283
284 285
284 286
284 287
285 790
285 633
285 634
285 284
285 286
286 292
286 293
286 294
286 790
286 346
286 347
286 284
286 285
286 287
287 288
287 291
287 292
287 732
287 431
287 502
287 284
287 286
288 289
288 290
288 732
288 283
288 284
288 731
288 287
289 288
289 283
289 732
290 288
290 620
290 623
290 274
290 276
290 283
290 731
291 292
291 492
291 498
291 500
291 501
291 502
291 346
291 287
292 346
292 291
292 286
292 287
293 294
293 347
293 794
293 795
293 348
293 349
293 286
294 794
294 293
294 286
294 790
295 296
295 297
295 298
295 745
295 792
295 796
295 797
295 638
296 295
296 297
296 298
296 299
296 300
297 295
297 296
297 300
297 635
297 636
297 637
297 638
298 295
298 296
298 299
298 301
298 792
298 799
299 296
299 298
299 300
299 301
299 302
299 303
300 296
300 297
300 299
300 303
300 304
300 754
300 636
300 639
301 800
301 298
301 299
301 302
301 798
301 799
302 800
302 299
302 301
302 303
302 305
302 306
303 299
303 300
303 302
303 304
303 306
303 307
303 308
304 300
304 303
304 754
304 308
304 441
305 800
305 833
305 807
305 302
305 306
305 435
305 503
305 317
306 302
306 303
306 305
306 307
306 436
306 435
307 303
307 306
307 436
307 308
307 439
308 303
308 304
308 307
308 439
308 441
309 320
309 328
309 310
309 311
309 312
309 318
309 319
310 328
310 329
310 309
310 311
310 318
311 481
311 486
311 329
311 491
311 493
311 309
311 310
311 312
311 313
312 320
312 309
312 311
312 313
312 314
312 351
313 493
313 311
313 312
313 314
313 315
314 312
314 313
314 315
314 316
314 350
314 351
315 493
315 499
315 501
315 503
315 313
315 314
315 316
315 317
316 798
316 314
316 315
316 349
316 317
316 350
317 800
317 305
317 503
317 315
317 316
317 798
318 328
318 309
318 310
318 319
319 320
319 321
319 327
319 328
319 309
319 318
320 321
320 353
320 351
320 309
320 312
320 319
321 320
321 353
321 355
321 325
321 326
321 327
321 319
322 323
322 324
322 325
322 332
322 335
322 336
323 322
323 324
323 325
323 326
323 327
323 523
323 524
323 526
323 528
324 322
324 323
324 524
324 332
325 321
325 322
325 323
325 355
325 326
325 330
325 331
325 336
326 321
326 323
326 325
326 327
327 321
327 323
327 326
327 328
327 526
327 319
328 327
328 329
328 525
328 526
328 309
328 310
328 318
328 319
329 481
329 328
329 461
329 525
329 310
329 311
330 353
330 355
330 325
330 331
330 337
330 338
330 339
331 336
331 337
331 330
331 325
332 322
332 324
332 519
332 524
332 333
332 334
332 335
333 512
333 332
333 334
333 335
333 340
334 512
334 517
334 518
334 519
334 332
334 333
335 322
335 332
335 333
335 336
335 340
335 341
336 322
336 325
336 331
336 335
336 337
336 340
337 482
337 483
337 489
337 330
337 331
337 336
337 338
337 340
338 489
338 330
338 337
338 339
338 342
339 353
339 330
339 338
339 342
339 343
339 344
340 480
340 512
340 482
340 333
340 462
340 335
340 336
340 337
340 467
340 341
340 477
340 479
341 467
341 340
341 335
342 487
342 488
342 489
342 496
342 497
342 338
342 339
342 343
342 345
343 488
343 339
343 342
343 344
343 345
344 352
344 353
344 339
344 343
344 345
344 346
344 347
345 497
345 498
345 342
345 343
345 344
345 346
346 291
346 292
346 498
346 344
346 345
346 347
346 286
347 352
347 293
347 344
347 346
347 348
347 286
348 352
348 293
348 347
348 349
348 350
348 351
349 293
349 798
349 316
349 795
349 348
349 350
350 354
350 316
350 314
350 348
350 349
350 351
351 352
351 353
351 354
351 320
351 312
351 314
351 348
351 350
352 353
352 354
352 344
352 347
352 348
352 351
353 352
353 321
353 320
353 355
353 330
353 339
353 344
353 351
354 352
354 350
354 351
355 321
355 353
355 330
355 325
356 357
356 358
356 359
356 360
356 364
356 365
356 366
357 356
357 358
357 359
357 362
357 363
358 364
358 363
358 356
358 357
359 356
359 357
359 360
359 361
359 362
359 375
360 356
360 359
360 361
360 366
360 367
361 359
361 360
361 367
361 368
361 372
361 373
361 374
361 375
362 357
362 359
362 363
362 375
362 667
362 668
363 357
363 358
363 362
363 364
363 668
363 669
363 670
364 356
364 358
364 363
364 365
364 670
365 672
365 356
365 364
365 366
365 726
365 670
366 356
366 360
366 365
366 367
366 726
366 607
367 360
367 361
367 366
367 368
367 605
367 606
367 607
368 361
368 367
368 369
368 370
368 372
368 378
368 605
369 368
369 370
369 371
369 372
369 373
369 692
369 376
369 381
369 382
370 368
370 369
370 378
370 371
371 369
371 370
371 376
371 378
371 380
372 368
372 369
372 373
372 361
373 361
373 685
373 369
373 692
373 372
373 374
373 729
373 730
374 361
374 729
374 373
374 375
375 359
375 361
375 362
375 374
375 729
375 667
376 385
376 369
376 371
376 377
376 378
376 380
376 381
377 385
377 386
377 388
377 392
377 393
377 376
377 378
377 379
377 380
377 381
378 716
378 368
378 370
378 371
378 697
378 376
378 377
378 698
378 379
378 605
378 606
379 377
379 378
379 393
379 716
380 376
380 377
380 385
380 371
381 384
381 385
381 386
381 387
381 388
381 389
381 390
381 369
381 376
381 377
381 382
381 383
382 369
382 692
382 693
382 699
382 381
382 383
383 384
383 699
383 381
383 382
384 386
384 387
384 394
384 401
384 699
384 381
384 702
384 383
385 388
385 376
385 377
385 380
385 381
386 384
386 387
386 389
386 394
386 377
386 381
387 384
387 386
387 381
387 389
388 385
388 390
388 391
388 392
388 396
388 377
388 381
389 386
389 387
389 390
389 394
389 395
389 381
390 388
390 389
390 391
390 395
390 396
390 381
391 388
391 390
391 710
391 392
391 393
391 711
391 712
391 396
391 397
392 377
392 393
392 388
392 391
393 710
393 391
393 392
393 716
393 377
393 379
394 384
394 386
394 389
394 395
394 399
394 400
394 401
395 389
395 390
395 394
395 396
395 399
396 388
396 390
396 391
396 395
396 397
396 398
396 399
397 391
397 712
397 396
397 398
397 402
397 412
398 402
398 396
398 397
398 399
399 394
399 395
399 396
399 398
399 400
399 402
399 403
399 404
400 394
400 399
400 144
400 401
400 404
400 405
400 701
400 702
401 400
401 394
401 384
401 702
402 397
402 398
402 399
402 403
402 408
402 411
402 412
403 399
403 402
403 404
403 406
403 408
404 399
404 400
404 403
404 405
404 406
405 400
405 144
405 404
405 406
405 700
406 142
406 144
406 403
406 404
406 405
406 407
406 408
407 144
407 406
407 408
407 409
407 410
407 415
408 402
408 403
408 406
408 407
408 410
408 411
409 801
409 803
409 818
409 407
409 410
409 414
409 415
410 407
410 408
410 409
410 411
410 412
410 413
410 414
411 408
411 410
411 412
411 402
412 712
412 714
412 397
412 402
412 410
412 411
412 413
413 714
413 717
413 410
413 412
413 414
414 803
414 840
414 717
414 718
414 723
414 662
414 409
414 410
414 413
415 416
415 801
415 802
415 423
415 140
415 142
415 144
415 407
415 409
416 417
416 423
416 136
416 424
416 140
416 604
416 415
417 416
417 418
417 136
417 602
417 604
418 136
418 417
418 602
418 603
419 802
419 420
419 421
419 422
419 804
419 442
419 444
420 419
420 421
420 434
420 437
420 440
420 442
421 419
421 420
421 422
421 806
421 433
421 434
422 802
422 419
422 805
422 421
422 806
422 432
423 416
423 97
423 802
423 805
423 424
423 426
423 90
423 415
424 416
424 97
424 99
424 423
424 600
424 601
424 604
425 426
425 427
425 428
425 429
425 430
425 90
426 805
426 423
426 425
426 430
426 431
426 432
426 90
427 611
427 615
427 425
427 429
427 627
427 90
428 609
428 611
428 425
428 429
428 430
428 623
428 731
429 425
429 611
429 428
429 427
430 425
430 426
430 428
430 431
430 731
430 732
431 426
431 430
431 432
431 502
431 732
431 287
432 805
432 806
432 422
432 426
432 431
432 502
433 421
433 806
433 807
433 434
433 435
433 502
434 420
434 421
434 433
434 435
434 436
434 437
435 807
435 433
435 434
435 306
435 436
435 305
436 434
436 435
436 307
436 437
436 438
436 439
436 306
437 420
437 434
437 436
437 438
437 440
438 436
438 437
438 439
438 440
438 441
439 307
439 436
439 308
439 438
439 441
440 420
440 437
440 438
440 441
440 442
440 443
441 640
441 153
441 154
441 808
441 810
441 304
441 308
441 438
441 439
441 440
441 443
441 204
441 754
441 755
441 756
441 757
441 758
441 759
441 763
441 639
442 419
442 420
442 440
442 443
442 444
442 445
443 808
443 809
443 440
443 441
443 442
443 445
444 419
444 804
444 809
444 814
444 442
444 445
445 809
445 442
445 443
445 444
446 160
446 161
446 811
446 813
446 815
446 820
446 447
447 160
447 820
447 821
447 822
447 446
447 159
448 193
448 449
448 454
448 456
448 457
448 189
449 448
449 193
449 450
449 451
449 454
449 455
450 193
450 449
450 451
450 452
450 453
450 194
451 449
451 450
451 452
451 167
451 455
451 179
452 770
452 771
452 450
452 451
452 453
452 167
452 831
453 832
453 450
453 194
453 452
453 197
453 784
453 831
454 192
454 449
454 448
454 455
454 456
454 12
454 179
455 449
455 179
455 454
455 451
456 192
456 448
456 454
456 457
456 191
457 448
457 456
457 189
457 190
457 191
458 521
458 522
458 459
458 460
458 461
458 527
458 474
459 458
459 460
459 462
459 463
459 464
459 474
460 458
460 459
460 461
460 462
461 481
461 329
461 458
461 460
461 525
461 462
461 527
461 477
461 478
461 479
462 459
462 460
462 461
462 463
462 467
462 340
462 477
462 479
463 480
463 459
463 462
463 464
463 465
463 467
463 469
464 459
464 463
464 465
464 466
464 472
464 473
464 474
465 463
465 464
465 466
465 468
465 469
466 464
466 465
466 468
466 470
466 471
466 472
467 480
467 462
467 463
467 340
467 341
467 479
468 465
468 466
468 469
468 470
468 475
468 476
469 480
469 512
469 463
469 465
469 468
469 476
469 511
470 466
470 475
470 468
470 471
471 466
471 470
471 472
471 475
471 733
471 735
472 514
472 515
472 464
472 466
472 471
472 473
472 735
473 514
473 521
473 464
473 472
473 474
474 521
474 458
474 459
474 464
474 473
475 513
475 468
475 470
475 471
475 476
475 733
476 513
476 468
476 469
476 475
476 511
477 482
477 461
477 462
477 340
477 478
478 481
478 482
478 483
478 484
478 461
478 477
479 467
479 340
479 461
479 462
480 512
480 463
480 467
480 340
480 469
481 484
481 485
481 486
481 329
481 461
481 311
481 478
482 483
482 484
482 337
482 340
482 477
482 478
483 482
483 484
483 485
483 487
483 489
483 337
483 478
484 481
484 482
484 483
484 485
484 478
485 481
485 483
485 484
485 486
485 487
485 488
485 490
486 481
486 485
486 490
486 491
486 311
487 483
487 485
487 488
487 489
487 342
488 485
488 487
488 490
488 495
488 496
488 342
488 343
489 483
489 487
489 337
489 338
489 342
490 485
490 486
490 488
490 491
490 495
491 486
491 490
491 493
491 494
491 495
491 311
492 291
492 493
492 494
492 498
492 499
492 500
493 491
493 492
493 494
493 499
493 311
493 313
493 315
494 491
494 492
494 493
494 495
494 496
494 497
494 498
495 488
495 490
495 491
495 494
495 496
496 488
496 494
496 495
496 497
496 342
497 494
497 496
497 498
497 342
497 345
498 291
498 492
498 494
498 497
498 345
498 346
499 492
499 493
499 500
499 501
499 315
500 291
500 499
500 492
500 501
501 833
501 291
501 499
501 500
501 502
501 503
501 315
502 833
502 291
502 806
502 807
502 431
502 432
502 433
502 501
502 287
503 833
503 305
503 501
503 315
503 317
504 32
504 26
504 27
504 31
505 514
505 516
505 506
505 507
505 508
506 736
506 505
506 507
506 508
506 509
506 734
507 736
507 514
507 515
507 505
507 506
507 735
508 516
508 517
508 505
508 506
508 509
508 510
509 513
509 734
509 506
509 508
509 733
509 510
509 511
510 512
510 517
510 518
510 508
510 509
510 511
511 512
511 513
511 469
511 476
511 509
511 510
512 480
512 518
512 333
512 334
512 340
512 469
512 510
512 511
513 509
513 475
513 476
513 733
513 511
514 515
514 516
514 521
514 473
514 472
514 505
514 507
515 472
515 514
515 507
515 735
516 514
516 517
516 519
516 520
516 521
516 505
516 508
517 516
517 518
517 519
517 334
517 508
517 510
518 512
518 334
518 517
518 510
519 516
519 517
519 520
519 523
519 332
519 524
519 334
520 516
520 519
520 521
520 522
520 523
521 514
521 516
521 520
521 458
521 522
521 473
521 474
522 520
522 521
522 458
522 523
522 525
522 527
523 323
523 519
523 520
523 522
523 524
523 525
523 526
524 323
524 324
524 519
524 523
524 332
525 328
525 329
525 522
525 523
525 461
525 526
525 527
526 323
526 327
526 328
526 523
526 525
526 527
527 458
527 522
527 461
527 525
527 526
528 323
529 48
529 49
529 43
529 44
530 545
530 550
530 551
530 531
530 532
530 540
531 530
531 532
531 533
531 534
531 537
531 540
532 551
532 561
532 530
532 531
532 533
533 561
533 562
533 531
533 532
533 534
533 535
534 531
534 533
534 535
534 536
534 537
535 562
535 563
535 533
535 534
535 536
535 541
535 542
536 534
536 535
536 537
536 538
536 541
536 543
537 531
537 534
537 536
537 538
537 539
537 540
538 544
538 536
538 537
538 539
538 543
539 544
539 545
539 537
539 538
539 540
540 545
540 530
540 531
540 537
540 539
541 546
541 558
541 535
541 536
541 542
541 543
542 557
542 558
542 560
542 563
542 564
542 535
542 541
543 544
543 546
543 547
543 536
543 538
543 541
544 545
544 547
544 548
544 538
544 539
544 543
545 544
545 548
545 549
545 550
545 530
545 539
545 540
546 547
546 552
546 554
546 555
546 556
546 558
546 541
546 543
547 544
547 546
547 548
547 741
547 552
547 553
547 543
548 544
548 545
548 547
548 549
548 741
549 545
549 577
549 579
549 548
549 580
549 550
549 741
550 545
550 580
550 549
550 551
550 530
551 580
551 550
551 561
551 530
551 532
551 565
552 553
552 546
552 547
552 554
553 737
553 547
553 741
553 552
553 554
553 571
554 737
554 546
554 738
554 552
554 553
554 555
554 117
554 118
555 546
555 740
555 554
555 556
555 118
555 119
556 128
556 546
556 555
556 557
556 558
556 559
556 119
556 121
557 128
557 556
557 558
557 560
557 542
558 546
558 556
558 557
558 541
558 542
559 128
559 560
559 556
559 127
560 128
560 574
560 557
560 559
560 564
560 566
560 542
560 127
561 576
561 551
561 562
561 532
561 565
561 533
562 576
562 561
562 563
562 533
562 535
563 576
563 562
563 564
563 535
563 542
563 575
564 542
564 560
564 563
564 574
564 575
565 576
565 561
565 580
565 551
566 560
566 567
566 573
566 574
566 127
567 578
567 566
567 568
567 569
567 572
567 573
567 574
567 127
568 590
568 567
568 569
568 570
568 127
569 738
569 582
569 591
569 567
569 568
569 570
569 571
569 572
570 582
570 584
570 590
570 568
570 569
570 127
571 577
571 738
571 737
571 741
571 553
571 569
571 572
572 577
572 578
572 567
572 569
572 571
572 573
573 572
573 566
573 567
574 578
574 579
574 560
574 564
574 566
574 567
574 575
575 576
575 579
575 580
575 563
575 564
575 574
576 580
576 561
576 562
576 563
576 565
576 575
577 578
577 579
577 549
577 741
577 571
577 572
578 577
578 579
578 567
578 572
578 574
579 577
579 578
579 580
579 549
579 574
579 575
580 576
580 579
580 549
580 550
580 551
580 565
580 575
581 65
581 66
581 60
581 61
582 583
582 584
582 105
582 106
582 590
582 591
582 569
582 570
583 582
583 584
583 585
583 586
583 587
583 589
584 582
584 583
584 585
584 592
584 570
584 125
584 126
584 127
585 131
585 583
585 584
585 586
585 592
585 596
586 583
586 585
586 587
586 588
586 593
586 596
587 583
587 105
587 586
587 588
587 589
588 104
588 105
588 586
588 587
588 589
588 593
588 597
589 583
589 105
589 106
589 587
589 588
590 568
590 570
590 582
591 738
591 739
591 582
591 106
591 569
592 131
592 584
592 585
592 596
592 125
593 586
593 588
593 594
593 595
593 596
593 597
594 131
594 132
594 593
594 595
594 596
594 603
595 593
595 594
595 597
595 598
595 599
595 603
596 131
596 132
596 585
596 586
596 592
596 593
596 594
597 104
597 588
597 593
597 595
597 598
598 98
598 99
598 104
598 595
598 597
598 599
598 600
598 602
599 603
599 602
599 595
599 598
600 99
600 424
600 598
600 601
600 602
600 604
601 600
601 99
601 604
601 424
602 417
602 418
602 598
602 599
602 600
602 603
602 604
603 418
603 132
603 133
603 136
603 594
603 595
603 599
603 602
604 416
604 417
604 424
604 600
604 601
604 602
605 368
605 378
605 606
605 367
606 681
606 715
606 378
606 367
606 698
606 605
606 607
607 681
607 366
607 367
607 726
607 606
608 82
608 83
608 77
608 78
609 610
609 611
609 618
609 428
609 623
610 609
610 611
610 613
610 614
610 617
610 618
610 255
611 609
611 610
611 614
611 615
611 427
611 428
611 429
612 613
612 616
612 214
612 220
612 254
612 255
613 610
613 612
613 616
613 617
613 619
613 215
613 255
614 256
614 610
614 611
614 615
614 255
615 256
615 611
615 614
615 427
615 626
615 627
616 612
616 613
616 214
616 215
617 610
617 613
617 618
617 619
617 620
617 621
618 609
618 610
618 617
618 620
618 623
619 613
619 617
619 621
619 622
619 215
620 290
620 617
620 618
620 621
620 623
620 276
621 617
621 619
621 620
621 622
621 624
621 276
621 277
622 619
622 621
622 624
622 215
622 216
623 609
623 290
623 618
623 428
623 620
623 731
624 621
624 622
624 277
624 278
624 216
625 217
625 209
625 214
626 256
626 259
626 615
626 627
626 281
627 615
627 427
627 626
627 86
627 88
627 281
627 90
628 743
628 629
628 87
628 634
628 92
629 628
629 630
629 87
629 633
629 634
630 629
630 87
630 631
630 88
630 633
630 282
631 280
631 632
631 630
631 88
631 281
631 282
632 280
632 281
632 631
633 629
633 634
633 630
633 282
633 284
633 285
634 743
634 746
634 628
634 629
634 790
634 633
634 796
634 285
635 640
635 297
635 148
635 636
635 637
635 639
636 297
636 635
636 300
636 639
637 297
637 146
637 148
637 635
637 638
638 295
638 744
638 297
638 745
638 750
638 146
638 92
638 637
639 640
639 300
639 754
639 441
639 635
639 636
640 755
640 148
640 441
640 635
640 639
641 225
641 642
641 643
641 227
641 231
641 651
641 654
642 641
642 643
642 644
642 645
642 654
642 655
642 243
643 641
643 642
643 644
643 651
643 652
644 642
644 643
644 645
644 646
644 652
644 653
645 642
645 644
645 646
645 647
645 243
646 644
646 645
646 647
646 648
646 653
647 645
647 646
647 648
647 649
647 243
647 245
648 228
648 229
648 646
648 647
648 649
648 650
648 653
649 229
649 230
649 647
649 648
649 233
649 245
649 247
650 227
650 228
650 648
650 651
650 653
651 641
651 227
651 643
651 650
651 652
651 653
652 644
652 651
652 643
652 653
653 644
653 646
653 648
653 650
653 651
653 652
654 641
654 642
654 225
654 238
654 655
654 213
655 642
655 238
655 654
655 239
655 243
656 705
656 657
656 658
656 660
656 700
656 701
657 705
657 708
657 712
657 713
657 656
657 658
657 659
658 656
658 657
658 659
658 660
659 657
659 658
659 660
659 713
660 704
660 713
660 656
660 658
660 659
660 700
660 703
661 713
661 714
661 717
661 719
661 720
661 662
661 663
662 840
662 718
662 720
662 661
662 725
662 663
662 414
663 717
663 718
663 661
663 662
664 834
664 773
664 198
664 665
664 666
665 834
665 163
665 165
665 170
665 172
665 664
665 666
666 196
666 198
666 172
666 174
666 664
666 665
667 674
667 675
667 676
667 362
667 375
667 729
667 668
668 673
668 674
668 362
668 363
668 667
668 669
669 673
669 363
669 668
669 670
669 671
670 672
670 363
670 364
670 365
670 669
670 671
671 672
671 673
671 727
671 728
671 669
671 670
672 680
672 365
672 726
672 727
672 670
672 671
673 674
673 728
673 668
673 669
673 671
674 673
674 675
674 728
674 667
674 668
675 674
675 676
675 677
675 728
675 667
676 675
676 69
676 678
676 677
676 679
676 729
676 667
677 675
677 676
677 69
677 680
677 728
678 676
678 69
678 70
678 679
678 682
678 683
679 676
679 678
679 683
679 684
679 685
679 729
679 730
680 672
680 69
680 70
680 677
680 681
680 726
680 727
680 728
681 70
681 680
681 682
681 715
681 726
681 606
681 607
682 678
682 70
682 681
682 683
682 715
682 687
682 698
683 678
683 679
683 682
683 684
683 687
683 688
683 691
684 679
684 683
684 685
684 686
684 691
685 679
685 684
685 686
685 692
685 373
685 730
686 684
686 685
686 688
686 690
686 691
686 692
686 694
686 695
687 682
687 683
687 688
687 689
687 697
687 698
688 683
688 686
688 687
688 689
688 690
688 691
689 687
689 688
689 690
689 696
689 697
690 686
690 688
690 689
690 695
690 696
691 688
691 683
691 684
691 686
692 685
692 686
692 369
692 693
692 694
692 373
692 382
693 699
693 692
693 694
693 382
694 706
694 707
694 686
694 692
694 693
694 695
694 699
695 707
695 686
695 690
695 694
695 696
696 707
696 709
696 710
696 716
696 689
696 690
696 695
696 697
697 716
697 378
697 687
697 689
697 696
697 698
698 682
698 715
698 687
698 697
698 378
698 606
699 384
699 382
699 706
699 693
699 694
699 702
699 383
700 704
700 141
700 144
700 656
700 660
700 405
700 701
701 705
701 144
701 656
701 400
701 700
701 702
702 384
702 705
702 706
702 400
702 401
702 699
702 701
703 704
703 713
703 720
703 721
703 660
704 141
704 721
704 660
704 700
704 703
705 706
705 707
705 708
705 656
705 657
705 701
705 702
706 705
706 707
706 694
706 699
706 702
707 705
707 706
707 708
707 709
707 694
707 695
707 696
708 705
708 707
708 709
708 710
708 711
708 712
708 657
709 696
709 707
709 708
709 710
710 708
710 709
710 711
710 391
710 393
710 716
710 696
711 712
711 708
711 710
711 391
712 708
712 711
712 391
712 713
712 714
712 397
712 657
712 412
713 712
713 714
713 720
713 657
713 659
713 660
713 661
713 703
714 712
714 713
714 717
714 719
714 661
714 412
714 413
715 682
715 681
715 698
715 606
716 710
716 393
716 696
716 697
716 378
716 379
717 714
717 718
717 661
717 663
717 413
717 414
718 662
718 717
718 414
718 663
719 720
719 714
719 661
720 713
720 719
720 721
720 722
720 661
720 662
720 725
720 703
721 704
721 836
721 141
721 720
721 722
721 703
722 836
722 839
722 720
722 721
722 725
723 803
723 199
723 840
723 201
723 203
723 724
723 414
724 838
724 199
724 840
724 723
724 725
724 151
724 152
725 838
725 839
725 840
725 720
725 722
725 724
725 662
726 672
726 680
726 681
726 365
726 366
726 607
727 680
727 728
727 672
727 671
728 673
728 674
728 675
728 677
728 680
728 727
728 671
729 676
729 679
729 373
729 374
729 375
729 730
729 667
730 729
730 373
730 685
730 679
731 288
731 290
731 428
731 430
731 623
731 732
732 288
732 289
732 430
732 431
732 731
732 287
733 513
733 471
733 475
733 509
733 734
733 735
734 736
734 733
734 506
734 509
734 735
735 736
735 515
735 471
735 472
735 507
735 733
735 734
736 506
736 507
736 734
736 735
737 553
737 738
737 571
737 554
738 737
738 739
738 554
738 591
738 116
738 117
738 569
738 571
739 738
739 106
739 107
739 591
739 116
740 121
740 555
740 119
741 577
741 547
741 548
741 549
741 553
741 571
742 836
742 837
742 141
742 143
742 145
742 753
742 152
743 745
743 746
743 628
743 634
743 92
744 747
744 748
744 750
744 751
744 94
744 91
744 92
744 638
745 295
745 743
745 746
745 92
745 797
745 638
746 743
746 745
746 634
746 796
746 797
747 744
747 139
747 748
747 749
747 94
748 744
748 747
748 749
748 751
749 139
749 748
749 747
749 751
749 143
749 752
750 744
750 751
750 145
750 146
750 638
751 744
751 748
751 749
751 750
751 752
751 145
752 145
752 751
752 749
752 143
753 152
753 838
753 837
753 742
754 304
754 441
754 300
754 639
755 640
755 441
755 153
755 148
756 162
756 811
756 812
756 757
756 441
756 762
756 763
757 441
757 762
757 756
757 758
758 761
758 757
758 759
758 441
758 762
758 155
759 204
759 761
759 758
759 760
759 441
760 200
760 204
760 787
760 759
760 761
761 206
761 787
761 788
761 789
761 758
761 759
761 760
761 155
762 162
762 756
762 757
762 758
762 155
762 156
763 441
763 810
763 756
763 812
764 159
764 768
764 766
764 765
764 158
764 767
765 769
765 770
765 826
765 764
765 766
765 159
766 768
766 769
766 764
766 765
767 768
767 776
767 207
767 764
767 158
768 769
768 835
768 775
768 776
768 764
768 766
768 767
769 768
769 770
769 771
769 163
769 835
769 166
769 834
769 765
769 766
770 769
770 771
770 452
770 826
770 765
770 831
771 769
771 770
771 452
771 166
771 167
772 773
772 197
772 198
772 774
772 783
772 784
773 834
773 835
773 772
773 198
773 775
773 774
773 664
774 772
774 773
774 775
774 776
774 777
774 778
774 783
775 768
775 835
775 773
775 774
775 776
776 768
776 774
776 775
776 777
776 779
776 780
776 207
776 767
777 774
777 776
777 778
777 779
777 781
778 774
778 777
778 781
778 782
778 783
779 776
779 777
779 780
779 781
779 205
779 785
780 776
780 779
780 205
780 207
781 777
781 778
781 779
781 782
781 785
781 786
782 778
782 781
782 783
782 786
782 824
782 827
782 828
782 829
783 772
783 774
783 778
783 782
783 784
783 828
784 832
784 772
784 197
784 453
784 783
784 828
785 202
785 779
785 781
785 205
785 786
785 787
785 788
786 202
786 203
786 781
786 782
786 785
786 829
787 200
787 202
787 785
787 788
787 760
787 761
788 205
788 206
788 785
788 787
788 761
789 761
789 155
789 206
790 294
790 634
790 794
790 796
790 285
790 286
791 792
791 793
791 794
791 795
791 798
791 799
792 295
792 298
792 791
792 793
792 796
792 799
793 792
793 794
793 796
793 791
794 293
794 294
794 790
794 791
794 793
794 795
794 796
795 293
795 791
795 794
795 349
795 798
796 295
796 746
796 790
796 634
796 792
796 793
796 794
796 797
797 745
797 746
797 796
797 295
798 800
798 317
798 301
798 791
798 795
798 316
798 349
798 799
799 298
799 301
799 791
799 792
799 798
800 301
800 302
800 305
800 317
800 798
801 802
801 817
801 818
801 409
801 415
802 801
802 419
802 804
802 805
802 422
802 423
802 817
802 415
803 414
803 203
803 818
803 723
803 825
803 409
803 830
804 802
804 419
804 814
804 816
804 817
804 444
805 802
805 422
805 423
805 426
805 432
806 421
806 422
806 432
806 433
806 502
807 833
807 433
807 305
807 435
807 502
808 441
808 810
808 443
808 809
809 808
809 810
809 813
809 814
809 443
809 444
809 445
810 808
810 809
810 812
810 813
810 441
810 763
811 161
811 162
811 812
811 813
811 756
811 446
812 810
812 811
812 813
812 756
812 763
813 809
813 810
813 811
813 812
813 814
813 815
813 446
814 804
814 809
814 813
814 815
814 816
814 444
815 813
815 814
815 816
815 820
815 446
816 804
816 814
816 815
816 817
816 819
816 820
817 801
817 802
817 804
817 816
817 818
817 819
818 801
818 803
818 409
818 817
818 819
818 825
819 816
819 817
819 818
819 820
819 822
819 824
819 825
820 815
820 816
820 819
820 822
820 446
820 447
821 447
821 823
821 822
821 159
822 819
822 820
822 821
822 823
822 824
822 827
822 447
823 821
823 822
823 826
823 827
823 159
824 782
824 819
824 822
824 825
824 827
824 829
824 830
825 803
825 818
825 819
825 824
825 830
826 770
826 831
826 823
826 827
826 828
826 765
826 159
827 782
827 822
827 823
827 824
827 826
827 828
828 832
828 782
828 783
828 784
828 826
828 827
828 831
829 203
829 782
829 786
829 824
829 830
830 803
830 203
830 824
830 825
830 829
831 832
831 770
831 452
831 453
831 826
831 828
832 784
832 828
832 453
832 831
833 807
833 305
833 501
833 502
833 503
834 769
834 835
834 163
834 773
834 664
834 665
835 768
835 769
835 834
835 773
835 775
836 837
836 742
836 839
836 141
836 721
836 722
837 836
837 742
837 839
837 838
837 753
838 837
838 839
838 753
838 724
838 725
838 152
839 836
839 837
839 838
839 722
839 725
840 723
840 724
840 725
840 662
840 414
