0 8
0 1
0 2
0 7
1 0
1 2
1 4
1 6
1 7
1 29
2 0
2 1
2 8
2 9
2 10
2 28
2 29
2 31
3 12
3 13
3 4
3 5
4 1
4 3
4 5
4 6
4 12
5 3
5 4
5 13
5 6
6 1
6 4
6 5
6 7
6 13
6 29
6 30
7 0
7 1
7 6
7 8
7 30
8 0
8 2
8 7
8 9
8 30
9 2
9 8
9 10
9 11
9 28
9 30
9 31
10 9
10 2
10 11
10 31
11 9
11 10
11 31
12 3
12 4
12 13
13 3
13 5
13 6
13 12
13 29
14 16
14 17
14 18
14 15
15 16
15 17
15 14
16 14
16 15
16 18
16 19
16 20
17 14
17 47
17 15
17 18
17 19
18 16
18 17
18 19
18 14
19 47
19 16
19 17
19 18
19 48
19 20
19 21
20 47
20 16
20 19
20 21
20 22
20 24
21 48
21 19
21 20
21 22
21 23
22 24
22 20
22 21
22 23
23 48
23 21
23 22
23 24
23 25
24 46
24 47
24 49
24 20
24 22
24 23
24 25
24 26
25 46
25 48
25 49
25 23
25 24
25 26
25 27
26 24
26 25
26 27
26 49
27 25
27 26
27 49
28 2
28 9
28 29
28 30
28 31
29 1
29 2
29 6
29 13
29 591
29 594
29 595
29 596
29 693
29 602
29 28
29 30
30 6
30 7
30 8
30 9
30 28
30 29
31 2
31 9
31 10
31 11
31 28
32 33
32 34
32 35
32 36
33 32
33 34
33 35
34 32
34 33
34 36
34 37
34 38
35 32
35 33
35 65
35 36
35 37
36 32
36 34
36 35
36 37
37 65
37 34
37 35
37 36
37 66
37 38
37 39
38 65
38 34
38 37
38 294
38 39
38 40
38 293
38 42
38 315
38 317
38 318
38 319
39 66
39 37
39 38
39 40
39 41
40 41
40 42
40 38
40 39
41 66
41 39
41 40
41 42
41 43
42 64
42 65
42 67
42 38
42 40
42 41
42 43
42 44
43 64
43 66
43 67
43 41
43 42
43 44
43 45
44 67
44 42
44 43
44 45
45 67
45 43
45 44
46 47
46 48
46 49
46 24
46 25
47 46
47 48
47 17
47 19
47 20
47 24
48 46
48 47
48 19
48 21
48 23
48 25
49 46
49 24
49 25
49 26
49 27
50 51
50 52
50 53
50 54
51 50
51 52
51 53
52 50
52 51
52 54
52 55
52 56
53 50
53 83
53 51
53 54
53 55
54 50
54 52
54 53
54 55
55 83
55 52
55 53
55 54
55 84
55 56
55 57
56 83
56 52
56 55
56 57
56 58
56 60
57 84
57 55
57 56
57 58
57 59
58 56
58 57
58 59
58 60
59 84
59 57
59 58
59 60
59 61
60 82
60 83
60 85
60 56
60 58
60 59
60 61
60 62
61 82
61 84
61 85
61 59
61 60
61 62
61 63
62 85
62 60
62 61
62 63
63 85
63 61
63 62
64 65
64 66
64 67
64 42
64 43
65 64
65 66
65 35
65 37
65 38
65 42
66 64
66 65
66 37
66 39
66 41
66 43
67 64
67 42
67 43
67 44
67 45
68 72
68 69
68 70
68 71
69 739
69 68
69 70
69 71
69 458
69 464
69 471
70 68
70 69
70 72
70 73
70 74
71 68
71 69
71 72
71 73
71 464
71 469
71 470
71 471
71 568
72 73
72 68
72 70
72 71
73 70
73 71
73 72
73 74
73 75
73 568
73 569
74 70
74 73
74 75
74 76
74 78
74 568
75 73
75 74
75 76
75 77
75 569
76 74
76 75
76 77
76 78
77 75
77 76
77 78
77 79
77 569
78 74
78 76
78 77
78 79
78 80
78 567
78 568
78 570
79 77
79 78
79 80
79 81
79 567
79 569
79 570
80 81
80 570
80 78
80 79
81 80
81 570
81 79
82 83
82 84
82 85
82 60
82 61
83 82
83 84
83 53
83 55
83 56
83 60
84 82
84 83
84 55
84 57
84 59
84 61
85 82
85 60
85 61
85 62
85 63
86 88
86 89
86 98
86 87
87 476
87 491
87 492
87 86
87 88
87 89
87 730
87 91
87 92
87 477
88 98
88 86
88 87
88 730
88 731
88 732
88 733
89 98
89 86
89 87
89 90
89 91
90 97
90 98
90 99
90 100
90 104
90 89
90 91
91 96
91 97
91 87
91 89
91 90
91 92
91 93
91 94
92 91
92 492
92 93
92 87
93 490
93 492
93 91
93 92
93 94
93 95
94 96
94 91
94 93
94 95
95 96
95 130
95 101
95 490
95 493
95 189
95 93
95 94
95 127
96 97
96 101
96 91
96 94
96 95
97 96
97 101
97 102
97 103
97 105
97 106
97 90
97 91
98 99
98 484
98 455
98 86
98 88
98 89
98 90
98 732
99 98
99 100
99 485
99 198
99 484
99 90
100 99
100 198
100 103
100 104
100 90
101 96
101 97
101 129
101 130
101 106
101 107
101 95
102 97
102 103
102 104
102 105
102 106
102 108
103 97
103 100
103 197
103 102
103 198
103 104
103 108
103 109
103 110
104 100
104 102
104 103
104 105
104 90
105 104
105 97
105 106
105 102
106 97
106 101
106 102
106 105
106 107
106 108
107 129
107 131
107 101
107 106
107 108
107 112
108 102
108 103
108 106
108 107
108 109
108 110
108 111
108 112
109 108
109 103
110 197
110 108
110 111
110 103
111 197
111 199
111 108
111 110
111 112
111 113
111 114
112 128
112 129
112 131
112 107
112 108
112 111
112 113
112 125
112 126
113 111
113 112
113 114
113 115
113 116
113 118
113 126
114 199
114 201
114 205
114 111
114 113
114 115
114 566
115 201
115 205
115 113
115 114
115 116
115 117
115 566
116 113
116 115
116 117
116 118
116 119
116 121
117 835
117 836
117 115
117 116
117 566
117 664
117 121
117 671
118 113
118 116
118 119
118 120
118 125
118 126
119 116
119 118
119 120
119 121
119 122
119 123
119 124
120 124
120 125
120 118
120 119
121 609
121 836
121 116
121 117
121 119
121 824
121 122
122 768
122 121
122 609
122 176
122 177
122 119
122 184
122 185
122 123
123 119
123 185
123 122
123 187
123 124
124 187
124 189
124 119
124 120
124 123
124 125
124 127
125 128
125 112
125 118
125 120
125 124
125 126
125 127
126 131
126 112
126 113
126 118
126 125
127 128
127 129
127 130
127 189
127 124
127 125
127 95
128 112
128 129
128 125
128 127
129 128
129 130
129 101
129 107
129 112
129 127
130 129
130 101
130 493
130 127
130 95
131 112
131 107
131 126
132 133
132 134
132 135
132 136
132 137
133 770
133 132
133 134
133 136
133 746
133 747
133 748
133 157
134 132
134 133
134 137
134 152
134 153
134 155
134 157
135 132
135 136
135 137
135 139
135 140
135 141
136 132
136 133
136 135
136 747
136 749
136 141
137 132
137 134
137 135
137 138
137 139
137 755
137 151
137 152
138 711
138 137
138 139
138 145
138 755
139 135
139 137
139 138
139 140
139 142
139 143
139 145
140 135
140 139
140 141
140 142
140 144
140 756
141 135
141 136
141 140
141 749
141 754
141 756
142 522
142 139
142 140
142 523
142 143
142 144
143 712
143 522
143 139
143 142
143 145
144 774
144 743
144 775
144 523
144 140
144 142
144 529
144 756
145 711
145 712
145 138
145 139
145 143
146 711
146 689
146 147
146 148
146 149
147 165
147 146
147 148
147 149
147 150
148 165
148 167
148 171
148 172
148 689
148 146
148 147
149 711
149 146
149 147
149 757
149 150
150 165
150 147
150 149
150 757
150 153
150 154
150 155
150 156
151 711
151 137
151 755
151 152
151 153
151 154
152 137
152 153
152 134
152 151
153 134
153 150
153 151
153 152
153 154
153 155
154 711
154 757
154 150
154 151
154 153
155 134
155 150
155 153
155 156
155 157
156 164
156 165
156 150
156 758
156 155
156 157
157 770
157 133
157 134
157 237
157 238
157 758
157 155
157 156
158 160
158 166
158 170
158 759
158 762
158 159
159 160
159 161
159 234
159 235
159 238
159 759
159 158
160 161
160 162
160 166
160 209
160 211
160 212
160 158
160 159
161 160
161 162
161 163
161 234
161 159
162 160
162 161
162 163
162 212
162 219
163 224
163 161
163 162
163 231
163 234
163 219
164 740
164 165
164 168
164 170
164 758
164 761
164 763
164 156
165 164
165 167
165 168
165 147
165 148
165 150
165 156
166 160
166 169
166 170
166 209
166 158
167 165
167 168
167 171
167 173
167 148
168 740
168 164
168 165
168 167
168 173
168 764
168 765
169 740
169 166
169 170
169 205
169 206
169 209
170 164
170 740
170 166
170 169
170 762
170 763
170 158
171 167
171 172
171 173
171 175
171 176
171 148
172 808
172 171
172 174
172 175
172 689
172 148
172 767
173 768
173 167
173 168
173 171
173 176
173 178
173 765
174 800
174 172
174 175
174 181
174 793
174 767
175 171
175 172
175 174
175 176
175 181
176 768
176 609
176 171
176 173
176 175
176 181
176 122
177 768
177 186
177 178
177 179
177 180
177 184
177 122
178 768
178 769
178 173
178 177
178 210
178 179
178 765
179 207
179 177
179 178
179 210
179 180
179 182
179 183
179 188
180 177
180 179
180 183
180 185
180 186
180 187
180 188
181 800
181 609
181 610
181 611
181 174
181 175
181 176
182 202
182 204
182 207
182 179
182 183
183 202
183 203
183 179
183 180
183 182
183 187
183 188
183 189
183 190
184 186
184 185
184 122
184 177
185 122
185 123
185 180
185 184
185 186
185 187
186 184
186 185
186 177
186 180
187 124
187 180
187 183
187 185
187 123
187 188
187 189
188 179
188 180
188 187
188 183
189 493
189 124
189 95
189 183
189 187
189 127
189 190
189 191
190 192
190 200
190 203
190 208
190 183
190 189
190 191
191 192
191 193
191 196
191 490
191 493
191 189
191 190
192 193
192 194
192 197
192 199
192 200
192 190
192 191
193 192
193 194
193 195
193 196
193 488
193 489
193 191
194 192
194 193
194 195
194 197
194 198
195 480
195 193
195 194
195 484
195 485
195 198
195 488
196 193
196 490
196 489
196 191
197 192
197 194
197 198
197 103
197 199
197 110
197 111
198 194
198 99
198 100
198 197
198 195
198 103
198 485
199 192
199 197
199 200
199 201
199 111
199 114
200 192
200 199
200 201
200 202
200 203
200 208
200 190
201 199
201 200
201 202
201 204
201 205
201 114
201 115
202 200
202 201
202 203
202 204
202 208
202 182
202 183
203 200
203 202
203 208
203 183
203 190
204 201
204 202
204 205
204 207
204 182
205 740
205 201
205 169
205 204
205 206
205 207
205 209
205 114
205 115
205 566
206 769
206 740
206 169
206 205
206 207
206 210
206 766
207 204
207 205
207 206
207 210
207 179
207 182
208 200
208 202
208 203
208 190
209 160
209 166
209 169
209 205
209 211
209 565
209 566
210 769
210 206
210 207
210 178
210 179
211 160
211 558
211 209
211 212
211 213
211 565
212 160
212 162
212 211
212 213
212 214
212 219
213 558
213 559
213 211
213 212
213 214
213 215
214 212
214 213
214 215
214 216
214 219
215 557
215 559
215 213
215 214
215 216
215 217
216 214
216 215
216 217
216 218
216 219
216 220
216 221
217 554
217 556
217 557
217 215
217 216
217 218
218 554
218 216
218 217
218 221
218 222
218 223
219 224
219 162
219 163
219 212
219 214
219 216
219 220
220 224
220 225
220 216
220 219
220 221
221 225
221 226
221 227
221 228
221 216
221 218
221 220
221 222
222 228
222 229
222 218
222 221
222 223
223 229
223 551
223 552
223 554
223 218
223 222
224 225
224 163
224 230
224 231
224 232
224 233
224 219
224 220
225 224
225 226
225 232
225 662
225 220
225 221
226 225
226 227
226 657
226 660
226 662
226 221
227 226
227 228
227 649
227 656
227 657
227 221
228 227
228 229
228 649
228 651
228 221
228 222
229 228
229 551
229 651
229 222
229 223
230 224
230 231
230 232
230 239
230 664
230 665
231 224
231 163
231 230
231 234
231 235
231 236
231 239
231 240
232 224
232 225
232 230
232 233
232 662
232 665
232 666
232 667
233 224
233 232
233 666
233 667
234 161
234 163
234 231
234 235
234 159
235 231
235 234
235 236
235 237
235 238
235 159
236 231
236 235
236 237
236 240
236 241
237 770
237 771
237 772
237 235
237 236
237 238
237 241
237 157
238 235
238 237
238 758
238 759
238 760
238 761
238 157
238 159
239 262
239 230
239 231
239 240
239 722
239 243
239 725
239 664
240 231
240 236
240 239
240 241
240 242
240 243
241 772
241 236
241 237
241 240
241 242
241 244
241 245
242 240
242 241
242 243
242 244
242 254
242 255
243 260
243 261
243 262
243 239
243 240
243 242
243 255
244 241
244 242
244 245
244 246
244 250
244 254
245 772
245 241
245 244
245 246
245 247
246 244
246 245
246 247
246 248
246 249
246 250
247 771
247 772
247 773
247 746
247 752
247 245
247 246
247 248
248 334
248 752
248 246
248 247
248 249
249 331
249 333
249 334
249 246
249 248
249 250
249 251
250 244
250 246
250 249
250 251
250 252
250 253
250 254
251 330
251 331
251 332
251 249
251 250
251 252
252 257
252 258
252 329
252 330
252 250
252 251
252 253
253 256
253 258
253 259
253 250
253 252
253 254
253 255
254 256
254 242
254 244
254 250
254 253
254 255
255 256
255 259
255 260
255 242
255 243
255 253
255 254
256 253
256 254
256 255
257 258
257 327
257 328
257 329
257 252
258 257
258 259
258 327
258 269
258 270
258 252
258 253
259 258
259 260
259 263
259 264
259 269
259 271
259 253
259 255
260 259
260 261
260 264
260 243
260 255
261 260
261 262
261 264
261 265
261 243
261 727
262 261
262 239
262 243
262 725
262 726
262 727
263 259
263 264
263 266
263 267
263 268
263 271
263 272
264 259
264 260
264 261
264 263
264 265
264 266
265 261
265 421
265 264
265 266
265 727
266 418
266 419
266 421
266 422
266 263
266 264
266 265
266 267
267 266
267 268
267 422
267 263
268 422
268 263
268 423
268 267
268 272
268 273
268 274
269 258
269 259
269 270
269 271
269 277
269 283
269 284
270 258
270 324
270 327
270 269
270 277
271 259
271 263
271 269
271 272
271 284
272 263
272 268
272 271
272 273
272 284
272 285
273 299
273 268
273 272
273 274
273 275
273 276
273 285
274 423
274 424
274 268
274 273
274 434
274 275
274 436
274 439
274 440
275 299
275 304
275 273
275 274
275 276
275 440
276 288
276 291
276 299
276 273
276 275
276 285
277 324
277 269
277 270
277 281
277 282
277 283
278 320
278 289
278 290
278 322
278 279
278 280
278 281
279 278
279 280
279 281
279 282
279 286
280 288
280 289
280 278
280 279
280 286
280 287
281 322
281 324
281 277
281 278
281 279
281 282
282 277
282 279
282 281
282 283
282 285
282 286
282 287
283 269
283 277
283 282
283 284
283 285
284 269
284 271
284 272
284 283
284 285
285 288
285 272
285 273
285 276
285 282
285 283
285 284
285 287
286 280
286 282
286 279
286 287
287 288
287 280
287 282
287 285
287 286
288 289
288 291
288 276
288 280
288 285
288 287
289 288
289 290
289 291
289 292
289 278
289 280
290 320
290 289
290 292
290 293
290 278
290 319
291 288
291 289
291 292
291 299
291 300
291 276
292 289
292 290
292 291
292 293
292 294
292 295
292 300
292 301
293 290
293 292
293 38
293 294
293 319
294 292
294 293
294 38
294 295
294 296
294 297
294 315
295 292
295 294
295 296
295 301
295 302
296 294
296 295
296 297
296 298
296 302
296 303
297 294
297 296
297 298
297 309
297 315
298 296
298 297
298 309
298 303
299 291
299 300
299 304
299 273
299 305
299 275
299 276
300 291
300 292
300 299
300 301
300 305
300 306
301 292
301 295
301 300
301 302
301 306
301 307
302 295
302 296
302 301
302 303
302 307
303 296
303 298
303 302
303 307
303 308
303 309
304 299
304 442
304 305
304 306
304 275
304 437
304 440
304 441
304 314
305 304
305 306
305 299
305 300
306 300
306 301
306 304
306 305
306 307
306 313
306 314
307 301
307 302
307 303
307 306
307 308
307 311
307 313
308 303
308 307
308 309
308 310
308 311
309 297
309 298
309 303
309 308
309 310
309 315
310 308
310 309
310 311
310 312
310 444
310 315
310 316
311 307
311 308
311 310
311 312
311 313
311 443
312 316
312 310
312 443
312 444
312 311
313 314
313 306
313 307
313 311
313 442
313 443
314 304
314 313
314 306
314 442
315 38
315 294
315 297
315 309
315 310
315 316
315 317
316 310
316 312
316 315
316 444
316 317
317 38
317 437
317 438
317 444
317 315
317 316
317 318
318 320
318 321
318 38
318 435
318 437
318 317
318 319
319 320
319 290
319 293
319 38
319 318
320 321
320 322
320 290
320 278
320 318
320 319
321 320
321 322
321 323
321 435
321 318
322 320
322 321
322 323
322 324
322 278
322 281
323 321
323 322
323 324
323 325
323 431
323 433
323 434
323 435
323 436
324 322
324 323
324 325
324 326
324 327
324 270
324 277
324 281
325 323
325 324
325 326
325 431
326 324
326 325
326 327
326 328
326 431
326 432
327 257
327 258
327 324
327 326
327 328
327 270
328 257
328 326
328 327
328 329
328 427
328 428
328 432
329 257
329 328
329 330
329 428
329 429
329 252
330 329
330 331
330 717
330 429
330 723
330 251
330 252
331 330
331 332
331 333
331 717
331 718
331 249
331 251
332 331
332 718
332 251
333 521
333 331
333 334
333 335
333 336
333 718
333 719
333 249
334 333
334 335
334 752
334 341
334 342
334 343
334 248
334 249
335 517
335 333
335 334
335 336
335 339
335 340
335 341
336 517
336 521
336 524
336 333
336 525
336 335
336 532
337 416
337 353
337 338
337 339
337 346
338 416
338 514
338 515
338 516
338 518
338 519
338 337
338 339
338 340
339 335
339 337
339 338
339 340
339 341
339 345
339 346
340 517
340 518
340 335
340 338
340 339
341 334
341 335
341 339
341 342
341 344
341 345
342 352
342 334
342 751
342 753
342 341
342 343
342 344
343 752
343 334
343 342
343 751
344 352
344 341
344 342
344 345
344 347
344 349
345 339
345 341
345 344
345 346
345 347
345 348
346 353
346 354
346 356
346 357
346 337
346 339
346 345
346 347
347 357
347 358
347 344
347 345
347 346
347 348
347 349
347 351
348 345
348 347
348 349
349 352
349 344
349 347
349 348
349 350
349 351
350 352
350 743
350 744
350 528
350 754
350 349
350 351
351 358
351 527
351 528
351 531
351 347
351 349
351 350
352 753
352 754
352 342
352 344
352 349
352 350
353 416
353 354
353 355
353 337
353 346
353 413
353 414
354 353
354 346
354 355
354 356
355 353
355 354
355 356
355 365
355 366
355 367
355 414
355 415
356 354
356 355
356 357
356 359
356 364
356 365
356 346
357 356
357 358
357 359
357 360
357 346
357 347
358 357
358 360
358 531
358 504
358 347
358 351
359 356
359 357
359 360
359 361
359 363
359 364
360 357
360 358
360 359
360 361
360 362
360 363
360 504
360 506
361 359
361 360
361 362
361 363
361 504
362 360
362 361
362 504
362 363
362 376
362 506
363 359
363 360
363 361
363 362
363 364
363 369
363 370
363 376
364 356
364 359
364 363
364 365
364 366
364 369
365 364
365 355
365 356
365 366
366 355
366 364
366 365
366 367
366 368
366 369
366 371
366 372
367 355
367 366
367 368
367 379
367 412
367 415
368 366
368 367
368 372
368 373
368 379
369 363
369 364
369 366
369 370
369 371
369 372
369 374
370 363
370 369
370 374
370 375
370 376
370 377
370 378
371 369
371 366
372 366
372 368
372 369
372 373
372 374
372 379
373 368
373 372
373 374
373 379
373 380
374 369
374 370
374 372
374 373
374 377
374 380
374 381
375 370
375 501
375 502
375 503
375 376
375 378
375 507
375 508
376 362
376 363
376 370
376 375
376 506
376 507
377 370
377 374
377 378
377 381
377 382
378 503
378 370
378 498
378 375
378 377
378 382
378 383
379 391
379 392
379 367
379 368
379 372
379 373
379 412
379 380
380 385
380 391
380 393
380 373
380 374
380 379
380 381
381 385
381 374
381 377
381 380
381 382
382 384
382 385
382 386
382 377
382 378
382 381
382 383
383 384
383 496
383 498
383 378
383 382
384 386
384 399
384 496
384 382
384 383
385 386
385 387
385 393
385 394
385 380
385 381
385 382
386 384
386 385
386 387
386 396
386 397
386 399
386 382
387 385
387 386
387 394
387 395
387 396
388 389
388 390
388 393
388 394
388 398
388 407
389 388
389 390
389 391
389 392
389 407
389 409
389 410
389 411
390 393
390 388
390 389
390 391
391 389
391 390
391 392
391 393
391 379
391 380
392 389
392 391
392 411
392 379
392 412
393 385
393 388
393 390
393 391
393 394
393 380
394 385
394 387
394 388
394 393
394 395
394 398
395 387
395 394
395 396
395 398
395 401
395 402
396 386
396 387
396 395
396 397
396 400
396 401
397 400
397 386
397 396
397 399
398 388
398 394
398 395
398 402
398 403
398 405
398 407
398 408
399 384
399 386
399 397
399 495
399 400
399 496
399 404
400 396
400 397
400 399
400 401
400 402
400 403
400 404
401 400
401 402
401 395
401 396
402 395
402 398
402 400
402 401
402 403
403 398
403 400
403 402
403 404
403 405
404 399
404 400
404 495
404 403
404 405
404 406
405 398
405 497
405 403
405 404
405 406
405 408
406 497
406 404
406 405
406 495
407 388
407 389
407 398
407 408
407 409
408 398
408 497
408 405
408 407
408 409
409 389
409 741
409 494
409 497
409 407
409 408
409 410
410 389
410 742
410 741
410 409
410 411
411 389
411 742
411 392
411 499
411 501
411 502
411 410
411 412
411 413
411 415
412 392
412 367
412 379
412 411
412 413
412 414
412 415
413 416
413 353
413 514
413 499
413 500
413 411
413 412
413 414
414 353
414 355
414 412
414 413
414 415
415 355
415 367
415 411
415 412
415 414
416 353
416 514
416 337
416 338
416 413
417 418
417 419
417 420
417 426
417 427
417 428
418 417
418 266
418 419
419 417
419 418
419 420
419 421
419 422
419 425
419 266
419 426
420 417
420 419
420 421
420 427
420 428
420 429
420 729
421 419
421 420
421 265
421 266
421 727
421 728
421 729
422 419
422 423
422 425
422 266
422 267
422 268
423 422
423 424
423 425
423 426
423 268
423 430
423 274
424 423
424 430
424 433
424 434
424 274
425 426
425 419
425 422
425 423
426 417
426 419
426 423
426 425
426 427
426 430
426 431
427 417
427 420
427 328
427 426
427 428
427 429
427 431
427 432
428 417
428 420
428 328
428 329
428 427
428 429
428 432
429 420
429 329
429 330
429 427
429 428
429 723
429 729
430 423
430 424
430 426
430 431
430 433
431 323
431 325
431 326
431 426
431 427
431 430
431 432
431 433
432 326
432 328
432 427
432 428
432 431
433 323
433 424
433 430
433 431
433 434
434 323
434 424
434 433
434 274
434 436
434 439
435 321
435 323
435 436
435 437
435 439
435 318
436 323
436 434
436 435
436 274
436 437
436 439
436 440
436 441
437 304
437 435
437 436
437 438
437 440
437 441
437 317
437 318
438 437
438 441
438 442
438 443
438 444
438 317
439 434
439 274
439 435
439 436
440 304
440 274
440 275
440 436
440 437
441 304
441 436
441 437
441 438
441 442
442 313
442 304
442 438
442 441
442 314
442 443
443 438
443 311
443 312
443 313
443 442
443 444
444 310
444 438
444 312
444 443
444 316
444 317
445 448
445 737
445 738
445 462
445 466
445 446
445 447
446 448
446 449
446 450
446 451
446 445
446 447
447 737
447 451
447 452
447 445
447 446
447 735
448 449
448 461
448 462
448 445
448 446
449 448
449 450
449 460
449 461
449 446
450 449
450 451
450 459
450 460
450 446
451 450
451 452
451 453
451 458
451 459
451 446
451 447
452 451
452 453
452 454
452 735
452 733
452 447
453 451
453 452
453 454
453 455
453 456
453 457
453 458
454 733
454 452
454 453
454 455
455 98
455 483
455 484
455 453
455 454
455 456
455 732
455 733
456 457
456 483
456 453
456 455
457 482
457 483
457 453
457 456
457 458
457 471
457 472
458 451
458 739
458 453
458 69
458 457
458 459
458 471
459 450
459 451
459 739
459 458
459 460
460 449
460 450
460 739
460 459
460 461
460 464
460 465
461 448
461 449
461 460
461 462
461 463
461 465
462 448
462 461
462 463
462 466
462 467
462 445
463 461
463 462
463 464
463 465
463 467
463 468
464 739
464 69
464 71
464 460
464 463
464 465
464 468
464 469
465 464
465 460
465 461
465 463
466 736
466 738
466 462
466 467
466 445
467 736
467 462
467 463
467 466
467 468
467 474
468 463
468 464
468 467
468 469
468 474
468 475
469 71
469 464
469 468
469 470
469 473
469 475
469 476
470 71
470 469
470 471
470 472
470 473
470 477
470 478
471 69
471 71
471 457
471 458
471 470
471 472
472 481
472 482
472 457
472 470
472 471
472 478
472 479
473 477
473 476
473 469
473 470
474 736
474 467
474 468
474 731
474 475
474 734
475 468
475 469
475 474
475 731
475 476
476 469
476 87
476 473
476 730
476 475
476 477
476 731
477 491
477 470
477 87
477 473
477 476
477 478
478 486
478 491
478 470
478 472
478 477
478 479
479 480
479 481
479 486
479 487
479 472
479 478
480 481
480 482
480 483
480 484
480 195
480 487
480 488
480 479
481 480
481 482
481 472
481 479
482 480
482 481
482 483
482 457
482 472
483 480
483 482
483 484
483 455
483 456
483 457
484 480
484 98
484 99
484 483
484 485
484 195
484 455
485 99
485 195
485 484
485 198
486 487
486 489
486 491
486 478
486 479
487 480
487 486
487 488
487 489
487 479
488 480
488 193
488 195
488 487
488 489
489 193
489 196
489 486
489 487
489 488
489 490
489 491
489 492
490 191
490 196
490 489
490 492
490 493
490 93
490 95
491 486
491 489
491 492
491 87
491 477
491 478
492 489
492 490
492 491
492 87
492 92
492 93
493 130
493 490
493 189
493 95
493 191
494 741
494 495
494 496
494 497
494 409
495 494
495 399
495 496
495 497
495 404
495 406
496 384
496 741
496 494
496 495
496 399
496 498
496 383
497 494
497 495
497 405
497 406
497 408
497 409
498 741
498 496
498 502
498 503
498 378
498 383
499 513
499 500
499 501
499 411
499 413
500 512
500 513
500 514
500 515
500 499
500 413
501 499
501 502
501 375
501 411
501 508
502 741
502 742
502 498
502 501
502 503
502 411
502 375
503 498
503 378
503 502
503 375
504 358
504 360
504 361
504 362
504 530
504 531
504 505
504 506
504 509
504 511
505 512
505 504
505 506
505 507
505 509
505 510
505 511
506 376
506 360
506 362
506 504
506 505
506 507
506 509
507 512
507 513
507 375
507 376
507 505
507 506
507 508
507 511
508 513
508 507
508 501
508 375
509 520
509 530
509 533
509 504
509 505
509 506
509 510
510 512
510 515
510 516
510 520
510 505
510 509
511 504
511 505
511 507
511 512
512 513
512 515
512 516
512 500
512 505
512 507
512 510
512 511
513 512
513 499
513 500
513 507
513 508
514 416
514 515
514 516
514 338
514 500
514 413
515 512
515 514
515 516
515 338
515 500
515 510
516 512
516 514
516 515
516 519
516 520
516 338
516 510
517 518
517 525
517 335
517 336
517 340
517 533
517 532
518 517
518 519
518 338
518 340
518 533
519 516
519 518
519 520
519 338
519 533
520 516
520 519
520 533
520 509
520 510
521 774
521 775
521 840
521 524
521 333
521 716
521 719
521 336
521 720
522 712
522 713
522 714
522 523
522 715
522 142
522 143
523 774
523 522
523 715
523 716
523 142
523 144
524 775
524 521
524 525
524 526
524 527
524 336
524 528
524 529
525 517
525 524
525 526
525 336
525 532
526 524
526 525
526 527
526 528
526 530
526 532
527 524
527 526
527 528
527 530
527 531
527 351
528 744
528 524
528 526
528 527
528 529
528 350
528 351
529 743
529 744
529 775
529 524
529 528
529 144
530 526
530 527
530 531
530 532
530 533
530 504
530 509
531 358
531 527
531 530
531 504
531 351
532 517
532 525
532 526
532 336
532 530
532 533
533 517
533 518
533 519
533 520
533 530
533 532
533 509
534 535
534 536
534 537
534 541
534 542
535 549
535 550
535 534
535 536
535 537
535 538
535 539
536 534
536 535
536 538
536 542
536 543
537 564
537 534
537 535
537 539
537 540
537 541
538 544
538 545
538 546
538 547
538 549
538 535
538 536
538 543
539 550
539 554
539 555
539 556
539 564
539 535
539 537
540 541
540 647
540 648
540 649
540 563
540 564
540 537
540 636
540 637
541 638
541 633
541 534
541 537
541 540
541 637
541 542
542 632
542 622
542 534
542 536
542 633
542 541
542 543
543 544
543 622
543 623
543 536
543 538
543 542
544 545
544 615
544 623
544 624
544 538
544 543
545 544
545 546
545 548
545 677
545 615
545 616
545 538
546 545
546 538
546 547
546 548
547 546
547 548
547 549
547 676
547 551
547 552
547 553
547 538
548 545
548 546
548 547
548 676
548 645
548 677
549 547
549 550
549 553
549 535
549 538
550 549
550 552
550 553
550 555
550 535
550 539
551 547
551 676
551 229
551 646
551 645
551 552
551 651
551 223
552 547
552 550
552 551
552 553
552 554
552 555
552 223
553 552
553 547
553 549
553 550
554 552
554 555
554 556
554 217
554 218
554 539
554 223
555 552
555 554
555 539
555 550
556 554
556 557
556 564
556 217
556 539
557 556
557 559
557 562
557 564
557 215
557 217
558 559
558 560
558 211
558 565
558 213
558 669
559 557
559 558
559 560
559 561
559 562
559 213
559 215
560 674
560 675
560 652
560 653
560 558
560 559
560 561
560 669
561 649
561 653
561 559
561 560
561 562
561 563
562 557
562 559
562 561
562 563
562 564
563 649
563 561
563 562
563 564
563 540
564 556
564 557
564 562
564 563
564 537
564 539
564 540
565 673
565 558
565 209
565 211
565 566
565 669
565 670
565 671
566 205
566 209
566 114
566 115
566 565
566 117
566 671
567 78
567 79
567 568
567 569
567 570
568 71
568 73
568 74
568 78
568 567
568 569
569 73
569 75
569 77
569 79
569 567
569 568
570 78
570 79
570 80
570 81
570 567
571 582
571 583
571 584
571 572
571 573
572 584
572 776
572 779
572 571
572 573
572 574
573 581
573 582
573 571
573 572
573 574
573 575
574 576
574 608
574 779
574 572
574 573
574 606
574 575
575 576
575 580
575 581
575 573
575 574
576 577
576 579
576 580
576 606
576 574
576 575
577 576
577 578
577 579
577 603
577 605
577 606
578 577
578 579
578 585
578 597
578 598
578 605
579 576
579 577
579 578
579 580
579 585
579 586
579 587
580 576
580 579
580 581
580 587
580 591
580 593
580 594
580 595
580 575
581 580
581 582
581 595
581 573
581 575
582 581
582 583
582 595
582 571
582 573
583 582
583 584
583 785
583 595
583 596
583 696
583 698
583 571
584 583
584 776
584 785
584 571
584 572
585 578
585 579
585 586
585 588
585 598
585 599
586 579
586 585
586 587
586 588
586 592
586 593
587 593
587 586
587 579
587 580
588 585
588 586
588 589
588 590
588 592
588 599
588 600
589 588
589 590
589 591
589 592
589 593
590 588
590 589
590 591
590 600
590 601
591 580
591 589
591 590
591 593
591 594
591 601
591 602
591 29
592 593
592 586
592 588
592 589
593 580
593 586
593 587
593 589
593 591
593 592
594 595
594 580
594 29
594 591
595 580
595 581
595 582
595 583
595 594
595 596
595 29
596 583
596 595
596 693
596 695
596 696
596 29
597 578
597 699
597 598
597 697
597 603
597 604
597 605
598 578
598 585
598 690
598 597
598 694
598 599
598 697
599 585
599 588
599 690
599 692
599 598
599 600
600 588
600 590
600 692
600 599
600 601
601 590
601 591
601 691
601 692
601 600
601 602
602 591
602 691
602 693
602 601
602 29
603 577
603 597
603 604
603 605
603 606
603 607
604 784
604 597
604 603
604 699
604 798
604 607
605 577
605 578
605 603
605 597
606 576
606 577
606 608
606 603
606 574
606 607
607 608
607 783
607 784
607 603
607 604
607 606
608 574
608 779
608 783
608 606
608 607
609 610
609 176
609 181
609 824
609 121
609 122
609 826
610 609
610 611
610 181
610 826
610 827
611 800
611 801
611 610
611 181
611 827
612 641
612 613
612 614
612 619
612 620
612 621
613 640
613 641
613 612
613 614
614 640
614 612
614 613
614 621
614 628
614 631
615 544
615 545
615 616
615 617
615 624
615 625
616 545
616 677
616 615
616 617
616 618
617 615
617 616
617 618
617 619
617 620
617 625
617 626
618 641
618 642
618 644
618 677
618 616
618 617
618 619
619 641
619 612
619 617
619 618
619 620
620 612
620 617
620 619
620 621
620 626
620 627
621 612
621 614
621 620
621 627
621 628
622 623
622 628
622 629
622 631
622 632
622 542
622 543
623 544
623 622
623 624
623 629
623 630
623 543
624 544
624 615
624 623
624 625
624 630
625 615
625 617
625 624
625 626
625 630
626 617
626 620
626 625
626 627
626 630
627 620
627 621
627 626
627 628
627 629
627 630
628 614
628 621
628 622
628 627
628 629
628 631
629 622
629 623
629 627
629 628
629 630
630 623
630 624
630 625
630 626
630 627
630 629
631 640
631 614
631 622
631 628
631 632
632 640
632 622
632 631
632 633
632 542
632 639
633 542
633 632
633 541
633 638
633 639
634 643
634 644
634 645
634 646
634 635
634 636
635 643
635 634
635 636
635 637
635 638
636 646
636 647
636 634
636 635
636 540
636 637
637 540
637 635
637 636
637 541
637 638
638 642
638 541
638 643
638 633
638 635
638 637
638 639
639 640
639 641
639 642
639 632
639 633
639 638
640 641
640 613
640 614
640 631
640 632
640 639
641 640
641 642
641 612
641 613
641 618
641 619
641 639
642 641
642 643
642 644
642 618
642 638
642 639
643 642
643 644
643 634
643 635
643 638
644 642
644 643
644 645
644 677
644 618
644 634
645 676
645 644
645 646
645 548
645 677
645 551
645 634
646 676
646 645
646 647
646 648
646 649
646 551
646 651
646 634
646 636
647 646
647 648
647 650
647 636
647 540
648 646
648 647
648 649
648 650
648 540
649 227
649 228
649 646
649 648
649 650
649 651
649 652
649 653
649 654
649 656
649 561
649 563
649 540
650 648
650 649
650 647
651 228
651 229
651 646
651 551
651 649
652 675
652 649
652 653
652 654
652 655
652 560
653 560
653 649
653 652
653 561
654 649
654 652
654 655
654 656
654 658
655 675
655 652
655 654
655 656
655 657
655 659
656 227
656 649
656 654
656 655
656 657
656 658
657 226
657 227
657 655
657 656
657 659
657 660
658 656
658 654
659 674
659 675
659 655
659 657
659 660
659 661
660 226
660 657
660 659
660 661
660 662
661 674
661 659
661 660
661 662
661 663
661 669
662 225
662 226
662 232
662 660
662 661
662 663
662 667
662 668
663 668
663 661
663 662
663 669
664 835
664 230
664 841
664 239
664 722
664 117
664 665
664 671
665 672
665 230
665 232
665 664
665 666
665 671
666 672
666 232
666 233
666 665
666 667
667 672
667 232
667 233
667 662
667 666
667 668
668 672
668 673
668 662
668 663
668 667
668 669
668 670
669 674
669 558
669 560
669 565
669 661
669 663
669 668
669 670
670 673
670 565
670 668
670 669
671 672
671 673
671 565
671 566
671 117
671 664
671 665
672 673
672 665
672 666
672 667
672 668
672 671
673 672
673 565
673 668
673 670
673 671
674 675
674 560
674 659
674 661
674 669
675 674
675 652
675 655
675 560
675 659
676 547
676 548
676 645
676 646
676 551
677 545
677 644
677 548
677 645
677 616
677 618
678 679
678 680
678 681
678 682
678 684
678 685
678 812
679 678
679 680
679 685
679 686
679 700
679 701
680 678
680 679
680 681
680 819
680 700
681 678
681 680
681 811
681 812
681 819
682 804
682 678
682 807
682 683
682 684
682 812
682 813
683 807
683 682
683 684
683 813
683 687
683 794
684 678
684 682
684 683
684 685
684 687
684 688
685 678
685 679
685 684
685 686
685 688
685 789
685 790
686 679
686 685
686 815
686 787
686 820
686 789
686 821
686 701
687 683
687 684
687 688
687 791
687 792
687 793
687 794
688 684
688 685
688 780
688 687
688 790
688 791
689 802
689 711
689 808
689 172
689 146
689 148
690 691
690 692
690 693
690 694
690 599
690 598
691 690
691 692
691 693
691 601
691 602
692 690
692 691
692 599
692 600
692 601
693 690
693 691
693 596
693 694
693 695
693 602
693 29
694 690
694 693
694 598
694 695
694 696
694 697
695 696
695 596
695 693
695 694
696 583
696 596
696 694
696 695
696 697
696 698
697 597
697 694
697 598
697 696
697 698
697 699
698 583
698 814
698 785
698 786
698 696
698 697
698 699
699 814
699 817
699 597
699 697
699 698
699 604
699 798
700 701
700 680
700 679
700 819
700 829
700 830
700 831
701 679
701 686
701 820
701 822
701 700
701 829
702 704
702 705
702 834
702 833
702 837
702 703
703 704
703 706
703 707
703 708
703 835
703 834
703 702
704 705
704 708
704 709
704 710
704 702
704 703
705 704
705 710
705 837
705 702
706 707
706 835
706 840
706 841
706 720
706 703
707 706
707 708
707 840
707 715
707 716
707 703
708 704
708 707
708 709
708 714
708 715
708 703
709 704
709 708
709 710
709 711
709 713
709 714
710 704
710 705
710 837
710 709
710 711
710 839
711 802
711 803
711 709
711 710
711 806
711 712
711 713
711 138
711 839
711 809
711 145
711 689
711 755
711 146
711 757
711 149
711 151
711 154
712 711
712 713
712 522
712 143
712 145
713 709
713 711
713 712
713 714
713 522
714 708
714 709
714 713
714 522
714 715
715 707
715 708
715 714
715 522
715 523
715 716
716 707
716 774
716 840
716 521
716 523
716 715
717 330
717 331
717 718
717 721
717 723
717 724
718 331
718 332
718 333
718 717
718 719
718 721
719 521
719 333
719 718
719 720
719 721
719 722
720 706
720 840
720 521
720 841
720 719
720 722
721 717
721 718
721 719
721 722
721 724
721 725
722 841
722 239
722 720
722 721
722 719
722 725
722 664
723 330
723 717
723 429
723 724
723 728
723 729
724 717
724 721
724 723
724 725
724 726
724 727
724 728
725 262
725 239
725 721
725 722
725 724
725 726
726 724
726 725
726 262
726 727
727 421
727 262
727 261
727 265
727 724
727 726
727 728
728 421
728 723
728 724
728 727
728 729
729 420
729 421
729 429
729 723
729 728
730 88
730 731
730 476
730 87
731 88
731 730
731 474
731 475
731 476
731 733
731 734
732 88
732 98
732 733
732 455
733 452
733 454
733 455
733 88
733 731
733 732
733 734
733 735
734 736
734 474
734 731
734 733
734 735
735 736
735 737
735 452
735 733
735 734
735 447
736 737
736 738
736 466
736 467
736 474
736 734
736 735
737 736
737 738
737 735
737 445
737 447
738 736
738 737
738 466
738 445
739 69
739 458
739 459
739 460
739 464
740 164
740 168
740 169
740 170
740 205
740 206
740 764
740 766
741 742
741 494
741 496
741 498
741 502
741 409
741 410
742 410
742 411
742 741
742 502
743 744
743 144
743 529
743 754
743 756
743 350
744 528
744 529
744 350
744 743
745 746
745 747
745 750
745 751
746 133
746 773
746 745
746 747
746 748
746 751
746 752
746 247
747 133
747 136
747 745
747 746
747 749
747 750
748 770
748 746
748 773
748 133
749 136
749 747
749 141
749 750
749 754
750 745
750 747
750 749
750 751
750 753
750 754
751 745
751 746
751 750
751 752
751 753
751 342
751 343
752 746
752 334
752 751
752 343
752 248
752 247
753 352
753 750
753 751
753 754
753 342
754 352
754 743
754 749
754 750
754 141
754 753
754 756
754 350
755 151
755 137
755 138
755 711
756 743
756 140
756 141
756 144
756 754
757 154
757 149
757 150
757 711
758 164
758 238
758 761
758 156
758 157
759 238
759 760
759 762
759 158
759 159
760 761
760 762
760 238
760 759
761 164
761 238
761 758
761 760
761 762
761 763
762 170
762 759
762 760
762 761
762 763
762 158
763 170
763 761
763 762
763 164
764 168
764 740
764 765
764 766
765 769
765 168
765 173
765 178
765 764
765 766
766 769
766 740
766 206
766 764
766 765
767 807
767 808
767 172
767 174
767 793
767 794
768 173
768 176
768 177
768 178
768 122
769 206
769 178
769 210
769 765
769 766
770 771
770 773
770 133
770 748
770 237
770 157
771 770
771 772
771 773
771 237
771 247
772 771
772 237
772 241
772 245
772 247
773 770
773 771
773 746
773 748
773 247
774 775
774 521
774 523
774 716
774 144
775 774
775 521
775 524
775 144
775 529
776 584
776 777
776 778
776 779
776 785
776 786
776 787
776 788
776 572
777 776
777 778
777 780
777 782
777 788
777 789
777 790
778 776
778 777
778 779
778 782
778 783
779 608
779 776
779 778
779 783
779 572
779 574
780 777
780 781
780 782
780 688
780 790
780 791
780 792
780 795
781 780
781 782
781 783
781 784
781 795
781 796
781 799
782 777
782 778
782 780
782 781
782 783
783 608
783 778
783 779
783 781
783 782
783 784
783 607
784 781
784 783
784 799
784 604
784 798
784 607
785 583
785 584
785 776
785 786
785 698
786 776
786 814
786 815
786 785
786 787
786 698
787 776
787 686
787 815
787 786
787 788
787 789
788 776
788 777
788 787
788 789
789 777
789 685
789 686
789 787
789 788
789 790
790 777
790 780
790 685
790 688
790 789
791 688
791 792
791 780
791 687
792 780
792 687
792 791
792 793
792 795
792 797
793 800
793 174
793 687
793 792
793 794
793 797
793 767
794 807
794 683
794 687
794 793
794 767
795 780
795 781
795 792
795 796
795 797
796 801
796 781
796 795
796 797
796 799
797 800
797 801
797 792
797 793
797 795
797 796
798 784
798 817
798 816
798 699
798 604
798 799
799 801
799 781
799 784
799 816
799 796
799 798
800 801
800 611
800 174
800 181
800 793
800 797
801 800
801 611
801 816
801 818
801 827
801 796
801 797
801 799
802 804
802 806
802 807
802 711
802 808
802 689
803 804
803 805
803 806
803 711
803 809
803 810
803 811
804 802
804 803
804 805
804 806
804 807
804 682
804 812
805 811
805 803
805 804
805 812
806 802
806 803
806 804
806 711
807 802
807 804
807 808
807 682
807 683
807 813
807 794
807 767
808 802
808 807
808 172
808 689
808 767
809 803
809 838
809 711
809 839
809 810
810 832
810 803
810 838
810 809
810 811
811 832
811 803
811 805
811 681
811 810
811 812
811 819
812 804
812 805
812 678
812 681
812 682
812 811
813 682
813 683
813 807
814 815
814 816
814 817
814 786
814 698
814 699
815 814
815 686
815 816
815 786
815 818
815 787
815 821
816 801
816 814
816 815
816 817
816 818
816 798
816 799
817 816
817 699
817 814
817 798
818 801
818 815
818 816
818 821
818 822
818 827
819 832
819 680
819 681
819 811
819 700
819 831
820 822
820 821
820 701
820 686
821 686
821 815
821 818
821 820
821 822
822 829
822 818
822 820
822 821
822 823
822 827
822 701
823 822
823 824
823 825
823 826
823 827
823 828
823 829
824 609
824 121
824 836
824 823
824 825
824 826
825 834
825 835
825 836
825 823
825 824
825 828
826 609
826 610
826 823
826 824
826 827
827 801
827 610
827 611
827 818
827 822
827 823
827 826
828 833
828 834
828 823
828 825
828 829
828 830
829 828
829 822
829 823
829 700
829 701
829 830
830 833
830 828
830 700
830 829
830 831
831 832
831 833
831 837
831 838
831 819
831 700
831 830
832 838
832 810
832 811
832 819
832 831
833 834
833 837
833 830
833 828
833 702
833 831
834 833
834 835
834 825
834 828
834 702
834 703
835 834
835 706
835 836
835 841
835 117
835 664
835 825
835 703
836 121
836 835
836 117
836 824
836 825
837 833
837 705
837 838
837 839
837 710
837 702
837 831
838 832
838 837
838 839
838 809
838 810
838 831
839 837
839 710
839 838
839 711
839 809
840 706
840 707
840 521
840 716
840 720
841 706
841 835
841 720
841 722
841 664
