-0.009509 0.057261 0.336158 0.024355 0.949040 0.314212
0.105858 0.080496 0.263297 -0.214273 0.955047 -0.204872
-0.061252 0.059756 0.331808 -0.403385 0.518794 -0.753746
0.251376 0.065527 0.277958 0.158368 -0.094993 0.982800
0.140990 0.084104 0.273813 -0.000543 0.604248 0.796796
0.166925 0.060238 0.298918 0.246682 -0.038578 0.968328
0.104042 0.055587 0.315095 0.267588 -0.268527 0.925360
0.005633 0.048293 0.361248 0.198525 0.753486 0.626775
-0.049742 0.044787 0.383212 0.125536 0.800166 0.586493
-0.093645 0.041180 0.393080 0.051965 -0.276140 0.959712
-0.112332 0.051009 0.357261 -0.247822 0.937767 -0.243264
-0.182288 0.036040 0.363688 -0.891928 -0.065072 0.447471
0.161280 0.049706 0.271073 -0.036540 -0.216434 0.975613
0.145545 0.031390 0.270552 0.199796 -0.857397 0.474292
0.029854 0.267185 -0.297182 0.939359 0.280176 0.197750
-0.040820 0.218553 -0.307492 0.567614 -0.823259 -0.007684
-0.049047 0.215205 -0.344124 0.224653 0.289971 -0.930294
-0.057455 0.208953 -0.295326 -0.304954 0.409835 0.859673
-0.046828 0.244993 -0.316413 -0.290363 0.954187 0.072230
-0.104374 0.228832 -0.330119 -0.314224 0.900807 0.299684
-0.072266 0.190108 -0.350172 0.185037 -0.172473 -0.967478
-0.204220 0.220566 -0.352272 0.055562 0.725307 -0.686180
-0.201883 0.194134 -0.363617 0.121113 0.392812 -0.911609
-0.258363 0.212711 -0.365156 0.028207 0.660509 -0.750288
-0.239320 0.167134 -0.379959 0.184730 -0.789499 -0.585291
-0.297971 0.200237 -0.374330 -0.510660 0.824733 0.242983
-0.293116 0.163526 -0.387072 0.171978 -0.223679 -0.959370
-0.354206 0.135081 -0.393080 -0.975025 -0.054197 -0.215381
-0.058686 0.027624 0.338480 -0.116654 -0.957914 -0.262285
0.104776 0.024166 0.264750 -0.215374 -0.894378 -0.392049
-0.007188 0.039656 0.340627 0.202702 -0.889482 0.409554
-0.109600 0.028224 0.359393 -0.214413 -0.869045 -0.445856
-0.059942 0.283828 -0.199578 0.939155 0.280632 0.198074
-0.134974 0.232219 -0.210520 0.567481 -0.823348 -0.008004
-0.143706 0.228643 -0.249410 0.224743 0.290080 -0.930239
-0.152643 0.221979 -0.197596 -0.304888 0.410083 0.859578
-0.141353 0.260253 -0.219994 -0.290329 0.954167 0.072630
-0.202444 0.243129 -0.234544 -0.314080 0.900838 0.299741
-0.168361 0.202021 -0.255828 0.164423 -0.054287 -0.984895
-0.308448 0.234343 -0.258055 0.055532 0.725078 -0.686425
-0.305969 0.206268 -0.270102 0.121086 0.392833 -0.911603
-0.365938 0.226005 -0.271736 0.028513 0.660204 -0.750545
-0.345711 0.177602 -0.287455 0.184777 -0.789625 -0.585107
-0.407986 0.212782 -0.281479 -0.510581 0.824844 0.242776
-0.402823 0.173805 -0.295010 0.171953 -0.223651 -0.959381
-0.467678 0.143568 -0.301382 -0.974943 -0.054247 -0.215738
-0.248684 0.170268 -0.350574 -0.225350 -0.393472 0.891290
-0.088189 0.184708 -0.299818 -0.170815 -0.630406 0.757239
-0.206683 0.196960 -0.347306 -0.278866 0.351465 0.893704
-0.297829 0.164047 -0.365867 -0.189899 -0.590624 0.784284
-0.082102 0.287586 -0.055655 0.956747 0.290245 0.019830
-0.157372 0.235274 -0.051581 0.565656 -0.820407 -0.083460
-0.172806 0.230466 -0.088189 0.053982 0.261705 -0.963637
-0.172364 0.225405 -0.035444 -0.151917 0.435106 0.887471
-0.165598 0.263009 -0.060613 -0.282386 0.954687 0.093970
-0.228125 0.245175 -0.063589 -0.265067 0.908297 0.323629
-0.197936 0.203553 -0.089342 0.012678 -0.201656 -0.979374
-0.336529 0.235164 -0.067678 -0.074045 0.703759 -0.706570
-0.335937 0.206750 -0.079134 -0.046005 0.364727 -0.929977
-0.395441 0.226148 -0.070710 -0.111607 0.636945 -0.762787
-0.377835 0.177374 -0.088300 0.086099 -0.806793 -0.584527
-0.438412 0.212411 -0.072447 -0.467852 0.830014 0.303629
-0.435341 0.173055 -0.085505 0.001830 -0.252998 -0.967465
-0.500000 0.142375 -0.079379 -0.997152 -0.065282 -0.037772
-0.355659 0.180950 -0.256255 -0.225369 -0.393324 0.891350
-0.185264 0.196289 -0.202372 -0.170682 -0.630361 0.757307
-0.311061 0.209284 -0.252789 -0.278852 0.351520 0.893686
-0.407836 0.174358 -0.272494 -0.189981 -0.590616 0.784270
-0.048723 0.266135 0.072202 0.964656 0.259466 -0.046010
-0.125185 0.216437 0.082252 0.954051 -0.001740 -0.299638
-0.142964 0.211179 0.046797 0.003040 0.234807 -0.972037
-0.139458 0.207500 0.099542 -0.134613 0.553181 0.822113
-0.133087 0.244172 0.072968 -0.246467 0.965528 0.083723
-0.196199 0.228311 0.074263 -0.216575 0.924369 0.314065
-0.168938 0.185087 0.047910 -0.053298 -0.227241 -0.972379
-0.304911 0.221758 0.076987 -0.095292 0.687399 -0.720001
-0.305898 0.193013 0.066313 -0.091475 0.341585 -0.935389
-0.364145 0.214574 0.077768 -0.138285 0.620273 -0.772100
-0.349161 0.164789 0.060510 0.025318 -0.823876 -0.566205
-0.407544 0.202211 0.079008 -0.422392 0.852118 0.308998
-0.406493 0.162444 0.066889 -0.065220 -0.277558 -0.958493
-0.471579 0.134039 0.077744 -0.999144 -0.033697 0.024000
-0.382138 0.181660 -0.055947 -0.060204 -0.366551 0.928448
-0.205065 0.199416 -0.033589 -0.027812 -0.607182 0.794076
-0.337911 0.210255 -0.061284 -0.119847 0.377986 0.918022
-0.436296 0.174326 -0.062484 -0.042174 -0.566612 0.822904
-0.073955 0.150381 0.077247 -0.038222 -0.998239 0.045356
-0.081802 0.162002 0.105826 -0.058906 -0.648944 0.758552
-0.088497 0.147705 0.077626 0.231770 -0.972573 0.019625
-0.061923 0.146804 0.080208 -0.129527 -0.989987 0.056120
-0.027375 0.144539 0.079434 -0.113755 -0.888631 -0.444291
-0.025757 0.144981 0.081897 -0.152904 -0.878644 0.452332
-0.032594 0.166092 0.116303 -0.213956 -0.629707 0.746787
-0.008373 0.164758 0.129187 -0.244740 -0.515103 0.821444
0.001070 0.152726 0.117653 0.034074 -0.864399 0.501650
0.009438 0.169108 0.121079 0.083052 -0.182676 0.979659
0.002459 0.144649 0.093803 0.368464 -0.909894 0.190595
-0.014467 0.144799 0.079410 0.277150 -0.954245 -0.112271
-0.077744 0.159650 0.057463 0.102350 -0.712987 -0.693667
-0.030581 0.162073 0.047981 -0.235750 -0.330608 -0.913849
-0.004812 0.162184 0.033794 -0.216619 -0.524469 -0.823413
0.007220 0.152023 0.096408 -0.371005 -0.923129 0.100941
0.003604 0.149749 0.067805 0.390352 -0.920510 0.016963
0.007038 0.163005 0.045952 0.178622 -0.437156 -0.881470
0.003943 0.153768 0.049070 0.108326 -0.945706 -0.306442
0.007694 0.158315 0.067908 0.896290 -0.429221 0.111505
0.014649 0.154518 0.080508 -0.141973 -0.989856 -0.005327
0.024249 0.137686 0.079205 -0.396511 -0.902833 -0.166351
0.021501 0.141523 0.067031 -0.225484 -0.867199 -0.443985
0.014088 0.154139 0.066344 -0.861324 -0.501778 0.079620
0.018312 0.157084 0.045273 -0.135102 -0.350696 -0.926693
0.059215 0.161221 0.039020 -0.066060 -0.328422 -0.942218
0.059286 0.135641 0.070663 -0.087569 -0.984365 -0.152830
0.094521 0.142115 0.059065 0.149728 -0.803637 -0.575976
0.099282 0.164829 0.035120 -0.136052 0.033757 -0.990126
0.105684 0.168294 0.037757 -0.265070 -0.729962 -0.629995
0.112695 0.148628 0.059270 -0.149523 -0.985827 -0.076074
0.153377 0.141112 0.021367 -0.378897 -0.925396 -0.008918
0.099353 0.145541 0.082473 0.582117 -0.810424 0.065971
0.117803 0.153097 0.103490 -0.066450 -0.870294 0.488029
0.108708 0.153697 0.111132 0.423561 -0.836948 0.346574
0.161382 0.144499 0.104847 -0.191509 -0.922642 0.334747
0.181956 0.179197 0.152248 -0.158442 -0.327110 0.931609
0.122240 0.181060 0.135614 -0.044861 -0.404874 0.913271
0.111258 0.176631 0.143003 -0.025249 -0.304997 0.952019
0.097710 0.148297 0.116453 0.049649 -0.828014 0.558506
0.090479 0.127257 0.081376 0.189912 -0.981672 0.015940
0.049370 0.168365 0.129637 -0.140775 -0.425908 0.893748
0.055173 0.144128 0.106947 -0.029426 -0.876116 0.481201
0.019591 0.141294 0.098926 -0.131359 -0.875219 0.465550
0.017191 0.162002 0.122690 -0.304505 -0.684063 0.662823
0.058623 0.130202 0.078605 -0.109843 -0.815762 -0.567861
0.327316 0.261335 -0.230904 0.160399 0.946641 -0.279539
0.271839 0.273809 -0.181601 0.098984 0.973596 -0.205702
0.324679 0.272356 -0.169498 0.168944 0.965232 -0.199463
0.322161 0.238361 -0.266021 0.276468 0.707109 -0.650817
0.285521 0.264690 -0.243434 0.151909 0.926005 -0.345598
0.377709 0.254001 -0.218525 0.263273 0.881119 -0.392832
0.453365 0.214495 -0.229341 0.712650 0.604934 -0.355224
0.371764 0.215616 -0.259042 0.319704 0.522409 -0.790492
0.320377 0.212411 -0.288702 0.252737 0.378445 -0.890451
0.275344 0.239924 -0.274918 0.185307 0.657343 -0.730453
0.324790 0.167805 -0.297892 0.216371 -0.154302 -0.964041
0.385919 0.167252 -0.279260 0.323185 -0.036223 -0.945642
0.268942 0.168666 -0.302818 0.078801 -0.310258 -0.947381
0.467607 0.177823 -0.249426 0.838142 0.206165 -0.504989
0.433833 0.254561 0.069739 0.632122 0.707829 0.315277
0.366751 0.270311 0.024975 0.111007 0.959471 0.259023
0.357695 0.246446 0.092129 0.227580 0.829110 0.510670
0.429428 0.273177 0.015099 0.592236 0.798403 0.108668
0.368661 0.276975 -0.036699 0.171118 0.984279 0.043749
0.428252 0.257988 -0.150314 0.546439 0.825333 -0.142230
0.371717 0.259180 -0.157774 0.168415 0.968402 -0.183942
0.370027 0.278538 -0.096376 0.189118 0.967989 -0.165020
0.427478 0.270161 -0.091995 0.615478 0.783085 -0.089243
0.323724 0.289227 -0.101547 0.183577 0.974610 -0.128202
0.322856 0.294438 -0.038776 0.213443 0.976799 0.017502
0.271452 0.292354 -0.100868 0.040993 0.989061 -0.141695
0.160325 0.283709 -0.006564 -0.543193 0.760363 0.356074
0.135819 0.270864 -0.050381 -0.557725 0.795647 -0.236407
0.128200 0.252587 -0.006415 -0.501710 0.783420 0.366797
0.117874 0.253330 -0.052134 -0.555440 0.827130 -0.085688
0.108787 0.254861 -0.042565 0.092713 0.995432 -0.022804
0.108613 0.254593 -0.053034 -0.167748 0.796481 -0.580929
0.265294 0.298788 0.011294 0.063758 0.980971 0.183385
0.311416 0.286764 0.031702 0.285666 0.939163 0.190704
0.142806 0.244022 0.013591 -0.585495 0.667829 0.459566
0.315371 0.275261 0.095800 0.287347 0.856981 0.427803
0.260826 0.286725 0.056807 0.062765 0.978035 0.198768
0.143911 0.237808 0.046647 -0.636939 0.766608 -0.081375
0.199499 0.288588 0.017649 -0.408566 0.833398 0.372185
0.305147 0.234824 0.124845 0.262431 0.624608 0.735523
0.373406 0.209505 0.135424 0.176948 0.637569 0.749796
0.266329 0.270201 0.115695 0.140275 0.728863 0.670136
0.346430 0.166392 0.162030 0.085480 0.322188 0.942809
0.326471 0.199084 0.151324 0.172650 0.495661 0.851183
0.255631 0.224553 0.153567 0.064061 0.375847 0.924465
0.180030 0.226005 0.147709 -0.200749 0.350079 0.914956
0.198291 0.264872 0.125082 -0.057744 0.652810 0.755318
0.137579 0.255232 0.122019 -0.283572 0.768249 0.573916
0.135053 0.243090 0.126977 -0.101002 0.414709 0.904331
0.281479 0.176781 0.165377 -0.058028 -0.060376 0.996488
0.112529 0.255904 0.075234 -0.361858 0.930761 0.052376
0.115466 0.246887 0.113042 -0.319173 0.813020 0.486957
0.129811 0.217882 0.137279 -0.227321 0.176053 0.957774
0.134563 0.218632 0.138266 -0.105951 0.087484 0.990516
0.150614 0.237169 0.134153 -0.248532 0.410133 0.877509
0.116256 0.217290 0.144488 -0.119301 0.358098 0.926031
0.132369 0.245956 0.127513 -0.338601 0.613023 0.713829
0.050594 0.211219 0.129764 -0.207485 0.305838 0.929200
0.070607 0.234863 0.110784 -0.184160 0.927294 0.325900
0.027375 0.228122 0.110303 0.092835 0.768337 0.633277
0.030320 0.230656 0.072052 0.037770 0.922846 -0.383314
0.032444 0.249753 0.090597 -0.112921 0.993140 0.030348
0.016165 0.225074 0.061450 -0.032459 0.730947 -0.681661
-0.024517 0.220416 0.066889 -0.158295 0.762469 -0.627362
0.012099 0.223432 0.117306 -0.167928 0.695889 0.698239
0.011799 0.202171 0.045494 0.007398 0.262307 -0.964956
0.000896 0.200166 0.038262 -0.085597 0.372494 -0.924079
0.059002 0.213303 0.047815 -0.116709 0.437938 -0.891397
0.073158 0.237548 0.078029 -0.189818 0.859610 -0.474384
0.110508 0.217250 0.038223 -0.141230 0.464981 -0.873983
0.096455 0.248419 0.076371 -0.398613 0.881393 -0.253482
0.072036 0.236387 0.092389 -0.322401 0.938019 0.127193
0.111953 0.244843 0.064639 -0.203468 0.683388 -0.701128
0.135432 0.230806 0.046457 -0.501870 0.497547 -0.707512
0.160214 0.273288 0.070339 -0.410820 0.865087 -0.287839
0.130561 0.260443 0.076268 -0.385650 0.893352 -0.230641
0.079829 0.240224 0.087281 0.424213 -0.904699 -0.039544
0.135835 0.234863 0.016117 -0.676568 0.335881 0.655316
0.167446 0.274590 0.104184 -0.323335 0.895771 0.305039
0.110555 0.232069 0.009462 -0.235977 0.342847 0.909269
0.109166 0.255414 -0.020254 -0.140346 0.890234 0.433343
0.041799 0.226637 -0.003312 -0.160309 0.431691 0.887662
0.063715 0.250093 -0.022536 -0.135252 0.939168 0.315705
0.016473 0.243540 -0.022773 0.063089 0.794819 0.603558
0.019686 0.246035 -0.061023 0.036481 0.923103 -0.382818
0.021999 0.265172 -0.042478 -0.093012 0.989060 0.114496
0.004251 0.240485 -0.071626 -0.083217 0.781316 -0.618563
0.066550 0.252959 -0.054999 -0.089500 0.933686 -0.346729
0.051005 0.228722 -0.085181 -0.087808 0.479233 -0.873284
-0.000517 0.217590 -0.087581 0.091357 0.214638 -0.972412
-0.012651 0.215616 -0.095737 -0.094404 0.510137 -0.854897
-0.040133 0.235835 -0.066186 -0.123917 0.752650 -0.646655
0.107374 0.231587 -0.093005 -0.082315 0.402125 -0.911877
0.052892 0.176671 -0.090866 -0.031749 -0.184742 -0.982274
0.005286 0.169337 -0.087392 -0.104368 -0.547294 -0.830407
-0.005925 0.176481 -0.086579 0.348654 -0.682285 -0.642594
-0.018833 0.177342 -0.099858 -0.002765 -0.440072 -0.897958
-0.047349 0.213382 -0.086184 -0.218779 0.345611 -0.912518
0.124948 0.173055 -0.091979 -0.500555 -0.425607 -0.753859
0.139293 0.236016 -0.097284 -0.554659 0.534570 -0.637643
0.107247 0.184487 -0.094521 -0.036631 -0.483805 -0.874409
0.101626 0.179979 -0.099858 0.474066 -0.247094 -0.845107
0.137358 0.255453 -0.071113 -0.449957 0.669188 -0.591376
0.163056 0.257056 -0.087439 -0.538674 0.760106 -0.363413
0.162977 0.253480 -0.108779 -0.697300 0.690156 0.193538
0.193301 0.284198 -0.104642 -0.370673 0.925094 0.082478
0.201843 0.291422 -0.071358 -0.216734 0.930899 -0.294028
0.130158 0.174287 -0.108834 -0.897621 -0.310717 0.312621
0.141432 0.231658 -0.111716 -0.642890 0.490782 0.588070
0.140453 0.248640 -0.124924 -0.491220 0.810904 0.318023
0.122161 0.261675 -0.146469 -0.184438 0.855576 0.483707
0.123598 0.232779 -0.117084 -0.276878 0.365570 0.888649
0.123211 0.255564 -0.161477 0.048422 0.975341 -0.215327
0.142577 0.258280 -0.158177 -0.376510 0.918595 -0.120100
0.146335 0.249382 -0.182477 -0.246334 0.815193 -0.524195
0.172340 0.262077 -0.179841 -0.373711 0.800187 -0.469085
0.169672 0.244882 -0.201409 -0.371450 0.737585 -0.563909
0.145766 0.221758 -0.214933 -0.189381 0.449132 -0.873164
0.124521 0.247969 -0.180283 0.038772 0.853704 -0.519314
0.132606 0.225887 -0.215944 0.049816 0.374897 -0.925727
0.077287 0.226337 -0.215115 0.043916 0.461420 -0.886094
0.087945 0.250614 -0.183977 -0.037321 0.956348 -0.289836
0.101058 0.255043 -0.163009 -0.104057 0.975788 -0.192381
0.080579 0.249532 -0.152438 -0.241195 0.854631 0.459816
0.085829 0.250314 -0.174938 -0.271520 0.961914 -0.031608
0.027746 0.214124 -0.224352 0.156886 0.258980 -0.953056
0.042991 0.244653 -0.196625 0.190222 0.823717 -0.534141
0.033999 0.243501 -0.159227 -0.033756 0.874631 0.483613
0.055986 0.227229 -0.135566 -0.268756 0.410451 0.871379
0.055457 0.184416 -0.131800 -0.288034 -0.134597 0.948114
0.117858 0.190447 -0.111937 -0.267902 -0.383051 0.884025
-0.008475 0.214345 -0.143398 -0.170280 0.131534 0.976578
0.005586 0.217740 -0.148080 -0.253936 0.135122 0.957736
0.017507 0.179347 -0.148435 -0.333710 -0.489974 0.805334
0.006880 0.183926 -0.152477 0.126758 -0.405981 0.905048
-0.008191 0.181139 -0.144614 -0.183298 -0.270059 0.945236
-0.032704 0.182553 -0.160546 -0.376994 -0.424036 0.823449
0.042328 0.264130 -0.178664 -0.097512 0.995042 -0.019573
0.029207 0.238811 -0.209233 0.019424 0.698848 -0.715006
0.016433 0.239143 -0.154656 -0.288502 0.697525 0.655916
-0.029491 0.210697 -0.155201 -0.364697 0.390295 0.845379
-0.080547 0.208542 -0.173525 -0.276168 0.050946 0.959758
-0.082552 0.178905 -0.179596 -0.074408 -0.717817 0.692244
-0.085726 0.187952 -0.171346 0.028324 -0.290796 0.956366
-0.082505 0.208953 -0.167327 -0.116396 0.314709 0.942024
-0.015525 0.234493 -0.210362 -0.052541 0.807009 -0.588196
-0.055228 0.232179 -0.225773 -0.072673 0.741262 -0.667270
-0.058789 0.238621 -0.211009 0.525537 -0.841419 0.125797
-0.050918 0.257277 -0.197770 -0.021783 0.993979 -0.107385
-0.071136 0.232890 -0.216259 0.211164 0.756598 -0.618845
-0.073189 0.233972 -0.203217 0.020937 0.973804 -0.226423
-0.016686 0.243840 -0.191691 -0.221127 0.975242 -0.002321
-0.022946 0.233782 -0.170509 -0.301877 0.778135 0.550796
-0.077137 0.231437 -0.187001 -0.228563 0.741714 0.630570
-0.063265 0.238590 -0.188004 0.704924 -0.700156 0.113417
-0.061994 0.238993 -0.198038 0.655717 -0.754775 -0.018713
-0.067647 0.232069 -0.176248 -0.135233 0.676393 0.724020
-0.094750 0.239853 -0.206746 -0.326647 0.941820 -0.079227
-0.090471 0.224695 -0.233462 -0.099699 0.792403 -0.601795
-0.099945 0.224995 -0.181791 -0.359806 0.729934 0.581150
-0.131942 0.222240 -0.215312 -0.193996 0.981002 -0.000284
-0.126748 0.219484 -0.235231 0.017739 0.820147 -0.571878
-0.172846 0.216919 -0.247247 0.024026 0.872340 -0.488309
-0.180338 0.221277 -0.227044 -0.075186 0.984387 0.159152
-0.208767 0.220495 -0.233304 -0.156045 0.986637 -0.046871
-0.201646 0.213603 -0.247713 -0.224501 0.694431 -0.683641
-0.214791 0.213824 -0.241010 -0.528541 0.646773 -0.549844
-0.100632 0.205076 -0.172632 -0.271723 0.234183 0.933448
-0.135622 0.218664 -0.196499 -0.311866 0.716526 0.623964
-0.180196 0.212600 -0.208451 -0.252016 0.784787 0.566213
-0.205791 0.211408 -0.219496 -0.296712 0.712790 0.635525
-0.220460 0.213303 -0.229981 -0.734670 0.564991 0.375560
-0.132677 0.180058 -0.181783 -0.251264 -0.525543 0.812817
-0.136056 0.201839 -0.182383 -0.340679 0.312076 0.886874
-0.185770 0.196921 -0.202467 -0.373367 0.296611 0.878987
-0.207370 0.198863 -0.214554 -0.531838 0.253430 0.808036
-0.224849 0.200347 -0.228646 -0.961086 -0.038399 0.273569
-0.221067 0.201389 -0.243955 -0.770555 0.027794 -0.636767
-0.215502 0.177934 -0.234394 -0.769290 -0.329371 -0.547455
-0.220767 0.185529 -0.227060 -0.781604 -0.501386 0.371089
-0.217325 0.185087 -0.242344 -0.536021 -0.830096 -0.153692
-0.208191 0.184487 -0.212541 -0.538397 -0.456143 0.708564
-0.179051 0.181100 -0.196586 -0.362011 -0.430600 0.826760
-0.203864 0.201540 -0.255828 -0.248686 0.056178 -0.966954
-0.200130 0.185379 -0.251320 -0.312436 -0.534545 -0.785268
-0.166009 0.180618 -0.256073 -0.028792 -0.555093 -0.831290
-0.117708 0.177113 -0.251455 0.117943 -0.416655 -0.901381
-0.121624 0.202171 -0.250752 0.053565 0.415423 -0.908050
-0.086492 0.207050 -0.247144 0.109450 0.280889 -0.953479
-0.068934 0.184937 -0.242952 0.393490 -0.321302 -0.861354
-0.069013 0.211297 -0.242612 0.405015 0.118422 -0.906609
-0.068579 0.176331 -0.227415 0.191339 -0.596861 -0.779196
-0.019946 0.211297 -0.230352 0.035548 0.340481 -0.939579
-0.020617 0.179347 -0.230604 -0.083097 -0.409701 -0.908427
0.009288 0.177413 -0.235025 0.066939 -0.294281 -0.953372
0.014673 0.213082 -0.231710 0.256686 0.299368 -0.918962
0.020017 0.177863 -0.221707 0.433246 -0.244830 -0.867385
0.031733 0.172013 -0.222275 0.006975 -0.213410 -0.976938
0.078392 0.173986 -0.222307 0.030116 -0.297156 -0.954354
0.127071 0.177081 -0.220681 0.102302 -0.331939 -0.937737
0.134295 0.178273 -0.217373 0.436749 -0.364505 -0.822427
0.146769 0.160510 -0.214515 -0.719610 -0.344117 -0.603112
0.166222 0.222540 -0.229333 -0.759346 0.515132 -0.397533
0.155532 0.180279 -0.229341 -0.507823 -0.171414 0.844236
0.157972 0.161481 -0.255765 -0.669904 -0.727157 -0.149903
0.058355 0.200798 -0.259199 -0.079279 0.128237 0.988570
0.063849 0.174097 -0.261757 -0.161519 -0.371262 0.914372
0.105179 0.208913 -0.248597 -0.314439 0.231661 0.920576
0.103971 0.173465 -0.249094 -0.283379 -0.375777 0.882320
0.158643 0.213903 -0.228410 -0.367889 0.435895 0.821373
0.170248 0.248040 -0.253207 -0.490452 0.824362 0.282638
0.176982 0.240445 -0.237007 -0.706735 0.591152 0.388671
0.158098 0.244764 -0.253815 -0.419401 0.885496 0.199999
0.125879 0.228461 -0.260976 -0.326299 0.820987 0.468518
0.080034 0.222951 -0.267671 -0.043036 0.859397 0.509495
0.132401 0.230285 -0.287723 -0.172990 0.932881 -0.315924
0.130932 0.229874 -0.281708 -0.297466 0.954704 -0.007426
0.163632 0.240003 -0.289413 -0.246376 0.806401 -0.537602
0.181475 0.210437 -0.309869 0.077536 0.426479 -0.901168
0.169135 0.212671 -0.314913 0.039076 0.402302 -0.914673
0.183148 0.250314 -0.289026 -0.126990 0.764470 -0.632028
0.047026 0.197481 -0.254739 -0.356548 0.256339 0.898423
0.066478 0.219042 -0.264181 -0.284301 0.691251 0.664338
0.036739 0.214795 -0.277713 -0.348730 0.742059 0.572483
0.086950 0.240966 -0.282900 -0.117276 0.992954 0.016960
0.087858 0.225256 -0.298405 0.142862 0.876385 -0.459934
0.125208 0.211069 -0.314148 0.029249 0.410472 -0.911404
0.077713 0.220716 -0.309095 0.043474 0.728201 -0.683983
0.076410 0.201839 -0.322832 0.177646 0.321142 -0.930220
0.068468 0.200198 -0.330292 0.458295 0.461623 -0.759519
0.064457 0.168847 -0.334943 0.305415 0.023022 -0.951941
0.040884 0.198334 -0.327845 -0.005001 0.473475 -0.880793
0.043473 0.216769 -0.310492 -0.061926 0.828830 -0.556063
0.042004 0.223842 -0.294789 -0.277704 0.960666 0.000789
-0.000943 0.215577 -0.305037 -0.143577 0.988290 0.051658
-0.004378 0.212932 -0.291781 -0.286810 0.751044 0.594704
0.006225 0.219003 -0.292271 0.297746 0.552015 0.778863
0.000983 0.215166 -0.315813 0.164979 0.700245 -0.694578
0.002965 0.197221 -0.329132 0.288876 0.166303 -0.942812
0.010259 0.219824 -0.311203 0.403308 -0.908818 0.106735
0.007465 0.219674 -0.300513 0.399687 -0.802903 0.442264
0.021123 0.234934 -0.298587 -0.281167 0.952526 0.116790
0.013441 0.215055 -0.323558 0.310351 0.648883 -0.694718
0.002230 0.168476 -0.328879 0.230097 -0.640043 -0.733076
0.041775 0.170529 -0.330016 -0.016516 -0.311200 -0.950201
-0.009738 0.194726 -0.342253 0.273008 0.370496 -0.887806
0.006091 0.176181 -0.339679 0.390815 -0.268122 -0.880554
0.005530 0.213192 -0.282497 -0.427504 0.683432 0.591744
-0.017444 0.220376 -0.307903 -0.323510 0.945411 -0.039246
-0.013315 0.208803 -0.330403 -0.052999 0.776608 -0.627751
-0.036549 0.190479 -0.345640 0.093336 0.318709 -0.943246
-0.033289 0.169858 -0.347037 0.141219 -0.399689 -0.905707
-0.070252 0.172463 -0.351072 0.034496 -0.227857 -0.973083
-0.041049 0.204224 -0.332306 -0.044474 0.879436 -0.473934
-0.072266 0.190108 -0.350164 0.076185 0.349960 -0.933662
-0.076071 0.202100 -0.342632 0.054847 0.883546 -0.465122
-0.083926 0.197332 -0.309766 -0.273455 0.634409 0.723013
-0.049410 0.187763 -0.289389 -0.302995 0.228487 0.925196
-0.048865 0.202171 -0.300466 -0.307442 0.806285 0.505355
-0.021944 0.207240 -0.287866 -0.374191 0.700038 0.608218
-0.022520 0.190447 -0.280989 -0.310685 0.223179 0.923940
-0.045589 0.205787 -0.315821 -0.332309 0.942971 0.019414
-0.082387 0.204966 -0.325879 0.053085 0.903142 -0.426048
-0.104026 0.204255 -0.331271 -0.114981 0.993313 0.010438
-0.099708 0.199976 -0.346437 -0.082877 0.672324 -0.735603
-0.099495 0.189405 -0.350440 -0.135120 0.087813 -0.986930
-0.106955 0.196771 -0.312600 -0.569893 0.336519 0.749651
-0.097379 0.174989 -0.348980 -0.160078 -0.343310 -0.925480
-0.118916 0.190108 -0.343777 -0.650525 0.135791 -0.747247
-0.111527 0.200687 -0.341069 -0.437372 0.808447 -0.393852
-0.119232 0.199045 -0.326669 -0.655526 0.745440 0.120849
-0.123700 0.187842 -0.325950 -0.973866 -0.056898 0.219881
-0.115056 0.175550 -0.342735 -0.670282 -0.472373 -0.572351
-0.119114 0.174468 -0.325429 -0.802571 -0.394122 0.447825
-0.112442 0.166913 -0.333032 -0.484393 -0.859923 -0.160923
-0.087605 0.184037 -0.296281 -0.326432 0.196477 0.924575
-0.105834 0.173095 -0.310169 -0.579423 -0.339759 0.740833
-0.081826 0.170750 -0.302108 -0.272418 -0.573218 0.772793
-0.046631 0.169779 -0.289602 -0.254084 -0.479172 0.840140
-0.007251 0.174397 -0.278084 -0.125608 -0.530082 0.838591
-0.008767 0.193645 -0.276284 -0.223820 0.021676 0.974389
0.029823 0.171902 -0.271121 -0.340992 -0.507585 0.791254
0.031536 0.195137 -0.265910 -0.403093 0.200688 0.892883
-0.007125 0.193495 -0.281487 -0.213915 0.518126 0.828122
0.048052 0.170450 -0.257715 -0.115506 -0.282116 0.952402
0.005870 0.164158 -0.188383 0.469592 -0.871639 0.140458
0.020065 0.171752 -0.173383 0.435604 -0.793649 0.424700
0.012643 0.168997 -0.170919 0.274224 -0.933366 0.231579
0.024186 0.169368 -0.187080 -0.296281 -0.955101 0.000441
0.027557 0.156973 -0.169230 -0.380580 -0.838577 0.389805
0.001322 0.168926 -0.154474 -0.096880 -0.795042 0.598768
-0.020088 0.160660 -0.183693 -0.233746 -0.824214 0.515784
-0.053642 0.159949 -0.199001 -0.264897 -0.918455 0.293718
0.005262 0.160139 -0.172040 0.103549 -0.933313 0.343809
-0.004733 0.155039 -0.190349 0.217075 -0.975303 -0.040781
0.011744 0.163636 -0.206699 0.111288 -0.993517 0.023209
0.017831 0.171681 -0.204575 -0.259742 -0.876996 -0.404243
0.032846 0.156973 -0.200067 -0.148373 -0.908669 -0.390264
-0.024083 0.157494 -0.193349 -0.078325 -0.989273 -0.123301
-0.012367 0.161481 -0.208578 -0.027658 -0.864275 -0.502259
0.013946 0.168294 -0.222496 0.160543 -0.858905 -0.486321
-0.055031 0.163005 -0.207678 -0.121005 -0.907714 -0.401763
-0.070497 0.168555 -0.203493 0.006012 -0.994306 0.106393
-0.079371 0.163636 -0.228220 0.293439 -0.837061 -0.461760
-0.085931 0.161221 -0.207101 0.382827 -0.920738 0.075403
-0.120921 0.155892 -0.222907 0.004765 -0.974080 -0.226152
-0.165401 0.163968 -0.238112 -0.185417 -0.922167 -0.339454
-0.093542 0.153878 -0.209675 0.466297 -0.774115 0.428151
-0.088292 0.165910 -0.184720 -0.064040 -0.833630 0.548598
-0.123108 0.155110 -0.212991 -0.139129 -0.910262 0.389955
-0.170935 0.164607 -0.212801 -0.263250 -0.880281 0.394722
-0.202783 0.176181 -0.223799 -0.396287 -0.914549 0.080974
-0.200004 0.175068 -0.239526 -0.286546 -0.851271 -0.439578
-0.218170 0.170710 0.061552 -0.675124 -0.383301 -0.630308
-0.197446 0.186531 0.053515 -0.230650 0.100827 -0.967799
-0.195464 0.170228 0.054084 -0.204754 -0.291890 -0.934278
-0.222931 0.188284 0.060992 -0.776019 0.167190 -0.608146
-0.213646 0.201090 0.062618 -0.397652 0.705594 -0.586523
-0.197580 0.199005 0.058371 -0.097730 0.647776 -0.755536
-0.165503 0.186871 0.048312 -0.112297 0.313943 -0.942777
-0.163530 0.167773 0.047657 -0.163270 -0.325583 -0.931310
-0.126148 0.188545 0.045091 -0.125323 0.267326 -0.955422
-0.122603 0.163565 0.042312 -0.069392 -0.287063 -0.955395
-0.074626 0.171192 0.040173 0.244920 -0.357038 -0.901409
-0.093818 0.193605 0.040212 -0.271142 0.207622 -0.939881
-0.095602 0.210737 0.054960 -0.222859 0.768214 -0.600151
-0.128706 0.205266 0.058465 -0.145206 0.811307 -0.566301
-0.168985 0.200829 0.057534 -0.059871 0.811453 -0.581343
-0.202791 0.205448 0.072708 -0.088232 0.993394 0.073373
-0.219789 0.199234 0.081376 -0.625321 0.688226 0.367858
-0.224928 0.185679 0.083231 -0.885208 -0.076157 0.458919
-0.203912 0.184265 0.095966 -0.333296 0.204664 0.920340
-0.174685 0.197182 0.094237 -0.195259 0.740590 0.642962
-0.202846 0.196511 0.092042 -0.155097 0.734095 0.661097
-0.219425 0.169518 0.083018 -0.738786 -0.543862 0.398006
-0.201046 0.167884 0.094892 -0.377023 -0.305839 0.874251
-0.172577 0.183634 0.104129 -0.195298 0.139687 0.970745
-0.129811 0.185718 0.110113 -0.170782 0.217500 0.961003
-0.097071 0.209174 0.107445 -0.232062 0.653161 0.720783
-0.095855 0.224924 0.082537 -0.289951 0.956942 0.013830
-0.053460 0.242498 0.084510 -0.283962 0.958238 0.033834
-0.096361 0.188955 0.115892 -0.304201 0.064660 0.950411
-0.170667 0.165128 0.103134 -0.191894 -0.546705 0.815040
-0.126590 0.163968 0.110769 -0.112927 -0.371321 0.921612
-0.077776 0.169518 0.116319 -0.151223 -0.441496 0.884428
-0.079174 0.192792 0.125840 0.001731 0.161044 0.986946
-0.063565 0.216358 0.108116 0.085579 0.645062 0.759323
-0.064734 0.223321 0.096282 0.594280 -0.804168 -0.012100
-0.075739 0.218522 0.069344 0.066167 0.796011 -0.601655
-0.063842 0.224174 0.072881 0.614519 -0.788880 -0.005892
-0.062626 0.218292 0.057534 -0.241727 0.779628 -0.577710
-0.077366 0.197892 0.033083 0.125437 0.650470 -0.749102
-0.076142 0.196739 0.053199 0.133260 0.275702 -0.951961
-0.031141 0.197963 0.046891 -0.194023 0.320633 -0.927119
-0.077144 0.216027 0.099100 0.080469 0.734675 0.673631
-0.075802 0.219113 0.082584 -0.115212 0.957879 0.263049
-0.023033 0.229092 0.085845 -0.245398 0.968911 0.031476
-0.025765 0.218261 0.107350 -0.247324 0.745650 0.618738
-0.008941 0.197481 0.132740 -0.037703 0.292528 0.955513
-0.078305 0.192603 0.112087 0.040959 0.206648 0.977558
-0.029507 0.194576 0.122642 -0.298912 0.064445 0.952102
0.003517 0.201429 0.125058 -0.014982 0.155680 0.987694
-0.075708 0.158347 -0.313437 -0.208270 -0.961513 0.179211
-0.096566 0.164528 -0.340185 -0.216547 -0.922779 -0.318725
-0.069447 0.158797 -0.339095 -0.087396 -0.913849 -0.396537
-0.101003 0.163487 -0.320574 -0.334443 -0.892997 0.301171
-0.034339 0.154257 -0.331958 0.082953 -0.909721 -0.406849
0.008973 0.158536 -0.296739 -0.241784 -0.876837 0.415569
0.038420 0.158868 -0.286200 -0.084452 -0.953213 0.290263
0.002617 0.164047 -0.307729 -0.053333 -0.993858 0.096968
-0.011120 0.156113 -0.310437 0.342507 -0.934741 0.094596
-0.002933 0.157534 -0.327837 0.363408 -0.854040 -0.372223
0.069723 0.162073 -0.322303 0.150353 -0.258025 -0.954367
0.067955 0.158987 -0.309166 -0.006065 -0.998446 -0.055395
0.072518 0.169486 -0.323424 0.133120 -0.799651 -0.585523
0.047207 0.157865 -0.315000 0.082391 -0.869242 -0.487473
0.013504 0.157384 -0.315908 -0.127289 -0.921499 -0.366930
0.081984 0.152355 -0.306821 -0.102096 -0.908392 -0.405464
0.073971 0.163857 -0.293589 -0.321112 -0.946947 0.013361
0.075992 0.163005 -0.306640 0.294539 -0.953842 -0.058582
0.050697 0.156081 -0.298982 0.171364 -0.978344 0.116095
0.038894 0.157194 -0.301768 -0.031459 -0.999176 0.025647
0.057431 0.160581 -0.265665 -0.007421 -0.917387 0.397927
0.071642 0.164457 -0.281984 0.222696 -0.962954 0.152069
0.065128 0.161031 -0.280089 -0.374905 -0.914463 0.152331
0.148158 0.157012 -0.253065 -0.087018 -0.787440 0.610218
0.112592 0.154368 -0.264923 -0.160721 -0.753915 0.637010
0.074981 0.151423 -0.276758 -0.255990 -0.833435 0.489750
0.081329 0.148668 -0.291931 -0.427930 -0.887115 -0.172922
0.173430 0.129902 -0.224028 -0.382558 -0.901066 -0.204280
0.387412 0.121115 -0.259326 0.094769 -0.791502 -0.603774
0.322098 0.131465 -0.266407 0.015670 -0.831789 -0.554871
0.170706 0.156934 -0.294995 -0.344998 -0.790655 -0.505808
0.155153 0.156602 -0.279789 0.551794 -0.828574 0.094805
0.162045 0.159650 -0.299676 0.329934 -0.848839 -0.413056
0.164319 0.171571 -0.317858 0.215311 -0.396860 -0.892269
0.169751 0.174026 -0.314550 0.336781 -0.585136 -0.737695
0.219070 0.174697 -0.302297 0.053815 -0.380858 -0.923066
0.124190 0.153736 -0.304453 0.115397 -0.811871 -0.572319
0.126969 0.168034 -0.321553 0.042792 -0.108604 -0.993164
0.145830 0.140923 -0.280484 0.293491 -0.944034 -0.150543
0.118340 0.142826 -0.286452 -0.078924 -0.992052 0.097998
-0.118490 0.204366 -0.017183 -0.137322 0.230059 0.963439
-0.082710 0.231769 -0.024960 -0.268645 0.672730 0.689394
-0.119271 0.224585 -0.025631 -0.205143 0.653938 0.728204
-0.099747 0.208203 -0.014444 -0.098225 0.238219 0.966232
-0.117929 0.240335 -0.050539 -0.306748 0.951382 0.027903
-0.097529 0.231437 -0.033968 -0.170280 0.773646 0.610308
-0.102763 0.177863 -0.026223 -0.006460 -0.676203 0.736687
-0.098224 0.184937 -0.016757 -0.045192 -0.410247 0.910854
-0.154972 0.201129 -0.021620 -0.183464 0.249027 0.950961
-0.156724 0.218442 -0.035041 -0.255573 0.768186 0.587003
-0.155935 0.222721 -0.054052 -0.169866 0.982832 0.072019
-0.153772 0.220677 -0.074610 -0.134646 0.822508 -0.552585
-0.117653 0.226148 -0.078115 -0.150694 0.790952 -0.593031
-0.081692 0.233711 -0.075542 -0.103022 0.765175 -0.635527
-0.115711 0.209024 -0.092863 -0.082568 0.470718 -0.878412
-0.073015 0.257909 -0.048565 -0.327112 0.944182 0.038965
-0.083997 0.238732 -0.036786 -0.085405 0.947786 0.307259
-0.096439 0.212150 -0.079876 -0.108622 0.276269 -0.954922
-0.095997 0.233932 -0.063731 -0.044055 0.898696 -0.436354
-0.083018 0.239593 -0.060194 0.980903 0.167909 0.098158
-0.038515 0.244503 -0.047231 -0.200839 0.976159 -0.082329
-0.096068 0.234524 -0.050491 -0.215636 0.973922 0.070543
-0.041483 0.233671 -0.025717 -0.219419 0.755329 0.617522
-0.000193 0.238851 -0.015770 -0.155722 0.652556 0.741567
0.040457 0.183784 -0.003438 -0.165777 -0.148292 0.974950
-0.009549 0.216840 -0.008017 0.006080 0.112453 0.993638
0.005404 0.177563 -0.010401 -0.017163 -0.499985 0.865864
-0.022520 0.180168 -0.003888 -0.112301 -0.475554 0.872489
-0.023144 0.212892 -0.000335 -0.206110 0.133597 0.969366
-0.048960 0.181882 -0.016102 -0.227356 -0.552774 0.801717
-0.045565 0.209995 -0.010433 -0.194563 0.268088 0.943543
0.104895 0.190076 0.012091 -0.275630 -0.335344 0.900873
0.115908 0.168886 0.017546 -0.987823 -0.141680 0.064281
-0.351340 0.170039 0.092934 -0.014560 -0.340271 0.940215
-0.172775 0.182624 0.104082 0.002013 -0.585266 0.810839
-0.306671 0.197032 0.084147 -0.051776 0.405181 0.912769
-0.406004 0.164307 0.089879 -0.009539 -0.543423 0.839405
0.216054 0.018095 0.233833 0.445689 -0.894678 0.030212
0.236446 0.035969 0.240528 0.699030 -0.639265 0.320465
0.230091 0.033916 0.253547 0.450841 -0.731566 0.511423
0.249805 0.062141 0.270071 0.608034 -0.036645 0.793065
0.213852 0.045909 0.272163 0.156306 -0.385688 0.909293
0.209138 0.073422 0.274697 0.101279 0.184485 0.977603
0.201180 0.093862 0.262129 0.053108 0.688253 0.723524
0.153109 0.092891 0.262673 -0.217857 0.888330 0.404239
0.163767 0.070556 0.277594 0.110572 0.395384 0.911836
0.169190 0.041700 0.273355 0.166945 -0.475813 0.863557
0.208672 0.029077 0.259002 0.139385 -0.689987 0.710275
0.198591 0.012655 0.241847 0.103454 -0.943300 0.315410
0.191564 0.016311 0.219007 -0.077122 -0.904951 -0.418469
0.224636 0.024427 0.229412 0.264361 -0.964057 0.026605
0.122911 0.077109 0.271113 -0.114701 0.851142 0.512251
0.137114 0.064414 0.290960 0.110427 0.604882 0.788621
0.147693 0.051309 0.287455 0.440785 -0.071074 0.894794
0.102708 0.062361 0.287803 -0.330992 0.688098 0.645728
0.109671 0.044156 0.296708 -0.252464 -0.232946 0.939148
0.099140 0.044637 0.291371 -0.733728 -0.364320 0.573511
0.119366 0.036600 0.284052 0.005060 -0.801666 0.597751
0.113966 0.059717 0.293700 -0.091978 0.385127 0.918269
0.121537 0.046208 0.296463 0.242453 -0.400112 0.883814
0.128524 0.026953 0.268847 0.126522 -0.771063 0.624063
0.162101 0.021632 0.256894 0.010038 -0.898038 0.439804
0.153306 0.018506 0.236928 -0.206412 -0.918073 -0.338431
0.184775 0.097659 0.225086 -0.348730 0.837450 -0.420791
0.145727 0.087159 0.241405 -0.367531 0.861463 -0.350431
0.105858 0.080457 0.263297 -0.420216 0.907205 -0.019964
0.092997 0.062883 0.273552 -0.822606 0.412533 0.391327
0.089587 0.044266 0.272376 -0.885362 -0.326260 0.331194
0.095902 0.028374 0.272810 -0.590256 -0.722011 0.360967
0.210023 0.105593 0.237173 0.098060 0.990608 0.095291
0.201094 0.099222 0.216480 -0.282290 0.897250 -0.339492
0.188470 0.103841 0.247499 -0.144335 0.975850 0.163964
0.224312 0.092409 0.258599 0.310251 0.711150 0.630881
0.221067 0.099222 0.236328 0.119170 0.918500 0.377036
0.236620 0.088462 0.250302 0.470941 0.677620 0.564841
0.236683 0.174508 0.154159 -0.134535 -0.596439 0.791303
0.261015 0.150681 0.142466 -0.305288 -0.772367 0.556999
0.282687 0.146733 0.136632 -0.553274 -0.390814 0.735631
-0.245068 0.184968 -0.069510 -0.802191 -0.418692 -0.425661
-0.241744 0.177342 -0.060889 -0.532829 -0.845931 -0.022219
-0.246781 0.184708 -0.052931 -0.729534 -0.415740 0.543084
-0.201141 0.218111 -0.079663 -0.037205 0.875206 -0.482318
-0.197936 0.203553 -0.089334 -0.056779 0.405849 -0.912174
-0.233036 0.202771 -0.084029 -0.306869 0.175511 -0.935429
-0.195567 0.182181 -0.090692 -0.136969 -0.266104 -0.954164
-0.230004 0.185308 -0.082616 -0.431150 -0.365284 -0.825031
-0.248802 0.201879 -0.069818 -0.844109 0.058411 -0.532981
-0.250839 0.200608 -0.053184 -0.938099 -0.025082 0.345458
-0.205009 0.200308 -0.033518 -0.193799 0.433732 0.879954
-0.203920 0.212600 -0.038839 -0.110600 0.837362 0.535343
-0.205530 0.221719 -0.058418 -0.041881 0.996863 0.067158
-0.232412 0.215577 -0.079300 -0.164301 0.866567 -0.471239
-0.242597 0.214645 -0.068160 -0.683084 0.576570 -0.448289
-0.246560 0.213603 -0.054628 -0.728572 0.567837 0.383071
-0.233486 0.200087 -0.040599 -0.446741 0.066134 0.892216
-0.232768 0.211969 -0.044602 -0.243470 0.604891 0.758175
-0.234568 0.220866 -0.060368 -0.156069 0.968400 0.194535
-0.231204 0.185718 -0.041744 -0.308467 -0.350366 0.884360
-0.203967 0.191039 -0.034015 -0.256390 -0.389808 0.884485
-0.151459 0.179387 -0.022307 -0.156075 -0.447398 0.880611
-0.103600 0.164158 -0.075929 0.240770 -0.819303 -0.520358
-0.110176 0.163076 -0.054534 0.167335 -0.985742 0.017636
-0.115387 0.156113 -0.055726 0.682416 -0.730219 0.033001
-0.104753 0.164639 -0.033849 0.157937 -0.888420 0.431006
-0.147566 0.160550 -0.041349 -0.050157 -0.940860 0.335064
-0.194209 0.165421 -0.044610 -0.226746 -0.857821 0.461225
-0.228994 0.174358 -0.051012 -0.300102 -0.782838 0.545072
-0.227012 0.172763 -0.072226 -0.289190 -0.899834 -0.326601
-0.191872 0.165721 -0.076481 -0.135280 -0.932141 -0.335876
-0.145119 0.160170 -0.075218 -0.005669 -0.955001 -0.296549
-0.147109 0.178976 -0.093503 -0.004786 -0.441562 -0.897218
-0.094774 0.186610 -0.092918 0.106886 -0.219607 -0.969716
-0.097553 0.177002 -0.078700 0.097964 -0.762003 -0.640121
-0.094008 0.166731 -0.054344 0.166570 -0.985497 0.032410
-0.081250 0.162405 -0.050815 -0.115719 -0.993187 0.013724
-0.041215 0.160660 -0.048573 -0.102438 -0.993099 0.057104
-0.078581 0.161592 -0.053034 -0.133149 -0.971531 0.195955
-0.046568 0.179576 -0.088860 -0.194748 -0.462399 -0.865021
-0.012241 0.161221 -0.034173 0.316733 -0.945835 0.071249
-0.012312 0.168215 -0.015272 -0.100565 -0.858445 0.502949
-0.028623 0.160731 -0.051802 0.183231 -0.978200 -0.097726
-0.017641 0.165421 -0.050989 0.449334 -0.888948 -0.088717
-0.010417 0.165160 -0.067236 0.470538 -0.882379 0.001363
-0.005104 0.173726 -0.065563 -0.236432 -0.968675 -0.075956
-0.009383 0.166652 -0.084242 0.174810 -0.981703 -0.075509
0.002601 0.170671 -0.050318 -0.511963 -0.858950 -0.009911
0.011254 0.157976 -0.065800 -0.340146 -0.911510 -0.231192
0.014467 0.154589 -0.048936 -0.272907 -0.960851 0.047827
0.052434 0.155520 -0.060984 0.014894 -0.832613 -0.553655
0.050168 0.146773 -0.047349 -0.162050 -0.981708 0.099944
0.156045 0.143497 -0.073923 -0.528202 -0.848989 0.014831
0.119698 0.157084 -0.054644 -0.338508 -0.904157 -0.260601
0.102874 0.165460 -0.067623 -0.282453 -0.832551 -0.476528
0.094403 0.161363 -0.068815 0.140721 -0.785575 -0.602553
0.085584 0.143307 -0.044444 0.157857 -0.981118 0.111749
0.046876 0.160550 -0.020594 -0.084379 -0.775994 0.625071
0.090953 0.164087 -0.016109 0.052113 -0.778142 0.625923
0.117953 0.157976 -0.014728 -0.479255 -0.873365 0.086873
0.100324 0.158987 -0.042683 0.116427 -0.993182 0.005798
0.104184 0.167284 -0.016994 0.013808 -0.865227 0.501189
0.009636 0.159058 -0.029846 -0.404493 -0.836370 0.369960
-0.000967 0.172502 -0.035562 -0.020902 -0.999124 0.036257
-0.097766 0.213303 -0.090866 0.456372 0.163210 -0.874693
-0.150969 0.203963 -0.091324 -0.048522 0.265148 -0.962986
0.393988 0.013477 0.129527 0.512396 -0.835036 0.200411
0.341227 0.000000 0.105376 -0.089880 -0.970589 -0.223336
0.370864 0.006734 0.089634 0.128688 -0.957444 -0.258342
0.409715 0.019319 0.073560 0.386662 -0.917656 -0.091650
0.430967 0.067201 0.155998 0.697848 -0.425099 0.576454
0.407583 0.096056 0.183583 0.546616 0.098790 0.831536
0.403833 0.052761 0.181522 0.649808 -0.480633 0.588848
0.360316 0.001784 0.158777 0.271841 -0.895971 0.351195
0.303363 0.004318 0.140280 -0.358930 -0.921152 -0.150493
0.384577 0.094904 0.196814 0.492579 0.270393 0.827196
0.369143 0.038085 0.203817 0.446287 -0.453895 0.771237
0.443189 0.210066 0.116311 0.687901 0.590785 0.421622
0.106687 0.065195 0.242518 -0.628199 0.344009 -0.697871
0.095816 0.033506 0.259342 -0.794039 -0.242170 -0.557544
0.090029 0.063814 0.258994 -0.888112 0.218642 -0.404294
0.111787 0.030490 0.242020 -0.563999 -0.415657 -0.713537
0.140579 0.072341 0.217949 -0.502695 0.217681 -0.836608
0.145561 0.034808 0.217562 -0.426969 -0.388762 -0.816432
0.178712 0.039506 0.202728 -0.326491 -0.354457 -0.876221
0.176517 0.073272 0.203470 -0.356318 0.436358 -0.826214
0.199467 0.041851 0.197462 -0.361928 -0.435283 -0.824340
0.197067 0.074504 0.196886 -0.523874 0.344420 -0.779057
0.357403 0.027514 0.048518 -0.293886 -0.772172 -0.563366
0.323037 0.027213 0.078179 -0.498722 -0.674595 -0.544240
0.334469 0.088572 -0.053294 -0.193642 -0.971983 -0.133239
0.295595 0.110283 -0.092255 -0.138613 -0.990191 -0.017533
0.362764 0.096317 -0.093921 -0.129974 -0.986118 -0.103337
0.402120 0.085817 -0.066676 -0.049293 -0.939577 -0.338769
0.221754 0.107638 -0.108447 -0.144440 -0.988332 0.048348
0.295192 0.100493 -0.156188 -0.078113 -0.996569 -0.027344
0.361540 0.093530 -0.140343 -0.131792 -0.991271 0.003662
0.436723 0.088541 -0.113090 0.369347 -0.928622 -0.035267
0.450452 0.083401 -0.055828 0.501257 -0.800800 -0.327812
0.487313 0.168839 -0.055378 0.977635 0.207340 -0.035198
0.467631 0.122678 -0.230825 0.805605 -0.412547 -0.425212
0.455584 0.096877 -0.180109 0.536352 -0.832920 -0.136274
0.374267 0.093009 -0.199941 -0.034448 -0.977052 -0.210198
0.306111 0.110915 -0.213607 -0.095197 -0.957211 -0.273284
0.241760 0.113560 -0.224999 -0.089748 -0.968220 -0.233441
0.111384 0.161852 -0.196799 0.192567 -0.893515 -0.405645
0.125153 0.167544 -0.194043 -0.357169 -0.843844 -0.400446
0.146745 0.142636 -0.188935 -0.619850 -0.762409 -0.185794
0.170193 0.125062 -0.174188 -0.371748 -0.925764 -0.069023
0.119406 0.157944 -0.168180 -0.287004 -0.956189 -0.057722
0.138219 0.148486 -0.137232 -0.687041 -0.719217 0.103444
0.075092 0.156784 -0.197264 0.075363 -0.890097 -0.449497
0.098792 0.149899 -0.168038 0.152396 -0.979673 0.130448
0.120819 0.166321 -0.139743 -0.406595 -0.804000 0.433894
0.105368 0.166060 -0.140579 -0.039783 -0.803359 0.594165
0.063439 0.159878 -0.152295 -0.138650 -0.751786 0.644666
0.068950 0.144649 -0.174898 -0.058489 -0.994091 0.091450
0.036881 0.152915 -0.182312 -0.282036 -0.926750 -0.248172
-0.083310 0.149078 0.096700 0.124212 -0.873717 0.470309
-0.123021 0.145131 0.091726 -0.043217 -0.895352 0.443258
-0.082979 0.148818 0.059705 0.291975 -0.855227 -0.428180
-0.120779 0.144760 0.057857 -0.042496 -0.909275 -0.414021
-0.165780 0.150010 0.088466 -0.172326 -0.969316 0.175303
-0.162204 0.152576 0.060518 -0.180817 -0.896808 -0.403782
-0.197075 0.156231 0.085150 -0.259177 -0.930134 0.260149
-0.195859 0.157344 0.060849 -0.230211 -0.864207 -0.447381
-0.213117 0.160321 0.072644 -0.509512 -0.857553 -0.070717
-0.176162 0.206308 0.074658 -0.136733 0.989088 -0.054846
0.198212 0.282596 0.047894 -0.295018 0.955306 -0.018806
-0.040970 0.154328 -0.304697 -0.125017 -0.951886 0.279794
-0.010512 0.157826 -0.291829 0.026899 -0.814231 0.579918
0.222678 0.214984 -0.307279 0.117096 0.202291 -0.972300
0.179130 0.173986 -0.311716 0.131258 -0.062321 -0.989387
0.216149 0.266214 -0.236770 -0.206206 0.977378 -0.047017
0.212351 0.269301 -0.199333 -0.217963 0.933787 -0.283785
0.245597 0.268670 -0.224517 -0.007577 0.997575 -0.069191
0.240797 0.289149 -0.156795 0.046201 0.913556 -0.404081
0.250878 0.268148 -0.256563 0.162245 0.858477 -0.486512
0.217309 0.267327 -0.262113 -0.116243 0.966062 -0.230676
0.185817 0.255153 -0.243307 -0.515474 0.849598 0.111667
0.186488 0.243090 -0.216149 -0.622834 0.752375 -0.214498
0.191841 0.259030 -0.270615 -0.231620 0.929821 -0.285981
0.221991 0.248119 -0.281558 0.140237 0.627180 -0.766145
0.439644 0.241898 -0.193191 0.727824 0.671661 -0.138360
0.269471 0.211708 -0.297774 0.186783 0.407433 -0.893930
0.427312 0.276004 -0.037062 0.670375 0.741284 -0.033082
0.281155 0.299949 -0.041918 0.056178 0.992822 -0.105583
0.167240 0.289599 -0.043678 -0.424634 0.894319 -0.140991
0.203975 0.304378 -0.038902 -0.184853 0.958406 -0.217456
0.239683 0.304449 -0.039810 0.073783 0.986617 -0.145408
0.201322 0.305120 -0.010544 -0.258860 0.952992 0.157473
0.236217 0.306351 -0.005451 0.003690 0.963277 0.268485
0.231299 0.287846 0.072715 -0.019736 0.999393 -0.028721
0.231283 0.284830 0.102897 0.101775 0.928625 0.356788
0.200446 0.286062 0.075226 -0.160309 0.987000 -0.011460
0.384151 0.171050 0.156527 0.155378 0.415447 0.896249
0.191983 0.227940 0.150188 -0.022211 0.435832 0.899754
0.199222 0.284940 0.101247 -0.189537 0.939382 0.285721
0.239715 0.293688 -0.141069 0.074997 0.996005 -0.048466
0.205262 0.294288 -0.145877 -0.288984 0.951628 -0.104367
0.168188 0.273919 -0.153574 -0.520290 0.853562 -0.027009
0.205499 0.286725 -0.159985 -0.171339 0.891294 -0.419806
0.259397 0.129902 -0.273742 -0.017183 -0.879637 -0.475335
0.198378 0.132846 -0.280160 -0.114395 -0.787425 -0.605702
0.244997 0.023045 0.222196 0.171029 -0.810298 0.560506
0.291963 0.053503 0.229317 0.221724 -0.443211 0.868563
0.268152 0.057561 0.239683 0.357654 -0.291603 0.887159
0.249757 0.066980 0.252070 0.659938 -0.247472 0.709394
0.328256 0.084443 0.228236 0.199950 0.133164 0.970715
0.282174 0.115494 0.210023 -0.023797 0.835974 0.548253
0.288521 0.089472 0.232760 0.263601 0.273102 0.925164
0.260210 0.089693 0.244033 0.257158 0.526340 0.810454
0.243923 0.108309 0.225204 -0.144626 0.967189 0.208875
0.211696 0.024608 0.215202 -0.089596 -0.950687 -0.296929
0.230565 0.020700 0.199293 -0.347124 -0.872015 -0.345102
0.264489 0.016121 0.183456 -0.251109 -0.967245 -0.037158
0.287100 0.020440 0.207354 0.140601 -0.807001 0.573568
0.325974 0.010832 0.185162 0.066622 -0.874478 0.480468
0.331027 0.047914 0.219283 0.197927 -0.579478 0.790589
0.363664 0.076177 0.218320 0.482079 0.034112 0.875464
0.353243 0.104141 0.209999 0.360959 0.647824 0.670845
0.355453 0.126815 0.172601 0.128135 0.560821 0.817962
0.392709 0.126554 0.176541 0.182444 0.442910 0.877807
0.322248 0.115454 0.211657 0.105650 0.689272 0.716758
0.303387 0.127596 0.191588 -0.230836 0.953677 0.192910
0.326116 0.129641 0.186275 0.001342 0.843233 0.537546
0.225536 0.100414 0.199254 -0.465752 0.795265 -0.388109
0.258473 0.110394 0.177338 -0.421118 0.900881 -0.105229
0.317803 0.153918 0.162022 -0.306759 0.201427 0.930229
0.281858 0.121865 0.151609 -0.774156 0.607945 0.176309
0.472487 0.158726 0.123337 0.828807 0.426160 0.362583
0.500000 0.086788 0.073158 0.956209 -0.271648 0.108955
0.462081 0.088983 0.137935 0.702818 -0.317119 0.636775
0.463826 0.059314 0.098697 0.655329 -0.669306 0.350105
0.499289 0.116165 0.104674 0.952880 0.215569 0.213424
0.436533 0.128039 0.158359 0.510435 0.195647 0.837364
0.428646 0.169187 0.146366 0.331700 0.432749 0.838274
0.495484 0.078340 0.014428 0.878236 -0.381761 -0.288028
0.480863 0.059685 0.044191 0.626068 -0.774978 -0.086300
0.452544 0.039988 0.062121 0.515030 -0.855228 0.057701
0.422433 0.033885 0.117211 0.602702 -0.735129 0.310381
0.420996 0.092599 0.172704 0.709991 -0.092046 0.698170
0.220483 0.041511 0.180733 -0.628658 -0.228532 -0.743345
0.250128 0.042111 0.153780 -0.713507 -0.467520 -0.521855
0.251920 0.089433 0.151127 -0.752837 0.357838 -0.552439
0.218423 0.079383 0.179691 -0.658862 0.276500 -0.699606
0.269202 0.087570 0.111021 -0.944008 0.043024 -0.327107
0.401346 0.032432 0.035941 0.114610 -0.918689 -0.377988
0.294190 0.029819 0.092958 -0.581999 -0.612394 -0.535025
0.275337 0.036190 0.119792 -0.788297 -0.438677 -0.431451
0.284179 0.074164 0.081202 -0.808357 -0.302753 -0.504876
0.275455 0.123128 0.070481 -0.600248 -0.772722 -0.206406
0.223530 0.130241 0.096842 -0.051801 -0.913863 0.402705
0.248699 0.120333 0.041839 -0.170228 -0.968753 0.180387
0.255205 0.137126 0.097095 -0.206598 -0.862824 0.461359
0.269163 0.126105 0.097316 -0.953950 -0.284764 0.094285
0.318032 0.102577 0.037994 -0.458109 -0.869835 -0.183093
0.312916 0.063664 0.050223 -0.629283 -0.391833 -0.671170
0.353606 0.056330 0.025970 -0.514678 -0.411519 -0.752169
0.400036 0.049706 0.003225 -0.253095 -0.776682 -0.576809
0.445636 0.040208 0.031804 0.260033 -0.925455 -0.275528
0.358343 0.089133 0.007820 -0.376183 -0.911489 -0.166358
0.277792 0.098780 -0.023673 -0.234772 -0.971424 0.034887
0.210133 0.117767 -0.032539 -0.275921 -0.959908 0.049449
0.214641 0.119662 0.036920 -0.229677 -0.968093 0.100219
0.403707 0.072530 -0.033904 -0.147717 -0.928874 -0.339666
0.446070 0.052382 -0.002341 0.295472 -0.853477 -0.429271
0.467142 0.073311 -0.018359 0.604356 -0.594715 -0.530159
0.229989 0.110283 -0.168188 -0.190762 -0.977848 -0.086161
0.164951 0.125102 -0.123527 -0.462281 -0.883119 0.079984
