-0.261262 0.066389 0.281615 -0.158368 -0.094993 0.982800
-0.169981 0.050360 0.274640 0.036540 -0.216434 0.975613
-0.154039 0.031803 0.274112 -0.199796 -0.857397 0.474292
-0.149424 0.085211 0.277416 0.000543 0.604248 0.796796
0.178107 0.036514 0.368473 0.891928 -0.065072 0.447471
0.088298 0.041721 0.398252 -0.051965 -0.276140 0.959712
0.104463 0.028596 0.364122 0.214413 -0.869045 -0.445856
0.052880 0.027988 0.342933 0.116654 -0.957914 -0.262285
0.000704 0.040178 0.345109 -0.202702 -0.889482 0.409554
0.043817 0.045377 0.388254 -0.125536 0.800166 0.586493
-0.012286 0.048928 0.366002 -0.198525 0.753486 0.626775
-0.111990 0.056319 0.319241 -0.267588 -0.268527 0.925360
-0.112734 0.024484 0.268233 0.215374 -0.894378 -0.392049
-0.175700 0.061030 0.302852 -0.246682 -0.038578 0.968328
0.055479 0.060542 0.336174 0.403385 0.518794 -0.753746
-0.113830 0.081555 0.266761 0.214273 0.955047 -0.204872
0.107231 0.051680 0.361962 0.247822 0.937767 -0.243264
-0.036826 0.270701 -0.301092 -0.939359 0.280176 0.197750
0.034778 0.221429 -0.311538 -0.567614 -0.823259 -0.007684
0.051632 0.211702 -0.299212 0.304954 0.409835 0.859673
0.043113 0.218037 -0.348652 -0.224654 0.289971 -0.930294
0.352288 0.136858 -0.398252 0.975025 -0.054197 -0.215381
0.295313 0.202872 -0.379255 0.510639 0.824757 0.242949
0.295169 0.166206 -0.370681 0.189936 -0.590674 0.784238
0.245377 0.172508 -0.355179 0.225350 -0.393472 0.891290
0.202823 0.199552 -0.351876 0.278851 0.351546 0.893677
0.255183 0.215510 -0.369961 -0.028207 0.660509 -0.750288
0.200328 0.223468 -0.356907 -0.055562 0.725307 -0.686180
0.099168 0.231843 -0.334462 0.314224 0.900807 0.299684
0.082771 0.187138 -0.303763 0.170796 -0.630419 0.757232
0.040865 0.248216 -0.320577 0.290363 0.954187 0.072230
0.235890 0.169333 -0.384958 -0.184725 -0.789536 -0.585243
0.066637 0.192609 -0.354779 -0.185037 -0.172474 -0.967478
0.290394 0.165678 -0.392165 -0.171978 -0.223679 -0.959370
0.054151 0.287562 -0.202204 -0.939236 0.280376 0.198055
0.130179 0.235274 -0.213290 -0.567441 -0.823375 -0.008014
0.148072 0.224900 -0.200196 0.304905 0.410103 0.859563
0.139018 0.231651 -0.252692 -0.224760 0.290045 -0.930246
0.467253 0.145457 -0.305347 0.974943 -0.054247 -0.215738
0.406775 0.215582 -0.285182 0.510581 0.824844 0.242776
0.406623 0.176652 -0.276080 0.189981 -0.590616 0.784270
0.353759 0.183331 -0.259626 0.225369 -0.393324 0.891350
0.308575 0.212038 -0.256115 0.278852 0.351520 0.893686
0.364174 0.228979 -0.275312 -0.028513 0.660204 -0.750545
0.305927 0.237426 -0.261450 -0.055532 0.725078 -0.686425
0.198528 0.246329 -0.237630 0.314080 0.900838 0.299741
0.181123 0.198872 -0.205035 0.170682 -0.630360 0.757307
0.136634 0.263678 -0.222888 0.290329 0.954167 0.072630
0.343681 0.179939 -0.291237 -0.184777 -0.789625 -0.585107
0.163998 0.204679 -0.259195 -0.185095 -0.172451 -0.967471
0.401544 0.176092 -0.298892 -0.171953 -0.223651 -0.959381
0.076604 0.291370 -0.056387 -0.956747 0.290245 0.019830
0.152863 0.238370 -0.052260 -0.565656 -0.820407 -0.083460
0.168053 0.228371 -0.035910 0.151917 0.435106 0.887471
0.168501 0.233499 -0.089350 -0.053982 0.261705 -0.963637
0.500000 0.144249 -0.080423 0.997152 -0.065282 -0.037772
0.437602 0.215206 -0.073400 0.467869 0.830023 0.303579
0.435458 0.176620 -0.063306 0.042174 -0.566612 0.822904
0.380587 0.184051 -0.056683 0.060204 -0.366578 0.928437
0.335786 0.213022 -0.062090 0.119847 0.377986 0.918022
0.394065 0.229123 -0.071641 0.111603 0.636932 -0.762799
0.334379 0.238258 -0.068569 0.074043 0.703754 -0.706575
0.224548 0.248401 -0.064426 0.265060 0.908294 0.323642
0.201184 0.202040 -0.034031 0.027811 -0.607164 0.794090
0.161198 0.266469 -0.061410 0.282386 0.954687 0.093970
0.376228 0.179707 -0.089462 -0.086099 -0.806793 -0.584527
0.193961 0.206231 -0.090518 -0.012678 -0.201656 -0.979374
0.434490 0.175332 -0.086630 -0.001830 -0.252998 -0.967465
0.042785 0.269637 0.073152 -0.996554 0.054635 -0.062417
0.125828 0.210038 0.080063 -0.958519 -0.129862 -0.253726
0.134714 0.210231 0.100852 0.116257 0.549736 0.827209
0.138266 0.213958 0.047412 -0.009981 0.238505 -0.971090
0.471205 0.135802 0.078767 0.999144 -0.033697 0.024000
0.406327 0.204871 0.080047 0.422392 0.852118 0.308998
0.404767 0.166469 0.091062 0.009539 -0.543423 0.839405
0.349384 0.172277 0.094157 0.014560 -0.340271 0.940215
0.304127 0.199624 0.085254 0.051776 0.405181 0.912769
0.362358 0.217397 0.078791 0.138285 0.620274 -0.772100
0.302344 0.224676 0.078000 0.095292 0.687399 -0.720001
0.192201 0.231315 0.075240 0.216575 0.924369 0.314066
0.168469 0.185027 0.105451 -0.002013 -0.585266 0.810839
0.128260 0.247385 0.073928 0.246467 0.965528 0.083723
0.347176 0.166957 0.061306 -0.025318 -0.823876 -0.566204
0.164582 0.187522 0.048540 0.053298 -0.227242 -0.972379
0.405263 0.164582 0.067769 0.065220 -0.277558 -0.958493
-0.171701 0.256815 -0.110210 0.697299 0.690158 0.193537
-0.149872 0.234707 -0.113186 0.642890 0.490782 0.588069
-0.148880 0.251912 -0.126568 0.491220 0.810904 0.318023
-0.130347 0.265118 -0.148396 0.184438 0.855576 0.483707
-0.147704 0.239122 -0.098564 0.580734 0.526605 -0.620834
-0.138450 0.176580 -0.110266 0.897621 -0.310717 0.312621
-0.171780 0.260438 -0.088590 0.538674 0.760106 -0.363414
-0.202424 0.287938 -0.106019 0.370673 0.925094 0.082478
-0.145745 0.258814 -0.072048 0.482503 0.685594 -0.545116
-0.144185 0.274428 -0.051044 0.557725 0.795647 -0.236407
-0.126004 0.256663 -0.052820 0.220106 0.927075 -0.303457
-0.115366 0.234635 -0.094229 0.091427 0.450481 -0.888092
-0.133171 0.175332 -0.093189 0.387511 -0.437870 -0.811237
-0.060166 0.178996 -0.092061 0.075674 -0.150764 -0.985669
-0.109542 0.182347 -0.101172 -0.004617 -0.564341 -0.825529
-0.116797 0.258215 -0.043125 -0.156362 0.987458 -0.021860
-0.074004 0.256287 -0.055723 0.068704 0.945154 -0.319316
-0.058255 0.231731 -0.086302 0.087808 0.479233 -0.873284
-0.006055 0.220453 -0.088734 -0.091354 0.214663 -0.972407
-0.011934 0.171565 -0.088542 0.104368 -0.547294 -0.830407
-0.000576 0.178803 -0.087718 -0.378787 -0.654506 -0.654326
0.012502 0.179675 -0.101172 -0.025329 -0.442118 -0.896599
0.006239 0.218453 -0.096996 0.094408 0.510123 -0.854904
-0.071133 0.253384 -0.022832 0.135252 0.939168 0.315705
-0.026524 0.249272 -0.061826 -0.036479 0.923092 -0.382846
-0.023268 0.246745 -0.023072 -0.063089 0.794819 0.603558
-0.028867 0.268661 -0.043037 0.093010 0.989060 0.114496
-0.006383 0.241993 -0.015977 0.155722 0.652556 0.741567
0.035450 0.236746 -0.026056 0.219419 0.755329 0.617522
0.032443 0.247720 -0.047852 0.200844 0.976160 -0.082302
-0.010878 0.243649 -0.072568 0.083217 0.781316 -0.618563
0.034083 0.238938 -0.067057 0.086662 0.786276 -0.611768
0.090681 0.237010 -0.064570 0.037624 0.920177 -0.389690
0.077532 0.242745 -0.060986 -0.794346 -0.183481 0.579094
0.078779 0.242633 -0.047492 -0.924863 -0.232583 -0.300888
0.090753 0.237610 -0.051156 0.216638 0.973705 0.070473
0.092233 0.234482 -0.034414 0.146859 0.770087 0.620805
0.039586 0.212758 -0.010570 0.236159 0.270221 0.933386
0.016869 0.215693 -0.000340 0.206110 0.133597 0.969366
0.003095 0.219693 -0.008123 0.000999 0.099731 0.995014
0.016237 0.182539 -0.003939 0.096582 -0.530116 0.842407
0.043025 0.184275 -0.016313 0.222212 -0.575008 0.787393
0.097536 0.180203 -0.026568 0.084688 -0.646065 0.758570
0.093513 0.210758 -0.021265 0.076227 0.087545 0.993240
-0.048928 0.229619 -0.003356 0.160308 0.431690 0.887662
-0.117181 0.258775 -0.020521 0.125369 0.913245 0.387643
-0.003320 0.186762 -0.012330 -0.420098 -0.409225 0.809971
-0.012054 0.179899 -0.010538 0.103472 -0.410966 0.905760
-0.047568 0.186202 -0.003483 0.165776 -0.148292 0.974950
-0.118589 0.235122 0.009587 0.235977 0.342847 0.909269
-0.136466 0.255911 -0.006499 0.501711 0.783420 0.366797
-0.112854 0.192577 0.012250 0.275631 -0.335344 0.900873
-0.144201 0.237954 0.016329 0.686607 0.370348 0.625630
-0.151264 0.247232 0.013770 0.585916 0.668358 0.458258
-0.169013 0.287442 -0.006651 0.543193 0.760363 0.356074
-0.124012 0.171109 0.017777 0.948803 -0.192885 0.250138
-0.143793 0.233843 0.047069 0.664860 0.694116 -0.275979
-0.123076 0.168693 0.036382 0.921792 -0.340671 0.185050
-0.208703 0.292385 0.017881 0.415685 0.832359 0.366584
-0.113654 0.170509 0.038254 0.118214 -0.194234 -0.973806
-0.275364 0.302720 0.011442 -0.063758 0.980971 0.183385
-0.333683 0.298312 -0.039286 -0.213443 0.976799 0.017502
-0.322092 0.290538 0.032119 -0.285666 0.939163 0.190705
-0.380091 0.280619 -0.037182 -0.171118 0.984279 0.043749
-0.378155 0.273868 0.025304 -0.111007 0.959471 0.259023
-0.368981 0.249688 0.093341 -0.227580 0.829110 0.510670
-0.326100 0.278883 0.097060 -0.287347 0.856981 0.427803
-0.270837 0.290498 0.057555 -0.062765 0.978035 0.198768
-0.441657 0.276772 0.015298 -0.606829 0.787736 0.105976
-0.446121 0.257911 0.070657 -0.663360 0.685848 0.299277
-0.443217 0.068085 0.158051 -0.697831 -0.425132 0.576451
-0.405743 0.013654 0.131231 -0.512397 -0.835036 0.200409
-0.415726 0.053455 0.183911 -0.649824 -0.480645 0.588820
-0.371637 0.001808 0.160866 -0.271852 -0.895972 0.351184
-0.313934 0.004375 0.142125 0.358930 -0.921152 -0.150492
-0.352296 0.000000 0.106763 0.089884 -0.970587 -0.223343
-0.382323 0.006823 0.090813 -0.128692 -0.957446 -0.258333
-0.421685 0.019573 0.074528 -0.386654 -0.917662 -0.091626
-0.246137 0.036442 0.243693 -0.699030 -0.639265 0.320465
-0.225476 0.018333 0.236910 -0.445689 -0.894678 0.030214
-0.239698 0.034363 0.256883 -0.450841 -0.731566 0.511423
-0.234171 0.024748 0.232431 -0.264362 -0.964056 0.026606
-0.200664 0.016525 0.221889 0.077122 -0.904951 -0.418469
-0.207783 0.012822 0.245029 -0.103454 -0.943299 0.315410
-0.217997 0.029460 0.262410 -0.139385 -0.689987 0.710275
-0.223244 0.046513 0.275744 -0.156306 -0.385688 0.909293
-0.177995 0.042249 0.276952 -0.166945 -0.475814 0.863557
-0.218469 0.074388 0.278311 -0.101279 0.184485 0.977603
-0.172500 0.071485 0.281247 -0.110572 0.395385 0.911836
-0.210406 0.095097 0.265578 -0.053108 0.688253 0.723524
-0.161702 0.094113 0.266129 0.217858 0.888329 0.404239
-0.156215 0.051984 0.291237 -0.440785 -0.071074 0.894794
-0.136794 0.027307 0.272384 -0.126522 -0.771063 0.624063
-0.170813 0.021917 0.260274 -0.010038 -0.898038 0.439803
-0.161902 0.018749 0.240046 0.206412 -0.918073 -0.338431
-0.127516 0.037082 0.287790 -0.126637 -0.899097 0.419031
-0.129715 0.046816 0.300364 -0.216746 -0.393049 0.893607
-0.145497 0.065261 0.294789 -0.110418 0.604899 0.788609
-0.110630 0.063182 0.291589 0.330992 0.688098 0.645728
-0.122044 0.060502 0.297564 0.128133 0.349119 0.928277
-0.117693 0.044737 0.300612 0.252427 -0.232935 0.939160
-0.107023 0.045225 0.295205 0.733738 -0.364473 0.573400
-0.129067 0.057751 0.301228 0.490047 -0.097475 0.866229
-0.131107 0.078123 0.274680 0.114694 0.851144 0.512250
-0.113830 0.081515 0.266761 0.420217 0.907203 -0.020001
-0.100800 0.063710 0.277152 0.822704 0.412451 0.391206
-0.097344 0.044849 0.275960 0.916135 -0.347254 -0.200276
-0.103743 0.028747 0.276400 0.332944 -0.783757 -0.524283
-0.154223 0.088306 0.244581 0.367531 0.861463 -0.350431
-0.193785 0.098944 0.228048 0.348731 0.837449 -0.420791
-0.197528 0.105207 0.250756 0.144335 0.975850 0.163964
-0.219365 0.106983 0.240294 -0.098060 0.990608 0.095291
-0.210318 0.100528 0.219329 0.282266 0.897240 -0.339539
-0.230555 0.100528 0.239438 -0.119170 0.918500 0.377036
-0.315741 0.237914 0.126488 -0.262431 0.624617 0.735516
-0.384898 0.212262 0.137206 -0.176954 0.637574 0.749791
-0.337354 0.201704 0.153316 -0.172650 0.495661 0.851183
-0.357567 0.168581 0.164162 -0.085483 0.322174 0.942813
-0.291761 0.179107 0.167553 0.058045 -0.060401 0.996485
-0.455599 0.212830 0.117841 -0.716031 0.578878 0.390128
-0.396217 0.096153 0.199404 -0.492578 0.270393 0.827196
-0.419525 0.097320 0.185998 -0.546616 0.098792 0.831535
-0.380579 0.038586 0.206499 -0.446286 -0.453894 0.771238
0.080483 0.163342 -0.209818 -0.332852 -0.936817 0.107631
0.064846 0.170773 -0.206171 -0.008246 -0.998129 0.060583
0.062902 0.178651 -0.230407 -0.191344 -0.596867 -0.779190
0.073836 0.165789 -0.231223 -0.265422 -0.829923 -0.490693
0.063262 0.187370 -0.246149 -0.311049 -0.331738 -0.890617
0.112678 0.179443 -0.254763 -0.117923 -0.416619 -0.901400
0.017821 0.159567 -0.195893 0.232437 -0.911197 0.340137
-0.001784 0.157079 -0.192853 -0.265734 -0.959344 -0.095104
0.005951 0.163606 -0.211322 0.027658 -0.864275 -0.502259
0.049176 0.165149 -0.210410 0.205992 -0.973531 -0.099014
0.077060 0.181259 -0.181959 0.125470 -0.752323 0.646736
0.115933 0.157943 -0.225840 -0.063416 -0.914252 -0.400152
0.026556 0.184955 -0.162658 0.369387 -0.477337 0.797309
0.160998 0.166125 -0.241245 0.177477 -0.938948 -0.294753
0.198872 0.178499 -0.226744 0.364648 -0.921031 0.136870
0.166605 0.166773 -0.215601 0.263250 -0.880281 0.394722
0.118149 0.157151 -0.215793 0.168032 -0.914062 0.369129
0.161614 0.182995 -0.259442 0.028761 -0.555015 -0.831343
0.196057 0.177372 -0.242677 0.256834 -0.846112 -0.467044
0.211758 0.180275 -0.237478 0.606470 -0.611251 -0.508494
0.217093 0.187970 -0.230047 0.683851 -0.364618 0.631982
0.204351 0.186914 -0.215338 0.538398 -0.456141 0.708564
0.174828 0.183483 -0.199172 0.362011 -0.430600 0.826760
0.196185 0.187818 -0.254627 0.315801 -0.530526 -0.786646
0.213606 0.187522 -0.245533 -0.428270 -0.620737 -0.656711
0.127844 0.182427 -0.184174 0.240787 -0.488221 0.838846
0.082875 0.168093 -0.187150 0.031788 -0.789691 0.612681
0.080275 0.190425 -0.173600 -0.028324 -0.290796 0.956366
0.003055 0.058015 0.340582 -0.024355 0.949040 0.314212
0.081051 0.209774 -0.250396 -0.109450 0.280889 -0.953479
0.116645 0.204831 -0.254051 -0.053492 0.415411 -0.908060
0.085082 0.227651 -0.236534 0.099699 0.792404 -0.601795
0.063342 0.214078 -0.245805 -0.397105 0.123549 -0.909419
0.049376 0.235234 -0.228743 0.072673 0.741262 -0.667270
0.089418 0.243009 -0.209467 0.326647 0.941820 -0.079227
0.127100 0.225164 -0.218145 0.194003 0.981001 -0.000288
0.094681 0.227956 -0.184183 0.335251 0.712281 0.616654
0.130827 0.221541 -0.199084 0.311866 0.716526 0.623964
0.095377 0.207775 -0.174904 0.239686 0.237135 0.941444
0.131267 0.204495 -0.184782 0.340679 0.312076 0.886874
0.075028 0.211286 -0.175808 0.219552 0.075522 0.972673
0.077012 0.211702 -0.169529 0.494187 -0.863714 -0.098881
0.061958 0.235122 -0.178567 0.331885 0.733248 0.593464
0.071573 0.234482 -0.189462 0.261604 0.794408 0.548159
0.023300 0.213470 -0.157243 0.364697 0.390295 0.845379
0.002008 0.217165 -0.145285 0.170280 0.131534 0.976578
0.001720 0.183523 -0.146517 0.183298 -0.270059 0.945236
-0.013550 0.186346 -0.154483 -0.097515 -0.382731 0.918699
-0.012238 0.220605 -0.150028 0.253936 0.135122 0.957736
0.057519 0.241729 -0.190477 0.385296 0.873908 0.296363
0.045009 0.260662 -0.200372 0.323940 0.940564 -0.101992
-0.041025 0.246705 -0.161322 0.033756 0.874631 0.483613
-0.023228 0.242289 -0.156691 0.288502 0.697525 0.655916
0.016669 0.236858 -0.172752 0.301877 0.778135 0.550796
0.010326 0.247048 -0.194213 0.221127 0.975242 -0.002321
0.067573 0.237050 -0.205891 0.080900 0.981746 -0.172135
0.056231 0.242137 -0.200644 -0.700328 -0.700880 0.135305
0.052984 0.241761 -0.213786 -0.402104 -0.901696 0.158926
-0.049464 0.267605 -0.181015 0.097512 0.995042 -0.019573
0.009151 0.237578 -0.213130 0.052541 0.807009 -0.588196
0.065493 0.235954 -0.219105 -0.287393 0.744586 -0.602492
-0.036170 0.241953 -0.211986 -0.019424 0.698848 -0.715006
0.063574 0.213286 -0.234566 0.889497 0.456733 0.013806
0.013630 0.214078 -0.233383 -0.035548 0.340481 -0.939579
-0.021445 0.215885 -0.234758 -0.256686 0.299368 -0.918962
-0.050136 0.247872 -0.199212 -0.190222 0.823717 -0.534141
-0.084882 0.229315 -0.217945 -0.043916 0.461420 -0.886094
-0.034690 0.216941 -0.227304 -0.156886 0.258980 -0.953056
-0.038730 0.174276 -0.225200 -0.012785 -0.194987 -0.980723
-0.026860 0.180203 -0.224624 -0.472050 -0.288968 -0.832866
-0.015989 0.179747 -0.238118 -0.066939 -0.294281 -0.953372
0.014310 0.181707 -0.233639 0.083097 -0.409701 -0.908427
-0.095681 0.253911 -0.186398 0.037321 0.956349 -0.289835
-0.088218 0.252816 -0.154443 0.241194 0.854632 0.459815
-0.132739 0.251232 -0.182655 -0.038772 0.853704 -0.519314
-0.140929 0.228860 -0.218785 -0.066130 0.346573 -0.935689
-0.154263 0.224676 -0.217761 0.243294 0.474780 -0.845808
-0.178483 0.248104 -0.204059 0.371450 0.737585 -0.563909
-0.174988 0.225468 -0.232351 0.741363 0.448542 -0.499190
-0.155279 0.162622 -0.217337 0.763675 -0.287198 -0.578202
-0.142641 0.180619 -0.220233 -0.084979 -0.278021 -0.956809
-0.135322 0.179411 -0.223584 -0.253947 0.589352 -0.766926
-0.086002 0.176276 -0.225232 -0.049377 -0.302698 -0.951807
-0.171908 0.161678 -0.261330 0.767978 -0.603103 -0.215582
-0.167893 0.184578 -0.236902 0.894657 0.219870 -0.388903
-0.179067 0.251304 -0.256539 0.490453 0.824361 0.282639
-0.185890 0.243609 -0.240126 0.706735 0.591152 0.388671
-0.281995 0.277411 -0.183991 -0.098984 0.973596 -0.205702
-0.338202 0.264773 -0.233943 -0.160399 0.946641 -0.279539
-0.335530 0.275940 -0.171728 -0.168944 0.965232 -0.199463
-0.295857 0.268173 -0.246637 -0.151909 0.926005 -0.345598
-0.332979 0.241498 -0.269521 -0.276468 0.707109 -0.650817
-0.389258 0.257343 -0.221401 -0.263273 0.881119 -0.392832
-0.285546 0.243081 -0.278535 -0.185307 0.657343 -0.730453
-0.331171 0.215206 -0.292501 -0.252737 0.378445 -0.890451
-0.383235 0.218453 -0.262450 -0.319703 0.522410 -0.790492
-0.465909 0.217317 -0.232359 -0.688115 0.616663 -0.382393
-0.279059 0.170885 -0.306803 -0.078801 -0.310259 -0.947381
-0.335642 0.170013 -0.301812 -0.216371 -0.154301 -0.964041
-0.397577 0.169453 -0.282935 -0.323185 -0.036223 -0.945642
-0.480339 0.180163 -0.252708 -0.808331 0.208539 -0.550557
-0.075948 0.202832 -0.334638 -0.202060 0.332960 -0.921037
-0.071884 0.171068 -0.339350 0.069831 -0.090631 -0.993433
-0.080051 0.171716 -0.327680 -0.156774 -0.383782 -0.910018
-0.133435 0.213846 -0.318281 -0.077247 0.463235 -0.882863
-0.135218 0.170245 -0.325784 -0.042656 -0.107318 -0.993309
-0.177939 0.215470 -0.319057 0.004480 0.445002 -0.895518
-0.173060 0.173828 -0.322040 -0.192350 -0.282555 -0.939768
-0.190442 0.213206 -0.313946 -0.087015 0.431194 -0.898054
-0.232187 0.217813 -0.311322 -0.131726 0.201025 -0.970689
-0.083995 0.204495 -0.327080 0.075718 0.706572 -0.703579
-0.085314 0.223620 -0.313162 -0.079232 0.692525 -0.717029
-0.095593 0.228220 -0.302332 -0.156485 0.890131 -0.427994
-0.094673 0.244137 -0.286622 0.117276 0.992955 0.016960
-0.002144 0.215733 -0.295621 0.275406 0.799161 0.534315
-0.016973 0.222716 -0.315298 0.194595 0.980612 -0.023101
-0.012886 0.221885 -0.296109 0.534547 0.817098 0.215896
-0.043801 0.217621 -0.281367 0.343904 0.751965 0.562387
-0.049136 0.226788 -0.298668 0.266863 0.963729 0.003198
-0.050624 0.219621 -0.314578 0.035484 0.786620 -0.616417
-0.048000 0.200944 -0.332159 -0.053129 0.488984 -0.870673
-0.048904 0.172772 -0.334359 -0.051903 -0.387112 -0.920571
-0.054223 0.200080 -0.258091 0.356548 0.256339 0.898423
-0.038530 0.197705 -0.269409 0.445528 0.205747 0.871305
-0.012182 0.215997 -0.286214 0.391874 0.677763 0.622152
0.016237 0.192953 -0.284686 0.298616 0.066611 0.952046
0.015654 0.209966 -0.291653 0.374190 0.700039 0.608216
0.002304 0.196193 -0.279919 0.557620 0.219524 0.800543
0.000640 0.196041 -0.285190 0.364770 0.185879 0.912355
-0.036794 0.174164 -0.274688 0.389116 -0.477836 0.787567
-0.055263 0.172692 -0.261106 0.115506 -0.282116 0.952402
-0.065702 0.203440 -0.262610 0.113490 0.116215 0.986719
0.002911 0.170885 -0.290062 0.173031 -0.508760 0.843341
0.000768 0.176692 -0.281743 0.948663 -0.085893 0.304402
-0.071268 0.176388 -0.265202 0.043533 -0.578641 0.814420
-0.077516 0.170429 -0.262794 0.213797 -0.007384 0.976850
-0.113142 0.211662 -0.251868 0.310629 0.233985 0.921282
-0.111918 0.175748 -0.252372 0.279652 -0.388829 0.877842
-0.164158 0.182651 -0.232359 0.362138 -0.257433 0.895870
-0.167309 0.216717 -0.231415 0.406531 0.467514 0.784961
-0.166757 0.247984 -0.257155 0.423940 0.881383 0.208421
-0.192137 0.253607 -0.292829 0.126990 0.764470 -0.632028
-0.172364 0.243161 -0.293221 0.289455 0.792707 -0.536499
-0.139234 0.232899 -0.285406 0.172996 0.932883 -0.315913
-0.134115 0.231467 -0.264410 0.327635 0.797232 0.507027
-0.087666 0.225884 -0.271193 0.037873 0.844331 0.534482
-0.140713 0.233315 -0.291509 0.297635 0.954654 -0.007054
-0.073932 0.221925 -0.267657 0.284301 0.691251 0.664338
0.193089 0.158287 0.086270 0.259177 -0.930134 0.260149
0.191857 0.159415 0.061650 0.230193 -0.864211 -0.447382
0.209342 0.162430 0.073600 0.509450 -0.857597 -0.070626
0.157759 0.154584 0.061314 0.180817 -0.896808 -0.403782
0.161382 0.151984 0.089630 0.172326 -0.969316 0.175302
0.115789 0.146665 0.058619 0.069050 -0.891902 -0.446926
0.191457 0.172468 0.054795 0.204728 -0.291908 -0.934279
0.214470 0.172956 0.062362 0.675145 -0.383338 -0.630263
0.215733 0.171748 0.084111 0.738721 -0.543875 0.398109
0.197112 0.170093 0.096141 0.377023 -0.305841 0.874251
0.166333 0.167301 0.104491 0.191894 -0.546705 0.815040
0.118061 0.147041 0.092933 0.076530 -0.876966 0.474420
0.087898 0.143273 0.077896 -0.026039 -0.999376 -0.023883
0.072188 0.161750 0.058219 -0.091293 -0.718603 -0.689402
0.083083 0.149648 0.078647 0.344746 -0.938547 0.016733
0.068349 0.152359 0.078263 0.051329 -0.997540 0.047747
0.077492 0.150776 0.060490 -0.275568 -0.810168 -0.517389
0.069029 0.173444 0.040701 -0.244920 -0.357038 -0.901409
0.117637 0.165717 0.042869 0.069392 -0.287063 -0.955395
0.159103 0.169981 0.048284 0.163270 -0.325583 -0.931310
0.056999 0.148512 0.076848 0.061409 -0.997039 -0.046280
0.015430 0.146817 0.077104 0.127919 -0.914235 0.384461
0.076300 0.164134 0.107219 0.075834 -0.678520 0.730657
0.026444 0.168277 0.117833 0.196900 -0.686638 0.699827
0.056159 0.148736 0.081263 0.192193 -0.969453 -0.152390
0.001192 0.150136 0.081079 0.010696 -0.940201 -0.340451
0.024404 0.164206 0.048612 0.224603 -0.400922 -0.888152
-0.001704 0.164358 0.034239 0.121897 -0.609455 -0.783394
-0.010574 0.155791 0.049716 -0.233555 -0.583501 -0.777804
0.021157 0.146440 0.080479 -0.001046 -0.999663 -0.025957
-0.010230 0.151720 0.068697 -0.120309 -0.990806 0.061877
-0.014374 0.160399 0.068801 -0.693139 -0.694329 -0.193561
-0.009070 0.146552 0.095037 -0.048374 -0.900109 0.432972
-0.021421 0.156551 0.081567 0.234842 -0.961521 -0.142574
-0.013894 0.154023 0.097676 0.400914 -0.916088 -0.007149
-0.016141 0.171333 0.122672 -0.036545 -0.320643 0.946495
-0.007663 0.154735 0.119201 0.026442 -0.872574 0.487765
0.001912 0.166925 0.130887 0.259383 -0.555561 0.789982
-0.028364 0.143385 0.067913 0.147141 -0.872390 -0.466138
-0.031147 0.139498 0.080247 0.501317 -0.860666 -0.089081
-0.026428 0.143153 0.100228 0.189042 -0.799379 0.570313
-0.056599 0.170581 0.131343 0.159719 -0.423807 0.891559
-0.062478 0.146025 0.108355 0.060415 -0.804592 0.590747
-0.065973 0.131915 0.079639 0.085054 -0.989287 -0.118643
-0.066573 0.163342 0.039534 0.054998 -0.349332 -0.935384
-0.025132 0.159150 0.045869 0.121813 -0.349398 -0.929022
-0.105575 0.150248 0.117985 -0.087569 -0.800898 0.592362
-0.098248 0.128931 0.082447 -0.308622 -0.941803 0.133263
-0.102344 0.143985 0.059842 0.137595 -0.761527 -0.633359
-0.107167 0.166997 0.035582 -0.045772 -0.622738 -0.781091
-0.109022 0.152584 0.058451 -0.129315 -0.887300 -0.442692
-0.120757 0.150584 0.060050 0.196289 -0.978294 -0.066418
-0.107239 0.147456 0.083559 -0.563938 -0.824123 0.052880
-0.170085 0.146400 0.106227 0.191509 -0.922642 0.334747
-0.125932 0.155111 0.104851 0.066450 -0.870294 0.488029
-0.116717 0.155719 0.112594 -0.423561 -0.836948 0.346574
-0.119301 0.178956 0.144885 0.025249 -0.304997 0.952019
-0.130427 0.183443 0.137398 0.038907 -0.415990 0.908536
-0.190930 0.181555 0.154251 0.157116 -0.334094 0.929352
-0.161974 0.142969 0.021649 0.378420 -0.925632 -0.001783
-0.126084 0.160054 -0.014922 0.479256 -0.873365 0.086873
-0.112134 0.169485 -0.017217 -0.013808 -0.865227 0.501189
-0.098728 0.166246 -0.016321 -0.052113 -0.778142 0.625923
-0.306063 0.111734 -0.093469 0.138613 -0.990191 -0.017533
-0.372876 0.094761 -0.142189 0.131792 -0.991271 0.003662
-0.305655 0.101816 -0.158243 0.078111 -0.996570 -0.027343
-0.231251 0.109055 -0.109874 0.144440 -0.988332 0.048348
-0.164678 0.145385 -0.074896 0.528201 -0.848990 0.014831
-0.127852 0.159150 -0.055363 0.290379 -0.930458 -0.223445
-0.128987 0.168509 -0.141581 0.406595 -0.804000 0.433894
-0.146616 0.150440 -0.139038 0.687040 -0.719218 0.103445
-0.125988 0.192953 -0.113410 0.267902 -0.383051 0.884025
-0.106671 0.151872 -0.170249 -0.152396 -0.979673 0.130448
-0.113334 0.168245 -0.142429 0.039783 -0.803359 0.594165
-0.127556 0.160022 -0.170393 0.287004 -0.956189 -0.057722
-0.155255 0.144513 -0.191421 0.619850 -0.762409 -0.185794
-0.179011 0.126708 -0.176480 0.371748 -0.925764 -0.069022
-0.251520 0.115054 -0.227968 0.089748 -0.968220 -0.233441
-0.316717 0.112374 -0.216417 0.095186 -0.957213 -0.273282
-0.332915 0.133195 -0.269913 -0.015678 -0.831783 -0.554879
-0.399088 0.122708 -0.262738 -0.094769 -0.791502 -0.603774
-0.385770 0.094233 -0.202572 0.034448 -0.977052 -0.210198
-0.468157 0.098152 -0.182479 -0.525679 -0.838670 -0.142460
-0.480363 0.124292 -0.233863 -0.777442 -0.430895 -0.458163
-0.449048 0.089706 -0.114578 -0.359453 -0.932487 -0.035521
-0.500000 0.171061 -0.084582 -0.992431 0.122802 0.000875
-0.374116 0.097584 -0.095157 0.129974 -0.986118 -0.103337
-0.462958 0.084499 -0.056563 -0.460245 -0.828865 -0.318054
-0.345449 0.089738 -0.053995 0.193642 -0.971983 -0.133239
-0.413990 0.086946 -0.067553 0.049293 -0.939577 -0.338769
-0.368685 0.027876 0.049156 0.293886 -0.772172 -0.563366
-0.333866 0.027572 0.079207 0.498722 -0.674595 -0.544240
-0.114670 0.066053 0.245709 0.628198 0.344011 -0.697871
-0.149008 0.073292 0.220817 0.502695 0.217683 -0.836608
-0.185418 0.074236 0.206147 0.356317 0.436358 -0.826214
-0.187642 0.040026 0.205395 0.326490 -0.354458 -0.876222
-0.208671 0.042401 0.200060 0.361928 -0.435283 -0.824340
-0.206239 0.075484 0.199476 0.523852 0.344461 -0.779054
-0.119837 0.030891 0.245205 0.563999 -0.415657 -0.713537
-0.154055 0.035266 0.220425 0.426969 -0.388762 -0.816432
-0.103655 0.033947 0.262754 0.794039 -0.242170 -0.557544
-0.097792 0.064654 0.262402 0.888112 0.218642 -0.404294
-0.012750 0.178499 -0.344149 -0.390814 -0.268121 -0.880554
0.028211 0.156287 -0.336326 -0.051846 -0.886229 -0.460336
-0.003608 0.159607 -0.332151 -0.352224 -0.801087 -0.483940
-0.008839 0.170693 -0.333207 -0.196903 -0.729841 -0.654646
0.008319 0.152440 -0.316345 -0.314004 -0.943234 0.108217
0.034930 0.156359 -0.308707 0.169033 -0.937145 0.305266
0.063782 0.160886 -0.343557 0.087396 -0.913849 -0.396537
0.070125 0.160431 -0.317561 0.208270 -0.961513 0.179211
0.091257 0.166693 -0.344661 0.216547 -0.922779 -0.318725
0.004071 0.159902 -0.295669 0.044147 -0.763320 0.644510
0.095753 0.165638 -0.324792 0.334443 -0.892997 0.301171
0.076324 0.172997 -0.306083 0.272418 -0.573218 0.772793
0.107343 0.169109 -0.337414 0.484397 -0.859920 -0.160924
0.109990 0.177859 -0.347244 0.670283 -0.472375 -0.572349
0.092081 0.177292 -0.353571 0.160078 -0.343310 -0.925480
0.064598 0.174732 -0.355691 -0.034496 -0.227857 -0.973083
0.027148 0.172093 -0.351604 -0.141219 -0.399689 -0.905707
0.114102 0.176764 -0.329711 0.799959 -0.491554 0.344152
0.100648 0.175372 -0.314250 0.498129 -0.502141 0.706910
-0.009230 0.166206 -0.311778 -0.077289 -0.996146 0.041459
-0.020261 0.159455 -0.320057 0.303278 -0.767037 -0.565399
0.004687 0.158167 -0.314522 -0.906799 -0.401296 0.129143
0.040665 0.172012 -0.293413 0.216653 -0.444435 0.869217
-0.054407 0.159942 -0.319145 -0.078134 -0.894062 -0.441076
-0.015670 0.160622 -0.300644 0.303742 -0.841674 0.446459
-0.045505 0.160958 -0.289966 0.231718 -0.911846 0.338885
-0.045985 0.159262 -0.305739 -0.084939 -0.994521 0.060942
-0.063414 0.164054 -0.299916 -0.080480 -0.995965 0.039700
-0.075428 0.161078 -0.313234 0.067650 -0.992897 -0.097871
-0.068573 0.155983 -0.284199 -0.245818 -0.939586 0.238226
-0.079163 0.166621 -0.285694 0.494964 -0.868761 0.016280
-0.064766 0.162694 -0.269161 0.161622 -0.825803 0.540304
-0.081523 0.166013 -0.297452 0.468778 -0.873737 0.129734
-0.089642 0.154359 -0.310858 0.121827 -0.863507 -0.489402
-0.154327 0.142777 -0.284175 -0.259926 -0.953065 -0.155257
-0.132403 0.155759 -0.308459 -0.068461 -0.786988 -0.613158
-0.126476 0.144705 -0.290222 0.078924 -0.992052 0.097998
-0.088978 0.150624 -0.295773 0.473476 -0.870905 -0.131699
-0.082547 0.153415 -0.280399 0.327363 -0.833915 0.444319
-0.120653 0.156399 -0.268409 0.160721 -0.753915 0.637010
-0.156687 0.159078 -0.256395 0.110964 -0.767147 0.631801
-0.163254 0.157231 -0.305155 -0.256707 -0.862393 -0.436326
-0.163774 0.158663 -0.283471 -0.533068 -0.845849 -0.019437
-0.179531 0.158999 -0.298876 0.304413 -0.814717 -0.493528
-0.182291 0.131611 -0.226976 0.382785 -0.900401 -0.206772
-0.228531 0.176996 -0.306275 -0.084813 -0.385506 -0.918799
0.197960 0.196689 -0.368401 -0.121113 0.392812 -0.911609
0.070493 0.204759 -0.347140 -0.054899 0.883551 -0.465105
0.098816 0.206943 -0.335630 0.099961 0.949613 -0.297058
0.094441 0.202608 -0.350996 0.082877 0.672324 -0.735603
0.076892 0.207663 -0.330167 0.029691 0.999284 0.023470
0.101784 0.199360 -0.316713 0.401330 0.580500 0.708487
0.078451 0.199928 -0.313842 0.176173 0.819766 0.544928
0.082179 0.186458 -0.300180 0.302133 0.196993 0.932689
0.043481 0.190234 -0.293197 0.275415 0.188082 0.942747
0.103216 0.189066 -0.313690 0.659595 -0.006311 0.751595
0.066637 0.192609 -0.354771 -0.076211 0.350044 -0.933628
0.094225 0.191897 -0.355051 0.135120 0.087813 -0.986930
0.035010 0.206911 -0.336670 0.044474 0.879437 -0.473933
0.039610 0.208495 -0.319977 0.264748 0.949312 0.169457
0.042929 0.204831 -0.304419 0.307442 0.806285 0.505355
0.011094 0.223276 -0.311954 0.323521 0.945407 -0.039248
0.006911 0.211550 -0.334750 0.053076 0.776625 -0.627724
0.030451 0.192985 -0.350188 -0.093299 0.318806 -0.943217
0.003287 0.197288 -0.346756 -0.170702 0.469616 -0.866211
-0.020197 0.217885 -0.327815 0.150695 0.789463 -0.595011
-0.027980 0.238026 -0.302516 0.399620 0.916141 -0.031439
-0.010134 0.200872 -0.342701 0.030316 0.291364 -0.956132
-0.007575 0.217997 -0.319969 0.028139 0.747685 -0.663457
-0.009583 0.199816 -0.333463 -0.421521 0.580646 -0.696542
-0.014134 0.222564 -0.304467 0.000000 0.000000 0.000000
0.303416 0.208982 -0.273656 -0.121086 0.392833 -0.911603
0.245497 0.204535 -0.070737 0.844109 0.058411 -0.532981
0.243225 0.216413 -0.055347 0.728570 0.567840 0.383071
0.247560 0.203247 -0.053883 0.938099 -0.025082 0.345458
0.229979 0.202720 -0.041133 0.446741 0.066134 0.892216
0.229251 0.214758 -0.045189 0.243470 0.604893 0.758174
0.201128 0.202944 -0.033959 0.193799 0.433732 0.879954
0.200024 0.215398 -0.039350 0.110600 0.837362 0.535343
0.231075 0.223772 -0.061162 0.156069 0.968400 0.194535
0.201656 0.224636 -0.059186 0.041881 0.996863 0.067158
0.228891 0.218413 -0.080343 0.164301 0.866567 -0.471239
0.239210 0.217469 -0.069057 0.683082 0.576574 -0.448287
0.152208 0.221317 -0.035502 0.255573 0.768186 0.587003
0.150432 0.203775 -0.021904 0.183464 0.249026 0.950961
0.151408 0.225652 -0.054763 0.169866 0.982832 0.072019
0.197208 0.220981 -0.080711 0.037205 0.875206 -0.482318
0.229523 0.205439 -0.085134 0.306869 0.175511 -0.935429
0.112902 0.243497 -0.051204 0.306747 0.951382 0.027915
0.149216 0.223580 -0.075592 0.134655 0.822509 -0.552582
0.193961 0.206231 -0.090510 0.056779 0.405849 -0.912174
0.191561 0.184578 -0.091885 0.136969 -0.266104 -0.954164
0.226452 0.187746 -0.083703 0.431150 -0.365284 -0.825031
0.241713 0.187402 -0.070425 0.802190 -0.418695 -0.425659
0.112630 0.229123 -0.079143 0.150694 0.790952 -0.593031
0.110654 0.211774 -0.094085 -0.050619 0.440201 -0.896471
0.076188 0.236786 -0.076536 0.172720 0.730348 -0.660878
0.067397 0.261302 -0.049204 0.145503 0.987442 -0.061545
0.077220 0.234819 -0.025288 -0.070464 0.554063 0.829487
0.113470 0.207055 -0.017409 0.040924 0.200819 0.978773
0.114262 0.227540 -0.025968 0.205143 0.653938 0.728204
0.094481 0.210942 -0.014634 -0.786043 -0.218836 -0.578142
0.092937 0.187370 -0.016977 0.017696 -0.384912 0.922784
0.243449 0.187138 -0.053627 0.729534 -0.415744 0.543082
0.227668 0.188162 -0.042293 0.308467 -0.350366 0.884360
0.200072 0.193553 -0.034462 0.256390 -0.389808 0.884485
0.146873 0.181747 -0.022600 0.156075 -0.447398 0.880611
0.238346 0.179675 -0.061690 0.532829 -0.845931 -0.022219
0.099560 0.166805 -0.034295 -0.172551 -0.878326 0.445837
0.105047 0.165221 -0.055251 -0.291993 -0.956145 0.022941
0.088666 0.168925 -0.055059 0.017297 -0.999737 0.015046
0.092257 0.179331 -0.079735 -0.069561 -0.795521 -0.601920
0.075740 0.164542 -0.051484 0.100208 -0.994719 0.022189
0.089442 0.189066 -0.094141 -0.309990 -0.134369 -0.941197
0.098384 0.166318 -0.076928 -0.247994 -0.816327 -0.521640
0.110326 0.158167 -0.056459 -0.797929 -0.602059 0.028896
0.142929 0.162662 -0.041893 0.050159 -0.940862 0.335057
0.190186 0.167597 -0.045197 0.226746 -0.857821 0.461225
0.225428 0.176652 -0.051684 0.300102 -0.782838 0.545072
0.142465 0.181331 -0.094733 0.004786 -0.441562 -0.897218
0.140450 0.162278 -0.076208 0.005669 -0.955001 -0.296549
0.187818 0.167901 -0.077488 0.135280 -0.932141 -0.335876
0.223420 0.175036 -0.073176 0.289191 -0.899834 -0.326600
0.333779 0.209471 -0.080175 0.046005 0.364727 -0.929977
0.035186 0.162774 -0.049212 0.039186 -0.927013 -0.372976
0.022421 0.162846 -0.052484 -0.238217 -0.969451 -0.058462
0.034139 0.162318 -0.051700 0.138708 -0.873118 0.467360
0.005823 0.163342 -0.034622 -0.311567 -0.942989 0.117042
0.011294 0.167597 -0.051660 -0.449334 -0.888948 -0.088717
0.003975 0.167333 -0.068121 -0.621529 -0.778261 0.089505
-0.001408 0.176012 -0.066425 0.264408 -0.962529 -0.060217
0.002927 0.168845 -0.085350 -0.674992 -0.709996 -0.200727
0.073036 0.163718 -0.053731 -0.105188 -0.886133 0.451335
0.040602 0.181939 -0.090030 0.131291 -0.521710 -0.842960
0.005895 0.170429 -0.015473 -0.027635 -0.835850 0.548262
-0.009214 0.172916 -0.050980 0.511961 -0.858951 -0.009911
-0.016341 0.161150 -0.030239 0.407782 -0.843030 0.350734
-0.021237 0.156623 -0.049580 0.272565 -0.960945 0.047882
-0.005599 0.174772 -0.036030 -0.355870 -0.918093 0.174531
-0.017981 0.160054 -0.066665 0.340146 -0.911511 -0.231191
-0.059703 0.157567 -0.061786 -0.023584 -0.852345 -0.522448
-0.057407 0.148736 -0.047972 0.162051 -0.981708 0.099944
-0.110806 0.167637 -0.068513 -0.157449 -0.859348 -0.486550
-0.102224 0.163486 -0.069721 0.059817 -0.981242 -0.183265
-0.093289 0.145193 -0.045029 -0.169017 -0.982693 0.075821
-0.054071 0.162662 -0.020865 0.084377 -0.776104 0.624934
-0.108223 0.161078 -0.043245 -0.125329 -0.988821 0.080788
0.077828 0.151040 0.097972 -0.076969 -0.826217 0.558069
0.072220 0.171748 0.117849 0.151223 -0.441519 0.884416
0.121677 0.166125 0.112226 0.112927 -0.371321 0.921612
0.303344 0.195553 0.067185 0.091475 0.341586 -0.935388
-0.076436 0.146552 -0.177200 0.058489 -0.994091 0.091450
-0.034499 0.159038 -0.171457 0.380580 -0.838578 0.389803
-0.070853 0.161982 -0.154299 0.138650 -0.751786 0.644666
-0.007919 0.171149 -0.156507 0.140397 -0.806363 0.574515
-0.019389 0.171221 -0.173168 -0.233716 -0.954690 0.184237
-0.024316 0.181707 -0.150388 0.333710 -0.489974 0.805334
-0.062766 0.186842 -0.133535 0.288034 -0.134597 0.948114
-0.011910 0.162246 -0.174304 -0.079968 -0.934050 0.348075
-0.031083 0.171597 -0.189542 0.454515 -0.884340 -0.106576
-0.043945 0.154927 -0.184710 0.282036 -0.926750 -0.248172
-0.012526 0.166318 -0.190861 -0.415821 -0.902585 0.111503
-0.039858 0.159038 -0.202700 0.154554 -0.880956 -0.447246
-0.032091 0.171037 -0.205915 0.044077 -0.978638 -0.200810
-0.018477 0.165789 -0.209418 -0.284484 -0.947257 -0.147556
-0.082659 0.158847 -0.199860 -0.075363 -0.890097 -0.449497
-0.020709 0.170509 -0.225424 -0.292693 -0.842095 -0.452997
0.053191 0.166390 -0.196149 0.235535 -0.971696 0.018176
-0.063302 0.230219 -0.137350 0.268756 0.410451 0.871379
-0.131803 0.235842 -0.118625 0.276878 0.365571 0.888649
-0.176980 0.277523 -0.155595 0.520290 0.853563 -0.027007
-0.151032 0.261678 -0.160258 0.376510 0.918595 -0.120100
-0.131411 0.258926 -0.163602 -0.048422 0.975341 -0.215328
-0.108967 0.258399 -0.165154 0.104057 0.975788 -0.192381
-0.093537 0.253607 -0.177240 0.271517 0.961915 -0.031607
-0.154839 0.252664 -0.184878 0.246334 0.815193 -0.524195
-0.181187 0.265526 -0.182207 0.373688 0.800197 -0.469087
-0.381475 0.282203 -0.097644 -0.189118 0.967989 -0.165020
-0.383187 0.262590 -0.159850 -0.168415 0.968402 -0.183942
-0.334563 0.293033 -0.102884 -0.183577 0.974610 -0.128202
-0.281603 0.296201 -0.102196 -0.040993 0.989061 -0.141696
-0.440465 0.261382 -0.152292 -0.530123 0.835212 -0.146255
-0.439682 0.273716 -0.093205 -0.601889 0.793436 -0.090493
0.199968 0.204191 -0.259195 0.248599 0.056197 -0.966975
0.168541 0.219773 -0.250500 -0.024060 0.872302 -0.488375
0.197720 0.216413 -0.250972 0.224501 0.694431 -0.683641
0.204935 0.223396 -0.236374 0.156027 0.986641 -0.046843
0.176124 0.224188 -0.230031 0.075186 0.984387 0.159152
0.201920 0.214190 -0.222384 0.296683 0.712827 0.635497
0.175988 0.215398 -0.211194 0.252017 0.784800 0.566194
0.203519 0.201480 -0.217377 0.531838 0.253430 0.808036
0.181635 0.199512 -0.205131 0.373367 0.296612 0.878987
0.221229 0.202983 -0.231655 0.961084 -0.038399 0.273575
0.217397 0.204039 -0.247164 0.770555 0.027794 -0.636767
0.211038 0.216637 -0.244181 0.528541 0.646773 -0.549844
0.216781 0.216110 -0.233007 0.734670 0.564989 0.375562
0.163998 0.204679 -0.259186 -0.088342 0.301942 -0.949224
0.121837 0.222372 -0.238326 -0.017713 0.820116 -0.571924
-0.080699 0.240674 0.079055 0.184756 0.855989 -0.482854
-0.078115 0.237954 0.112242 0.184160 0.927294 0.325900
-0.087458 0.243385 0.088430 0.416500 0.908178 0.041733
-0.079563 0.239497 0.093605 0.306261 0.941474 0.140822
-0.104303 0.251688 0.077376 0.397454 0.879491 -0.261776
-0.143409 0.246288 0.128647 0.171155 0.495662 0.851484
-0.188978 0.228979 0.149652 0.199586 0.357294 0.912418
-0.159175 0.240289 0.135918 0.248851 0.410204 0.877386
-0.246313 0.089626 0.253595 -0.470941 0.677620 0.564841
-0.259671 0.062958 0.273624 -0.608034 -0.036645 0.793065
-0.233843 0.093625 0.262002 -0.310251 0.711150 0.630881
0.161102 0.189330 0.048948 0.112291 0.313934 -0.942781
0.193473 0.188986 0.054219 0.230636 0.100844 -0.967800
0.219285 0.190762 0.061794 0.776077 0.167352 -0.608028
0.221309 0.188122 0.084327 0.885182 -0.076060 0.458985
0.216102 0.201856 0.082447 0.625321 0.688226 0.367858
0.200016 0.186690 0.097228 0.333296 0.204664 0.920340
0.209878 0.203736 0.063442 0.397663 0.705632 -0.586471
0.193601 0.201624 0.059139 0.097721 0.647782 -0.755532
0.164630 0.203472 0.058291 0.059871 0.811453 -0.581343
0.123820 0.207967 0.059235 0.161186 0.848608 -0.503869
0.171901 0.209022 0.075640 0.051333 0.997631 0.045793
0.090537 0.227884 0.083623 0.333601 0.942699 -0.005394
0.090281 0.213510 0.055683 0.222859 0.768214 -0.600151
0.170405 0.199776 0.095477 0.160532 0.775596 0.610476
0.124940 0.188162 0.111562 0.170786 0.217484 0.961006
0.091777 0.211926 0.108859 0.232069 0.653171 0.720772
0.047584 0.245689 0.085622 0.283948 0.958242 0.033851
0.056871 0.221165 0.058291 0.241727 0.779628 -0.577710
0.071805 0.200496 0.033519 -0.125437 0.650470 -0.749102
0.070157 0.221397 0.070257 -0.066177 0.796003 -0.601664
0.057823 0.219205 0.109538 -0.085545 0.645034 0.759351
0.059007 0.226260 0.097548 -0.594280 -0.804167 -0.012098
0.071581 0.218869 0.100404 -0.080469 0.734676 0.673629
0.070221 0.221997 0.083671 0.115225 0.957869 0.263079
0.058103 0.227124 0.073840 -0.614519 -0.788880 -0.005892
0.070565 0.199328 0.053899 -0.133265 0.275680 -0.951967
0.024972 0.200568 0.047508 0.194115 0.320612 -0.927107
0.018269 0.223316 0.067769 0.158308 0.762478 -0.627348
0.016765 0.232107 0.086974 0.245405 0.968908 0.031524
0.019525 0.221133 0.108763 0.247321 0.745635 0.618757
0.072756 0.195137 0.113562 -0.040954 0.206618 0.977564
0.073644 0.195329 0.127496 -0.001731 0.160945 0.986962
-0.007487 0.202800 0.038758 0.041689 0.357231 -0.933085
-0.118541 0.220109 0.038726 0.139093 0.452657 -0.880770
-0.066357 0.216110 0.048444 0.103155 0.422930 -0.900272
-0.018533 0.204831 0.046093 0.002178 0.242657 -0.970110
-0.120589 0.259271 0.076224 0.361858 0.930761 0.052376
-0.120005 0.248064 0.065489 0.203467 0.683388 -0.701129
-0.037298 0.233691 0.073000 -0.037770 0.922846 -0.383314
-0.022956 0.228036 0.062258 0.032416 0.730982 -0.681627
-0.039450 0.253039 0.091789 0.112910 0.993142 0.030343
-0.034315 0.231123 0.111754 -0.092835 0.768337 0.633277
-0.018837 0.226372 0.118849 0.167928 0.695889 0.698239
0.002480 0.200080 0.134487 0.037701 0.292510 0.955519
-0.010142 0.204079 0.126704 -0.008316 0.177186 0.984142
-0.057839 0.213998 0.131471 0.207485 0.305838 0.929200
-0.123564 0.250136 0.114530 0.304361 0.815857 0.491672
-0.124364 0.220149 0.146389 0.098172 0.372578 0.922794
0.091050 0.191441 0.117417 0.304235 0.064581 0.950405
0.023316 0.197136 0.124256 0.298923 0.064467 0.952097
-0.138098 0.220749 0.139086 0.088376 0.064179 0.994017
-0.142921 0.221509 0.140086 0.225913 0.162868 0.960436
-0.140689 0.249192 0.129191 -0.445919 0.257096 0.857355
-0.145969 0.258591 0.123624 0.283572 0.768249 0.573916
-0.138858 0.263870 0.077272 0.385650 0.893352 -0.230642
-0.176228 0.278203 0.105555 0.323335 0.895771 0.305039
-0.265574 0.227507 0.155587 -0.064097 0.375822 0.924472
-0.276412 0.273756 0.117217 -0.140290 0.728873 0.670122
-0.207479 0.268357 0.126728 0.057773 0.652843 0.755286
0.168269 0.186050 0.105499 0.195298 0.139687 0.970745
0.198936 0.199096 0.093253 0.155097 0.734095 0.661097
0.198880 0.208151 0.073664 0.088232 0.993394 0.073373
0.121228 0.191026 0.045685 0.125323 0.267326 -0.955422
0.088474 0.196153 0.040742 0.271143 0.207621 -0.939880
-0.119429 0.163982 -0.199388 -0.199671 -0.886254 -0.417953
-0.133379 0.169749 -0.196597 0.479229 -0.756705 -0.444676
0.118749 0.190313 -0.330239 0.966696 -0.004427 0.255889
0.114222 0.201664 -0.330959 0.655526 0.745440 0.120849
0.113902 0.192609 -0.348300 0.650562 0.135848 -0.747204
0.106415 0.203328 -0.345557 0.437445 0.808449 -0.393767
0.091129 0.214902 -0.080927 -0.551494 0.322049 -0.769506
0.092481 0.216110 -0.092061 -0.089075 0.318528 -0.943719
0.041393 0.216190 -0.087318 0.117674 0.341715 -0.932408
0.078523 0.241873 -0.037270 -0.979124 0.203043 -0.009428
0.146377 0.206647 -0.092525 0.048522 0.265148 -0.962986
-0.207399 0.286314 0.048524 0.312434 0.949464 -0.030061
-0.214542 0.298161 -0.147796 0.288969 0.951631 -0.104378
-0.211078 0.295257 -0.072296 0.216734 0.930899 -0.294029
-0.249448 0.297553 -0.142925 -0.074994 0.996005 -0.048468
-0.214782 0.290498 -0.162082 0.171339 0.891294 -0.419806
-0.176020 0.293409 -0.044253 0.424634 0.894319 -0.140991
-0.213238 0.308383 -0.039414 0.184853 0.958406 -0.217456
-0.210550 0.309135 -0.010682 0.258860 0.952992 0.157473
-0.291433 0.303895 -0.042469 -0.056178 0.992822 -0.105583
-0.249416 0.308455 -0.040334 -0.073783 0.986617 -0.145408
-0.245905 0.310382 -0.005523 -0.003690 0.963277 0.268485
-0.240921 0.291633 0.073672 0.019736 0.999393 -0.028721
-0.452008 0.245081 -0.195733 -0.715374 0.682792 -0.148442
-0.439514 0.279636 -0.037550 -0.666992 0.744329 -0.033106
-0.465078 0.040514 0.062938 -0.820865 -0.547926 0.161112
-0.476508 0.060094 0.099996 -0.943249 -0.320147 0.088241
-0.474740 0.090154 0.139750 -0.952767 -0.173937 0.248960
-0.485282 0.160814 0.124960 -0.946993 0.197279 0.253546
-0.440865 0.171413 0.148292 -0.331700 0.432749 0.838274
-0.448856 0.129723 0.160442 -0.510435 0.195647 0.837364
-0.434571 0.034331 0.118753 -0.602674 -0.735145 0.310396
-0.493769 0.060470 0.044773 -0.881870 -0.438644 -0.172906
-0.336842 0.010974 0.187598 -0.066622 -0.874478 0.480468
-0.274548 0.016333 0.185870 0.251109 -0.967245 -0.037158
-0.297456 0.020709 0.210082 -0.140601 -0.807001 0.573568
-0.341961 0.048544 0.222168 -0.197927 -0.579478 0.790589
-0.302384 0.054207 0.232335 -0.221724 -0.443211 0.868563
-0.254799 0.023348 0.225120 -0.171029 -0.810298 0.560506
-0.240177 0.020973 0.201916 0.347124 -0.872015 -0.345102
-0.221061 0.024932 0.218033 0.089597 -0.950687 -0.296929
-0.253712 0.109735 0.228168 0.144634 0.967189 0.208871
-0.270213 0.090873 0.247244 -0.257157 0.526339 0.810455
-0.292465 0.117013 0.212786 0.023797 0.835974 0.548253
-0.298896 0.090649 0.235822 -0.263601 0.273102 0.925164
-0.339154 0.085554 0.231239 -0.199951 0.133163 0.970715
-0.333067 0.116973 0.214442 -0.105651 0.689272 0.716758
-0.313958 0.129275 0.194109 0.230836 0.953677 0.192910
-0.364470 0.105511 0.212762 -0.360959 0.647824 0.670845
-0.375028 0.077179 0.221193 -0.482079 0.034112 0.875464
-0.336986 0.131347 0.188726 -0.001342 0.843233 0.537547
-0.292145 0.123468 0.153603 0.774156 0.607945 0.176309
-0.268453 0.111846 0.179671 0.421146 0.900869 -0.105216
-0.235090 0.101736 0.201876 0.465751 0.795266 -0.388109
-0.366709 0.128483 0.174872 -0.128135 0.560821 0.817962
-0.328563 0.155943 0.164154 0.306759 0.201427 0.930229
-0.395785 0.173300 0.158587 -0.155378 0.415447 0.896249
-0.404455 0.128220 0.178863 -0.182444 0.442910 0.877807
-0.433115 0.093817 0.174976 -0.709991 -0.092046 0.698170
-0.195521 0.246288 -0.218993 0.622834 0.752374 -0.214500
-0.226748 0.270845 -0.265561 0.116243 0.966062 -0.230676
-0.255407 0.272205 -0.227472 0.007577 0.997575 -0.069191
-0.225572 0.269717 -0.239886 0.206206 0.977378 -0.047018
-0.194841 0.258511 -0.246509 0.515474 0.849598 0.111666
-0.200944 0.262438 -0.274176 0.231620 0.929821 -0.285982
-0.221724 0.272845 -0.201956 0.217971 0.933789 -0.283772
-0.250544 0.292953 -0.158859 -0.046160 0.913565 -0.404066
-0.231491 0.251384 -0.285262 -0.140237 0.627180 -0.766145
-0.260758 0.271676 -0.259938 -0.162245 0.858476 -0.486513
-0.279595 0.214494 -0.301692 -0.186784 0.407434 -0.893929
-0.224044 0.121236 0.037406 0.229677 -0.968093 0.100218
-0.219477 0.119317 -0.032967 0.275921 -0.959908 0.049449
-0.246377 0.176804 0.156187 0.134515 -0.596449 0.791299
-0.288026 0.100080 -0.023984 0.234773 -0.971424 0.034887
-0.173700 0.126748 -0.125152 0.462281 -0.883119 0.079985
-0.239594 0.111734 -0.170401 0.190764 -0.977848 -0.086156
-0.269389 0.131611 -0.277344 0.017185 -0.879620 -0.475367
-0.479867 0.074276 -0.018601 -0.604788 -0.709422 -0.361873
-0.415598 0.073484 -0.034350 0.147717 -0.928874 -0.339666
-0.458519 0.053072 -0.002372 -0.555929 -0.719484 -0.416276
-0.413206 0.032859 0.036414 -0.114610 -0.918689 -0.377988
-0.458079 0.040737 0.032223 -0.260033 -0.925455 -0.275528
-0.411878 0.050360 0.003268 0.253095 -0.776682 -0.576809
-0.369637 0.090306 0.007923 0.376183 -0.911489 -0.166358
-0.364838 0.057071 0.026312 0.514678 -0.411519 -0.752169
-0.328795 0.103927 0.038494 0.458109 -0.869835 -0.183093
-0.258551 0.121916 0.042389 0.170228 -0.968753 0.180387
-0.233051 0.131955 0.098116 0.051801 -0.913863 0.402705
-0.285658 0.124748 0.071409 0.600248 -0.772722 -0.206406
-0.323612 0.064502 0.050884 0.629283 -0.391833 -0.671170
-0.304639 0.030211 0.094181 0.581999 -0.612394 -0.535025
-0.294497 0.075140 0.082271 0.808357 -0.302753 -0.504876
-0.285538 0.036666 0.121369 0.788297 -0.438677 -0.431451
-0.279283 0.127764 0.098596 0.953959 -0.284733 0.094285
-0.265142 0.138930 0.098372 0.206541 -0.862824 0.461384
-0.259998 0.042665 0.155803 0.713507 -0.467520 -0.521855
-0.279323 0.088722 0.112482 0.944008 0.043024 -0.327107
-0.261814 0.090609 0.153116 0.752846 0.357844 -0.552422
-0.292985 0.148664 0.138430 0.553339 -0.390777 0.735602
-0.271029 0.152664 0.144333 0.305288 -0.772367 0.556999
-0.229963 0.042057 0.183111 0.628659 -0.228532 -0.743344
-0.227876 0.080427 0.182055 0.658859 0.276581 -0.699577
-0.207567 0.134594 -0.283847 0.114395 -0.787425 -0.605703
-0.259622 0.067861 0.255387 -0.659938 -0.247472 0.709394
-0.278259 0.058319 0.242837 -0.357653 -0.291603 0.887159
-0.168901 0.276884 0.071265 0.415937 0.858039 -0.301274
-0.209662 0.289826 0.076216 0.160309 0.987000 -0.011460
-0.240905 0.288578 0.104251 -0.101775 0.928625 0.356788
-0.208423 0.288690 0.102580 0.189537 0.939382 0.285721
-0.201088 0.230939 0.152172 0.022211 0.435832 0.899754
