  0.403986   0.879882  -0.325019
  0.330990   0.713024  -0.117250
 -0.044403   0.541434   0.057546
 -0.102894   0.495776  -0.045119
 -0.123709   0.439966  -0.167311
 -0.056476   0.437322  -0.286219
  0.272594   0.579537   0.048966
 -0.147429   0.431385   0.155762
 -0.232574   0.363970   0.026392
 -0.225490   0.299162  -0.130544
 -0.136881   0.281174  -0.267573
  0.266341   0.440666   0.248643
 -0.240895   0.319105   0.254148
 -0.334674   0.224764   0.101318
 -0.293948   0.149794  -0.087384
 -0.187255   0.131370  -0.243045
  0.238241   0.350047   0.456920
 -0.332609   0.227763   0.336639
 -0.430588   0.097846   0.169679
 -0.373312   0.048937  -0.061697
 -0.248869   0.014028  -0.226660
