0 180
1 75
2 130
21 23
21 25
21 27
21 196
22 192
22 195
23 21
23 24
24 23
25 21
25 196
26 40
26 142
26 195
27 21
27 41
27 43
28 29
28 30
28 33
28 36
28 54
28 55
29 28
29 30
29 31
29 32
29 35
29 53
29 55
29 201
30 28
30 29
30 32
30 54
30 55
30 201
31 29
31 32
31 33
31 34
31 35
31 36
31 39
32 29
32 30
32 31
32 35
32 39
32 198
32 201
33 28
33 31
33 34
33 36
33 38
33 39
33 54
34 31
34 33
34 35
34 36
34 37
34 38
34 39
35 29
35 31
35 32
35 34
35 39
36 28
36 31
36 33
36 34
36 54
36 55
37 34
37 38
37 206
37 241
38 33
38 34
38 37
38 39
38 205
38 206
39 31
39 32
39 33
39 34
39 35
39 38
39 202
39 205
40 26
40 142
41 27
41 42
41 135
42 41
42 397
43 27
43 211
43 217
44 45
44 47
44 59
45 44
45 46
45 47
45 48
45 50
45 59
46 45
46 58
46 59
47 44
47 45
47 48
47 237
48 45
48 47
48 49
48 50
48 52
48 237
49 48
49 50
49 51
49 56
49 237
50 45
50 48
50 49
50 52
50 237
51 49
51 56
51 240
52 48
52 50
52 58
53 29
53 55
53 201
53 207
53 241
54 28
54 30
54 33
54 36
54 55
54 241
55 28
55 29
55 30
55 36
55 53
55 54
55 241
56 49
56 51
56 57
57 56
57 59
58 46
58 52
59 44
59 45
59 46
59 57
60 62
60 64
60 65
60 66
60 67
60 259
61 62
61 63
61 64
61 259
62 60
62 61
62 63
62 64
62 65
62 66
62 259
63 61
63 62
63 64
63 67
63 70
64 60
64 61
64 62
64 63
64 65
64 66
64 67
64 70
65 60
65 62
65 64
65 66
65 67
65 68
65 70
66 60
66 62
66 64
66 65
66 67
66 68
66 69
66 259
67 60
67 63
67 64
67 65
67 66
67 68
67 70
68 65
68 66
68 67
68 69
68 70
69 66
69 68
69 259
69 264
70 63
70 64
70 65
70 67
70 68
71 296
71 298
72 73
72 175
73 72
73 175
75 1
76 316
77 79
77 80
77 81
77 133
77 134
77 154
77 157
78 79
78 81
78 154
79 77
79 78
79 81
79 134
79 154
80 77
80 81
80 133
80 134
80 157
81 77
81 78
81 79
81 80
81 133
81 154
81 157
82 341
83 84
83 334
84 83
85 87
85 92
85 106
86 93
86 357
86 362
87 85
87 88
87 89
87 91
88 87
88 89
88 90
88 101
88 106
89 87
89 88
89 90
89 101
89 102
89 106
90 88
90 89
90 91
90 101
90 102
91 87
91 90
91 102
92 85
92 93
92 104
93 86
93 92
94 95
95 94
95 334
97 372
98 103
98 382
99 100
99 105
100 99
100 102
101 88
101 89
101 90
101 102
101 106
102 89
102 90
102 91
102 100
102 101
103 98
103 357
104 92
104 382
105 99
106 85
106 88
106 89
106 101
117 119
119 117
121 128
121 143
126 136
126 138
126 396
127 128
128 121
128 127
129 132
130 2
131 132
132 129
132 131
133 77
133 80
133 81
133 134
133 154
133 156
133 157
134 77
134 79
134 80
134 133
134 154
134 156
134 157
135 41
135 137
135 139
136 126
136 138
136 144
136 396
136 397
137 135
137 139
138 126
138 136
138 143
138 396
139 135
139 137
140 141
141 140
141 142
142 26
142 40
142 141
142 208
143 121
143 138
143 177
144 136
144 397
148 399
148 400
149 151
150 285
150 398
151 149
154 77
154 78
154 79
154 81
154 133
154 134
154 155
155 154
155 412
155 416
156 133
156 134
156 415
156 416
157 77
157 80
157 81
157 133
157 134
158 160
160 158
162 179
172 251
175 72
175 73
177 143
179 162
180 0
191 194
191 200
192 22
193 198
193 199
193 202
194 191
194 195
194 197
195 22
195 26
195 194
196 21
196 25
196 252
197 194
197 208
197 209
198 32
198 193
198 199
198 201
199 193
199 198
199 202
200 191
200 203
201 29
201 30
201 32
201 53
201 198
201 241
202 39
202 193
202 199
202 205
203 200
203 204
204 203
204 208
204 209
205 38
205 39
205 202
205 206
206 37
206 38
206 205
206 207
207 53
207 206
207 210
208 142
208 197
208 204
208 209
209 197
209 204
209 208
210 207
211 43
211 217
211 218
211 219
211 227
212 213
212 214
212 238
212 253
213 212
213 214
213 215
213 222
213 228
213 230
213 234
213 235
213 238
214 212
214 213
214 215
214 238
215 213
215 214
215 228
216 246
217 43
217 211
217 218
217 227
218 211
218 217
218 219
218 220
218 221
218 227
219 211
219 218
220 218
220 221
220 225
220 226
220 285
221 218
221 220
222 213
222 224
222 228
222 230
222 233
222 234
222 235
223 224
223 242
224 222
224 223
224 228
225 220
225 226
225 227
226 220
226 225
226 286
227 211
227 217
227 218
227 225
228 213
228 215
228 222
228 224
229 257
230 213
230 222
230 232
230 233
230 234
230 235
231 236
232 230
232 233
232 258
233 222
233 230
233 232
233 234
233 245
234 213
234 222
234 230
234 233
234 235
234 238
235 213
235 222
235 230
235 234
235 238
236 231
236 239
236 240
237 47
237 48
237 49
237 50
238 212
238 213
238 214
238 234
238 235
239 236
239 240
240 51
240 236
240 239
240 254
241 37
241 53
241 54
241 55
241 201
242 223
242 244
243 245
243 247
244 242
244 246
245 233
245 243
245 258
246 216
246 244
247 243
247 253
249 250
250 249
251 172
251 303
252 196
253 212
253 247
253 256
254 240
254 255
255 254
255 257
256 253
257 229
257 255
258 232
258 245
259 60
259 61
259 62
259 66
259 69
260 261
260 267
261 260
261 264
262 263
262 269
263 262
263 266
263 297
264 69
264 261
264 268
265 280
265 281
265 288
265 289
265 291
265 299
266 263
266 297
267 260
267 298
268 264
269 262
269 271
270 272
270 279
270 280
271 269
271 295
272 270
272 273
272 274
272 306
272 307
273 272
273 274
273 279
274 272
274 273
274 306
274 307
275 278
275 305
276 277
276 283
276 399
277 276
277 310
278 275
279 270
279 273
279 280
279 281
279 288
280 265
280 270
280 279
280 281
281 265
281 279
281 280
281 288
281 289
282 287
283 276
283 284
283 285
284 283
284 285
284 286
285 150
285 220
285 283
285 284
285 286
286 226
286 284
286 285
287 282
287 290
288 265
288 279
288 281
288 289
289 265
289 281
289 288
289 291
289 299
290 287
290 300
291 265
291 289
291 293
291 299
292 293
292 306
292 307
293 291
293 292
293 307
294 295
294 297
295 271
295 294
296 71
297 263
297 266
297 294
298 71
298 267
299 265
299 289
299 291
300 290
300 301
301 300
302 304
303 251
304 302
305 275
306 272
306 274
306 292
306 307
307 272
307 274
307 292
307 293
307 306
309 401
310 277
312 315
313 402
315 312
315 317
316 76
316 333
317 315
317 332
318 319
318 325
319 318
320 321
320 327
321 320
321 324
322 323
322 326
322 329
323 322
323 329
323 412
324 321
324 330
325 318
325 331
326 322
326 328
327 320
327 403
328 326
328 415
329 322
329 323
329 412
330 324
330 414
331 325
331 410
332 317
332 408
333 316
333 405
334 83
334 95
335 340
335 370
336 338
337 355
338 336
340 335
340 364
341 82
344 346
345 347
346 344
347 345
347 350
350 347
354 355
354 381
355 337
355 354
356 360
356 379
357 86
357 103
358 359
358 362
359 358
359 378
359 379
359 380
360 356
360 361
361 360
361 368
362 86
362 358
362 363
363 362
363 369
364 340
364 370
364 373
365 366
366 365
366 373
367 368
367 376
367 377
368 361
368 367
369 363
369 377
370 335
370 364
371 405
371 406
372 97
372 373
372 383
373 364
373 366
373 372
373 374
374 373
374 381
375 376
376 367
376 375
377 367
377 369
377 378
378 359
378 377
378 380
379 356
379 359
379 380
380 359
380 378
380 379
381 354
381 374
382 98
382 104
383 372
383 386
386 383
391 393
393 391
396 126
396 136
396 138
397 42
397 136
397 144
398 150
398 399
399 148
399 276
399 398
399 400
400 148
400 399
400 406
401 309
401 407
402 313
402 409
403 327
403 411
405 333
405 371
405 406
406 371
406 400
406 405
407 401
407 408
408 332
408 407
409 402
410 331
411 403
411 414
412 155
412 323
412 329
412 413
413 412
413 415
413 416
414 330
414 411
415 156
415 328
415 413
415 416
416 155
416 156
416 413
416 415
