0 1
0 2
0 3
0 141
0 180
1 0
1 2
1 3
1 162
1 153
1 92
2 0
2 1
2 141
2 142
2 153
2 155
3 0
3 1
3 162
3 6
3 180
3 181
4 162
4 5
4 6
4 7
4 83
4 88
5 4
5 6
5 7
5 184
5 185
5 186
6 162
6 3
6 4
6 5
6 181
6 184
7 4
7 5
7 11
7 12
7 80
7 83
7 186
8 9
8 10
8 11
8 78
8 185
8 219
9 8
9 10
9 13
9 14
9 15
9 184
9 185
10 8
10 9
10 78
10 14
11 163
11 7
11 8
11 12
11 185
11 186
11 219
12 80
12 11
12 163
12 7
13 16
13 9
13 14
13 15
14 9
14 10
14 13
15 9
15 13
15 16
15 17
15 181
15 184
16 17
16 18
16 13
16 15
17 15
17 16
17 18
17 180
17 181
17 182
18 73
18 74
18 75
18 77
18 78
18 16
18 17
18 177
18 178
18 179
18 182
18 187
18 188
19 164
19 172
19 20
19 21
19 22
19 23
20 164
20 165
20 173
20 19
20 21
20 22
21 164
21 19
21 20
22 167
22 173
22 19
22 20
22 23
22 24
23 171
23 172
23 19
23 22
23 24
23 25
23 26
24 166
24 167
24 22
24 23
24 25
25 166
25 168
25 23
25 24
25 26
25 27
25 28
26 170
26 171
26 23
26 25
26 27
27 169
27 170
27 25
27 26
27 28
28 168
28 25
28 27
28 169
29 35
29 36
29 37
29 190
29 30
29 31
30 32
30 33
30 196
30 197
30 29
30 190
30 31
31 33
31 34
31 35
31 29
31 30
32 33
32 42
32 197
32 30
33 32
33 34
33 35
33 40
33 42
33 30
33 31
34 33
34 35
34 31
35 33
35 34
35 36
35 38
35 40
35 29
35 31
36 35
36 37
36 38
36 39
36 29
37 193
37 194
37 195
37 36
37 39
37 29
37 190
38 40
38 35
38 36
38 39
39 193
39 36
39 37
39 38
39 40
39 41
39 191
40 33
40 35
40 38
40 39
40 41
40 42
41 39
41 40
41 42
41 202
41 203
41 191
42 32
42 33
42 197
42 40
42 41
42 201
42 202
43 198
43 200
43 44
43 45
43 206
43 47
43 207
44 198
44 43
44 45
44 46
44 55
44 93
44 94
45 43
45 44
45 46
45 47
46 44
46 45
46 47
46 82
46 89
46 93
47 43
47 45
47 46
47 207
47 85
47 89
47 90
48 234
48 49
48 50
48 51
48 52
48 53
48 86
49 48
49 208
49 50
49 209
49 52
49 90
50 48
50 49
50 84
50 85
50 86
50 90
51 48
51 52
51 53
51 55
51 56
52 48
52 49
52 209
52 51
52 56
53 65
53 234
53 48
53 51
53 211
53 54
53 55
53 57
54 237
54 211
54 212
54 213
54 53
54 55
55 44
55 237
55 51
55 53
55 54
55 56
55 93
55 94
56 209
56 210
56 51
56 52
56 55
56 94
57 65
57 234
57 53
57 86
57 216
57 58
57 59
58 79
58 80
58 216
58 57
58 59
58 60
58 62
58 63
59 64
59 65
59 57
59 58
59 63
60 163
60 80
60 217
60 58
60 219
60 61
60 62
61 76
61 60
61 217
61 220
61 62
62 68
62 220
62 221
62 58
62 60
62 61
62 63
63 64
63 68
63 58
63 59
63 62
64 65
64 66
64 68
64 59
64 63
65 64
65 66
65 211
65 53
65 215
65 57
65 59
66 64
66 65
66 67
66 68
66 109
66 111
66 215
66 218
67 66
67 68
67 69
67 70
67 71
67 108
67 109
68 64
68 66
68 67
68 69
68 221
68 62
68 63
69 226
69 67
69 68
69 70
69 221
70 226
70 67
70 227
70 69
70 71
70 122
70 124
71 67
71 70
71 107
71 108
71 124
72 228
72 229
72 73
72 74
72 75
73 229
73 72
73 74
73 76
73 77
73 18
74 72
74 73
74 18
74 75
75 228
75 231
75 232
75 72
75 74
75 18
75 188
76 229
76 73
76 77
76 78
76 217
76 219
76 220
76 61
77 73
77 18
77 76
77 78
78 8
78 10
78 76
78 77
78 177
78 18
78 219
79 80
79 81
79 84
79 86
79 216
79 89
79 58
80 163
80 7
80 12
80 79
80 81
80 83
80 58
80 60
81 79
81 80
81 82
81 83
81 89
82 235
82 46
82 81
82 83
82 89
82 93
83 4
83 7
83 235
83 80
83 81
83 82
83 87
83 88
84 79
84 50
84 85
84 86
84 89
85 47
85 50
85 84
85 89
85 90
86 234
86 79
86 48
86 50
86 84
86 216
86 57
87 235
87 236
87 237
87 83
87 88
87 93
88 162
88 4
88 236
88 83
88 87
88 91
88 92
89 46
89 79
89 47
89 81
89 82
89 84
89 85
90 204
90 205
90 207
90 47
90 208
90 50
90 49
90 85
91 236
91 238
91 239
91 88
91 92
91 158
92 1
92 162
92 174
92 175
92 88
92 153
92 91
92 158
92 159
93 235
93 44
93 237
93 46
93 82
93 55
93 87
94 198
94 199
94 44
94 210
94 55
94 56
95 96
95 97
95 98
95 258
95 259
95 261
96 97
96 261
96 103
96 104
96 95
97 96
97 98
97 99
97 102
97 103
97 105
97 95
98 256
98 97
98 257
98 99
98 100
98 258
98 95
99 97
99 98
99 100
99 105
100 256
100 98
100 99
100 105
100 106
101 102
101 263
101 264
101 265
101 103
101 104
102 97
102 101
102 103
102 105
102 106
102 265
103 96
103 97
103 101
103 102
103 104
104 96
104 260
104 261
104 101
104 103
104 264
105 97
105 99
105 100
105 102
105 106
106 256
106 100
106 102
106 105
106 266
106 265
107 71
107 108
107 280
107 281
107 123
107 124
108 67
108 71
108 107
108 109
108 110
108 281
109 66
109 67
109 108
109 110
109 111
110 288
110 289
110 108
110 109
110 111
110 281
111 289
111 66
111 290
111 109
111 110
111 279
111 218
112 416
112 176
112 113
112 114
112 308
112 118
112 410
113 112
113 114
113 115
113 118
113 119
114 112
114 113
114 176
114 119
115 113
115 116
115 117
115 118
115 119
115 309
116 115
116 309
116 117
116 310
116 312
116 121
117 115
117 116
117 119
117 120
117 121
118 112
118 113
118 115
118 308
118 307
118 309
119 176
119 113
119 114
119 115
119 117
119 120
119 121
120 121
120 117
120 119
121 312
121 176
121 116
121 117
121 119
121 120
121 409
122 321
122 322
122 323
122 324
122 227
122 70
122 123
122 124
123 324
123 107
123 280
123 377
123 122
123 124
123 317
124 70
124 71
124 107
124 122
124 123
125 329
125 139
125 332
125 333
125 126
125 127
126 128
126 130
126 132
126 332
126 125
126 127
127 128
127 129
127 138
127 139
127 125
127 126
128 129
128 130
128 131
128 136
128 137
128 126
128 127
129 128
129 137
129 138
129 127
130 128
130 131
130 132
130 133
130 134
130 126
131 128
131 130
131 134
131 135
131 136
132 130
132 133
132 329
132 330
132 331
132 332
132 126
133 385
133 130
133 386
133 132
133 134
133 331
134 130
134 131
134 386
134 133
134 135
134 156
134 157
135 136
135 131
135 157
135 134
136 128
136 131
136 135
136 137
136 157
137 128
137 129
137 136
137 138
137 157
138 129
138 137
138 139
138 374
138 156
138 157
138 127
139 138
139 333
139 334
139 372
139 374
139 125
139 127
140 262
140 141
140 142
140 376
140 154
140 155
140 381
141 0
141 2
141 262
141 140
141 142
141 180
141 183
142 2
142 155
142 140
142 141
143 144
143 145
143 146
143 344
143 345
143 349
144 344
144 143
144 145
144 148
144 149
144 152
145 143
145 144
145 146
145 147
145 148
146 160
146 161
146 143
146 145
146 147
146 403
146 349
147 145
147 146
147 161
147 148
148 161
148 144
148 145
148 147
148 149
148 150
148 151
149 144
149 148
149 150
149 151
149 152
150 407
150 161
150 148
150 149
150 151
150 152
150 350
151 148
151 149
151 150
152 144
152 149
152 150
152 342
152 344
152 350
153 1
153 2
153 175
153 379
153 380
153 154
153 155
153 92
154 377
154 140
154 379
154 375
154 376
154 153
154 378
154 155
155 2
155 140
155 142
155 153
155 154
156 385
156 386
156 134
156 138
156 373
156 374
156 157
157 134
157 135
157 136
157 137
157 138
157 156
158 91
158 92
158 238
158 159
159 389
159 398
159 174
159 238
159 92
159 158
160 161
160 146
160 402
160 404
160 403
160 407
161 160
161 146
161 147
161 148
161 150
161 407
162 1
162 3
162 4
162 6
162 88
162 92
163 11
163 12
163 80
163 219
163 60
164 165
164 172
164 19
164 20
164 21
165 164
165 20
165 173
166 24
166 25
166 168
166 167
167 24
167 173
167 166
167 22
168 25
168 169
168 28
168 166
169 168
169 170
169 27
169 28
170 169
170 26
170 27
170 171
171 170
171 26
171 172
171 23
172 19
172 164
172 171
172 23
173 20
173 165
173 22
173 167
174 175
174 92
174 389
174 159
175 387
175 388
175 389
175 174
175 380
175 153
175 92
176 121
176 112
176 114
176 119
176 409
176 410
177 178
177 18
177 78
178 177
178 18
178 179
179 178
179 18
180 0
180 3
180 141
180 17
180 181
180 182
180 183
181 3
181 6
181 15
181 17
181 180
181 184
182 17
182 18
182 180
182 183
182 187
183 262
183 141
183 180
183 182
183 187
183 189
184 5
184 6
184 9
184 15
184 181
184 185
185 5
185 8
185 9
185 11
185 184
185 186
186 185
186 11
186 5
186 7
187 18
187 182
187 183
187 188
187 189
188 232
188 75
188 18
188 187
188 189
189 384
189 262
189 232
189 183
189 187
189 188
190 195
190 196
190 37
190 29
190 30
191 192
191 193
191 39
191 41
191 203
192 193
192 194
192 203
192 204
192 191
193 192
193 194
193 37
193 39
193 191
194 192
194 193
194 195
194 37
194 204
194 208
195 194
195 196
195 37
195 208
195 209
195 210
195 190
196 195
196 197
196 210
196 30
196 190
197 32
197 196
197 199
197 200
197 201
197 42
197 210
197 30
198 199
198 200
198 43
198 44
198 94
199 197
199 198
199 200
199 210
199 94
200 197
200 198
200 199
200 201
200 43
200 206
201 197
201 200
201 202
201 42
201 206
202 201
202 42
202 203
202 41
202 205
202 206
203 192
203 41
203 202
203 204
203 205
203 191
204 192
204 194
204 203
204 205
204 208
204 90
205 202
205 203
205 204
205 206
205 207
205 90
206 200
206 201
206 202
206 43
206 205
206 207
207 43
207 205
207 206
207 47
207 90
208 194
208 195
208 204
208 49
208 209
208 90
209 195
209 208
209 49
209 210
209 52
209 56
210 195
210 196
210 197
210 199
210 209
210 56
210 94
211 65
211 212
211 53
211 214
211 54
211 215
212 211
212 276
212 213
212 214
212 54
212 278
213 237
213 241
213 242
213 212
213 54
213 278
214 211
214 276
214 212
214 277
214 215
215 65
215 66
215 211
215 277
215 214
215 218
216 57
216 58
216 86
216 79
217 219
217 60
217 61
217 76
218 66
218 111
218 277
218 279
218 215
219 163
219 8
219 11
219 76
219 78
219 217
219 60
220 228
220 229
220 76
220 61
220 221
220 62
221 226
221 68
221 69
221 228
221 220
221 62
222 224
222 225
222 230
222 383
222 382
222 223
223 224
223 225
223 226
223 231
223 233
223 222
224 384
224 223
224 233
224 222
224 383
225 321
225 226
225 227
225 325
225 230
225 222
225 223
226 225
226 227
226 228
226 69
226 70
226 231
226 221
226 223
227 321
227 225
227 226
227 70
227 122
228 226
228 229
228 231
228 72
228 75
228 220
228 221
229 228
229 72
229 73
229 76
229 220
230 225
230 382
230 325
230 326
230 366
230 222
230 318
231 226
231 228
231 232
231 233
231 75
231 223
232 384
232 231
232 233
232 75
232 188
232 189
233 224
233 384
233 231
233 232
233 223
234 48
234 57
234 53
234 86
235 82
235 83
235 93
235 87
236 237
236 239
236 240
236 87
236 88
236 91
237 236
237 240
237 241
237 213
237 54
237 55
237 87
237 93
238 360
238 361
238 398
238 239
238 399
238 91
238 158
238 159
239 360
239 236
239 238
239 240
239 247
239 248
239 249
239 91
240 236
240 237
240 239
240 241
240 249
240 250
241 237
241 240
241 242
241 243
241 213
241 245
241 250
242 241
242 274
242 243
242 244
242 213
242 246
242 278
243 241
243 242
243 244
243 245
244 258
244 259
244 242
244 243
244 245
244 246
244 254
245 241
245 243
245 244
245 249
245 250
245 252
245 254
246 259
246 260
246 264
246 273
246 242
246 274
246 244
247 268
247 269
247 270
247 239
247 248
247 249
247 251
248 360
248 269
248 239
248 277
248 247
248 279
249 239
249 240
249 245
249 247
249 250
249 251
249 252
250 240
250 249
250 241
250 245
251 267
251 268
251 247
251 249
251 252
251 253
252 245
252 249
252 251
252 253
252 254
252 255
253 256
253 267
253 251
253 252
253 255
254 257
254 258
254 244
254 245
254 252
254 255
255 256
255 257
255 252
255 253
255 254
256 257
256 98
256 100
256 106
256 266
256 267
256 253
256 255
257 256
257 98
257 258
257 254
257 255
258 257
258 98
258 259
258 244
258 254
258 95
259 258
259 260
259 261
259 244
259 246
259 95
260 259
260 261
260 104
260 264
260 246
261 96
261 259
261 260
261 104
261 95
262 384
262 140
262 141
262 189
262 183
262 381
262 383
263 101
263 264
263 265
263 266
263 267
263 272
263 273
264 260
264 101
264 263
264 104
264 273
264 246
265 101
265 102
265 263
265 266
265 106
266 256
266 263
266 265
266 106
266 267
267 256
267 263
267 266
267 268
267 271
267 272
267 251
267 253
268 267
268 270
268 271
268 247
268 251
269 270
269 275
269 276
269 277
269 247
269 248
270 268
270 269
270 271
270 275
270 247
271 267
271 268
271 270
271 272
271 274
271 275
272 263
272 267
272 271
272 273
272 274
273 263
273 264
273 272
273 274
273 246
274 271
274 272
274 273
274 242
274 275
274 278
274 246
275 269
275 270
275 271
275 274
275 276
275 278
276 269
276 275
276 212
276 277
276 214
276 278
277 269
277 276
277 214
277 215
277 248
277 218
277 279
278 274
278 275
278 212
278 276
278 213
278 242
279 290
279 293
279 357
279 360
279 111
279 277
279 248
279 218
280 107
280 281
280 282
280 123
280 317
281 288
281 107
281 108
281 110
281 280
281 282
281 287
282 316
282 280
282 281
282 284
282 317
282 286
282 287
283 304
283 306
283 284
283 285
283 286
284 282
284 283
284 316
284 285
284 286
285 315
285 306
285 316
285 313
285 283
285 284
286 288
286 300
286 304
286 282
286 283
286 284
286 287
287 288
287 281
287 282
287 286
288 289
288 299
288 300
288 110
288 281
288 286
288 287
289 288
289 290
289 291
289 293
289 298
289 299
289 110
289 111
290 289
290 279
290 293
290 111
291 289
291 292
291 293
291 296
291 297
291 298
292 291
292 293
292 294
292 295
292 296
292 357
292 358
293 289
293 290
293 291
293 292
293 357
293 279
294 292
294 358
294 295
294 359
294 339
294 340
295 352
295 355
295 292
295 294
295 296
295 339
296 355
296 291
296 292
296 295
296 297
297 355
297 291
297 356
297 389
297 296
297 393
297 298
298 289
298 291
298 388
298 389
298 297
298 299
299 288
299 289
299 388
299 298
299 300
299 305
300 288
300 299
300 301
300 304
300 305
300 286
301 392
301 300
301 302
301 303
301 304
301 305
301 412
301 413
302 301
302 303
302 304
302 306
302 307
303 301
303 302
303 307
303 308
303 412
304 300
304 301
304 302
304 306
304 283
304 286
305 388
305 392
305 299
305 300
305 301
306 302
306 304
306 307
306 310
306 311
306 313
306 283
306 285
307 302
307 303
307 306
307 308
307 309
307 118
307 311
308 416
308 303
308 112
308 307
308 118
308 412
309 307
309 115
309 116
309 310
309 311
309 118
310 306
310 116
310 309
310 311
310 312
310 313
311 306
311 307
311 309
311 310
312 313
312 409
312 116
312 310
312 121
312 314
312 415
313 306
313 310
313 312
313 314
313 315
313 285
314 408
314 312
314 313
314 315
314 415
315 390
315 408
315 313
315 314
315 316
315 285
316 285
316 390
316 378
316 282
316 315
316 284
316 317
317 378
317 280
317 377
317 282
317 123
317 316
318 320
318 321
318 325
318 230
318 326
318 327
318 319
319 320
319 327
319 329
319 333
319 336
319 338
319 318
320 321
320 322
320 338
320 318
320 319
321 320
321 225
321 322
321 227
321 325
321 122
321 318
322 320
322 321
322 323
322 338
322 122
323 322
323 324
323 337
323 338
323 370
323 369
323 375
323 122
324 323
324 375
324 377
324 122
324 123
325 321
325 225
325 318
325 230
326 230
326 327
326 328
326 362
326 366
326 318
327 326
327 328
327 329
327 330
327 331
327 318
327 319
328 385
328 326
328 327
328 362
328 331
328 364
329 132
329 327
329 330
329 332
329 333
329 125
329 319
330 329
330 331
330 132
330 327
331 385
331 132
331 133
331 327
331 328
331 330
332 329
332 132
332 125
332 126
333 329
333 139
333 334
333 335
333 336
333 125
333 319
334 139
334 333
334 335
334 371
334 372
335 333
335 334
335 336
335 337
335 370
335 371
336 333
336 335
336 337
336 338
336 319
337 323
337 335
337 336
337 338
337 370
338 320
338 322
338 323
338 336
338 337
338 319
339 352
339 294
339 295
339 340
339 341
340 294
340 359
340 339
340 341
340 346
340 347
341 352
341 339
341 340
341 342
341 343
341 345
341 346
341 351
342 341
342 343
342 344
342 152
342 350
342 351
343 344
343 345
343 341
343 342
344 143
344 144
344 342
344 343
344 152
344 345
345 143
345 341
345 343
345 344
345 346
345 348
345 349
346 340
346 341
346 345
346 347
346 348
347 359
347 400
347 401
347 402
347 340
347 346
347 348
348 402
348 345
348 346
348 347
348 349
349 143
349 146
349 402
349 403
349 345
349 348
350 407
350 353
350 342
350 150
350 152
350 406
350 351
351 352
351 353
351 341
351 342
351 350
352 353
352 354
352 355
352 295
352 339
352 341
352 351
353 352
353 354
353 394
353 406
353 350
353 351
354 352
354 353
354 355
354 356
354 394
355 352
355 354
355 356
355 295
355 296
355 297
356 354
356 355
356 393
356 297
356 394
356 395
357 292
357 293
357 358
357 360
357 279
358 292
358 357
358 294
358 359
358 360
358 361
359 294
359 358
359 361
359 399
359 400
359 340
359 347
360 357
360 358
360 361
360 238
360 239
360 279
360 248
361 358
361 359
361 360
361 238
361 399
362 326
362 328
362 363
362 364
362 365
362 366
363 362
363 364
363 365
363 371
363 372
363 373
364 385
364 328
364 362
364 363
364 373
365 362
365 363
365 366
365 367
365 369
365 370
365 371
366 230
366 326
366 362
366 365
366 367
366 368
366 382
367 368
367 369
367 365
367 366
368 366
368 367
368 369
368 375
368 376
368 381
368 382
369 323
369 365
369 367
369 368
369 370
369 375
370 323
370 365
370 335
370 337
370 369
370 371
371 363
371 365
371 334
371 335
371 370
371 372
372 363
372 139
372 334
372 371
372 373
372 374
373 385
373 363
373 364
373 372
373 374
373 156
374 138
374 139
374 372
374 373
374 156
375 323
375 324
375 368
375 369
375 376
375 377
375 154
376 140
376 368
376 375
376 154
376 381
377 324
377 378
377 375
377 154
377 123
377 317
378 387
378 390
378 380
378 377
378 154
378 379
378 316
378 317
379 153
379 378
379 380
379 154
380 387
380 175
380 153
380 378
380 379
381 262
381 140
381 368
381 376
381 382
381 383
382 230
382 366
382 368
382 381
382 222
382 383
383 224
383 384
383 262
383 222
383 381
383 382
384 224
384 262
384 232
384 233
384 189
384 383
385 386
385 133
385 328
385 331
385 364
385 373
385 156
386 385
386 156
386 133
386 134
387 388
387 390
387 391
387 392
387 175
387 378
387 380
388 387
388 389
388 392
388 298
388 299
388 175
388 305
389 388
389 297
389 298
389 393
389 397
389 174
389 175
389 398
389 159
390 387
390 391
390 408
390 378
390 315
390 316
390 414
391 392
391 414
391 387
391 390
392 387
392 388
392 391
392 301
392 305
392 413
392 414
393 356
393 389
393 297
393 395
393 396
393 397
394 353
394 354
394 356
394 395
394 405
394 406
395 356
395 393
395 394
395 396
395 405
396 393
396 395
396 397
396 399
396 400
396 401
396 405
397 389
397 393
397 396
397 398
397 399
398 389
398 397
398 238
398 399
398 159
399 359
399 361
399 396
399 397
399 398
399 238
399 400
400 359
400 396
400 399
400 401
400 347
401 396
401 400
401 402
401 404
401 405
401 347
402 160
402 401
402 403
402 404
402 347
402 348
402 349
403 160
403 402
403 349
403 146
404 160
404 401
404 402
404 405
404 406
404 407
405 394
405 395
405 396
405 401
405 404
405 406
406 353
406 394
406 404
406 405
406 407
406 350
407 160
407 161
407 404
407 150
407 406
407 350
408 390
408 314
408 315
408 414
408 415
409 176
409 312
409 121
409 410
409 411
409 415
410 416
410 176
410 112
410 409
410 411
410 412
411 409
411 410
411 412
411 413
411 414
411 415
412 416
412 301
412 303
412 308
412 410
412 411
412 413
413 392
413 301
413 411
413 412
413 414
414 390
414 391
414 392
414 408
414 411
414 413
414 415
415 312
415 408
415 409
415 314
415 411
415 414
416 112
416 412
416 410
416 308
