0.097163 0.834207 -0.094009 -0.398169 0.823412 0.404294
-0.040369 0.720458 -0.015963 -0.530023 0.469136 0.706390
0.030641 0.718776 0.035949 -0.287700 0.640433 0.712092
0.031972 0.813994 -0.187366 -0.577915 0.810903 0.091927
-0.118614 0.610883 -0.233544 -0.936811 0.164558 -0.308715
0.004562 0.733851 -0.355426 -0.673562 0.444602 -0.590460
0.007112 0.777639 -0.280204 -0.704765 0.696136 -0.136751
-0.060289 0.563477 -0.349626 -0.750928 0.076254 -0.655966
0.195782 0.734919 -0.471272 -0.040323 -0.038804 -0.998433
0.217827 0.869749 -0.450209 -0.465970 0.453779 -0.759577
0.286220 0.830797 -0.467504 0.024509 -0.009238 -0.999657
0.090410 0.648664 -0.456651 -0.318097 -0.006017 -0.948039
0.015075 0.567085 -0.412296 -0.264793 -0.349392 -0.898782
0.292700 0.960953 -0.408225 -0.443636 0.728071 -0.522589
0.285909 0.896839 -0.460882 -0.297625 0.407928 -0.863142
0.218479 0.929991 -0.382364 -0.565639 0.763974 -0.310477
0.316171 1.000000 -0.330963 -0.201972 0.901796 0.382061
0.253256 0.968897 -0.298698 -0.191853 0.976216 0.100966
0.403984 0.879884 -0.325022 0.806977 0.565535 -0.170170
-0.054698 0.840885 -0.113551 -0.487118 0.870767 0.066944
-0.106514 0.698308 0.128154 -0.483328 0.574504 0.660560
0.009530 0.845211 0.001473 -0.185609 0.863246 0.469420
-0.193827 0.660169 0.010881 -0.895217 0.389258 0.216946
-0.091855 0.795973 -0.261644 -0.701880 0.668251 -0.246585
-0.234866 0.597489 -0.148867 -0.987109 0.155708 -0.037032
-0.209279 0.515655 -0.303977 -0.898499 0.147275 -0.413534
-0.083005 0.715263 -0.397363 -0.567178 0.552133 -0.611113
-0.025210 0.615813 -0.480566 -0.524908 0.198590 -0.827667
-0.144144 0.432150 -0.404759 -0.507125 -0.197069 -0.839040
-0.215532 0.007481 -0.216930 0.494203 -0.736230 0.462307
-0.202044 0.054840 -0.198474 0.194598 -0.028184 0.980478
-0.226687 0.021639 -0.199947 -0.057803 -0.327263 0.943164
-0.225667 0.081929 -0.205142 -0.352641 0.289894 0.889722
-0.246966 0.054792 -0.209203 -0.719356 0.230128 0.655415
-0.254626 0.028515 -0.205605 -0.566057 -0.118474 0.815808
-0.262560 0.000000 -0.227981 -0.702116 -0.687106 0.186865
-0.209780 0.003211 -0.244151 0.320541 -0.861254 -0.394329
-0.183418 0.035184 -0.254928 0.749341 -0.600005 -0.280147
-0.240203 0.006725 -0.251499 -0.401530 -0.477113 -0.781752
-0.228113 0.031878 -0.265129 -0.239646 -0.392622 -0.887929
-0.254579 0.040170 -0.243698 -0.930790 0.093958 -0.353273
-0.243216 0.075411 -0.254701 -0.867878 0.056017 -0.493608
-0.244009 0.082901 -0.224250 -0.897430 0.316508 0.307313
-0.195357 0.245586 -0.289016 -0.874243 0.280663 -0.396141
-0.156603 0.348644 -0.261190 -0.871677 0.368266 0.323357
-0.151512 0.342892 -0.301673 -0.813412 0.303200 -0.496418
-0.123894 0.402416 -0.310325 -0.785705 0.285381 -0.548840
-0.120446 0.327666 -0.333248 -0.412914 0.056246 -0.909031
-0.076138 0.299406 -0.277682 0.776310 -0.539155 0.326582
-0.113334 0.209430 -0.296487 0.911800 -0.394533 -0.113857
-0.072634 0.298443 -0.310684 0.732978 -0.575832 -0.362161
-0.094472 0.312799 -0.247901 0.548769 -0.229353 0.803896
-0.114855 0.217119 -0.263155 0.851292 -0.283321 0.441622
-0.063897 0.352413 -0.243452 0.314440 -0.680162 0.662199
-0.138213 0.361376 -0.207853 -0.004495 -0.895013 -0.446016
-0.124461 0.345943 -0.238097 -0.370430 -0.149547 0.916743
-0.132678 0.232090 -0.236085 0.522621 -0.076048 0.849166
0.000916 0.352923 -0.283217 0.529264 -0.838057 0.132439
0.077536 0.427777 -0.359261 0.333041 -0.656387 -0.676934
0.042598 0.379502 -0.288959 0.515863 -0.850797 0.100151
0.201241 0.545191 -0.406506 0.165063 -0.425701 -0.889681
0.285899 0.613783 -0.388588 0.729629 -0.499645 -0.466902
0.235858 0.529767 -0.354472 0.656862 -0.743424 -0.125905
0.131535 0.444325 -0.304129 0.602974 -0.794664 0.070221
0.017559 0.390241 -0.208911 0.472792 -0.826155 0.306489
-0.049134 0.369471 -0.221728 0.255657 -0.887173 0.384140
0.007981 0.423139 -0.143757 0.401856 -0.854572 0.328965
0.137901 0.499466 -0.106401 0.382296 -0.903259 0.194865
0.135814 0.477110 -0.183994 0.536083 -0.826812 0.170285
0.202998 0.522739 -0.100989 0.347531 -0.937528 0.016218
0.170827 0.520293 -0.006206 0.073641 -0.993925 -0.081789
0.105353 0.501856 -0.018503 0.340506 -0.919592 0.195974
0.398761 0.738895 -0.237086 0.826274 -0.561462 0.045064
0.428816 0.776109 -0.331794 0.855840 -0.408168 -0.317705
0.455773 0.807534 -0.258820 0.995513 0.020707 0.092333
0.412466 0.806362 -0.162298 0.944773 0.200738 0.259053
0.309106 0.682525 -0.402775 0.631580 -0.457172 -0.626179
0.382931 0.764199 -0.399054 0.720102 -0.074393 -0.689869
0.328280 0.791486 -0.438393 0.520369 -0.152845 -0.840151
-0.005460 0.394520 -0.354585 0.000039 -0.279130 -0.960253
0.030471 0.508071 -0.384338 -0.185069 -0.289020 -0.939264
-0.051222 0.431895 -0.349863 -0.386406 0.087164 -0.918201
-0.101603 0.454762 -0.318948 -0.707742 0.306620 -0.636463
-0.053772 0.510621 -0.328535 -0.782208 0.091968 -0.616192
-0.030603 0.366826 -0.351157 0.202332 -0.419410 -0.884962
-0.082533 0.307605 -0.333399 0.131652 -0.308004 -0.942232
-0.019892 0.348030 -0.326353 0.551434 -0.766266 -0.329783
-0.143342 0.481341 -0.230795 -0.759215 0.327928 -0.562189
-0.112711 0.545550 -0.207163 -0.935543 0.251453 -0.248055
-0.076866 0.386633 -0.347870 -0.329988 0.037484 -0.943241
-0.131441 0.211008 -0.314263 0.239069 -0.285353 -0.928127
-0.161930 0.508383 -0.152692 -0.833787 0.524679 -0.171790
-0.108932 0.596923 -0.081456 -0.843774 0.513554 0.155911
-0.133755 0.405014 -0.259169 -0.944706 0.164050 -0.283933
-0.161231 0.240590 -0.227886 -0.260407 0.194386 0.945728
-0.368621 0.084478 -0.067307 -0.944849 0.176512 -0.275869
-0.367979 0.022555 -0.073163 -0.527332 -0.454243 -0.718043
-0.387068 0.021998 -0.041163 -0.840454 -0.505094 0.196256
-0.358741 0.090382 -0.032973 -0.774613 0.431088 0.462750
-0.377528 0.040992 -0.018966 -0.449050 0.043012 0.892471
-0.330991 0.094557 -0.016444 -0.060700 0.212024 0.975377
-0.296686 0.053309 -0.087633 0.712422 -0.633857 -0.301132
-0.326995 0.020525 -0.039340 0.540498 -0.775349 0.326644
-0.330217 0.016293 -0.063236 0.186386 -0.899530 -0.395103
-0.318249 0.063491 -0.104861 0.108715 -0.520453 -0.846941
-0.331567 0.036402 -0.016699 0.152630 -0.392887 0.906832
-0.298046 0.075562 -0.025502 0.549867 -0.135195 0.824238
0.074778 0.509242 0.057663 0.428353 -0.852964 0.298271
0.040010 0.468099 -0.021280 0.383115 -0.904685 0.186463
0.023472 0.452164 -0.083430 0.393430 -0.887396 0.240295
-0.042797 0.452523 0.017294 0.305133 -0.930072 0.204597
-0.066787 0.419928 -0.045885 0.352732 -0.887746 0.295782
-0.328441 0.257393 0.297281 -0.878973 0.000687 -0.476871
-0.316049 0.211668 0.310854 -0.482250 -0.767007 -0.423243
-0.339558 0.234224 0.322169 -0.950022 -0.102714 -0.294802
-0.301437 0.211319 0.334788 0.245184 -0.954932 0.167303
-0.260614 0.244463 0.340587 0.657036 -0.389018 0.645731
-0.290301 0.226536 0.353934 0.293090 -0.442402 0.847572
-0.291746 0.228472 0.287080 -0.198891 -0.727776 -0.656342
-0.343950 0.231220 0.356380 -0.650750 -0.319460 0.688818
-0.310183 0.247363 0.362954 0.042135 -0.038800 0.998358
-0.288053 0.273696 0.355671 0.016737 0.351352 0.936094
0.193005 0.511179 0.045517 -0.238379 -0.970581 -0.033892
0.061971 0.527727 0.099978 0.228173 -0.649345 0.725457
0.119001 0.521361 0.051326 0.095744 -0.987254 0.127132
0.224854 0.360611 0.320497 -0.737803 -0.608509 -0.292168
0.257837 0.319260 0.380711 -0.144701 -0.982487 -0.117390
0.227782 0.339785 0.389589 -0.837325 -0.545512 0.036103
0.256260 0.335506 0.453695 -0.203707 -0.883026 0.422810
0.228198 0.347171 0.448717 -0.880975 -0.414207 0.228726
0.291651 0.329498 0.393528 0.711362 -0.698723 0.075828
0.283340 0.336375 0.447886 0.683426 -0.573751 0.451375
0.297800 0.350221 0.321404 0.558717 -0.772008 -0.303050
0.313309 0.375629 0.343402 0.994838 -0.058575 0.082867
0.297063 0.370435 0.416650 0.890487 0.334369 0.308596
0.284567 0.365296 0.468042 0.815290 0.382152 0.435042
0.260283 0.376139 0.480566 0.026328 0.063208 0.997653
0.229502 0.376952 0.463518 -0.653738 0.376975 0.656138
0.221974 0.387342 0.415507 -0.809227 0.491736 0.321476
0.206974 0.397325 0.348172 -0.998206 -0.059873 0.000186
0.205312 0.688023 0.017540 0.305334 0.366110 0.879053
0.225742 0.850963 -0.057229 0.040357 0.724868 0.687705
0.168882 0.742909 0.048209 0.163278 0.383173 0.909131
-0.387389 0.103879 0.112975 0.046641 -0.674210 -0.737065
-0.407535 0.080096 0.157793 0.275982 -0.953260 0.123006
-0.414449 0.086915 0.129089 -0.237654 -0.747042 -0.620846
-0.426521 0.130458 0.115667 -0.720976 -0.096828 -0.686162
-0.443484 0.101735 0.132687 -0.828358 -0.088268 -0.553202
-0.455773 0.090939 0.165774 -0.887410 -0.348523 0.301722
-0.402822 0.095681 0.181434 0.166897 -0.329247 0.929377
-0.414213 0.147110 0.172886 -0.299341 0.331019 0.894886
-0.436022 0.111057 0.184665 -0.290087 0.094040 0.952369
-0.373381 0.117981 0.171016 0.437386 -0.234978 0.868032
-0.033588 0.633590 0.028638 -0.559869 0.558627 0.611950
0.050154 0.611950 0.077508 -0.014324 0.601040 0.799091
0.066929 0.653859 0.054367 -0.028445 0.153826 0.987688
0.264052 0.421099 0.368460 0.235119 0.855310 0.461696
0.262560 0.389986 0.439734 0.197030 0.919635 0.339781
-0.157935 0.538475 -0.108281 -0.858629 0.451060 -0.243519
-0.160570 0.560823 -0.060355 -0.832249 0.554401 0.001232
-0.411946 0.198842 0.128654 -0.878822 0.473371 -0.059936
-0.431866 0.144050 0.146052 -0.901636 0.411148 0.134203
-0.111870 0.657467 -0.100498 -0.956878 0.285891 -0.051486
0.135077 0.612101 -0.426086 0.064507 -0.372799 -0.925667
0.091374 0.802943 0.013979 0.334362 0.773201 0.538853
-0.043930 0.630378 0.157443 -0.157997 0.264622 0.951321
-0.150303 0.450946 -0.288147 -0.742509 -0.640121 0.197295
-0.172886 0.533479 -0.129939 -0.726901 -0.592764 0.346764
-0.092120 0.366109 -0.381476 -0.511929 -0.637605 -0.575664
0.046679 0.583539 -0.474625 0.013545 -0.193700 -0.980967
-0.013214 0.681552 -0.398676 0.366361 0.755719 -0.542833
-0.017521 0.754829 -0.263344 0.422120 0.810163 -0.406757
0.025361 0.796076 -0.113258 0.457080 0.823207 -0.336761
-0.130968 0.595657 0.034711 -0.704824 -0.465611 0.535191
-0.130194 0.575435 -0.012855 -0.708312 0.657966 0.255685
-0.104096 0.583992 0.036468 -0.694967 0.696340 0.179253
-0.329980 0.265082 0.337140 -0.719950 0.586471 0.371110
0.317853 0.850755 -0.441028 0.746100 0.250588 -0.616879
0.322613 0.912527 -0.396078 0.680239 0.468409 -0.563797
0.341570 0.953010 -0.327458 0.663649 0.549526 -0.507535
0.212264 0.925005 -0.180414 -0.380356 0.856979 0.347729
0.160201 0.914719 -0.252321 -0.588646 0.807535 -0.037190
0.296714 0.980146 -0.229294 0.179302 0.977855 0.107936
0.283094 0.903517 -0.132366 0.256212 0.628111 0.734733
0.138222 0.875757 -0.337933 -0.639773 0.674154 -0.369062
0.143049 0.810735 -0.426483 -0.534691 0.442683 -0.719818
0.029035 0.696221 -0.403729 -0.610101 0.270213 -0.744823
0.345291 0.945312 -0.181293 0.674727 0.598112 0.432441
0.365476 0.877948 -0.174435 0.745678 0.472568 0.469728
0.322641 0.838797 -0.141188 0.429037 0.506857 0.747678
-0.177845 0.043127 -0.219489 0.789837 -0.374224 0.485915
-0.226923 0.063293 -0.276123 -0.381406 -0.176713 -0.907360
-0.177741 0.097003 -0.286551 0.130887 -0.290276 -0.947950
-0.197869 0.054792 -0.278796 0.223756 -0.430098 -0.874613
-0.155403 0.089466 -0.271807 0.762712 -0.444599 -0.469683
-0.152447 0.104588 -0.237605 0.902524 -0.282294 0.325210
-0.174757 0.114364 -0.211943 0.459397 0.019283 0.888022
-0.204972 0.124602 -0.215305 -0.259758 0.266960 0.928040
-0.191664 0.250725 -0.253162 -0.777743 0.323635 0.538865
-0.179668 0.185090 -0.221246 -0.301978 0.215085 0.928734
-0.209062 0.193439 -0.243839 -0.822831 0.327462 0.464454
-0.229275 0.134576 -0.234819 -0.871204 0.351894 0.342307
-0.233157 0.127200 -0.268114 -0.898486 0.195511 -0.393062
-0.211518 0.113296 -0.291037 -0.357880 -0.132012 -0.924389
-0.150860 0.158718 -0.302277 0.232903 -0.306675 -0.922880
-0.188131 0.172716 -0.305073 -0.396333 -0.058266 -0.916256
-0.209232 0.189878 -0.278116 -0.899802 0.215904 -0.379132
-0.170686 0.230512 -0.317739 -0.433765 0.003433 -0.901020
-0.130996 0.155658 -0.283887 0.890260 -0.369249 -0.266631
-0.131223 0.166407 -0.250819 0.904685 -0.218282 0.365922
-0.148820 0.176891 -0.226715 0.451109 -0.001625 0.892467
-0.105183 0.378538 -0.198341 0.246312 -0.928543 0.277736
-0.120805 0.353027 -0.183201 0.673839 -0.646115 -0.358436
-0.191437 0.306282 -0.185241 0.109832 -0.398502 -0.910568
-0.102084 0.381740 -0.147923 0.600917 -0.766584 0.226379
-0.064804 0.389485 -0.149897 0.226010 -0.933412 0.278677
0.008151 0.365749 -0.329980 0.453627 -0.751730 -0.478670
0.242366 0.615152 -0.421760 0.387889 -0.280807 -0.877889
-0.079794 0.398440 -0.102094 0.232348 -0.933135 0.274359
0.229870 0.687663 -0.436976 0.248918 -0.322613 -0.913214
0.338415 0.653094 -0.303118 0.808158 -0.560204 -0.181803
0.273365 0.561229 -0.215428 0.625571 -0.774700 -0.092201
0.371587 0.583227 0.072568 0.975172 -0.074915 0.208393
0.379530 0.572337 -0.060015 0.907946 -0.383574 -0.168836
0.385556 0.647238 -0.011202 0.968695 0.088580 0.231914
0.346604 0.517138 0.033040 0.628315 -0.759153 -0.170020
0.310466 0.547940 -0.108895 0.490728 -0.809174 -0.323147
0.271306 0.497275 0.005828 0.017287 -0.944929 -0.326819
0.373693 0.678757 -0.209893 0.846458 -0.501225 -0.179671
0.358495 0.704315 -0.322707 0.787860 -0.580271 -0.206306
0.353849 0.536842 0.113258 0.946673 -0.230992 0.224616
0.402237 0.712212 -0.135086 0.929932 -0.313620 -0.192015
0.389429 0.786197 -0.125405 0.661925 0.468692 0.584964
0.394473 0.724529 -0.080634 0.984391 0.042987 0.170664
-0.025039 0.337744 -0.285351 0.553716 -0.762679 0.334244
-0.115299 0.463367 -0.272695 -0.821442 0.306049 -0.481214
-0.167304 0.493865 -0.196660 -0.844662 0.416635 -0.336097
-0.158832 0.415347 -0.216382 -0.625687 -0.045680 -0.778735
-0.182152 0.458833 -0.079066 -0.894908 0.141399 -0.423256
-0.186110 0.439791 -0.117622 -0.875790 0.336225 0.346331
-0.201175 0.432962 -0.176022 -0.853388 0.427370 -0.298469
-0.222484 0.341824 -0.192703 -0.480620 0.061618 -0.874761
-0.226215 0.248846 -0.166993 0.071805 -0.338291 -0.938298
-0.260265 0.286371 -0.174483 -0.472888 -0.005738 -0.881104
-0.279051 0.249402 -0.161741 -0.591130 0.004233 -0.806565
-0.276426 0.306990 -0.140423 -0.868897 0.440846 -0.225107
-0.242715 0.216051 -0.157330 0.077357 -0.359596 -0.929896
-0.207976 0.336573 -0.093074 0.037973 0.141549 0.989203
-0.165557 0.394171 -0.098391 -0.067309 -0.335317 0.939698
-0.230077 0.361679 -0.109622 -0.714491 0.522052 0.465794
-0.241412 0.365400 -0.159087 -0.865570 0.463404 -0.189857
-0.233629 0.289677 -0.079293 0.082437 0.273776 0.958254
-0.262636 0.309890 -0.094897 -0.614499 0.543370 0.571961
-0.250234 0.256430 -0.064691 0.032914 0.276207 0.960534
-0.295779 0.271193 -0.128550 -0.910404 0.412624 -0.030101
-0.282631 0.275680 -0.085508 -0.606234 0.456190 0.651438
-0.303118 0.148886 -0.036289 -0.019790 0.292679 0.956006
-0.333891 0.158407 -0.055992 -0.748582 0.453958 0.483266
-0.347917 0.153372 -0.092564 -0.929863 0.301268 -0.211170
-0.331813 0.134123 -0.120560 -0.478201 -0.116660 -0.870468
-0.293229 0.110189 -0.119747 0.027331 -0.337012 -0.941103
-0.351742 0.071746 -0.101102 -0.524686 -0.154836 -0.837097
0.261436 0.789965 -0.063510 0.331428 0.594513 0.732605
-0.260822 0.110340 -0.072653 0.920008 -0.376564 0.108559
-0.270985 0.103218 -0.104701 0.637717 -0.502731 -0.583591
-0.288704 0.060648 -0.053196 0.832638 -0.492732 0.252844
-0.269804 0.124753 -0.042579 0.671395 -0.070068 0.737780
-0.224080 0.237539 -0.079293 0.690950 -0.097926 0.716239
-0.204471 0.265696 -0.088361 0.542904 -0.095353 0.834364
-0.137268 0.365806 -0.110349 0.523405 -0.249154 0.814843
-0.181501 0.299255 -0.099534 0.561627 -0.206745 0.801144
-0.195205 0.249809 -0.119058 0.822546 -0.489347 0.289755
-0.215182 0.220783 -0.111794 0.908973 -0.394626 0.134310
-0.222644 0.213246 -0.143927 0.808869 -0.482383 -0.336210
-0.204783 0.242272 -0.152381 0.727766 -0.580411 -0.365349
-0.171300 0.284029 -0.125358 0.812122 -0.523444 0.257808
-0.119247 0.355822 -0.142435 0.812202 -0.537444 0.226895
-0.120257 0.398345 -0.109527 0.299091 -0.814443 0.497219
-0.176154 0.282140 -0.160768 0.683202 -0.616377 -0.391554
-0.118737 0.408631 -0.071557 0.186359 -0.979335 0.078574
0.017738 0.493204 0.097504 0.513249 -0.679430 0.524358
0.007537 0.472019 0.058079 0.404204 -0.895756 0.185041
-0.009577 0.480122 0.117395 0.699549 -0.494496 0.515854
-0.150171 0.367129 0.191324 0.645405 -0.757902 -0.095062
-0.083326 0.432868 0.178355 0.750718 -0.469524 0.464725
-0.136805 0.384848 0.225336 0.818258 -0.403683 0.409259
-0.094689 0.410870 0.146902 0.535062 -0.842243 -0.065846
-0.024416 0.459135 0.087614 0.514692 -0.857373 0.002111
-0.061678 0.448698 0.057427 0.146850 -0.970190 -0.192787
-0.100054 0.438412 0.018711 0.261224 -0.860175 0.438020
-0.092894 0.412447 -0.030952 0.478134 -0.858723 0.184344
-0.124479 0.419219 0.025219 0.687658 -0.369744 0.624832
-0.173604 0.341664 0.020591 0.704354 -0.706886 0.064784
-0.119237 0.396768 -0.017729 0.673863 -0.728221 0.124916
-0.239438 0.297215 0.012326 0.509038 -0.753626 -0.415847
-0.228321 0.297828 0.047661 0.736896 -0.647938 0.192773
-0.173793 0.364427 0.055255 0.679889 -0.382849 0.625441
-0.190521 0.399054 0.064171 0.253993 0.172036 0.951783
-0.134416 0.455064 0.039727 -0.097181 -0.127762 0.987032
-0.122335 0.467589 0.064436 -0.540526 -0.756015 -0.369152
-0.121693 0.408980 0.123251 -0.087123 -0.753263 -0.651923
-0.203045 0.384489 0.159323 -0.531768 -0.272544 -0.801837
-0.219159 0.316058 0.208429 0.035921 -0.661670 -0.748935
-0.246852 0.334032 0.208306 -0.466291 -0.280599 -0.838950
-0.175059 0.368913 0.162412 0.245081 -0.779578 -0.576362
-0.156395 0.435258 0.114184 -0.569176 -0.329552 -0.753283
-0.191824 0.315803 0.233072 0.664847 -0.717066 -0.209273
-0.263240 0.261672 0.249535 0.153232 -0.713595 -0.683594
-0.292511 0.286881 0.243443 -0.602244 -0.245529 -0.759617
-0.266999 0.228066 0.308681 0.580523 -0.806757 -0.110165
-0.227981 0.277257 0.315331 0.829469 -0.464188 0.310662
-0.234573 0.262135 0.278579 0.662890 -0.725935 -0.183290
-0.243112 0.303685 0.333532 0.503756 0.199979 0.840379
-0.183843 0.330774 0.267434 0.823506 -0.302654 0.479832
-0.197388 0.353537 0.288081 0.433978 0.319451 0.842386
-0.151833 0.408319 0.246182 0.486874 0.290660 0.823693
-0.099015 0.464132 0.191324 0.501528 0.222005 0.836172
-0.010985 0.515655 0.126548 0.429754 0.093839 0.898057
0.309975 0.460722 0.138638 0.584742 -0.739753 -0.332932
0.262078 0.413155 0.195791 -0.219113 -0.841839 -0.493251
0.268633 0.453185 0.120305 -0.150142 -0.888579 -0.433457
0.271146 0.476042 0.071416 0.064960 -0.942407 -0.328101
0.221360 0.493912 0.086453 -0.504743 -0.837710 -0.208511
0.184296 0.519122 0.113598 -0.816722 -0.443911 0.368657
0.148640 0.529871 0.094925 -0.082700 -0.386705 0.918488
0.326061 0.493610 0.090184 0.639663 -0.747842 -0.177660
0.333144 0.489284 0.164206 0.975107 -0.183176 0.124951
0.295836 0.409235 0.210630 0.584705 -0.703776 -0.403509
0.318807 0.429609 0.231834 0.991341 -0.059644 0.116983
0.260085 0.382298 0.247211 -0.180908 -0.830940 -0.526128
0.295533 0.381438 0.255523 0.461658 -0.779466 -0.423443
0.312440 0.398241 0.274943 0.969202 -0.227761 -0.093660
0.259471 0.340597 0.306622 -0.122424 -0.896659 -0.425459
0.227603 0.400943 0.260539 -0.792279 -0.506445 -0.340307
0.214153 0.423498 0.279080 -0.994576 0.103100 0.013756
0.214030 0.451702 0.234725 -0.998558 -0.029421 0.044907
0.230191 0.429354 0.209411 -0.747674 -0.583072 -0.317821
0.206559 0.490814 0.163205 -0.945471 -0.325646 -0.006256
0.232014 0.470290 0.133585 -0.626201 -0.715157 -0.310521
-0.247268 0.270589 0.060459 0.817229 -0.576313 0.000112
-0.260029 0.269974 0.022376 0.518111 -0.650376 -0.555492
-0.300058 0.195782 0.095690 0.814667 -0.579513 -0.021969
-0.336875 0.160702 0.155658 0.762193 -0.321374 0.561944
-0.331312 0.144607 0.121173 0.793037 -0.605378 -0.067892
-0.369027 0.100111 0.143143 0.685267 -0.728284 -0.003249
-0.353197 0.147110 0.086207 0.392172 -0.638140 -0.662554
-0.321158 0.192013 0.062651 0.287630 -0.616388 -0.733031
-0.283576 0.287694 0.011334 -0.262293 -0.300786 -0.916913
-0.343308 0.211518 0.057012 -0.252098 -0.295525 -0.921472
-0.383327 0.163451 0.078774 -0.318169 -0.300038 -0.899303
-0.362935 0.186516 0.169628 0.176067 0.210560 0.961595
-0.303411 0.212434 0.133840 0.723340 -0.182676 0.665889
-0.249459 0.289073 0.096994 0.775300 -0.280081 0.566096
-0.323699 0.237643 0.141915 0.202899 0.279836 0.938362
-0.268350 0.314074 0.110548 0.282334 0.247307 0.926891
-0.230332 0.315245 0.080823 0.639678 -0.222321 0.735789
-0.247665 0.339530 0.092932 0.161027 0.342502 0.925615
-0.139034 0.391469 -0.050844 0.488508 -0.787244 -0.376306
-0.188632 0.339992 -0.016321 0.281607 -0.744312 -0.605555
-0.262041 0.313970 0.000208 -0.208726 -0.366429 -0.906732
-0.163630 0.403380 -0.072795 -0.384843 -0.702815 -0.598287
-0.212991 0.364380 -0.037092 -0.344434 -0.361538 -0.866404
0.317777 0.527623 0.183777 0.703077 0.488441 0.516825
0.267226 0.487244 0.268907 0.072546 0.805661 0.587918
0.307614 0.466673 0.261190 0.761298 0.461926 0.455028
0.269275 0.539391 0.192476 -0.127288 0.771373 0.623524
0.331643 0.579968 0.129476 0.469782 0.561061 0.681554
0.270475 0.591633 0.132319 -0.114632 0.720936 0.683455
0.267528 0.635828 0.090457 -0.104035 0.684117 0.721915
0.204197 0.559453 0.129740 -0.455902 0.559028 0.692561
0.219414 0.519840 0.179999 -0.744788 0.476220 0.467446
0.228179 0.475938 0.257129 -0.636242 0.637107 0.435075
0.227679 0.444778 0.301012 -0.641267 0.683327 0.349058
0.265271 0.455017 0.314707 0.120901 0.830421 0.543860
0.221879 0.416367 0.361367 -0.449529 0.796705 0.403961
0.166889 0.587761 0.094944 -0.174007 0.436251 0.882840
0.181302 0.634043 0.057361 -0.129662 0.652016 0.747036
0.045857 0.571468 0.098722 0.124214 0.222148 0.967068
-0.052232 0.562561 0.125688 0.067182 0.582874 0.809781
-0.027968 0.595912 0.087312 -0.120678 0.811975 0.571081
-0.080058 0.593362 0.076422 -0.378225 0.813652 0.441493
0.281479 0.698413 0.027533 -0.003555 0.706131 0.708072
0.351449 0.624012 0.083799 0.423598 0.592797 0.684950
0.357579 0.689855 0.013025 0.472946 0.622933 0.623118
0.375903 0.756557 -0.066504 0.472703 0.645600 0.599794
0.300775 0.432405 0.304204 0.835172 0.443118 0.325782
0.300502 0.402615 0.360366 0.725290 0.592541 0.350499
-0.114411 0.554664 0.104144 -0.625545 0.735440 0.260427
-0.130666 0.517393 0.066145 -0.970974 0.213959 -0.106917
-0.152844 0.508326 0.024888 -0.610122 0.536738 0.582807
-0.131535 0.493355 0.182275 -0.062407 0.706339 0.705117
-0.167606 0.501809 0.156622 -0.608626 0.766853 0.203742
-0.175909 0.473247 0.125405 -0.828989 0.289722 -0.478371
-0.224137 0.433529 0.049097 -0.358407 0.589889 0.723585
-0.296308 0.348852 0.091893 -0.295157 0.573190 0.764419
-0.274149 0.372683 0.075515 -0.406113 0.668887 0.622626
-0.293276 0.369168 0.040397 -0.807572 0.580424 -0.104576
-0.248146 0.435919 0.007528 -0.777152 0.625210 0.071744
-0.196179 0.501356 -0.027599 -0.839573 0.527378 -0.130342
-0.237709 0.402520 -0.029167 -0.723626 0.164643 -0.670267
-0.287666 0.346047 0.004307 -0.605960 0.130754 -0.784676
-0.311156 0.321659 0.015537 -0.783615 0.238275 -0.573736
-0.367997 0.236311 0.064870 -0.692950 0.121802 -0.710623
-0.407007 0.184324 0.090051 -0.800073 0.165650 -0.576578
-0.370708 0.250064 0.100139 -0.842189 0.538185 -0.032773
-0.315718 0.344573 0.054348 -0.816853 0.573062 0.065959
-0.353792 0.257091 0.131063 -0.489615 0.604312 0.628557
-0.393689 0.200873 0.158501 -0.573317 0.559659 0.598405
-0.184655 0.441624 0.232836 -0.010259 0.649887 0.759961
-0.268699 0.318910 0.328242 -0.322368 0.663511 0.675153
-0.300388 0.317173 0.300681 -0.804554 0.573684 0.153557
-0.261238 0.383166 0.254031 -0.686009 0.669208 0.285573
-0.266253 0.366619 0.224958 -0.844215 0.212199 -0.492212
-0.223154 0.426653 0.177892 -0.845972 0.265071 -0.462676
-0.218139 0.445033 0.206918 -0.591994 0.746342 0.304166
-0.227952 0.378029 0.281838 -0.120321 0.663787 0.738180
-0.303505 0.304242 0.265006 -0.901282 0.319172 -0.292950
