10 78
29 30
29 31
29 34
29 35
29 36
29 37
29 38
29 190
30 29
30 31
30 32
30 42
30 190
31 29
31 30
31 33
31 34
31 35
31 36
31 38
32 30
32 33
32 34
32 40
32 42
32 197
33 31
33 32
33 34
33 40
33 42
34 29
34 31
34 32
34 33
34 35
34 40
34 42
35 29
35 31
35 34
35 36
35 38
35 40
36 29
36 31
36 35
36 37
36 38
36 39
37 29
37 36
37 39
37 190
37 193
38 29
38 31
38 35
38 36
38 39
38 40
39 36
39 37
39 38
39 40
39 190
39 191
39 193
40 32
40 33
40 34
40 35
40 38
40 39
40 41
41 40
41 42
41 191
41 193
41 203
42 30
42 32
42 33
42 34
42 41
42 197
43 198
44 45
45 44
45 46
45 47
46 45
46 93
47 45
47 50
47 85
48 50
48 51
48 85
49 52
49 90
49 207
50 47
50 48
50 85
51 48
51 55
52 49
52 56
52 209
53 65
54 55
54 211
54 212
55 51
55 54
56 52
56 94
57 59
57 216
57 234
59 57
59 216
60 62
62 60
65 53
75 232
78 10
79 216
81 82
81 89
82 81
84 86
84 89
84 216
85 47
85 48
85 50
86 84
86 216
86 234
87 235
87 236
89 81
89 84
90 49
90 205
90 207
91 167
93 46
94 56
94 198
94 199
94 210
95 98
95 261
96 97
96 99
96 102
96 103
97 96
97 99
97 102
97 103
98 95
98 99
98 100
98 105
99 96
99 97
99 98
99 105
100 98
100 105
100 106
101 104
101 265
102 96
102 97
102 103
102 105
102 265
103 96
103 97
103 102
104 101
104 261
105 98
105 99
105 100
105 102
105 106
106 100
106 105
106 265
107 124
108 109
109 108
110 288
111 290
112 113
112 114
112 118
112 119
112 176
113 112
113 114
113 115
113 117
113 118
113 119
113 309
114 112
114 113
114 115
114 118
114 119
114 176
115 113
115 114
115 116
115 117
115 118
115 119
115 120
116 115
116 117
116 121
116 309
116 310
117 113
117 115
117 116
117 120
117 121
117 309
118 112
118 113
118 114
118 115
118 309
119 112
119 113
119 114
119 115
119 120
119 176
120 115
120 117
120 119
120 121
120 176
121 116
121 117
121 120
121 176
121 409
122 322
123 377
124 107
125 139
125 332
126 127
126 130
127 126
127 138
128 129
128 131
128 135
128 136
128 137
129 128
129 136
129 137
130 126
130 131
130 134
131 128
131 130
131 134
131 135
132 133
132 332
132 386
133 132
133 386
134 130
134 131
134 135
134 157
135 128
135 131
135 134
135 136
135 157
136 128
136 129
136 135
136 137
136 157
137 128
137 129
137 136
138 127
138 157
139 125
139 374
143 145
143 146
143 343
143 344
144 145
144 147
144 148
144 149
144 151
144 344
145 143
145 144
145 146
145 147
145 149
145 344
146 143
146 145
146 147
146 161
147 144
147 145
147 146
147 148
147 151
148 144
148 147
148 149
148 151
149 144
149 145
149 148
149 151
149 152
149 344
150 151
150 152
150 160
150 161
150 407
151 144
151 147
151 148
151 149
151 150
151 161
152 149
152 150
152 342
152 344
152 350
154 155
154 377
155 154
157 134
157 135
157 136
157 138
158 159
158 167
159 158
160 150
160 403
160 407
161 146
161 150
161 151
167 91
167 158
170 186
173 175
175 173
176 112
176 114
176 119
176 120
176 121
186 170
190 29
190 30
190 37
190 39
190 193
191 39
191 41
191 193
191 203
192 193
192 194
192 195
192 203
193 37
193 39
193 41
193 190
193 191
193 192
193 194
194 192
194 193
194 195
194 204
195 192
195 194
195 196
196 195
196 197
197 32
197 42
197 196
197 201
198 43
198 94
199 94
199 200
199 210
200 199
200 201
200 206
201 197
201 200
201 202
201 206
202 201
202 203
202 206
203 41
203 191
203 192
203 202
203 206
204 194
204 205
204 208
205 90
205 204
205 206
206 200
206 201
206 202
206 203
206 205
207 49
207 90
208 204
208 209
209 52
209 208
209 210
210 94
210 199
210 209
211 54
211 212
211 214
211 276
212 54
212 211
212 276
213 241
213 278
214 211
214 215
214 218
214 269
214 276
215 214
215 218
216 57
216 59
216 79
216 84
216 86
216 234
218 214
218 215
218 279
222 230
222 382
227 321
230 222
230 325
232 75
233 384
234 57
234 86
234 216
235 87
236 87
237 240
238 239
239 238
239 248
240 237
241 213
242 244
242 246
242 273
242 274
242 278
243 245
244 242
244 246
244 273
244 274
245 243
245 252
245 254
246 242
246 244
246 273
246 274
247 249
247 251
247 252
247 270
248 239
248 269
248 277
248 279
248 357
248 360
249 247
249 250
250 249
251 247
251 252
251 255
251 268
252 245
252 247
252 251
252 255
253 267
254 245
254 255
255 251
255 252
255 254
256 257
256 266
257 256
257 258
258 257
258 259
259 258
260 263
260 264
261 95
261 104
263 260
263 264
263 266
264 260
264 263
265 101
265 102
265 106
266 256
266 263
267 253
267 268
267 271
267 272
268 251
268 267
268 270
268 271
268 275
269 214
269 248
269 276
269 277
269 279
269 360
270 247
270 268
270 271
270 275
270 278
271 267
271 268
271 270
271 272
271 274
272 267
272 271
272 273
272 274
273 242
273 244
273 246
273 272
273 274
274 242
274 244
274 246
274 271
274 272
274 273
275 268
275 270
275 278
276 211
276 212
276 214
276 269
276 277
277 248
277 269
277 276
277 279
277 360
278 213
278 242
278 270
278 275
279 218
279 248
279 269
279 277
279 357
279 360
280 281
280 282
280 317
281 280
281 282
281 287
282 280
282 281
282 287
282 317
283 285
283 304
284 286
284 316
285 283
285 315
286 284
286 300
287 281
287 282
287 288
288 110
288 287
288 289
289 288
289 291
289 293
289 298
290 111
290 293
291 289
291 293
291 298
292 296
292 358
293 289
293 290
293 291
294 295
294 340
294 347
294 359
295 294
295 339
295 352
295 355
296 292
296 297
297 296
297 393
298 289
298 291
298 299
299 298
299 388
300 286
301 304
301 413
302 303
302 306
303 302
303 412
304 283
304 301
305 392
306 302
306 313
307 308
307 311
308 307
308 416
309 113
309 116
309 117
309 118
309 311
310 116
310 311
310 312
310 409
311 307
311 309
311 310
312 310
312 409
313 306
313 314
314 313
314 415
315 285
316 284
317 280
317 282
318 320
318 326
319 327
319 336
320 318
320 338
321 227
322 122
322 323
323 322
323 324
323 337
323 369
324 323
325 230
326 318
326 362
327 319
327 328
328 327
328 330
328 331
328 364
329 330
329 333
330 328
330 329
330 331
331 328
331 330
331 364
331 385
332 125
332 132
333 329
333 334
334 333
334 371
334 372
335 336
335 371
336 319
336 335
337 323
337 338
337 370
338 320
338 337
339 295
339 340
339 352
339 355
340 294
340 339
340 347
340 359
341 346
341 351
342 152
342 350
343 143
343 344
343 345
344 143
344 144
344 145
344 149
344 152
344 343
345 343
345 349
346 341
346 348
347 294
347 340
347 359
347 401
348 346
348 402
349 345
349 403
350 152
350 342
350 407
351 341
351 353
352 295
352 339
352 354
352 355
352 356
353 351
353 406
354 352
354 355
354 356
354 394
355 295
355 339
355 352
355 354
355 356
356 352
356 354
356 355
356 394
356 395
357 248
357 279
357 360
358 292
358 361
359 294
359 340
359 347
359 400
359 401
360 248
360 269
360 277
360 279
360 357
361 358
361 399
362 326
362 365
364 328
364 331
364 373
364 385
365 362
369 323
370 337
371 334
371 335
371 372
372 334
372 371
372 373
372 374
373 364
373 372
373 385
374 139
374 372
375 376
376 375
377 123
377 154
379 380
380 379
382 222
384 233
385 331
385 364
385 373
386 132
386 133
388 299
389 398
390 391
391 390
391 392
392 305
392 391
393 297
393 397
394 354
394 356
394 405
395 356
395 396
395 405
396 395
396 400
396 401
396 405
397 393
398 389
399 361
400 359
400 396
400 401
401 347
401 359
401 396
401 400
402 348
402 404
403 160
403 349
403 407
404 402
404 406
405 394
405 395
405 396
406 353
406 404
407 150
407 160
407 350
407 403
408 414
409 121
409 310
409 312
409 410
410 409
410 416
411 412
411 415
412 303
412 411
413 301
413 414
414 408
414 413
415 314
415 411
416 308
416 410
