0 1
0 2
0 4
0 11
0 182
0 188
1 0
1 2
1 130
1 75
1 11
1 12
2 0
2 1
2 130
2 3
2 4
2 123
3 2
3 4
3 9
3 10
3 184
3 122
3 123
4 0
4 2
4 3
4 182
4 183
4 184
5 6
5 7
5 8
5 16
5 18
5 182
5 183
6 5
6 7
6 9
6 394
6 113
6 183
7 8
7 113
7 5
7 6
8 16
8 5
8 7
9 161
9 3
9 6
9 10
9 394
9 183
9 184
10 161
10 9
10 122
10 3
11 0
11 1
11 12
11 185
11 187
11 188
12 1
12 74
12 75
12 11
12 13
12 187
13 74
13 12
13 14
13 15
13 84
13 187
14 13
14 15
14 82
14 342
14 185
14 186
14 187
15 82
15 84
15 13
15 14
16 8
16 17
16 18
16 5
17 16
17 18
17 19
17 20
18 5
18 16
18 17
18 20
18 182
18 188
19 160
19 107
19 109
19 110
19 112
19 17
19 113
19 20
19 344
19 190
19 189
19 158
19 159
20 17
20 18
20 19
20 185
20 188
20 189
21 195
21 196
21 22
21 23
21 25
21 26
21 27
22 192
22 194
22 195
22 21
22 23
22 24
22 191
23 24
23 25
23 21
23 22
24 192
24 139
24 140
24 143
24 22
24 23
24 25
25 128
25 196
25 143
25 21
25 23
25 24
26 195
26 197
26 40
26 209
26 21
26 27
27 196
27 40
27 41
27 42
27 43
27 21
27 26
27 252
28 33
28 36
28 54
28 55
28 29
28 30
28 31
29 32
29 201
29 53
29 55
29 28
29 30
29 31
30 28
30 29
30 55
31 32
31 33
31 34
31 35
31 28
31 29
32 193
32 35
32 198
32 199
32 201
32 29
32 31
33 34
33 28
33 36
33 31
34 33
34 35
34 36
34 37
34 38
34 39
34 31
35 32
35 34
35 199
35 39
35 202
35 31
36 33
36 34
36 37
36 54
36 28
37 34
37 36
37 38
37 206
37 207
37 241
37 54
38 34
38 37
38 39
38 205
38 206
39 34
39 35
39 38
39 202
39 205
40 41
40 142
40 208
40 209
40 26
40 27
41 135
41 40
41 42
41 142
41 27
42 135
42 41
42 43
42 397
42 144
42 211
42 147
42 27
43 42
43 211
43 216
43 217
43 27
43 252
44 229
44 45
44 46
44 47
44 59
45 44
45 46
45 47
45 48
45 58
46 58
46 59
46 44
46 45
47 229
47 231
47 44
47 237
47 45
47 48
48 45
48 237
48 47
48 49
48 50
48 58
49 236
49 237
49 239
49 48
49 50
49 51
50 48
50 49
50 51
50 52
50 58
51 239
51 240
51 49
51 50
51 52
51 56
52 50
52 51
52 56
52 57
52 58
53 198
53 201
53 241
53 210
53 54
53 55
53 29
54 36
54 37
54 241
54 53
54 55
54 28
55 53
55 54
55 28
55 29
55 30
56 240
56 51
56 52
56 57
56 254
57 52
57 56
57 58
57 59
57 254
57 255
58 45
58 46
58 48
58 50
58 52
58 57
58 59
59 257
59 229
59 44
59 46
59 57
59 58
59 255
60 65
60 66
60 259
60 69
60 61
60 62
61 259
61 260
61 267
61 60
61 62
61 63
62 64
62 65
62 60
62 61
62 63
63 64
63 70
63 71
63 298
63 267
63 61
63 62
64 65
64 70
64 62
64 63
65 64
65 66
65 67
65 68
65 70
65 60
65 62
66 65
66 67
66 68
66 69
66 60
67 65
67 66
67 68
68 65
68 66
68 67
68 69
68 70
68 296
68 268
69 66
69 259
69 68
69 264
69 268
69 60
70 64
70 65
70 68
70 71
70 296
70 63
71 294
71 70
71 296
71 297
71 298
71 63
72 73
72 74
72 76
72 314
72 316
73 72
73 74
73 75
73 304
73 308
73 311
73 314
74 72
74 73
74 75
74 76
74 13
74 12
74 83
74 84
75 1
75 130
75 131
75 73
75 74
75 12
75 303
75 311
75 251
76 72
76 74
76 83
76 316
77 133
77 134
77 78
77 79
77 80
77 81
77 154
78 323
78 329
78 77
78 79
78 81
78 154
78 155
79 154
79 77
79 78
80 81
80 77
80 133
80 157
81 322
81 323
81 77
81 78
81 80
81 157
82 14
82 15
82 83
82 84
82 341
82 342
82 343
83 74
83 76
83 334
83 335
83 82
83 84
83 341
83 316
84 74
84 13
84 15
84 82
84 83
85 105
85 106
85 86
85 87
85 88
85 92
85 93
86 357
86 358
86 362
86 85
86 87
86 91
86 93
87 85
87 86
87 88
87 89
87 90
87 91
88 101
88 106
88 85
88 87
88 89
89 101
89 102
89 87
89 88
89 90
90 89
90 91
90 102
90 87
91 100
91 357
91 102
91 103
91 86
91 87
91 90
92 104
92 105
92 363
92 369
92 85
92 377
92 93
93 362
93 363
93 85
93 86
93 92
94 96
94 371
94 404
94 151
94 152
94 95
95 96
95 97
95 333
95 334
95 370
95 371
95 94
96 97
96 152
96 153
96 94
96 95
97 96
97 385
97 383
97 364
97 370
97 372
97 153
97 95
98 99
98 100
98 359
98 103
98 378
98 380
98 382
99 98
99 100
99 101
99 104
99 105
99 382
100 98
100 99
100 101
100 102
100 103
100 91
101 99
101 100
101 102
101 105
101 106
101 88
101 89
102 100
102 101
102 89
102 90
102 91
103 98
103 100
103 357
103 358
103 359
103 91
104 99
104 105
104 377
104 378
104 92
104 382
105 99
105 101
105 104
105 106
105 85
105 92
106 88
106 105
106 85
106 101
107 391
107 108
107 109
107 111
107 112
107 19
108 390
108 391
108 107
108 109
108 110
109 19
109 107
109 108
109 110
110 389
110 390
110 108
110 109
110 19
110 344
110 345
111 391
111 393
111 394
111 107
111 395
111 112
111 113
111 114
112 19
112 113
112 107
112 111
113 160
113 6
113 7
113 394
113 111
113 112
113 19
114 393
114 395
114 111
114 115
114 116
115 161
115 394
115 395
115 114
115 116
115 122
115 125
116 392
116 393
116 114
116 115
116 118
116 124
116 125
117 388
117 392
117 118
117 119
117 153
118 392
118 146
118 116
118 117
118 119
118 120
118 124
119 117
119 118
119 151
119 120
119 153
119 149
119 152
120 146
120 147
120 149
120 118
120 119
120 150
120 219
120 221
121 128
121 143
121 122
121 123
121 126
122 161
122 3
122 10
122 115
122 121
122 123
122 125
122 126
123 128
123 129
123 130
123 2
123 3
123 121
123 122
123 127
124 145
124 146
124 116
124 118
124 125
125 396
125 144
125 145
125 115
125 116
125 122
125 124
125 126
126 136
126 138
126 396
126 143
126 121
126 122
126 125
127 128
127 129
127 123
127 196
128 121
128 196
128 143
128 25
128 123
128 127
129 130
129 196
129 132
129 123
129 252
129 127
130 129
130 1
130 131
130 132
130 2
130 75
130 123
131 130
131 132
131 75
131 249
131 250
131 251
132 129
132 130
132 131
132 248
132 249
132 252
133 134
133 77
133 80
133 156
133 157
134 416
134 133
134 77
134 154
134 155
134 156
135 136
135 137
135 41
135 42
135 141
135 142
135 397
136 135
136 137
136 138
136 396
136 397
136 144
136 126
137 135
137 136
137 138
137 139
137 140
137 141
138 136
138 137
138 139
138 143
138 126
139 137
139 138
139 140
139 143
139 24
140 192
140 200
140 137
140 139
140 203
140 204
140 141
140 24
141 135
141 137
141 204
141 140
141 142
141 208
142 135
142 40
142 41
142 141
142 208
143 128
143 121
143 138
143 139
143 24
143 25
143 126
144 136
144 42
144 396
144 397
144 145
144 147
144 125
145 144
145 146
145 147
145 124
145 125
146 145
146 147
146 118
146 120
146 124
147 42
147 144
147 145
147 146
147 211
147 120
147 219
148 399
148 400
148 404
148 149
148 150
148 151
149 148
149 119
149 150
149 151
149 120
150 398
150 399
150 148
150 149
150 120
150 285
150 221
151 148
151 404
151 149
151 119
151 152
151 94
152 96
152 119
152 151
152 153
152 94
153 96
153 97
153 385
153 388
153 117
153 119
153 152
154 134
154 77
154 78
154 79
154 155
155 416
155 134
155 329
155 78
155 154
155 412
156 416
156 133
156 134
156 328
156 157
156 415
157 322
157 133
157 326
157 328
157 80
157 81
157 156
158 160
158 19
158 159
159 19
159 158
160 113
160 19
160 158
161 9
161 10
161 394
161 115
161 122
162 163
162 164
162 165
162 179
162 181
163 162
163 164
163 165
163 166
163 167
163 176
163 177
164 177
164 162
164 163
164 179
165 162
165 163
165 166
165 180
165 181
166 163
166 165
166 167
166 168
166 169
166 178
166 180
167 163
167 166
167 168
167 172
167 176
168 166
168 167
168 169
168 170
168 172
168 175
169 166
169 168
169 170
169 171
169 173
169 178
170 168
170 169
170 171
170 173
170 174
170 175
171 169
171 170
171 173
172 168
172 175
172 176
172 167
173 169
173 170
173 171
173 174
173 178
174 170
174 173
174 175
175 168
175 170
175 172
175 174
176 177
176 163
176 172
176 167
177 176
177 163
177 164
177 179
178 169
178 180
178 173
178 166
179 177
179 162
179 164
179 181
180 178
180 165
180 166
180 181
181 162
181 179
181 180
181 165
182 0
182 4
182 5
182 18
182 183
182 188
183 4
183 5
183 6
183 9
183 182
183 184
184 9
184 3
184 4
184 183
185 11
185 14
185 20
185 186
185 187
185 188
185 189
186 14
186 342
186 185
186 346
186 189
186 190
187 11
187 12
187 13
187 14
187 185
188 0
188 11
188 18
188 20
188 182
188 185
189 19
189 20
189 185
189 186
189 190
190 186
190 19
190 344
190 346
190 189
191 192
191 193
191 194
191 199
191 200
191 22
192 200
192 140
192 22
192 24
192 191
193 32
193 194
193 198
193 199
193 191
194 193
194 195
194 197
194 198
194 22
194 191
195 194
195 197
195 21
195 22
195 26
196 128
196 129
196 21
196 25
196 27
196 252
196 127
197 194
197 195
197 198
197 209
197 26
198 32
198 193
198 194
198 197
198 201
198 209
198 210
198 53
199 32
199 193
199 35
199 200
199 202
199 191
200 192
200 199
200 202
200 203
200 140
200 191
201 32
201 53
201 29
201 198
202 35
202 39
202 200
202 199
202 203
202 205
203 200
203 202
203 204
203 140
203 205
203 206
204 203
204 140
204 141
204 206
204 207
204 208
205 38
205 39
205 202
205 203
205 206
206 37
206 38
206 203
206 204
206 205
206 207
207 37
207 204
207 206
207 208
207 209
207 210
207 241
208 40
208 204
208 141
208 142
208 207
208 209
209 197
209 198
209 40
209 207
209 208
209 210
209 26
210 198
210 207
210 209
210 241
210 53
211 42
211 43
211 147
211 217
211 218
211 219
212 238
212 239
212 240
212 213
212 214
212 253
212 254
213 228
213 234
213 235
213 238
213 212
213 214
213 215
214 212
214 213
214 246
214 215
214 216
214 247
214 253
215 227
215 228
215 213
215 214
215 216
215 217
216 43
216 214
216 215
216 246
216 217
216 252
217 227
217 43
217 211
217 215
217 216
217 218
218 227
218 211
218 217
218 219
218 220
219 147
219 211
219 120
219 218
219 220
219 221
220 225
220 226
220 227
220 285
220 218
220 219
220 221
221 150
221 120
221 219
221 220
221 285
222 224
222 230
222 233
222 234
222 223
223 224
223 225
223 226
223 233
223 242
223 249
223 222
224 225
224 228
224 234
224 222
224 223
225 224
225 226
225 227
225 228
225 220
225 223
226 225
226 249
226 220
226 285
226 286
226 223
227 225
227 228
227 215
227 217
227 218
227 220
228 224
228 225
228 227
228 234
228 213
228 215
229 257
229 258
229 230
229 231
229 232
229 44
229 47
229 59
230 229
230 231
230 232
230 233
230 234
230 235
230 236
230 222
231 229
231 230
231 236
231 237
231 47
232 258
232 229
232 230
232 233
232 245
233 230
233 232
233 242
233 245
233 222
233 223
234 224
234 228
234 230
234 235
234 213
234 222
235 230
235 234
235 236
235 238
235 213
236 230
236 231
236 235
236 237
236 238
236 239
236 49
237 231
237 236
237 47
237 48
237 49
238 235
238 236
238 239
238 212
238 213
239 236
239 238
239 240
239 49
239 51
239 212
240 239
240 51
240 212
240 56
240 254
241 37
241 207
241 210
241 53
241 54
242 233
242 243
242 244
242 245
242 248
242 249
242 223
243 256
243 242
243 244
243 245
243 246
243 247
243 253
244 248
244 242
244 243
244 246
245 256
245 258
245 232
245 233
245 242
245 243
246 243
246 244
246 214
246 247
246 248
246 252
246 216
247 253
247 243
247 214
247 246
248 132
248 242
248 244
248 246
248 249
248 252
249 226
249 131
249 132
249 242
249 248
249 250
249 286
249 223
250 290
250 131
250 300
250 302
250 303
250 249
250 251
250 286
251 75
251 250
251 131
251 303
252 129
252 132
252 196
252 43
252 246
252 248
252 27
252 216
253 256
253 243
253 212
253 214
253 247
253 254
253 255
254 240
254 212
254 56
254 57
254 253
254 255
255 256
255 257
255 57
255 59
255 253
255 254
256 257
256 258
256 243
256 245
256 253
256 255
257 256
257 258
257 229
257 59
257 255
258 256
258 257
258 229
258 232
258 245
259 260
259 261
259 69
259 264
259 60
259 61
260 259
260 261
260 262
260 263
260 266
260 267
260 61
261 264
261 259
261 260
261 262
262 260
262 261
262 263
262 264
262 269
262 270
262 280
262 281
263 260
263 262
263 265
263 266
263 281
264 259
264 69
264 261
264 262
264 268
264 269
265 289
265 291
265 263
265 297
265 266
265 299
265 281
266 260
266 263
266 265
266 297
266 267
267 260
267 297
267 266
267 298
267 61
267 63
268 68
268 69
268 295
268 264
268 296
268 269
268 271
269 262
269 264
269 268
269 270
269 271
270 262
270 269
270 271
270 272
270 273
270 279
270 280
271 295
271 268
271 269
271 270
271 272
271 307
272 270
272 271
272 273
272 274
272 307
273 270
273 272
273 274
273 275
273 278
273 279
274 272
274 273
274 306
274 275
274 305
274 307
275 304
275 273
275 274
275 305
275 276
275 277
275 278
276 399
276 275
276 277
276 278
276 282
276 283
277 399
277 304
277 275
277 276
277 308
277 310
278 273
278 275
278 276
278 279
278 282
279 288
279 270
279 273
279 278
279 280
279 282
280 288
280 262
280 270
280 279
280 281
281 288
281 289
281 262
281 263
281 265
281 280
282 288
282 276
282 278
282 279
282 283
282 284
282 287
283 398
283 399
283 276
283 282
283 284
283 285
284 282
284 283
284 285
284 286
284 287
285 226
285 398
285 284
285 150
285 283
285 220
285 221
285 286
286 226
286 290
286 249
286 250
286 284
286 285
286 287
287 288
287 289
287 290
287 282
287 284
287 286
288 289
288 279
288 280
288 281
288 282
288 287
289 288
289 290
289 265
289 299
289 300
289 281
289 287
290 289
290 300
290 250
290 286
290 287
291 292
291 293
291 294
291 297
291 265
291 299
292 291
292 293
292 299
292 300
292 301
292 305
292 306
293 291
293 292
293 294
293 295
293 306
293 307
294 291
294 293
294 71
294 296
294 295
294 297
295 293
295 294
295 296
295 268
295 271
295 307
296 68
296 70
296 71
296 294
296 295
296 268
297 291
297 294
297 71
297 265
297 298
297 267
297 266
298 297
298 267
298 63
298 71
299 289
299 291
299 292
299 265
299 300
300 289
300 290
300 292
300 299
300 301
300 302
300 250
301 292
301 300
301 302
301 304
301 305
302 300
302 301
302 303
302 304
302 250
303 75
303 302
303 304
303 311
303 250
303 251
304 73
304 301
304 302
304 303
304 305
304 275
304 308
304 277
304 311
305 292
305 301
305 304
305 306
305 275
305 274
306 292
306 293
306 305
306 274
306 307
307 293
307 295
307 271
307 272
307 306
307 274
308 73
308 304
308 277
308 309
308 310
308 312
308 314
309 401
309 308
309 310
309 312
309 313
310 399
310 400
310 401
310 308
310 277
310 309
311 304
311 73
311 75
311 303
312 308
312 309
312 313
312 314
312 315
312 318
312 319
313 320
313 327
313 401
313 402
313 403
313 309
313 312
313 319
314 72
314 73
314 308
314 312
314 315
314 316
314 317
315 312
315 314
315 317
315 318
316 72
316 76
316 332
316 333
316 334
316 83
316 314
316 317
317 325
317 331
317 332
317 314
317 315
317 316
317 318
318 321
318 324
318 325
318 312
318 315
318 317
318 319
319 320
319 321
319 312
319 313
319 318
320 321
320 322
320 326
320 327
320 328
320 313
320 319
321 320
321 322
321 323
321 324
321 318
321 319
322 320
322 321
322 323
322 326
322 81
322 157
323 321
323 322
323 324
323 329
323 78
323 81
324 321
324 323
324 325
324 329
324 330
324 318
325 324
325 330
325 331
325 317
325 318
326 320
326 322
326 328
326 157
327 320
327 328
327 403
327 313
327 415
328 320
328 326
328 327
328 156
328 157
328 415
329 323
329 324
329 330
329 78
329 155
329 412
329 414
330 324
330 325
330 329
330 331
330 414
331 325
331 330
331 332
331 410
331 317
331 414
332 331
332 333
332 405
332 408
332 410
332 316
332 317
333 332
333 334
333 371
333 405
333 316
333 95
334 333
334 335
334 370
334 83
334 316
334 95
335 364
335 334
335 370
335 339
335 83
335 340
335 341
336 353
336 354
336 355
336 337
336 338
336 339
336 349
337 355
337 361
337 365
337 336
337 368
337 338
337 340
338 336
338 337
338 339
338 340
339 335
339 336
339 338
339 340
339 341
339 343
339 349
340 364
340 365
340 335
340 337
340 338
340 339
341 335
341 82
341 83
341 339
341 343
342 346
342 14
342 82
342 343
342 186
342 347
342 348
343 82
343 339
343 341
343 342
343 348
343 349
344 110
344 19
344 345
344 346
344 190
345 389
345 110
345 344
345 346
345 347
345 350
346 342
346 344
346 345
346 186
346 347
346 190
347 342
347 345
347 346
347 348
347 350
347 351
348 352
348 342
348 343
348 347
348 349
348 351
349 352
349 353
349 336
349 339
349 343
349 348
350 387
350 389
350 345
350 347
350 351
351 352
351 387
351 347
351 348
351 350
352 384
352 353
352 387
352 348
352 349
352 351
353 352
353 384
353 354
353 386
353 336
353 349
353 381
354 353
354 355
354 356
354 336
354 379
354 381
355 354
355 356
355 360
355 361
355 336
355 337
356 354
356 355
356 358
356 359
356 360
356 379
357 358
357 91
357 86
357 103
358 356
358 357
358 359
358 103
358 360
358 362
358 86
359 98
359 356
359 358
359 103
359 379
359 380
360 355
360 356
360 358
360 361
360 362
361 355
361 360
361 362
361 363
361 368
361 337
362 358
362 360
362 361
362 363
362 86
362 93
363 361
363 362
363 368
363 369
363 92
363 93
364 97
364 365
364 366
364 335
364 370
364 340
364 372
364 373
365 364
365 366
365 367
365 368
365 337
365 340
366 364
366 365
366 367
366 373
366 376
367 365
367 366
367 368
367 369
367 376
367 377
368 361
368 363
368 365
368 367
368 337
368 369
369 363
369 367
369 368
369 377
369 92
370 97
370 364
370 334
370 335
370 95
371 333
371 404
371 405
371 94
371 95
372 97
372 364
372 373
372 374
372 383
373 364
373 366
373 372
373 374
373 375
373 376
374 372
374 373
374 375
374 381
374 383
375 373
375 374
375 376
375 377
375 378
375 379
375 381
376 366
376 367
376 373
376 375
376 377
377 104
377 367
377 369
377 375
377 376
377 378
377 92
378 98
378 104
378 375
378 377
378 379
378 380
378 382
379 354
379 356
379 359
379 375
379 378
379 380
379 381
380 378
380 379
380 98
380 359
381 353
381 354
381 386
381 374
381 375
381 379
381 383
382 104
382 98
382 99
382 378
383 384
383 385
383 386
383 97
383 372
383 374
383 381
384 352
384 385
384 386
384 387
384 353
384 388
384 383
385 384
385 97
385 388
385 153
385 383
386 384
386 353
386 381
386 383
387 352
387 384
387 388
387 389
387 350
387 351
388 384
388 385
388 387
388 389
388 390
388 392
388 117
388 153
389 387
389 388
389 390
389 110
389 345
389 350
390 388
390 389
390 391
390 392
390 393
390 108
390 110
391 390
391 393
391 107
391 108
391 111
392 388
392 390
392 393
392 116
392 117
392 118
393 390
393 391
393 392
393 111
393 114
393 116
394 161
394 6
394 9
394 395
394 111
394 113
394 115
395 394
395 115
395 114
395 111
396 136
396 144
396 125
396 126
397 144
397 42
397 136
397 135
398 283
398 285
398 150
398 399
399 398
399 400
399 276
399 277
399 150
399 310
399 148
399 283
400 399
400 401
400 148
400 404
400 310
400 407
400 406
401 400
401 402
401 309
401 310
401 407
401 313
402 313
402 401
402 403
402 407
402 409
402 411
403 327
403 402
403 313
403 411
403 415
404 400
404 371
404 148
404 405
404 406
404 151
404 94
405 332
405 333
405 371
405 404
405 406
405 407
405 408
406 400
406 404
406 405
406 407
407 400
407 401
407 402
407 405
407 406
407 408
407 409
408 332
408 405
408 407
408 409
408 410
409 402
409 407
409 408
409 410
409 411
410 331
410 332
410 408
410 409
410 411
410 414
411 402
411 403
411 409
411 410
411 412
411 413
411 414
411 415
412 416
412 329
412 155
412 411
412 413
412 414
413 416
413 411
413 412
413 415
414 329
414 330
414 331
414 410
414 411
414 412
415 416
415 327
415 328
415 403
415 411
415 156
415 413
416 134
416 156
416 155
416 412
416 413
416 415
