-0.007112 0.777639 -0.280525 0.738698 0.649359 -0.180719
0.111870 0.657467 -0.100819 0.858318 0.512844 0.016749
0.118614 0.610883 -0.233865 0.902010 0.307473 -0.303050
0.060289 0.563477 -0.349948 0.750928 0.076254 -0.655966
-0.004562 0.733851 -0.355747 0.731671 0.481881 -0.482129
-0.217827 0.869749 -0.450530 0.465970 0.453779 -0.759577
-0.195782 0.734919 -0.471593 0.040323 -0.038804 -0.998433
-0.286220 0.830797 -0.467825 -0.024509 -0.009238 -0.999657
-0.285909 0.896839 -0.461204 0.297625 0.407928 -0.863142
-0.090410 0.648664 -0.456972 0.318097 -0.006017 -0.948039
-0.015075 0.567085 -0.412617 0.264793 -0.349392 -0.898782
-0.031972 0.813994 -0.187687 0.636974 0.765891 0.087611
0.040369 0.720458 -0.016284 0.673435 0.637784 0.373788
-0.030641 0.718776 0.035628 0.287700 0.640433 0.712092
-0.225742 0.850963 -0.057550 -0.040357 0.724868 0.687705
-0.168882 0.742909 0.047888 -0.163278 0.383173 0.909131
-0.292700 0.960953 -0.408546 0.443636 0.728071 -0.522589
-0.316171 1.000000 -0.331284 0.200361 0.901260 0.384169
-0.218479 0.929991 -0.382685 0.565639 0.763974 -0.310477
-0.403984 0.879884 -0.326882 -0.807048 0.565474 -0.170039
-0.253256 0.968897 -0.299019 0.191365 0.976305 0.101039
0.156603 0.348644 -0.261511 0.871677 0.368266 0.323357
0.195357 0.245586 -0.289337 0.874243 0.280663 -0.396141
0.151512 0.342892 -0.301994 0.813412 0.303200 -0.496418
0.120446 0.327666 -0.333569 0.412914 0.056246 -0.909031
0.123894 0.402416 -0.310646 0.785705 0.285381 -0.548840
0.161231 0.240590 -0.228207 0.260407 0.194386 0.945728
0.124461 0.345943 -0.238418 0.370430 -0.149547 0.916743
0.262560 0.000000 -0.228302 0.702116 -0.687106 0.186865
0.246966 0.054792 -0.209525 0.719356 0.230128 0.655415
0.254626 0.028515 -0.205926 0.566057 -0.118474 0.815808
0.254579 0.040170 -0.244019 0.930790 0.093958 -0.353273
0.244009 0.082901 -0.224571 0.897430 0.316508 0.307313
0.240203 0.006725 -0.251821 0.401530 -0.477113 -0.781752
0.228113 0.031878 -0.265450 0.239646 -0.392622 -0.887929
0.243216 0.075411 -0.255023 0.867878 0.056017 -0.493608
0.209780 0.003211 -0.244472 -0.320541 -0.861254 -0.394329
0.183418 0.035184 -0.255249 -0.749341 -0.600005 -0.280147
0.197869 0.054792 -0.279117 -0.223756 -0.430098 -0.874613
0.226923 0.063293 -0.276444 0.381406 -0.176713 -0.907360
0.132678 0.232090 -0.236406 -0.522621 -0.076048 0.849166
0.094472 0.312799 -0.248222 -0.548769 -0.229353 0.803896
0.063897 0.352413 -0.243773 -0.314440 -0.680162 0.662199
0.138213 0.361376 -0.208174 0.004495 -0.895013 -0.446016
0.330991 0.094557 -0.016765 0.060700 0.212024 0.975377
0.331567 0.036402 -0.017020 -0.152630 -0.392887 0.906832
0.377528 0.040992 -0.019287 0.449050 0.043012 0.892471
0.298046 0.075562 -0.025823 -0.549867 -0.135195 0.824238
0.326995 0.020525 -0.039661 -0.540498 -0.775349 0.326644
0.296686 0.053309 -0.087954 -0.712410 -0.633865 -0.301144
0.330217 0.016293 -0.063557 -0.186386 -0.899530 -0.395103
0.318249 0.063491 -0.105183 -0.108715 -0.520453 -0.846941
0.367979 0.022555 -0.073484 0.527332 -0.454243 -0.718043
0.202044 0.054840 -0.198795 -0.194598 -0.028184 0.980478
0.215532 0.007481 -0.217251 -0.494203 -0.736230 0.462307
0.226687 0.021639 -0.200268 0.057803 -0.327263 0.943164
0.351742 0.071746 -0.101423 0.524686 -0.154836 -0.837097
0.368621 0.084478 -0.067628 0.944849 0.176512 -0.275869
0.387068 0.021998 -0.041484 0.840454 -0.505094 0.196256
0.358741 0.090382 -0.033295 0.774613 0.431088 0.462750
0.407535 0.080096 0.157472 -0.275982 -0.953260 0.123006
0.387389 0.103879 0.112654 -0.046641 -0.674210 -0.737065
0.414449 0.086915 0.128768 0.237654 -0.747042 -0.620846
0.426521 0.130458 0.115346 0.720976 -0.096828 -0.686162
0.443484 0.101735 0.132366 0.828358 -0.088268 -0.553202
0.455773 0.090939 0.165453 0.887410 -0.348523 0.301722
0.402822 0.095681 0.181113 -0.166897 -0.329247 0.929377
0.436022 0.111057 0.184344 0.290087 0.094040 0.952369
0.414213 0.147110 0.172565 0.299341 0.331019 0.894886
0.373381 0.117981 0.170695 -0.437386 -0.234978 0.868032
0.431866 0.144050 0.145731 0.901636 0.411148 0.134203
0.411946 0.198842 0.128333 0.878822 0.473371 -0.059936
0.080058 0.593362 0.076101 0.378225 0.813652 0.441493
0.104096 0.583992 0.036147 0.694967 0.696340 0.179253
0.033588 0.633590 0.028317 0.559869 0.558627 0.611950
0.108932 0.596923 -0.081777 0.851181 0.474918 0.223482
0.027968 0.595912 0.086991 0.120678 0.811975 0.571081
0.343950 0.231220 0.356059 0.650750 -0.319460 0.688818
0.288053 0.273696 0.355350 -0.016738 0.351364 0.936089
0.310183 0.247363 0.362633 -0.042135 -0.038800 0.998358
0.339558 0.234224 0.321848 0.950004 -0.102674 -0.294874
0.329980 0.265082 0.336819 0.719910 0.586487 0.371163
-0.205312 0.688023 0.017219 -0.305334 0.366110 0.879053
-0.050154 0.611950 0.077187 0.014324 0.601040 0.799091
-0.066929 0.653859 0.054046 0.028445 0.153826 0.987688
-0.221974 0.387342 0.415186 0.809247 0.491712 0.321463
-0.264052 0.421099 0.368139 -0.235119 0.855310 0.461696
-0.262560 0.389986 0.439413 -0.197030 0.919635 0.339781
-0.229502 0.376952 0.463197 0.653738 0.376975 0.656138
-0.260283 0.376139 0.480245 -0.026328 0.063208 0.997653
-0.284567 0.365296 0.467721 -0.815290 0.382152 0.435042
-0.297063 0.370435 0.416329 -0.890487 0.334369 0.308596
-0.206974 0.397325 0.347841 0.998206 -0.059873 0.000186
-0.221879 0.416367 0.361046 0.449567 0.796689 0.403950
-0.074778 0.509242 0.057342 -0.428353 -0.852964 0.298271
-0.061971 0.527727 0.099657 -0.228189 -0.649379 0.725422
-0.119001 0.521361 0.051005 -0.095744 -0.987254 0.127132
-0.193005 0.511179 0.045196 0.238379 -0.970581 -0.033892
-0.297800 0.350221 0.321083 -0.558717 -0.772008 -0.303050
-0.257837 0.319260 0.380390 0.144701 -0.982487 -0.117390
-0.291651 0.329498 0.393207 -0.711362 -0.698723 0.075828
-0.256260 0.335506 0.453373 0.203707 -0.883026 0.422810
-0.283340 0.336375 0.447565 -0.683426 -0.573751 0.451375
-0.313309 0.375629 0.343081 -0.994838 -0.058575 0.082867
-0.224854 0.360611 0.320176 0.737789 -0.608524 -0.292175
-0.227782 0.339785 0.389268 0.837329 -0.545505 0.036103
-0.228198 0.347171 0.448396 0.880975 -0.414207 0.228726
-0.428816 0.776109 -0.332115 -0.855357 -0.409751 -0.316966
-0.398761 0.738895 -0.237407 -0.826274 -0.561462 0.045064
-0.455773 0.807534 -0.259141 -0.995509 0.021612 0.092171
-0.412466 0.806362 -0.162619 -0.944454 0.203161 0.258327
-0.309106 0.682525 -0.403096 -0.631580 -0.457172 -0.626179
-0.382931 0.764199 -0.399375 -0.719455 -0.079419 -0.689984
-0.328280 0.791486 -0.438714 -0.518324 -0.154951 -0.841029
-0.285899 0.613783 -0.388909 -0.729629 -0.499645 -0.466902
-0.201241 0.545191 -0.406827 -0.165062 -0.425631 -0.889715
-0.235858 0.529767 -0.354793 -0.656900 -0.743399 -0.125860
-0.202998 0.522739 -0.101310 -0.347531 -0.937528 0.016218
-0.135814 0.477110 -0.184315 -0.536083 -0.826812 0.170285
-0.137901 0.499466 -0.106722 -0.382296 -0.903259 0.194865
-0.007981 0.423139 -0.144078 -0.401856 -0.854572 0.328965
0.051222 0.431895 -0.350184 0.386406 0.087164 -0.918201
-0.030471 0.508071 -0.384659 0.185081 -0.288973 -0.939276
0.053772 0.510621 -0.328856 0.782208 0.091968 -0.616192
-0.131535 0.444325 -0.304450 -0.603006 -0.794624 0.070401
-0.077536 0.427720 -0.359582 -0.333041 -0.656387 -0.676934
0.005460 0.394520 -0.354906 0.000084 -0.279116 -0.960257
0.115299 0.463367 -0.273016 0.821442 0.306049 -0.481214
0.101603 0.454762 -0.319269 0.707742 0.306620 -0.636463
0.143342 0.481341 -0.231117 0.759215 0.327928 -0.562189
0.112711 0.545550 -0.207484 0.935543 0.251453 -0.248055
0.161930 0.508383 -0.153014 0.833787 0.524679 -0.171790
0.167304 0.493865 -0.196981 0.844662 0.416635 -0.336097
0.316049 0.211668 0.310532 0.482297 -0.766945 -0.423302
0.301437 0.211319 0.334467 -0.245184 -0.954932 0.167303
0.076138 0.299406 -0.278003 -0.776310 -0.539155 0.326582
0.019892 0.348030 -0.326674 -0.551434 -0.766266 -0.329783
0.072634 0.298443 -0.311005 -0.732978 -0.575832 -0.362161
0.030603 0.366826 -0.351478 -0.202332 -0.419410 -0.884962
0.082533 0.307605 -0.333721 -0.131652 -0.308004 -0.942232
0.131441 0.211008 -0.314584 -0.239069 -0.285353 -0.928127
0.113334 0.209430 -0.296808 -0.911800 -0.394533 -0.113857
0.114855 0.217119 -0.263476 -0.851292 -0.283321 0.441622
0.076866 0.386633 -0.348191 0.329988 0.037484 -0.943241
-0.000916 0.352923 -0.283538 -0.529152 -0.838108 0.132568
-0.042598 0.379502 -0.289281 -0.515881 -0.850754 0.100420
-0.017559 0.390241 -0.209232 -0.472792 -0.826155 0.306489
0.049134 0.369471 -0.222049 -0.255657 -0.887173 0.384140
0.042797 0.452523 0.016973 -0.305133 -0.930072 0.204597
-0.023472 0.452164 -0.083751 -0.393430 -0.887396 0.240295
0.066787 0.419928 -0.046206 -0.352732 -0.887746 0.295782
-0.040010 0.468099 -0.021601 -0.383115 -0.904685 0.186463
-0.105353 0.501856 -0.018824 -0.340506 -0.919592 0.195974
-0.170827 0.520293 -0.006527 -0.073641 -0.993925 -0.081789
0.290301 0.226536 0.353612 -0.293090 -0.442402 0.847572
0.260614 0.244463 0.340266 -0.657045 -0.388983 0.645743
0.291746 0.228472 0.286759 0.199032 -0.727735 -0.656345
0.328441 0.257393 0.296978 0.878973 0.000687 -0.476871
-0.322613 0.912527 -0.396399 -0.674217 0.473297 -0.566940
-0.341570 0.953010 -0.327780 -0.657702 0.555115 -0.509190
-0.317853 0.850755 -0.441350 -0.741325 0.252148 -0.621980
-0.135077 0.612101 -0.426407 -0.064507 -0.372799 -0.925667
0.034239 0.625750 -0.480245 0.566039 0.207074 -0.797948
0.209449 0.525337 -0.294995 0.917918 0.154875 -0.365295
0.150104 0.442237 -0.399583 0.551098 -0.188593 -0.812849
0.087067 0.724935 -0.393509 0.595106 0.559315 -0.577075
0.088408 0.804728 -0.256959 0.709980 0.673637 -0.205282
0.226488 0.606246 -0.138232 0.986804 0.161190 0.015368
0.176853 0.667555 0.019580 0.880516 0.392499 0.265775
0.043363 0.848413 -0.110708 0.478148 0.872789 0.098052
0.083355 0.704420 0.132413 0.445236 0.572525 0.688463
-0.026777 0.851577 0.000850 0.156343 0.860895 0.484165
0.163970 0.541781 -0.122968 0.711223 -0.591356 0.380079
-0.108923 0.808856 0.008803 -0.365825 0.767932 0.525788
0.019712 0.636036 0.157963 0.107053 0.259015 0.959922
0.113211 0.602580 0.039689 0.678590 -0.465727 0.567992
0.150095 0.460212 -0.282678 0.734848 -0.637544 0.231378
0.097315 0.375733 -0.379474 0.544741 -0.630755 -0.552636
-0.036355 0.803198 -0.114883 -0.443429 0.823201 -0.354559
-0.037687 0.593060 -0.478262 0.038564 -0.186958 -0.981611
0.014498 0.763226 -0.262796 -0.404886 0.810806 -0.422683
0.017634 0.690875 -0.398657 -0.341916 0.757478 -0.556166
-0.138222 0.875757 -0.338254 0.639773 0.674154 -0.369062
-0.143049 0.810735 -0.426804 0.534691 0.442683 -0.719818
-0.029035 0.696221 -0.404050 0.610101 0.270213 -0.744823
-0.212264 0.925005 -0.180735 0.380356 0.856979 0.347729
-0.283094 0.903517 -0.132687 -0.256212 0.628111 0.734733
-0.097163 0.834207 -0.094330 0.398169 0.823412 0.404294
-0.160201 0.914719 -0.252642 0.588646 0.807535 -0.037190
-0.296714 0.980146 -0.229615 -0.179539 0.977851 0.107575
-0.345291 0.945312 -0.181614 -0.675954 0.598239 0.430345
0.209232 0.189878 -0.278437 0.899802 0.215904 -0.379132
0.170686 0.230512 -0.318060 0.433765 0.003433 -0.901020
0.229275 0.134576 -0.235140 0.871204 0.351894 0.342307
0.209062 0.193439 -0.244160 0.822831 0.327462 0.464454
0.191664 0.250725 -0.253483 0.777743 0.323635 0.538865
0.133755 0.405014 -0.259490 0.944706 0.164050 -0.283933
0.179668 0.185090 -0.221567 0.301978 0.215085 0.928734
0.204972 0.124602 -0.215626 0.259758 0.266960 0.928040
0.233157 0.127200 -0.268435 0.898486 0.195511 -0.393062
0.188131 0.172716 -0.305394 0.396333 -0.058266 -0.916256
0.225667 0.081929 -0.205463 0.352641 0.289894 0.889722
0.211518 0.113296 -0.291359 0.357880 -0.132012 -0.924389
0.150860 0.158718 -0.302598 -0.232903 -0.306675 -0.922880
0.130996 0.155658 -0.284208 -0.890260 -0.369249 -0.266631
0.177741 0.097003 -0.286872 -0.130887 -0.290276 -0.947950
0.155403 0.089466 -0.272128 -0.762712 -0.444599 -0.469683
0.152447 0.104588 -0.237927 -0.902524 -0.282294 0.325210
0.131223 0.166407 -0.251141 -0.904685 -0.218282 0.365922
0.148820 0.176891 -0.227036 -0.451109 -0.001625 0.892467
0.174757 0.114364 -0.212264 -0.459397 0.019283 0.888022
0.105183 0.378538 -0.198663 -0.246312 -0.928543 0.277736
0.242715 0.216051 -0.157651 -0.077357 -0.359596 -0.929896
0.204783 0.242272 -0.152702 -0.727766 -0.580411 -0.365349
0.226215 0.248846 -0.167314 -0.071805 -0.338291 -0.938298
0.176154 0.282140 -0.161089 -0.683202 -0.616377 -0.391554
0.191437 0.306282 -0.185562 -0.109832 -0.398502 -0.910568
0.120805 0.353027 -0.183522 -0.673839 -0.646115 -0.358436
0.102084 0.381740 -0.148244 -0.600917 -0.766584 0.226379
0.064804 0.389485 -0.150218 -0.226010 -0.933412 0.278677
0.120257 0.398345 -0.109849 -0.299091 -0.814443 0.497219
0.079794 0.398440 -0.102415 -0.232348 -0.933135 0.274359
0.204471 0.265696 -0.088682 -0.542928 -0.095308 0.834353
0.207976 0.336573 -0.093395 -0.037973 0.141549 0.989203
0.181501 0.299255 -0.099856 -0.561627 -0.206745 0.801144
0.137268 0.365806 -0.110670 -0.523405 -0.249154 0.814843
0.165557 0.394171 -0.098713 0.067309 -0.335317 0.939698
0.119247 0.355822 -0.142756 -0.812202 -0.537444 0.226895
0.171300 0.284029 -0.125679 -0.812122 -0.523444 0.257808
0.303118 0.148886 -0.036610 0.019789 0.292673 0.956008
0.224070 0.237539 -0.079614 -0.690970 -0.097946 0.716217
0.269804 0.124753 -0.042900 -0.671443 -0.070127 0.737730
0.250234 0.256430 -0.065012 -0.032911 0.276209 0.960534
0.233629 0.289677 -0.079614 -0.082436 0.273794 0.958249
0.195205 0.249809 -0.119379 -0.822569 -0.489334 0.289711
0.215182 0.220783 -0.112115 -0.908969 -0.394669 0.134207
0.260822 0.110340 -0.072984 -0.920002 -0.376589 0.108519
0.288704 0.060648 -0.053517 -0.832648 -0.492723 0.252826
0.222644 0.213246 -0.144248 -0.808855 -0.482385 -0.336241
0.270985 0.103218 -0.105022 -0.637672 -0.502729 -0.583642
0.293229 0.110189 -0.120068 -0.027331 -0.337012 -0.941103
0.177845 0.043127 -0.219811 -0.789837 -0.374224 0.485915
0.230077 0.361679 -0.109943 0.714491 0.522052 0.465794
0.276426 0.306990 -0.140744 0.868897 0.440846 -0.225107
0.241412 0.365400 -0.159408 0.865570 0.463404 -0.189857
0.262636 0.309890 -0.095218 0.614499 0.543370 0.571961
0.222484 0.341824 -0.193024 0.480620 0.061618 -0.874761
0.260265 0.286371 -0.174804 0.472888 -0.005738 -0.881104
0.201175 0.432962 -0.176343 0.853388 0.427370 -0.298469
0.186110 0.439791 -0.117943 0.875790 0.336225 0.346331
0.182152 0.458833 -0.079388 0.894908 0.141399 -0.423256
0.157935 0.538475 -0.108602 0.966644 0.219719 -0.131617
0.158832 0.415347 -0.216703 0.625687 -0.045680 -0.778735
0.279051 0.249402 -0.162062 0.591130 0.004233 -0.806565
0.331813 0.134123 -0.120881 0.478201 -0.116660 -0.870468
0.347917 0.153372 -0.092885 0.929863 0.301268 -0.211170
0.295779 0.271193 -0.128871 0.910404 0.412624 -0.030101
0.333891 0.158407 -0.056313 0.748582 0.453958 0.483266
0.282631 0.275680 -0.085829 0.606234 0.456190 0.651438
0.369027 0.100111 0.142822 -0.685267 -0.728284 -0.003249
0.353197 0.147110 0.085886 -0.392164 -0.638139 -0.662560
0.331312 0.144607 0.120852 -0.793037 -0.605378 -0.067892
0.300058 0.195782 0.095369 -0.814667 -0.579513 -0.021969
0.321158 0.192013 0.062329 -0.287598 -0.616376 -0.733054
0.336875 0.160702 0.155337 -0.762193 -0.321374 0.561944
0.283576 0.287694 0.011013 0.262273 -0.300792 -0.916917
0.343317 0.211518 0.056691 0.252098 -0.295525 -0.921472
0.383327 0.163451 0.078452 0.318189 -0.300041 -0.899295
0.362935 0.186516 0.169307 -0.176067 0.210560 0.961595
0.303411 0.212434 0.133518 -0.723340 -0.182676 0.665889
0.249459 0.289073 0.096672 -0.775300 -0.280081 0.566096
0.323699 0.237643 0.141594 -0.202957 0.279755 0.938374
0.268350 0.314074 0.110226 -0.282497 0.247157 0.926881
0.230332 0.315245 0.080502 -0.639706 -0.222368 0.735751
0.247655 0.339530 0.092611 -0.161102 0.342505 0.925601
0.190521 0.399054 0.063850 -0.254005 0.172032 0.951781
0.124479 0.419219 0.024898 -0.687658 -0.369744 0.624832
0.134416 0.455064 0.039406 0.097181 -0.127762 0.987032
0.173793 0.364427 0.054934 -0.679889 -0.382849 0.625441
0.228321 0.297828 0.047340 -0.736896 -0.647938 0.192773
0.247268 0.270589 0.060138 -0.817229 -0.576313 0.000112
0.260029 0.269974 0.022055 -0.518111 -0.650376 -0.555492
0.173604 0.341664 0.020270 -0.704354 -0.706886 0.064784
0.119237 0.396768 -0.018050 -0.673863 -0.728221 0.124916
0.139034 0.391469 -0.051165 -0.488508 -0.787244 -0.376306
0.118737 0.408631 -0.071879 -0.186359 -0.979335 0.078574
0.163630 0.403380 -0.073116 0.384843 -0.702815 -0.598287
0.188632 0.339992 -0.016643 -0.281607 -0.744312 -0.605555
0.239438 0.297215 0.012005 -0.509038 -0.753626 -0.415847
0.262041 0.313970 -0.000113 0.208726 -0.366429 -0.906732
0.212991 0.364380 -0.037413 0.344434 -0.361538 -0.866404
0.311165 0.321659 0.015216 0.783615 0.238275 -0.573736
0.293276 0.369168 0.040076 0.807560 0.580441 -0.104573
0.315718 0.344573 0.054027 0.816837 0.573080 0.066009
0.370708 0.250064 0.099818 0.842189 0.538189 -0.032724
0.353792 0.257091 0.130742 0.489694 0.604286 0.628521
0.393689 0.200873 0.158180 0.573317 0.559659 0.598405
0.367997 0.236311 0.064549 0.692971 0.121797 -0.710603
0.407007 0.184324 0.089730 0.800073 0.165650 -0.576578
0.287666 0.346047 0.003986 0.605922 0.130772 -0.784702
0.237709 0.402520 -0.029488 0.723626 0.164643 -0.670267
0.248146 0.435919 0.007207 0.777152 0.625210 0.071744
0.196179 0.501356 -0.027920 0.839573 0.527378 -0.130342
0.160570 0.560823 -0.060676 0.869261 0.474469 0.138795
0.152844 0.508326 0.024567 0.610122 0.536738 0.582807
0.224137 0.433529 0.048775 0.358403 0.589888 0.723588
0.274149 0.372683 0.075194 0.406040 0.668948 0.622608
0.296308 0.348852 0.091591 0.295146 0.573188 0.764424
0.130666 0.517393 0.065824 0.970974 0.213959 -0.106917
0.156395 0.435258 0.113863 0.569176 -0.329552 -0.753283
0.122335 0.467589 0.064115 0.540526 -0.756015 -0.369152
0.130194 0.575435 -0.013176 0.708312 0.657966 0.255685
0.175909 0.473247 0.125084 0.828989 0.289722 -0.478371
0.203045 0.384489 0.159002 0.531768 -0.272544 -0.801837
0.114411 0.554664 0.103823 0.625545 0.735440 0.260427
0.167606 0.501809 0.156300 0.608626 0.766853 0.203742
0.052232 0.562561 0.125367 -0.067292 0.582780 0.809839
0.131535 0.493355 0.181954 0.062407 0.706339 0.705117
0.218139 0.445033 0.206597 0.591994 0.746342 0.304166
0.223154 0.426653 0.177571 0.845972 0.265071 -0.462676
0.266253 0.366619 0.224637 0.844215 0.212199 -0.492212
0.261238 0.383166 0.253710 0.686009 0.669208 0.285573
0.300388 0.317173 0.300360 0.804552 0.573684 0.153565
0.268699 0.318910 0.327921 0.322390 0.663514 0.675140
0.227952 0.378029 0.281517 0.120324 0.663784 0.738182
0.184655 0.441624 0.232514 0.010259 0.649887 0.759961
0.303505 0.304242 0.264685 0.901298 0.319140 -0.292936
0.246852 0.334032 0.207985 0.466291 -0.280599 -0.838950
0.292511 0.286881 0.243122 0.602304 -0.245529 -0.759569
0.243121 0.303685 0.333211 -0.503756 0.199979 0.840379
0.197388 0.353537 0.287760 -0.433968 0.319434 0.842397
0.151833 0.408319 0.245861 -0.486874 0.290660 0.823693
0.099015 0.464132 0.191002 -0.501546 0.222019 0.836157
0.010985 0.515608 0.126227 -0.429754 0.093839 0.898057
-0.045857 0.571468 0.098401 -0.124233 0.222106 0.967076
-0.166889 0.587761 0.094623 0.174007 0.436251 0.882840
-0.331643 0.579968 0.129155 -0.469782 0.561061 0.681554
-0.269275 0.539391 0.192155 0.127288 0.771373 0.623524
-0.270475 0.591633 0.131998 0.114632 0.720936 0.683455
-0.267528 0.635828 0.090136 0.104035 0.684117 0.721915
-0.204197 0.559453 0.129419 0.455902 0.559028 0.692561
-0.181302 0.634043 0.057040 0.129662 0.652016 0.747036
-0.261436 0.789965 -0.063831 -0.331428 0.594513 0.732605
-0.281479 0.698413 0.027212 0.003555 0.706131 0.708072
-0.365476 0.877948 -0.174757 -0.747318 0.472705 0.466975
-0.389429 0.786197 -0.125726 -0.661925 0.468692 0.584964
-0.322641 0.838797 -0.141509 -0.429037 0.506857 0.747678
-0.375903 0.756557 -0.066825 -0.472703 0.645600 0.599794
-0.357579 0.689855 0.012704 -0.472946 0.622933 0.623118
-0.351449 0.624012 0.083477 -0.423598 0.592797 0.684950
-0.394473 0.724529 -0.080955 -0.984391 0.042987 0.170664
-0.385556 0.647238 -0.011523 -0.968695 0.088580 0.231914
-0.371587 0.583227 0.072247 -0.975172 -0.074915 0.208393
-0.353849 0.536842 0.112937 -0.946673 -0.230992 0.224616
-0.333144 0.489284 0.163885 -0.975107 -0.183176 0.124951
-0.317777 0.527623 0.183456 -0.703077 0.488441 0.516825
-0.318807 0.429609 0.231513 -0.991341 -0.059644 0.116983
-0.300502 0.402615 0.360045 -0.725290 0.592541 0.350499
-0.300775 0.432405 0.303883 -0.835172 0.443118 0.325782
-0.312440 0.398241 0.274622 -0.969202 -0.227761 -0.093660
-0.307614 0.466673 0.260869 -0.761298 0.461926 0.455028
-0.267226 0.487244 0.268586 -0.072546 0.805661 0.587918
-0.265271 0.455017 0.314386 -0.120901 0.830421 0.543860
-0.227679 0.444778 0.300690 0.641272 0.683322 0.349058
-0.184296 0.519122 0.113277 0.816722 -0.443911 0.368657
-0.219414 0.519840 0.179678 0.744788 0.476220 0.467446
-0.206559 0.490814 0.162884 0.945471 -0.325646 -0.006256
-0.214030 0.451702 0.234404 0.998558 -0.029421 0.044907
-0.228179 0.475938 0.256808 0.636242 0.637107 0.435075
-0.214153 0.423498 0.278759 0.994575 0.103104 0.013757
-0.148640 0.529871 0.094604 0.082700 -0.386705 0.918488
-0.017738 0.493204 0.097182 -0.513277 -0.679566 0.524153
-0.221360 0.493912 0.086132 0.504743 -0.837710 -0.208511
-0.232014 0.470290 0.133263 0.626201 -0.715157 -0.310521
-0.268633 0.453185 0.119983 0.150142 -0.888579 -0.433457
-0.262078 0.413155 0.195470 0.219113 -0.841839 -0.493251
-0.230191 0.429354 0.209090 0.747674 -0.583072 -0.317821
-0.227603 0.400943 0.260217 0.792268 -0.506455 -0.340317
-0.260085 0.382298 0.246890 0.180908 -0.830940 -0.526128
-0.295836 0.409235 0.210309 -0.584705 -0.703776 -0.403509
-0.295533 0.381438 0.255202 -0.461658 -0.779466 -0.423443
-0.309975 0.460722 0.138317 -0.584742 -0.739753 -0.332932
-0.259471 0.340597 0.306301 0.122424 -0.896659 -0.425459
-0.271146 0.476042 0.071095 -0.064960 -0.942407 -0.328101
-0.346604 0.517138 0.032718 -0.628315 -0.759153 -0.170020
-0.271306 0.497275 0.005507 -0.017287 -0.944929 -0.326819
-0.326061 0.493610 0.089862 -0.639663 -0.747842 -0.177660
-0.379530 0.572337 -0.060336 -0.907946 -0.383574 -0.168836
-0.310466 0.547940 -0.109216 -0.490728 -0.809174 -0.323147
-0.402237 0.712212 -0.135408 -0.929932 -0.313620 -0.192015
-0.373693 0.678757 -0.210214 -0.846458 -0.501225 -0.179671
-0.358495 0.704315 -0.323029 -0.787860 -0.580271 -0.206306
-0.273365 0.561229 -0.215749 -0.625571 -0.774700 -0.092201
-0.338415 0.653094 -0.303439 -0.808158 -0.560204 -0.181803
-0.229870 0.687663 -0.437298 -0.248918 -0.322613 -0.913214
-0.242366 0.615152 -0.422081 -0.387889 -0.280807 -0.877889
-0.008151 0.365749 -0.330301 -0.453297 -0.751888 -0.478733
0.025039 0.337744 -0.285672 -0.553716 -0.762679 0.334244
0.092894 0.412447 -0.031273 -0.478134 -0.858723 0.184344
0.100054 0.438412 0.018390 -0.261224 -0.860175 0.438020
0.061678 0.448698 0.057106 -0.146850 -0.970190 -0.192787
0.121693 0.408980 0.122930 0.087123 -0.753263 -0.651923
0.175059 0.368913 0.162090 -0.245088 -0.779588 -0.576346
0.219159 0.316058 0.208108 -0.035924 -0.661673 -0.748932
-0.007537 0.472019 0.057758 -0.404204 -0.895756 0.185041
0.009577 0.480122 0.117074 -0.699535 -0.494648 0.515728
0.024416 0.459135 0.087293 -0.514692 -0.857373 0.002111
0.094689 0.410870 0.146581 -0.535062 -0.842243 -0.065846
0.083326 0.432868 0.178034 -0.750718 -0.469524 0.464725
0.150171 0.367129 0.191002 -0.645387 -0.757919 -0.095050
0.136805 0.384848 0.225015 -0.818251 -0.403722 0.409236
0.191834 0.315803 0.232751 -0.664847 -0.717066 -0.209273
0.227981 0.277257 0.315010 -0.829482 -0.464155 0.310677
0.234573 0.262135 0.278258 -0.662917 -0.725905 -0.183312
0.183843 0.330774 0.267113 -0.823504 -0.302691 0.479812
0.263240 0.261672 0.249214 -0.153240 -0.713591 -0.683598
0.266999 0.228066 0.308360 -0.580523 -0.806757 -0.110165
