 -0.403986   0.879882  -0.326884
 -0.333827   0.699913  -0.101434
  0.041487   0.535725   0.065499
  0.095153   0.496042  -0.051321
  0.118540   0.447782  -0.172381
  0.058875   0.412558  -0.296312
 -0.277699   0.555939   0.078927
  0.152488   0.429192   0.165632
  0.226385   0.368608   0.022936
  0.219380   0.303854  -0.135412
  0.141121   0.267917  -0.271962
 -0.265364   0.425989   0.271555
  0.242290   0.321870   0.262910
  0.332650   0.227643   0.103889
  0.289814   0.158401  -0.094685
  0.187198   0.126019  -0.242093
 -0.240759   0.341965   0.447618
  0.331844   0.230223   0.348079
  0.441634   0.108232   0.173067
  0.364687   0.034019  -0.061577
  0.246201   0.017909  -0.222002
