0.019989 0.320074 0.089354 0.444080 0.764881 0.466637
0.041143 0.374380 -0.053010 -0.285427 0.948757 0.135615
-0.116338 0.346445 0.080399 0.012458 0.826696 0.562512
-0.023598 0.196911 0.264712 -0.286865 0.484250 0.826565
-0.134069 0.202538 0.223403 -0.361636 0.200375 0.910532
-0.072655 0.047136 0.213713 -0.875183 -0.387177 0.290082
-0.156786 0.032764 0.157150 -0.256035 -0.818955 0.513574
-0.153354 0.058358 -0.112481 0.073280 -0.973827 -0.215154
0.037521 0.365110 -0.200780 -0.398635 0.892442 -0.211275
-0.117597 0.337049 -0.335301 0.129363 0.537469 -0.833302
-0.108989 0.401339 -0.213094 0.184639 0.969631 -0.160389
-0.108958 0.401538 -0.059119 0.108272 0.971120 0.212611
-0.189341 0.405380 -0.063791 -0.101259 0.981222 0.164167
-0.188742 0.410136 -0.222857 -0.105539 0.963622 -0.245548
-0.355839 0.370590 -0.076368 -0.221488 0.952894 0.207209
-0.196028 0.351200 0.073302 -0.130934 0.846529 0.515989
-0.347199 0.327118 0.057219 -0.268337 0.724806 0.634549
-0.212373 0.207357 0.196255 -0.294594 0.260902 0.919317
-0.026380 0.170425 -0.330430 0.118885 -0.518246 -0.846928
-0.140305 0.156000 -0.337201 0.019829 -0.616162 -0.787370
0.018163 0.315444 -0.326525 -0.726269 0.529948 -0.437821
-0.296788 0.065980 0.105563 -0.368019 -0.816582 0.444698
-0.231700 0.050716 0.131451 -0.289800 -0.924625 0.247151
-0.325185 0.208847 0.153727 -0.382869 0.096179 0.918782
-0.218273 0.159580 -0.328530 -0.150377 -0.515483 -0.843602
-0.315894 0.162131 -0.304437 -0.151930 -0.635896 -0.756673
-0.345593 0.319024 -0.315019 -0.202157 0.357695 -0.911694
-0.197666 0.337889 -0.336141 -0.113132 0.331295 -0.936720
-0.062073 0.201026 -0.071791 -0.934141 0.356618 -0.014312
-0.063953 0.069444 -0.081155 0.090898 -0.986724 -0.134587
-0.299937 0.081842 -0.151859 -0.096820 -0.965014 -0.243666
-0.229244 0.070557 -0.136941 -0.110569 -0.965497 -0.235775
-0.358484 0.383912 -0.216568 -0.204484 0.955349 -0.213296
-0.491043 0.195294 0.070604 -0.915007 0.023357 0.402761
-0.424055 0.304799 0.038081 -0.657853 0.644283 0.390036
-0.434941 0.349184 -0.090330 -0.670448 0.719361 0.181711
-0.438626 0.364134 -0.215078 -0.802784 0.573802 -0.162139
-0.423992 0.304599 -0.302327 -0.765696 0.134614 -0.628959
-0.388299 0.159181 -0.289204 -0.508948 -0.250736 -0.823470
-0.459286 0.105337 -0.164204 -0.713654 -0.697732 -0.062197
-0.459759 0.094178 -0.030817 -0.633993 -0.741909 0.218229
-0.370988 0.088698 -0.166357 -0.100998 -0.956774 -0.272731
-0.368563 0.078913 0.028476 -0.336135 -0.914879 0.223628
-0.399091 0.203178 0.118885 -0.525907 -0.198696 0.827008
-0.494192 0.149911 -0.260954 -0.684251 -0.442880 -0.579360
0.354361 0.176744 -0.019490 -0.092464 -0.724756 0.682773
0.453504 0.141314 -0.037599 -0.040756 -0.736107 0.675637
0.388469 0.231964 -0.026943 0.289994 0.603136 0.743055
0.233078 0.193132 -0.012445 -0.036370 -0.545425 0.837370
0.279867 0.272045 -0.024969 0.302803 0.708669 0.637259
0.248048 0.285357 -0.019846 0.271670 0.816476 0.509473
0.251397 0.280916 -0.103390 0.191443 0.443002 -0.875842
0.187852 0.298070 -0.104754 0.251183 0.724600 -0.641765
0.143530 0.203441 -0.101195 0.000544 -0.494747 -0.869037
0.138753 0.315318 -0.111830 0.317529 0.948221 -0.007227
0.103060 0.201163 -0.100020 0.339107 -0.940327 -0.028119
0.150522 0.202779 -0.105647 -0.000905 -0.687686 0.726008
0.086452 0.198801 -0.205189 0.224422 -0.938445 -0.262595
0.125053 0.203577 -0.207866 -0.026270 -0.830790 0.555966
0.120266 0.313943 -0.216757 0.245132 0.807777 -0.536103
0.144769 0.201163 -0.203435 0.084809 -0.607949 -0.789434
0.185448 0.296715 -0.204632 0.300150 0.693515 -0.654941
0.249245 0.279541 -0.192486 0.293983 0.384133 -0.875223
0.250557 0.284632 -0.113993 0.235056 0.818770 0.523797
0.275952 0.271520 -0.112386 0.229992 0.460784 0.857194
0.232385 0.189930 -0.113384 -0.188416 -0.560554 0.806398
0.319455 0.151875 -0.111442 -0.215585 -0.547259 0.808722
0.118377 0.194360 -0.283777 0.090106 -0.611640 -0.785988
0.080132 0.191557 -0.285656 0.095968 -0.546932 -0.831658
0.109558 0.292737 -0.294464 0.110282 0.481662 -0.869390
0.148663 0.283719 -0.289330 0.305802 0.573313 -0.760130
0.158962 0.302384 -0.214805 0.198631 0.679219 0.706546
0.198161 0.284181 -0.212873 0.364671 0.844810 0.391549
0.177774 0.205404 -0.207068 -0.218655 -0.477341 0.851079
0.229414 0.267867 -0.209965 0.292304 0.569885 0.767978
0.261821 0.165270 -0.201136 -0.365706 -0.415576 0.832800
0.335171 0.141828 0.078530 -0.124429 -0.573372 0.809791
0.413318 0.110827 0.062825 0.153276 -0.513543 0.844263
0.368817 0.201289 0.070184 0.418941 0.654379 0.629505
0.272865 0.249852 0.074877 0.353702 0.552978 0.754394
0.273957 0.251868 -0.000142 0.412205 0.740237 -0.531164
0.242096 0.269095 -0.003994 0.263894 0.483814 -0.834436
0.227545 0.182361 -0.002462 -0.182067 -0.695941 -0.694635
0.143887 0.200512 -0.003764 -0.058229 -0.517822 -0.853504
0.321303 0.126354 -0.188560 -0.171295 -0.353627 0.919568
0.281484 0.224647 -0.200003 0.385737 0.701849 0.598845
0.219021 0.252781 -0.277709 0.505432 0.505423 -0.699347
0.188304 0.268119 -0.284050 0.320864 0.399834 -0.858591
0.166500 0.190245 -0.278339 -0.006668 -0.682848 -0.730530
0.136874 0.301734 0.083212 0.162712 0.740994 0.651501
0.106703 0.200564 0.102760 0.234165 -0.354306 0.905337
0.146060 0.208532 0.097647 -0.084831 -0.818299 0.568499
0.174940 0.287698 0.081386 0.268956 0.625869 0.732087
0.229131 0.181899 0.091390 -0.171693 -0.649607 0.740630
0.241371 0.266828 0.079580 0.341296 0.794387 0.502461
0.400217 0.123289 -0.114087 -0.006612 -0.433070 0.901336
0.347023 0.228447 -0.109762 0.363027 0.587598 0.723146
0.274944 0.267269 -0.188696 0.469849 0.655332 -0.591423
0.231808 0.190518 -0.190334 -0.048186 -0.661205 -0.748656
-0.043702 0.153575 -0.272785 0.308279 -0.871668 -0.380997
-0.074933 0.116895 -0.054521 0.462899 -0.877927 -0.122346
0.104330 0.204742 -0.002735 0.362375 -0.932031 0.001456
0.318080 0.150247 -0.178135 -0.149312 -0.667820 -0.729193
-0.018108 0.082829 0.076252 0.449710 -0.806452 -0.383921
-0.096255 0.100907 -0.010430 -0.027913 -0.983289 -0.179900
0.025973 0.165197 0.057072 0.591769 -0.805895 -0.018514
0.488410 0.184250 -0.089753 0.556376 0.434458 -0.708302
0.500000 0.160630 -0.053818 0.802847 -0.594241 0.048112
0.453515 0.139865 -0.089543 0.098679 -0.560117 -0.822516
0.391829 0.228625 -0.097080 0.244751 0.491560 -0.835742
0.353175 0.171065 -0.096366 -0.190339 -0.911064 -0.365695
0.232584 0.192533 -0.097532 -0.083044 -0.688777 -0.720202
0.348409 0.158604 -0.233029 0.673297 0.130843 -0.727703
0.366780 0.133797 -0.201472 0.795733 -0.603810 0.047138
0.313545 0.111226 -0.235076 0.012576 -0.789806 -0.613228
0.289463 0.211472 -0.259043 0.466498 0.261490 -0.844987
0.251050 0.151161 -0.258015 -0.305397 -0.863831 -0.400660
-0.046736 0.331296 -0.039698 -0.190596 0.963327 0.188875
-0.066588 0.287309 0.044328 -0.338557 0.805953 0.485611
0.052565 0.322876 0.068368 -0.037763 0.666495 0.744552
0.051231 0.339778 -0.012991 0.093499 0.994162 0.053846
0.136664 0.315696 -0.013905 0.356323 0.929683 0.093399
-0.039062 0.284832 -0.284291 -0.195941 0.607681 -0.769631
-0.037309 0.334624 -0.184770 -0.106362 0.989499 -0.097876
0.047820 0.339516 -0.215508 0.085668 0.978058 -0.189907
0.035138 0.290711 -0.295576 -0.031682 0.337025 -0.940962
0.175192 0.295802 -0.006598 0.349143 0.754511 -0.555708
0.144601 0.206244 -0.007721 -0.001840 -0.758540 0.651624
0.283573 0.268581 -0.100230 0.303041 0.746960 -0.591792
0.348860 0.225382 -0.175952 0.421881 0.454555 -0.784472
0.435217 0.168913 -0.158084 0.491256 0.164220 -0.855394
0.399440 0.123362 -0.162640 0.025280 -0.911391 -0.410764
0.443059 0.142290 -0.120932 0.803118 -0.595434 0.021436
0.370581 0.202779 0.003732 0.334871 0.509709 -0.792501
0.334373 0.140778 0.005443 -0.260670 -0.762249 -0.592477
0.446523 0.156777 0.008036 0.403414 0.223010 -0.887425
0.412604 0.110114 0.008204 -0.079802 -0.916535 -0.391912
0.455667 0.131319 0.040055 0.814518 -0.580095 0.007136
0.185133 0.300558 -0.018408 0.218501 0.610227 0.761499
0.187422 0.299980 -0.114339 0.218286 0.658606 0.720131
-0.009636 0.178896 0.125078 0.615852 0.411913 0.671605
0.355012 0.169690 -0.186198 0.647539 0.638063 0.416616
0.444781 0.155937 0.060600 0.602433 0.642040 0.474194
0.485660 0.187715 -0.034943 0.505632 0.737029 0.448468
0.433758 0.171537 -0.110213 0.558864 0.661787 0.499709
-0.153291 0.087910 0.116061 -0.412585 -0.896074 0.163782
-0.016250 0.037667 0.235328 -0.562204 -0.765207 0.313664
0.048009 0.051556 0.181610 0.592855 -0.567212 -0.571658
0.024094 0.019316 0.273478 -0.518884 -0.828278 0.211459
0.108246 0.021605 0.272386 0.601706 -0.690903 -0.400753
0.064448 0.000000 0.311617 -0.588854 -0.580130 0.562761
0.096184 0.005753 0.323323 0.238460 -0.674103 0.699086
0.101832 0.039756 0.337201 0.863965 0.040449 0.501924
0.111480 0.073759 0.291514 0.902894 0.390129 -0.180504
0.057814 0.125378 0.211204 0.774413 0.609672 -0.169073
-0.101199 0.179222 0.174723 -0.317799 0.433802 0.843101
-0.007179 0.124664 0.261951 -0.270946 0.638363 0.720472
0.032283 0.101694 0.296616 -0.426251 0.411842 0.805417
0.071776 0.069780 0.331280 0.029154 0.633432 0.773249
-0.500000 0.215728 -0.111092 -0.983106 0.145791 -0.110670
