 -0.500000   0.215728  -0.111092
 -0.253951   0.156779   0.041161
  0.180508   0.236651   0.034404
  0.153743   0.248268  -0.056741
  0.177313   0.252225  -0.190418
 -0.057111   0.109620   0.162963
  0.279162   0.203155   0.035211
  0.268661   0.214189  -0.059584
  0.269660   0.202396  -0.167814
  0.044336   0.064094   0.250011
  0.367357   0.165732   0.036212
  0.381866   0.189965  -0.062643
  0.355198   0.177126  -0.149199
  0.097037   0.015894   0.306570
  0.438296   0.127794   0.037386
  0.481993   0.165802  -0.065247
  0.436107   0.154003  -0.131678
