1 11
1 71
1 110
2 68
4 5
4 9
5 4
8 9
9 4
9 8
11 1
11 110
17 31
17 156
18 157
19 30
19 271
20 29
26 159
27 158
29 20
30 19
30 271
31 17
31 156
32 158
32 160
33 282
33 283
34 87
35 240
36 37
37 36
37 240
39 63
39 119
40 64
40 250
42 65
42 128
43 66
43 113
46 53
48 71
49 56
49 57
50 51
50 57
51 50
51 58
52 59
53 46
53 60
54 55
54 61
54 62
54 269
55 54
55 61
55 62
55 119
55 269
56 49
56 57
57 49
57 50
57 56
58 51
58 178
59 52
60 53
60 267
61 54
61 55
61 62
61 269
62 54
62 55
62 61
62 63
62 119
63 39
63 62
63 64
63 119
64 40
64 63
64 250
65 42
65 128
66 43
66 113
67 69
67 113
68 2
68 70
69 67
69 113
70 68
71 1
71 48
72 73
72 74
72 75
72 79
73 72
73 74
73 75
73 76
73 77
73 78
73 80
73 83
73 84
74 72
74 73
74 75
74 77
74 78
74 79
75 72
75 73
75 74
75 76
75 77
76 73
76 75
76 77
76 80
76 83
77 73
77 74
77 75
77 76
77 78
77 80
77 83
77 84
78 73
78 74
78 77
78 79
78 80
78 82
78 83
78 84
79 72
79 74
79 78
79 82
79 84
80 73
80 76
80 77
80 78
80 83
80 84
81 186
82 78
82 79
82 84
83 73
83 76
83 77
83 78
83 80
83 84
84 73
84 77
84 78
84 79
84 80
84 82
84 83
85 197
86 204
87 34
88 89
88 90
88 91
88 93
89 88
89 90
89 92
89 93
89 94
90 88
90 89
90 91
90 92
90 93
90 94
90 163
90 165
91 88
91 90
91 92
92 89
92 90
92 91
92 93
92 94
92 163
92 165
93 88
93 89
93 90
93 92
93 94
93 163
93 165
94 89
94 90
94 92
94 93
94 95
94 163
94 165
95 94
95 164
97 98
97 99
98 97
98 99
98 100
98 102
98 169
98 170
99 97
99 98
99 100
99 101
99 102
99 172
100 98
100 99
100 102
100 170
100 172
101 99
101 102
101 172
102 98
102 99
102 100
102 101
102 172
103 171
103 172
104 224
105 106
105 107
105 137
105 138
106 105
106 136
106 137
106 138
107 105
107 133
107 138
107 179
110 1
110 11
113 43
113 66
113 67
113 69
117 118
118 117
119 39
119 55
119 62
119 63
120 122
120 148
121 123
121 124
121 125
122 120
122 123
122 124
122 126
123 121
123 122
123 124
124 121
124 122
124 123
124 127
125 121
125 145
126 122
126 127
126 147
126 148
126 149
127 124
127 126
127 145
128 42
128 65
129 131
129 136
129 137
131 129
131 134
131 135
131 136
131 137
132 180
133 107
133 138
134 131
134 135
135 131
135 134
135 136
135 138
136 106
136 129
136 131
136 135
136 137
136 138
137 105
137 106
137 129
137 131
137 136
137 138
138 105
138 106
138 107
138 133
138 135
138 136
138 137
142 261
145 125
145 127
147 126
147 148
147 149
148 120
148 126
148 147
148 149
149 126
149 147
149 148
156 17
156 31
157 18
158 27
158 32
159 26
160 32
163 90
163 92
163 93
163 94
163 164
163 165
163 166
164 95
164 163
164 165
164 166
165 90
165 92
165 93
165 94
165 163
165 164
165 166
166 163
166 164
166 165
169 98
169 170
169 173
170 98
170 100
170 169
170 171
170 173
171 103
171 170
171 172
171 173
172 99
172 100
172 101
172 102
172 103
172 171
173 169
173 170
173 171
178 58
179 107
180 132
183 196
185 191
186 81
188 189
189 188
191 185
192 197
193 196
194 195
195 194
195 284
196 183
196 193
197 85
197 192
204 86
207 210
210 207
216 217
217 216
218 219
219 218
220 221
221 220
224 104
230 256
230 289
233 234
234 233
240 35
240 37
241 253
247 265
250 40
250 64
253 241
256 230
261 142
265 247
267 60
269 54
269 55
269 61
271 19
271 30
278 279
279 278
282 33
283 33
284 195
289 230
