  0.485494   0.387194  -0.197142
  0.321627   0.294350  -0.001068
 -0.036115   0.309964   0.135870
 -0.072892   0.316370   0.011566
 -0.104340   0.310463  -0.140772
 -0.096690   0.318613  -0.274516
  0.190534   0.220075   0.155791
 -0.180804   0.273041   0.175997
 -0.234021   0.287172   0.035637
 -0.255079   0.259784  -0.121322
 -0.246163   0.265831  -0.269158
  0.087911   0.120213   0.288707
 -0.304707   0.205772   0.214101
 -0.375183   0.207435   0.059434
 -0.390864   0.186359  -0.102773
 -0.350470   0.198959  -0.265596
 -0.015098   0.065108   0.385960
 -0.407816   0.155968   0.245044
 -0.495195   0.143132   0.079489
 -0.492397   0.109538  -0.088089
 -0.436930   0.144931  -0.262636
