4 8
5 8
5 9
7 40
7 42
8 4
8 5
8 13
9 5
9 10
10 9
13 8
13 42
18 126
23 24
23 25
24 23
24 26
25 23
25 26
25 72
26 24
26 25
27 28
27 31
27 78
28 27
28 29
28 31
29 28
31 27
31 28
34 35
35 34
35 49
39 43
40 7
40 42
42 7
42 13
42 40
42 43
43 39
43 42
46 126
48 49
49 35
49 48
50 57
50 60
50 61
50 62
51 52
51 57
51 58
52 51
52 57
52 58
53 54
53 55
53 56
53 58
54 53
54 55
54 56
54 61
55 53
55 54
55 56
55 57
55 58
55 61
56 53
56 54
56 55
56 57
56 60
56 61
56 62
57 50
57 51
57 52
57 55
57 56
57 58
57 62
58 51
58 52
58 53
58 55
58 57
60 50
60 56
60 61
60 62
61 50
61 54
61 55
61 56
61 60
61 62
62 50
62 56
62 57
62 60
62 61
63 64
63 65
63 67
63 68
63 86
64 63
64 68
64 84
64 86
64 88
65 63
65 67
65 68
65 86
67 63
67 65
67 68
68 63
68 64
68 65
68 67
68 70
68 71
70 68
70 71
70 83
71 68
71 70
71 88
72 25
72 77
72 78
77 72
78 27
78 72
78 79
79 78
81 122
83 70
83 88
84 64
84 85
84 86
84 88
85 84
85 86
86 63
86 64
86 65
86 84
86 85
88 64
88 71
88 83
88 84
104 105
105 104
109 110
110 109
110 120
118 119
119 118
120 110
120 157
122 81
124 125
125 124
126 18
126 46
157 120
166 167
167 166
173 179
174 180
176 178
178 176
179 173
180 174
182 183
183 182
185 186
186 185
