0.072655 0.046800 0.213703 0.875175 -0.387192 0.290088
0.156786 0.032428 0.157150 0.256014 -0.818961 0.513576
0.134069 0.202202 0.223403 0.361619 0.200360 0.910543
0.023598 0.196575 0.264712 0.720549 0.530328 0.446723
0.116338 0.346109 0.080399 -0.012458 0.826696 0.562512
-0.019989 0.319738 0.089354 0.566181 0.763354 0.311015
-0.041143 0.374044 -0.053010 0.285427 0.948757 0.135615
0.117597 0.336713 -0.335301 -0.129363 0.537469 -0.833302
-0.018163 0.315108 -0.326525 0.726269 0.529948 -0.437821
-0.037521 0.364774 -0.200780 0.398635 0.892442 -0.211275
0.108989 0.401003 -0.213094 -0.184639 0.969631 -0.160389
0.108958 0.401202 -0.059119 -0.108272 0.971120 0.212611
0.325185 0.208511 0.153727 0.382869 0.096179 0.918782
0.347199 0.326782 0.057219 0.268337 0.724806 0.634549
0.212373 0.207021 0.196255 0.294594 0.260902 0.919317
0.296788 0.065644 0.105563 0.368019 -0.816582 0.444698
0.231700 0.050380 0.131451 0.289800 -0.924625 0.247151
0.229244 0.070221 -0.136941 0.110569 -0.965497 -0.235775
0.345593 0.318688 -0.315019 0.202157 0.357695 -0.911694
0.197666 0.337553 -0.336141 0.113132 0.331295 -0.936720
0.188742 0.409800 -0.222857 0.105539 0.963622 -0.245548
0.358485 0.383576 -0.216569 0.204484 0.955349 -0.213296
0.355839 0.370254 -0.076368 0.221488 0.952894 0.207209
0.062073 0.200690 -0.071791 0.915776 0.400264 0.033812
0.315894 0.161795 -0.304437 0.151930 -0.635896 -0.756673
0.218273 0.159244 -0.328530 0.150377 -0.515483 -0.843602
0.189341 0.405044 -0.063791 0.101259 0.981222 0.164167
0.196028 0.350864 0.073302 0.130934 0.846529 0.515989
0.299937 0.081506 -0.151859 0.096820 -0.965014 -0.243666
0.153354 0.058022 -0.112481 -0.073278 -0.973827 -0.215155
0.063953 0.069108 -0.081155 -0.090924 -0.986721 -0.134589
0.026380 0.170089 -0.330430 -0.118885 -0.518246 -0.846928
0.140305 0.155664 -0.337201 -0.019829 -0.616162 -0.787370
0.459286 0.105001 -0.164204 0.713971 -0.697419 -0.062073
0.459759 0.093842 -0.030817 0.633330 -0.742386 0.218529
0.491043 0.194958 0.070604 0.914114 0.022529 0.404831
0.434941 0.348849 -0.090330 0.669589 0.720132 0.181826
0.438626 0.363798 -0.215078 0.803377 0.573010 -0.162003
0.424055 0.304463 0.038081 0.656745 0.644848 0.390970
0.399091 0.202842 0.118885 0.525907 -0.198696 0.827008
0.368563 0.078578 0.028476 0.336135 -0.914879 0.223628
0.370988 0.088362 -0.166357 0.100998 -0.956774 -0.272731
0.388299 0.158845 -0.289204 0.511467 -0.248990 -0.822439
0.494192 0.149576 -0.260954 0.686833 -0.439086 -0.579192
0.423992 0.304264 -0.302327 0.767592 0.133124 -0.626962
-0.354361 0.175894 -0.021127 0.140078 -0.663134 0.735277
-0.233078 0.212249 -0.010955 0.017050 -0.533341 0.845729
-0.388469 0.231628 -0.028602 -0.303301 0.623204 0.720851
-0.453504 0.141219 -0.033021 0.028484 -0.714059 0.699505
-0.485660 0.187379 -0.036738 -0.504635 0.744960 0.436324
-0.500000 0.160294 -0.053818 -0.802876 -0.594313 0.046723
-0.433758 0.171201 -0.110213 -0.593583 0.669731 0.446229
-0.443059 0.141954 -0.128532 -0.781858 -0.621340 0.051334
-0.400217 0.128506 -0.114087 -0.014909 -0.470663 0.882187
-0.347023 0.228111 -0.109762 -0.378901 0.613212 0.693113
-0.319455 0.151024 -0.111442 0.208568 -0.565956 0.797617
-0.275952 0.271184 -0.112386 -0.236624 0.472150 0.849166
-0.274944 0.266933 -0.191741 -0.469546 0.669315 -0.575799
-0.348860 0.225046 -0.180025 -0.426689 0.477205 -0.768253
-0.231808 0.189667 -0.193357 0.024070 -0.667707 -0.744035
-0.318080 0.149397 -0.182188 0.159805 -0.683527 -0.712217
-0.446523 0.156441 0.003438 -0.387361 0.272900 -0.880612
-0.455667 0.130984 0.035478 -0.813317 -0.581784 0.006560
-0.444781 0.155601 0.060600 -0.619972 0.637457 0.457475
-0.370581 0.202443 0.003816 -0.314593 0.529481 -0.787833
-0.368817 0.200953 0.070184 -0.417141 0.648736 0.636502
-0.488410 0.183914 -0.089753 -0.552997 0.423043 -0.717795
-0.391829 0.228290 -0.097080 -0.236692 0.455116 -0.858398
-0.413318 0.110691 0.062825 -0.161945 -0.547728 0.820834
-0.412604 0.109977 0.003606 0.090028 -0.920495 -0.380242
-0.335171 0.140978 0.078530 0.124305 -0.579890 0.805156
-0.334373 0.140001 0.005527 0.280276 -0.747423 -0.602332
-0.289463 0.211136 -0.264660 -0.428154 0.327549 -0.842256
-0.251050 0.150310 -0.265647 0.413231 -0.863486 -0.289192
-0.313545 0.117798 -0.248461 0.032269 -0.824703 -0.564644
-0.348409 0.158268 -0.246435 -0.667441 0.205452 -0.715760
-0.366780 0.133461 -0.214857 -0.742788 -0.666232 0.066337
-0.355012 0.169354 -0.194995 -0.696623 0.629792 0.343626
-0.281484 0.227912 -0.204055 -0.447397 0.698960 0.557934
-0.321303 0.132936 -0.197336 0.104616 -0.419187 0.901852
-0.261821 0.164399 -0.202050 0.363748 -0.471532 0.803334
-0.435217 0.168577 -0.162157 -0.495994 0.192364 -0.846750
-0.273957 0.251532 0.003039 -0.398994 0.739203 -0.542571
-0.272865 0.249516 0.074877 -0.347670 0.539148 0.767102
-0.283573 0.268245 -0.100230 -0.302532 0.746108 -0.593125
-0.279867 0.271709 -0.023479 -0.333624 0.769302 0.544858
-0.353175 0.170267 -0.090666 0.234091 -0.923848 -0.302829
-0.453515 0.139802 -0.089543 -0.065608 -0.601136 -0.796449
-0.399440 0.123352 -0.166693 -0.014001 -0.936123 -0.351394
-0.104330 0.204407 -0.002735 -0.292267 -0.956287 0.009805
-0.143887 0.192071 -0.003764 0.033690 -0.483720 -0.874574
-0.136664 0.315360 -0.013905 -0.358987 0.928388 0.096045
-0.144601 0.197751 -0.007721 -0.041219 -0.725471 0.687018
-0.185133 0.300222 -0.018408 -0.206896 0.637317 0.742308
-0.248048 0.285021 -0.018356 -0.272999 0.865119 0.420763
-0.251397 0.280580 -0.103390 -0.192891 0.441928 -0.876067
-0.232584 0.191756 -0.097532 0.002127 -0.758945 -0.651151
-0.146060 0.188807 0.097647 0.085649 -0.797199 0.597611
-0.106703 0.200228 0.102760 -0.168206 -0.358104 0.918405
-0.136874 0.301398 0.083212 -0.171171 0.718209 0.674445
-0.174940 0.287362 0.081386 -0.249370 0.593655 0.765106
-0.175192 0.295466 -0.006598 -0.358873 0.723755 -0.589397
-0.242096 0.268759 -0.000814 -0.281413 0.451305 -0.846835
-0.227545 0.181563 0.000719 0.115232 -0.678677 -0.725340
-0.103060 0.200827 -0.100020 -0.307487 -0.951191 -0.026214
-0.143530 0.194958 -0.101195 0.000227 -0.478338 -0.878176
-0.138753 0.314982 -0.111830 -0.318918 0.947754 -0.007275
-0.150522 0.194286 -0.105647 -0.022496 -0.672985 0.739314
-0.187422 0.299644 -0.114339 -0.214136 0.644250 0.734226
-0.232385 0.189132 -0.113384 0.175097 -0.572709 0.800840
-0.250557 0.284296 -0.113993 -0.235908 0.822465 0.517590
-0.249245 0.279205 -0.195541 -0.270284 0.400241 -0.875645
-0.052565 0.322541 0.068368 0.064933 0.673975 0.735895
0.066588 0.279530 0.044328 0.382142 0.808282 0.447937
0.046736 0.323464 -0.039698 0.255051 0.949987 0.180207
-0.051231 0.339442 -0.012991 -0.054458 0.997075 0.053634
0.037309 0.326845 -0.184770 0.185989 0.977713 -0.097389
-0.047820 0.339180 -0.215508 -0.041949 0.981182 -0.188471
0.039062 0.277042 -0.284291 0.250275 0.614891 -0.747845
-0.035138 0.290375 -0.295576 0.032241 0.339233 -0.940150
0.043702 0.153239 -0.272785 -0.311375 -0.873724 -0.373700
-0.080132 0.191221 -0.285656 -0.083580 -0.537636 -0.839024
-0.109558 0.292401 -0.290989 -0.122105 0.465764 -0.876444
-0.118377 0.185867 -0.283777 -0.057490 -0.579169 -0.813178
-0.148663 0.283383 -0.286433 -0.294687 0.552660 -0.779568
-0.188304 0.267783 -0.281488 -0.318426 0.408203 -0.855555
-0.198161 0.283845 -0.211120 -0.379003 0.881882 0.280430
-0.229414 0.267531 -0.208223 -0.306101 0.588235 0.748520
-0.177774 0.224510 -0.209944 0.208568 -0.498970 0.841147
-0.187852 0.297734 -0.104754 -0.247421 0.704693 -0.664974
-0.120266 0.313607 -0.216757 -0.243121 0.795712 -0.554738
-0.185448 0.296380 -0.204632 -0.284950 0.680561 -0.675011
-0.144769 0.192670 -0.203436 -0.045355 -0.591884 -0.804746
-0.086452 0.198465 -0.205189 -0.165156 -0.947620 -0.273386
-0.125053 0.195074 -0.207866 -0.129993 -0.811453 0.569777
-0.158962 0.302048 -0.214805 -0.203795 0.690108 0.694420
-0.166500 0.189405 -0.277488 -0.079225 -0.702387 -0.707373
0.074934 0.116559 -0.054521 -0.463996 -0.878922 -0.110468
0.096244 0.100571 -0.010430 -0.010187 -0.986580 -0.162959
0.018108 0.087060 0.076252 -0.461066 -0.803258 -0.377087
-0.025973 0.169427 0.057072 -0.580781 -0.813963 -0.012550
0.009636 0.178560 0.125078 -0.607656 0.414398 0.677517
-0.219021 0.252445 -0.276355 -0.454673 0.538864 -0.709153
-0.229131 0.181049 0.091390 0.119479 -0.628017 0.768973
-0.241371 0.266492 0.079580 -0.338582 0.789226 0.512333
-0.056354 0.127467 0.211204 -0.770997 0.618711 -0.150865
-0.046528 0.053309 0.181610 -0.588656 -0.562975 -0.580123
0.016250 0.039357 0.235328 0.555967 -0.773609 0.304022
-0.024094 0.020881 0.273478 0.499371 -0.848156 0.176805
-0.113338 0.071460 0.291514 -0.891085 0.417222 -0.178588
-0.110083 0.024471 0.272386 -0.576327 -0.709215 -0.406031
-0.064448 0.000000 0.311617 0.576842 -0.620127 0.531691
0.153291 0.087574 0.116061 0.386689 -0.907997 0.161284
0.101200 0.178886 0.174723 0.331049 0.441065 0.834187
0.007179 0.124328 0.261951 0.268943 0.637830 0.721694
-0.101832 0.040659 0.337201 -0.849022 0.034061 0.527259
-0.071776 0.067670 0.331280 -0.017404 0.637516 0.770241
-0.032283 0.097044 0.296616 0.422261 0.409124 0.808897
-0.096184 0.006645 0.323323 -0.275833 -0.680661 0.678687
0.500000 0.215390 -0.109668 0.983106 0.145791 -0.110670
