0 1
0 2
0 3
0 28
1 0
1 2
1 8
1 10
1 11
1 28
2 0
2 1
2 3
2 4
2 11
2 15
2 17
3 0
3 2
3 4
3 5
3 28
4 2
4 3
4 5
4 6
4 17
5 3
5 4
5 6
5 7
5 28
5 29
6 4
6 5
6 7
6 17
6 22
7 5
7 6
7 18
7 19
7 22
7 29
7 31
8 1
8 9
8 10
8 20
8 28
9 8
9 10
9 13
9 18
9 19
9 20
9 27
10 1
10 8
10 9
10 11
10 12
10 13
11 1
11 2
11 10
11 12
11 15
12 10
12 11
12 13
12 14
12 15
13 32
13 9
13 10
13 12
13 14
13 26
13 27
14 32
14 34
14 35
14 12
14 13
14 15
14 16
15 2
15 11
15 12
15 14
15 16
15 17
16 34
16 43
16 14
16 15
16 17
16 23
17 2
17 4
17 6
17 15
17 16
17 21
17 22
17 23
18 7
18 9
18 19
18 20
18 28
18 29
19 7
19 9
19 18
19 24
19 27
19 31
20 8
20 9
20 18
20 28
21 42
21 43
21 17
21 22
21 23
21 30
21 31
22 6
22 7
22 17
22 21
22 31
23 16
23 17
23 43
23 21
24 19
24 25
24 26
24 27
24 30
24 31
25 38
25 41
25 24
25 26
25 30
26 32
26 37
26 38
26 13
26 24
26 25
26 27
27 9
27 13
27 19
27 24
27 26
28 0
28 1
28 3
28 5
28 8
28 18
28 20
28 29
29 18
29 28
29 5
29 7
30 41
30 42
30 21
30 24
30 25
30 31
31 7
31 19
31 21
31 22
31 24
31 30
32 35
32 36
32 37
32 13
32 14
32 26
33 40
33 34
33 43
33 159
34 33
34 35
34 43
34 14
34 16
34 159
35 32
35 34
35 36
35 14
35 159
36 32
36 35
36 37
36 159
37 32
37 36
37 38
37 26
37 159
38 37
38 41
38 44
38 25
38 26
38 159
39 40
39 41
39 44
39 159
40 33
40 39
40 41
40 42
40 43
40 159
41 38
41 39
41 40
41 42
41 44
41 25
41 30
42 40
42 41
42 43
42 21
42 30
43 33
43 34
43 40
43 42
43 16
43 21
43 23
44 159
44 41
44 38
44 39
45 48
45 110
45 46
45 47
46 107
46 108
46 45
46 110
46 47
46 143
47 128
47 45
47 46
47 109
47 48
47 49
47 143
48 138
48 45
48 110
48 47
48 111
48 49
48 50
48 127
49 128
49 47
49 48
49 50
49 51
50 138
50 48
50 49
50 51
50 52
51 128
51 111
51 49
51 50
51 52
51 53
52 138
52 50
52 51
52 53
52 54
53 111
53 51
53 52
53 54
53 55
53 127
54 138
54 139
54 120
54 52
54 53
54 55
54 56
54 121
54 59
54 124
55 99
55 100
55 101
55 53
55 54
55 56
55 57
55 60
55 127
56 65
56 98
56 139
56 54
56 55
56 60
57 67
57 68
57 99
57 55
57 58
57 59
57 60
58 67
58 71
58 73
58 88
58 57
58 59
59 69
59 71
59 139
59 124
59 61
59 54
59 57
59 58
59 60
59 125
60 98
60 55
60 56
60 57
60 59
60 61
60 62
61 139
61 59
61 60
61 62
61 63
62 64
62 97
62 98
62 60
62 61
62 63
63 64
63 65
63 139
63 61
63 62
64 96
64 65
64 66
64 97
64 62
64 63
65 64
65 66
65 98
65 102
65 139
65 56
65 63
66 64
66 65
66 96
66 131
66 102
66 95
67 68
67 69
67 70
67 87
67 88
67 57
67 58
68 99
68 67
68 69
68 57
68 125
69 67
69 68
69 70
69 71
69 59
69 125
70 67
70 69
70 71
70 72
70 87
71 69
71 70
71 72
71 73
71 58
71 59
72 70
72 71
72 73
72 74
72 87
73 71
73 72
73 74
73 75
73 116
73 88
73 58
74 72
74 73
74 75
74 85
74 86
74 87
75 73
75 74
75 114
75 84
75 85
75 116
76 134
76 136
76 77
76 78
76 79
76 93
77 136
77 137
77 76
77 142
77 78
78 133
78 76
78 77
78 142
78 79
78 80
79 76
79 78
79 80
79 81
79 93
79 94
80 133
80 78
80 79
80 81
80 82
81 79
81 80
81 82
81 83
81 126
81 94
82 133
82 134
82 80
82 81
82 83
82 91
82 93
83 101
83 81
83 82
83 121
83 91
83 126
84 75
84 141
84 113
84 114
84 85
85 74
85 75
85 141
85 115
85 84
85 86
86 74
86 115
86 85
86 87
86 88
87 67
87 70
87 72
87 74
87 86
87 88
88 67
88 73
88 115
88 116
88 86
88 87
88 58
89 119
89 120
89 121
89 90
89 91
89 92
90 101
90 105
90 140
90 119
90 89
90 91
91 101
91 82
91 83
91 89
91 90
91 92
91 93
92 121
92 89
92 126
92 91
92 93
92 94
93 134
93 76
93 79
93 82
93 91
93 92
93 94
94 79
94 81
94 92
94 93
94 126
95 96
95 66
95 131
95 132
95 144
96 64
96 97
96 66
96 129
96 144
96 95
97 64
97 129
97 98
97 96
97 62
98 97
98 65
98 129
98 102
98 56
98 60
98 62
99 100
99 68
99 55
99 57
99 122
99 125
100 99
100 101
100 103
100 104
100 105
100 55
101 100
101 105
101 83
101 55
101 121
101 90
101 91
101 127
102 65
102 98
102 129
102 131
102 130
102 66
103 100
103 104
103 105
103 140
103 145
103 146
103 147
103 154
104 145
104 100
104 103
105 100
105 101
105 103
105 140
105 90
106 107
106 108
106 109
106 143
107 106
107 108
107 46
107 143
108 106
108 107
108 109
108 46
108 110
109 128
109 106
109 108
109 110
109 111
109 47
109 143
110 108
110 45
110 109
110 46
110 111
110 48
111 128
111 109
111 110
111 48
111 51
111 53
111 127
112 113
112 114
112 115
112 141
113 112
113 114
113 84
113 141
114 75
114 112
114 113
114 115
114 116
114 84
115 141
115 112
115 114
115 116
115 85
115 86
115 88
116 73
116 75
116 114
116 115
116 88
117 120
117 123
117 118
117 119
118 155
118 117
118 119
119 140
119 117
119 118
119 120
119 89
119 90
119 155
120 121
120 117
120 54
120 119
120 89
120 123
120 124
121 101
121 138
121 83
121 54
121 120
121 89
121 92
121 126
121 127
122 99
122 123
122 124
122 125
123 120
123 122
123 124
123 117
124 123
124 54
124 120
124 122
124 59
124 125
125 99
125 68
125 69
125 122
125 59
125 124
126 81
126 83
126 121
126 92
126 94
127 101
127 138
127 111
127 48
127 53
127 55
127 121
128 109
128 47
128 111
128 49
128 51
129 96
129 97
129 130
129 98
129 102
129 144
130 129
130 131
130 132
130 102
130 144
131 130
131 66
131 132
131 102
131 95
132 144
132 130
132 131
132 95
133 134
133 135
133 78
133 142
133 80
133 82
134 133
134 135
134 136
134 76
134 82
134 93
135 133
135 134
135 136
135 137
135 142
136 134
136 135
136 137
136 76
136 77
137 136
137 77
137 142
137 135
138 48
138 50
138 52
138 54
138 121
138 127
139 65
139 54
139 56
139 59
139 61
139 63
140 154
140 103
140 105
140 119
140 90
140 155
140 156
141 112
141 113
141 115
141 84
141 85
142 133
142 135
142 137
142 77
142 78
143 106
143 107
143 109
143 46
143 47
144 96
144 129
144 130
144 132
144 95
145 104
145 146
145 155
145 103
146 103
146 145
146 147
146 148
146 155
146 156
147 103
147 146
147 148
147 149
147 153
147 154
148 146
148 147
148 149
148 150
148 156
148 157
149 147
149 148
149 150
149 151
149 152
149 153
150 148
150 149
150 151
150 157
150 158
151 152
151 158
151 149
151 150
152 153
152 149
152 158
152 151
153 147
153 149
153 152
153 154
153 158
154 103
154 140
154 147
154 153
154 156
154 157
154 158
155 140
155 145
155 146
155 118
155 119
155 156
156 140
156 146
156 148
156 154
156 155
156 157
157 148
157 150
157 154
157 156
157 158
158 150
158 151
158 152
158 153
158 154
158 157
159 33
159 34
159 35
159 36
159 37
159 38
159 39
159 40
159 44
