-0.310992 0.142616 0.305223 -0.172138 -0.720913 0.671307
-0.329828 0.178282 0.324858 -0.633695 -0.232306 0.737878
-0.041784 0.286113 0.238783 0.417053 -0.064096 0.906619
-0.058519 0.198832 0.202616 0.408136 -0.769043 0.491932
-0.183404 0.233861 0.304261 0.385503 0.023044 0.922419
-0.188635 0.171385 0.261156 0.391328 -0.854922 0.340545
-0.280015 0.194299 0.339337 0.224100 -0.063266 0.972510
-0.270868 0.139554 0.298387 0.316849 -0.846181 0.428468
-0.328615 0.138856 0.267335 -0.588766 -0.808235 0.010505
-0.297116 0.132317 0.240829 -0.015152 -0.879893 -0.474931
-0.216956 0.163505 0.197507 0.006206 -0.884298 -0.466881
-0.355358 0.177469 0.262030 -0.966948 -0.253973 0.022543
-0.336590 0.182537 0.218030 -0.610284 -0.109447 -0.784586
-0.244641 0.219917 0.168488 -0.416283 -0.150592 -0.896678
-0.102797 0.258334 0.099324 -0.417207 -0.163392 -0.894003
-0.092410 0.190986 0.132429 -0.059667 -0.876929 -0.476902
0.030110 0.385963 0.152363 -0.116909 0.921349 0.370739
-0.107729 0.344260 0.122517 -0.515871 0.668501 -0.535708
-0.076366 0.350703 0.203788 -0.061834 0.846977 0.528022
-0.264696 0.283477 0.200827 -0.532332 0.802252 -0.270214
-0.338033 0.227756 0.245972 -0.723057 0.650694 -0.231917
-0.358759 0.211292 0.263114 -0.943189 0.331602 0.020850
-0.339585 0.219084 0.313713 -0.824392 0.378049 0.421257
-0.312077 0.239857 0.309526 -0.430294 0.783495 0.448310
-0.227092 0.290930 0.281157 -0.126667 0.807582 0.575992
0.070397 0.320607 0.192446 0.335140 0.160630 0.928375
-0.309597 0.161743 -0.323381 -0.761500 0.597577 0.251036
-0.238245 0.212457 -0.379448 -0.403031 0.632064 -0.661862
-0.271546 0.121077 -0.389103 -0.128232 -0.173508 -0.976448
-0.298106 0.155503 -0.376548 -0.674820 0.572896 -0.465197
-0.286100 0.136647 -0.295243 -0.396399 0.054323 0.916470
-0.315098 0.136376 -0.331241 -0.979042 -0.153139 0.134260
-0.310295 0.133198 -0.368729 -0.808572 -0.147008 -0.569737
-0.293824 0.107242 -0.370173 -0.674509 -0.689773 -0.263155
-0.299305 0.115291 -0.319675 -0.686358 -0.676294 0.267468
-0.271817 0.093657 -0.358803 -0.339149 -0.918753 -0.202166
-0.276431 0.098955 -0.318232 -0.329915 -0.857862 0.393990
-0.256965 0.098434 -0.313679 0.098402 -0.636005 0.765385
-0.249397 0.091611 -0.355429 0.341853 -0.873390 -0.346882
-0.189780 0.130813 -0.299566 0.227066 -0.702836 0.674138
0.056785 0.024243 0.413617 0.241367 -0.150151 0.958747
0.027949 0.079984 0.412465 -0.451277 0.054744 0.890703
-0.005237 0.085547 0.378425 -0.802702 0.285683 0.523501
0.045070 0.003835 0.371148 -0.382674 -0.814166 0.436684
0.124532 0.044454 0.382585 0.578137 -0.265376 0.771578
-0.406296 0.095418 0.016095 0.208882 -0.885408 -0.415236
-0.299345 0.144242 0.076512 0.394466 -0.807468 0.438626
-0.393931 0.100012 0.097211 0.322091 -0.757111 0.568366
-0.447660 0.089402 0.033183 -0.300705 -0.941392 -0.152834
-0.441081 0.097824 0.093240 -0.273748 -0.796572 0.539012
-0.478305 0.115467 0.027451 -0.751617 -0.599850 -0.274319
-0.470778 0.125610 0.096011 -0.744241 -0.552603 0.375148
-0.433919 0.148545 0.127565 -0.093656 -0.087576 0.991745
-0.327599 0.196352 0.112462 0.156927 0.030474 0.987140
-0.122195 0.279080 0.070827 0.161449 0.063981 0.984805
-0.112011 0.207484 0.040534 0.287879 -0.812246 0.507328
-0.026079 0.285165 0.057778 -0.784035 0.129947 0.606962
-0.126924 0.199211 -0.047282 0.214602 -0.927865 -0.304979
-0.311758 0.134370 -0.012396 0.174783 -0.828531 -0.531966
-0.351008 0.189143 -0.043922 -0.247613 -0.033376 -0.968284
-0.441785 0.137616 -0.009679 -0.363223 -0.134935 -0.921880
-0.145807 0.253259 -0.092197 -0.147732 -0.210508 -0.966365
-0.175138 0.351110 -0.057012 -0.411909 0.694308 -0.590142
-0.382616 0.256233 -0.009408 -0.526164 0.713717 -0.462340
-0.500000 0.157597 0.027471 -0.938268 -0.175868 -0.297866
-0.493468 0.165280 0.089791 -0.868203 0.260513 0.422323
-0.474111 0.187138 0.010973 -0.668177 0.624168 -0.404911
-0.462444 0.197836 0.100883 -0.481529 0.730039 0.484945
-0.365745 0.262318 0.085902 -0.276222 0.799816 0.532913
-0.154141 0.355236 0.037329 -0.176664 0.841808 0.510048
-0.037753 0.383530 -0.099501 -0.410784 0.884998 -0.219167
-0.432137 0.101970 -0.120593 -0.802350 -0.399560 0.443380
-0.444685 0.120000 -0.177628 -0.978780 0.034985 -0.201905
-0.426846 0.089605 -0.181964 -0.696698 -0.547339 -0.463716
-0.425470 0.147440 -0.194994 -0.712122 0.526259 -0.464687
-0.394107 0.105914 -0.211959 -0.203968 -0.271401 -0.940605
-0.350107 0.214761 -0.214270 -0.480124 0.701978 -0.526030
-0.424684 0.160801 -0.130207 -0.734917 0.605313 0.305768
-0.447097 0.127703 -0.135499 -0.951473 0.163175 0.260910
-0.401431 0.128916 -0.095490 -0.288751 0.131326 0.948355
-0.315905 0.162895 -0.230504 -0.056520 -0.130756 -0.989802
-0.406817 0.073696 -0.163589 -0.161169 -0.980089 -0.115976
-0.409250 0.080797 -0.123899 -0.196686 -0.753894 0.626863
-0.366056 0.088860 -0.115626 0.264377 -0.688329 0.675505
-0.317775 0.180335 -0.091702 0.009488 0.082240 0.996567
-0.364796 0.079733 -0.176422 0.357423 -0.881336 -0.309022
-0.288512 0.130447 -0.119576 0.345400 -0.698439 0.626803
-0.012514 0.063425 0.328449 -0.958814 -0.145442 -0.243973
0.025875 0.010475 0.327812 -0.443781 -0.868624 -0.220344
0.036486 0.151424 0.327216 -0.567658 0.818029 0.092701
0.483170 0.337613 0.083131 0.859300 0.315925 0.402236
0.500000 0.249295 0.064472 0.959400 -0.013080 0.281745
0.489139 0.169969 0.011935 0.928388 -0.366049 0.064067
0.381037 0.336150 -0.387734 0.689236 0.209180 -0.693684
0.382643 0.406194 -0.363417 0.538839 0.107981 -0.835460
0.474992 0.466665 -0.327962 0.829144 0.499580 -0.250879
0.378537 0.461373 -0.281787 -0.228374 0.873173 -0.430597
0.385610 0.499519 -0.167770 0.492836 0.869636 -0.029066
0.456000 0.435599 0.035317 0.735291 0.607007 0.301477
0.467058 0.150252 -0.054830 0.835564 -0.534208 -0.128277
0.448493 0.131782 -0.159714 0.847165 -0.499733 -0.180496
0.425335 0.152529 -0.256962 0.760496 -0.569038 -0.312796
0.408098 0.188418 -0.339087 0.773000 -0.389213 -0.500984
0.392596 0.249051 -0.382646 0.750849 -0.045909 -0.658876
0.098108 0.219334 0.126196 0.100526 -0.784380 0.612081
0.145353 0.327613 0.163949 0.159840 0.193434 0.968005
0.046059 0.225527 0.154111 0.399034 -0.665129 0.631170
-0.012474 0.228095 0.027850 -0.168037 -0.939123 0.299685
0.004899 0.206583 0.082142 -0.127092 -0.964715 -0.230592
0.147562 0.202138 0.101472 -0.552653 -0.779063 0.296035
0.161621 0.253354 0.183570 -0.925298 0.378954 0.014766
-0.128008 0.251863 -0.107096 -0.006648 0.157918 0.987430
-0.114756 0.193534 -0.129882 0.288738 -0.803540 0.520532
-0.058587 0.271580 -0.111534 -0.859275 -0.019638 -0.511136
-0.024026 0.223230 -0.122734 -0.131913 -0.940937 0.311829
-0.021688 0.216834 -0.063726 -0.120880 -0.989877 -0.074372
0.053675 0.190559 -0.099636 -0.335355 -0.931380 0.141666
0.055504 0.202863 0.009326 -0.202072 -0.971898 0.120755
0.144249 0.171364 -0.073408 -0.435805 -0.894415 0.100474
0.156865 0.154582 0.110416 -0.822349 -0.529462 -0.208357
0.167340 0.065383 0.188740 -0.401332 -0.688074 -0.604556
0.114756 0.145950 0.187507 -0.813995 0.212181 -0.540732
0.023958 0.096252 0.265560 -0.706428 -0.038249 -0.706750
0.063344 0.019154 0.273955 -0.384285 -0.679094 -0.625425
0.111646 0.000000 0.328415 0.198857 -0.976928 -0.077890
0.222451 0.044000 0.231046 0.386788 -0.914157 0.121289
0.234369 0.064617 0.111751 -0.412911 -0.888985 -0.198016
0.198120 0.129323 -0.247693 -0.238313 -0.970708 -0.030547
0.050863 0.163071 -0.220327 -0.264148 -0.958720 0.105271
0.351550 0.117025 -0.270201 0.071648 -0.975914 -0.206053
0.376491 0.089537 -0.105267 0.204236 -0.961753 -0.182535
0.408118 0.081942 0.017796 0.541715 -0.840560 -0.001654
-0.001409 0.383422 0.065014 -0.468490 0.876369 -0.111778
0.111673 0.407143 0.115091 -0.042569 0.865115 0.499764
0.271227 0.331082 0.162329 0.141113 0.548963 0.823849
0.234620 0.377968 0.128960 0.075465 0.645467 0.760051
0.208460 0.435599 0.057059 -0.060536 0.909372 0.411556
0.076163 0.420321 -0.001182 -0.292873 0.947079 0.131404
0.372568 0.405137 0.076647 0.165128 0.664276 0.729020
0.329828 0.474443 -0.011820 -0.062484 0.920009 0.386884
0.175382 0.460113 -0.065136 -0.235224 0.968776 0.078373
0.301575 0.490142 -0.126711 -0.196503 0.979082 -0.052773
0.418214 0.497940 -0.058780 0.591740 0.805875 0.020257
-0.005441 0.387697 0.026082 -0.298273 0.876935 0.376853
0.046107 0.419352 -0.149951 -0.357140 0.923674 -0.138840
0.167678 0.442246 -0.197419 -0.257471 0.934801 -0.244656
0.300809 0.454367 -0.252063 -0.197475 0.913777 -0.354987
0.198683 0.140658 -0.350917 -0.078806 -0.855300 -0.512105
0.315613 0.223027 -0.407586 0.155710 -0.368940 -0.916317
0.336407 0.142569 -0.358221 0.206211 -0.747888 -0.630984
0.198500 0.218928 -0.407085 -0.053000 -0.306326 -0.950450
0.303221 0.318195 -0.413617 0.077708 0.206858 -0.975280
0.190369 0.319184 -0.404165 -0.084380 0.429393 -0.899167
0.300856 0.396505 -0.352123 -0.123113 0.730893 -0.671296
0.163559 0.399439 -0.317026 -0.200591 0.846884 -0.492494
0.051764 0.370935 -0.283108 -0.328560 0.876256 -0.352455
0.084049 0.234857 -0.404314 -0.120974 -0.233353 -0.964838
0.071975 0.326014 -0.391766 -0.202773 0.605850 -0.769304
-0.003164 0.316664 -0.368208 -0.253372 0.749680 -0.611378
-0.008598 0.336062 -0.294301 -0.555836 0.827216 0.082224
-0.110541 0.299650 -0.305501 -0.429223 0.830389 0.355277
-0.100947 0.291811 -0.375254 -0.282261 0.706735 -0.648732
-0.076318 0.178865 -0.289179 0.194072 -0.906410 0.375177
0.004113 0.182178 -0.343342 -0.086834 -0.867939 -0.489021
-0.010739 0.180064 -0.268412 -0.332802 -0.893410 0.301763
0.080330 0.163999 -0.350869 -0.205741 -0.901613 -0.380480
0.004018 0.244295 -0.392403 -0.093314 -0.190838 -0.977176
-0.081725 0.232242 -0.391474 0.028063 -0.003639 -0.999600
-0.245860 0.218969 -0.317819 -0.515921 0.675415 0.526917
-0.094775 0.224199 -0.266854 -0.193985 0.072058 0.978355
-0.218914 0.173390 -0.281848 -0.157876 0.009777 0.987411
-0.070038 0.174068 -0.349724 0.268955 -0.751038 -0.602996
-0.180545 0.124140 -0.355023 0.401240 -0.878415 -0.259602
-0.206048 0.168302 -0.397613 0.169433 -0.328225 -0.929280
0.198209 0.187652 0.300555 0.177277 0.619696 0.764559
0.078866 0.121368 0.381047 0.136964 0.555924 0.819871
0.249939 0.103888 0.297465 0.635999 -0.229798 0.736680
0.302679 0.073222 0.174349 0.456728 -0.831837 0.315353
-0.148172 0.318913 -0.229088 -0.299185 0.594559 -0.746317
-0.125007 0.233637 -0.249963 0.008722 -0.272776 -0.962038
-0.023036 0.250786 -0.254875 -0.712017 -0.071033 -0.698560
-0.020604 0.353203 -0.251162 -0.464629 0.726050 -0.506923
-0.022657 0.368977 -0.151773 -0.471234 0.880181 0.056748
-0.152474 0.330404 -0.148230 -0.355619 0.843448 0.402654
-0.354863 0.225683 -0.133662 -0.424831 0.744928 0.514395
-0.004025 0.196555 -0.215523 -0.322302 -0.945095 0.054000
-0.112777 0.181236 -0.205014 0.216828 -0.930048 -0.296642
-0.288376 0.122541 -0.193232 0.304784 -0.888312 -0.343525
0.139628 0.216922 0.235125 -0.511740 0.836255 0.196976
0.240880 0.100168 -0.080407 -0.366671 -0.920532 -0.134807
0.315789 0.051548 0.071898 0.033554 -0.996714 -0.073722
0.432049 0.116687 0.072534 0.728222 -0.565749 0.386809
0.361754 0.088812 0.127869 0.528990 -0.766653 0.363885
0.337532 0.264730 0.190122 0.448714 0.385171 0.806411
0.328548 0.137230 0.231113 0.665982 -0.106582 0.738314
0.281031 0.232628 0.239637 0.388263 0.468963 0.793300
0.219253 0.269845 0.191240 -0.098325 0.716304 0.690826
0.160605 0.283904 0.166029 -0.220522 0.173468 0.959833
0.383584 0.156994 0.184038 0.699794 -0.283849 0.655530
0.444712 0.199665 0.122178 0.746083 -0.081664 0.660826
0.412177 0.301480 0.123350 0.443234 0.356706 0.822377
0.498183 0.319098 -0.169677 0.980458 0.073980 -0.182289
