5 112
9 117
30 137
46 103
48 87
49 50
49 66
50 49
50 66
50 87
51 52
51 53
51 81
52 51
52 53
52 81
52 88
53 51
53 52
53 88
54 67
56 84
56 95
56 110
57 78
57 111
59 80
61 62
61 63
61 69
62 61
62 63
63 61
63 62
63 68
66 49
66 50
66 87
67 54
68 63
69 61
74 75
74 79
75 74
75 76
75 79
76 75
76 77
76 79
77 76
77 79
78 57
79 74
79 75
79 76
79 77
80 59
81 51
81 52
82 94
82 102
83 144
84 56
84 95
84 110
85 94
87 48
87 50
87 66
88 52
88 53
89 90
89 92
90 89
90 92
91 101
92 89
92 90
93 101
94 82
94 85
94 102
95 56
95 84
95 110
96 109
97 98
98 97
99 100
100 99
101 91
101 93
102 82
102 94
103 46
104 105
104 107
105 104
105 107
106 129
107 104
107 105
108 129
109 96
110 56
110 84
110 95
111 57
111 127
112 5
117 9
121 123
122 124
123 121
123 136
124 122
124 125
125 124
125 142
126 127
126 131
126 135
127 111
127 126
128 132
129 106
129 108
130 135
131 126
131 135
132 128
132 134
133 134
134 132
134 133
135 126
135 130
135 131
136 123
137 30
142 125
144 83
149 150
150 149
150 158
151 155
151 158
154 157
155 151
155 156
155 158
156 155
157 154
158 150
158 151
158 155
