 -0.485495   0.387194  -0.184927
 -0.320864   0.286434   0.011010
  0.048077   0.302996   0.146913
  0.065506   0.320528   0.008342
  0.083623   0.308783  -0.128875
  0.065283   0.316836  -0.276576
 -0.189160   0.205826   0.167759
  0.190691   0.267241   0.180052
  0.233602   0.284280   0.031112
  0.243586   0.260460  -0.117107
  0.219136   0.283804  -0.266091
 -0.082660   0.110633   0.296190
  0.307700   0.201767   0.209898
  0.380898   0.204326   0.052529
  0.390586   0.186339  -0.106207
  0.339833   0.208781  -0.257834
  0.011692   0.062241   0.393194
  0.400197   0.148367   0.233606
  0.497446   0.145623   0.069293
  0.488489   0.103745  -0.098855
  0.437616   0.166550  -0.251148
