0 8
0 1
0 6
0 7
1 0
1 6
1 8
1 11
1 22
1 23
2 3
2 4
2 106
2 18
2 25
3 2
3 4
3 5
3 106
3 108
3 15
4 2
4 3
4 5
4 6
4 18
4 24
5 3
5 4
5 6
5 7
5 9
5 10
5 15
6 0
6 1
6 4
6 5
6 7
6 23
6 24
7 0
7 5
7 6
7 8
7 9
8 0
8 1
8 7
8 9
8 11
8 12
9 5
9 7
9 8
9 10
9 12
9 13
10 9
10 13
10 5
10 15
11 1
11 8
11 12
11 20
11 21
11 22
12 8
12 9
12 11
12 13
12 19
12 20
13 9
13 10
13 12
13 14
13 15
13 17
13 19
14 108
14 13
14 15
14 17
14 56
15 3
15 5
15 10
15 108
15 13
15 14
16 132
16 133
16 17
16 18
16 25
17 132
17 13
17 14
17 16
17 18
17 19
17 56
18 2
18 4
18 16
18 17
18 19
18 24
18 25
19 12
19 13
19 17
19 18
19 20
19 23
19 24
20 11
20 12
20 19
20 21
20 22
20 23
21 11
21 20
21 22
22 1
22 11
22 20
22 21
22 23
23 1
23 6
23 19
23 20
23 22
23 24
24 4
24 6
24 18
24 19
24 23
25 2
25 133
25 104
25 105
25 106
25 16
25 18
26 168
26 29
26 30
26 31
27 160
27 161
27 167
27 168
27 173
27 28
27 29
28 32
28 33
28 35
28 38
28 173
28 27
28 29
29 32
29 168
29 26
29 27
29 28
29 31
30 34
30 36
30 37
30 168
30 170
30 26
30 31
31 32
31 33
31 34
31 26
31 29
31 30
32 33
32 28
32 29
32 31
33 32
33 34
33 35
33 28
33 31
34 33
34 35
34 36
34 30
34 31
35 33
35 34
35 36
35 38
35 28
36 34
36 35
36 37
36 38
36 30
37 36
37 38
37 39
37 170
37 30
38 35
38 36
38 37
38 39
38 172
38 173
38 28
39 162
39 37
39 38
39 169
39 170
39 172
40 41
40 43
40 44
40 175
41 40
41 42
41 43
41 175
42 41
42 43
42 175
42 87
42 89
43 40
43 41
43 42
43 44
43 87
43 88
43 124
44 40
44 43
44 174
44 175
44 176
44 124
44 125
45 46
45 47
45 48
45 58
45 59
45 60
46 45
46 47
46 53
46 54
46 55
46 57
46 58
47 45
47 46
47 48
47 49
47 52
47 53
48 45
48 47
48 49
48 50
48 51
48 60
49 48
49 51
49 52
49 47
50 48
50 64
50 51
50 60
51 64
51 65
51 48
51 49
51 50
51 52
52 65
52 67
52 47
52 49
52 51
52 53
53 67
53 68
53 46
53 47
53 52
53 54
54 68
54 69
54 46
54 53
54 55
54 56
55 107
55 46
55 115
55 54
55 56
55 57
56 132
56 69
56 107
56 108
56 14
56 143
56 17
56 54
56 55
57 46
57 113
57 115
57 55
57 58
57 61
58 45
58 46
58 57
58 59
58 61
59 45
59 58
59 60
59 61
59 62
59 63
60 64
60 66
60 45
60 48
60 50
60 59
60 63
61 113
61 57
61 58
61 59
61 62
62 68
62 69
62 70
62 113
62 59
62 61
62 63
63 66
63 67
63 68
63 59
63 60
63 62
64 65
64 66
64 50
64 51
64 60
65 64
65 66
65 67
65 51
65 52
66 64
66 65
66 67
66 60
66 63
67 65
67 66
67 68
67 52
67 53
67 63
68 67
68 69
68 53
68 54
68 62
68 63
69 68
69 70
69 143
69 54
69 56
69 62
70 69
70 137
70 143
70 144
70 113
70 182
70 62
71 72
71 73
71 77
71 78
71 79
71 81
71 82
72 71
72 73
72 74
72 77
72 78
73 71
73 72
73 74
73 75
73 81
74 72
74 73
74 75
74 76
74 77
74 184
75 73
75 74
75 76
75 80
75 81
75 85
76 74
76 75
76 80
76 178
76 183
76 184
77 71
77 72
77 74
77 78
77 79
77 184
78 72
78 77
78 71
79 71
79 77
79 82
79 83
79 84
79 184
80 75
80 76
80 178
80 179
80 85
80 187
81 71
81 73
81 75
81 82
81 83
81 85
82 81
82 83
82 79
82 71
83 79
83 81
83 82
83 84
83 85
83 86
84 111
84 79
84 83
84 86
84 184
85 75
85 80
85 81
85 83
85 86
85 187
86 111
86 112
86 83
86 84
86 85
86 187
87 42
87 43
87 88
87 89
87 122
87 123
88 43
88 123
88 124
88 87
89 42
89 174
89 175
89 87
89 121
89 122
89 188
90 98
90 200
90 201
90 138
90 91
91 199
91 200
91 201
91 90
91 92
92 99
92 131
92 199
92 201
92 91
92 191
93 103
93 201
93 151
93 153
93 94
94 96
94 201
94 153
94 93
94 95
95 96
95 201
95 94
95 97
96 97
96 146
96 153
96 94
96 95
97 96
97 201
97 141
97 142
97 146
97 95
98 201
98 138
98 139
98 142
98 90
99 130
99 131
99 100
99 201
99 92
100 201
100 130
100 99
100 101
101 129
101 130
101 100
101 102
101 201
102 129
102 101
102 103
102 201
102 148
102 149
103 102
103 201
103 148
103 151
103 93
104 197
104 105
104 106
104 108
104 109
104 117
104 25
105 197
105 133
105 135
105 104
105 25
106 2
106 3
106 104
106 108
106 25
107 108
107 115
107 117
107 55
107 56
108 3
108 104
108 106
108 107
108 14
108 15
108 117
108 56
109 197
109 104
109 110
109 117
109 118
109 119
110 196
110 197
110 109
110 119
110 121
110 188
111 112
111 113
111 84
111 86
111 183
111 184
112 111
112 113
112 114
112 86
112 186
112 187
113 70
113 111
113 112
113 114
113 115
113 182
113 183
113 57
113 61
113 62
114 112
114 113
114 115
114 116
114 185
114 186
115 107
115 113
115 114
115 116
115 117
115 55
115 57
116 128
116 114
116 115
116 117
116 118
116 185
117 104
117 107
117 108
117 109
117 115
117 116
117 118
118 128
118 109
118 116
118 117
118 119
118 189
118 127
119 109
119 110
119 118
119 120
119 121
119 189
119 126
120 119
120 121
120 122
120 123
120 124
120 125
120 126
121 110
121 119
121 120
121 89
121 122
121 188
122 89
122 87
122 120
122 121
122 123
123 120
123 87
123 88
123 122
123 124
124 43
124 44
124 88
124 123
124 120
124 125
125 44
125 176
125 177
125 120
125 124
125 126
126 177
126 125
126 119
126 120
126 189
126 190
127 128
127 129
127 165
127 147
127 118
127 189
128 164
128 165
128 116
128 118
128 185
128 127
129 130
129 101
129 102
129 147
129 149
129 189
129 127
130 129
130 99
130 100
130 101
130 131
130 189
130 190
131 192
131 130
131 99
131 92
131 190
131 191
132 133
132 137
132 143
132 16
132 17
132 56
133 132
133 135
133 136
133 105
133 137
133 16
133 25
134 193
134 196
134 197
134 135
134 200
134 138
135 197
135 134
135 133
135 136
135 105
135 138
136 133
136 135
136 137
136 138
136 139
136 140
137 132
137 133
137 70
137 136
137 140
137 143
137 144
138 98
138 134
138 135
138 200
138 136
138 139
138 90
139 98
139 136
139 138
139 140
139 141
139 142
140 136
140 137
140 139
140 141
140 144
140 145
141 97
141 139
141 140
141 142
141 145
141 146
142 97
142 98
142 201
142 139
142 141
143 132
143 69
143 70
143 137
143 56
144 70
144 137
144 140
144 145
144 181
144 182
144 155
145 140
145 141
145 144
145 146
145 154
145 155
146 96
146 97
146 141
146 145
146 153
146 154
147 129
147 165
147 148
147 149
147 150
147 127
148 102
148 103
148 147
148 149
148 150
148 151
149 129
149 147
149 148
149 102
150 165
150 147
150 148
150 151
150 152
150 156
151 103
151 148
151 150
151 152
151 153
151 93
152 150
152 151
152 153
152 154
152 156
152 157
153 96
153 146
153 151
153 152
153 154
153 93
153 94
154 145
154 146
154 152
154 153
154 155
154 157
155 144
155 145
155 181
155 154
155 157
155 158
155 159
156 163
156 165
156 166
156 150
156 152
156 157
157 166
157 152
157 154
157 155
157 156
157 158
158 160
158 161
158 166
158 167
158 155
158 157
158 159
159 160
159 180
159 181
159 155
159 158
160 161
160 168
160 169
160 180
160 27
160 158
160 159
161 160
161 27
161 158
161 167
162 163
162 164
162 39
162 169
162 171
162 172
163 162
163 164
163 165
163 166
163 171
163 156
164 128
164 162
164 163
164 165
164 169
164 180
164 185
165 128
165 163
165 164
165 147
165 150
165 156
165 127
166 163
166 167
166 171
166 156
166 157
166 158
167 161
167 166
167 171
167 173
167 27
167 158
168 160
168 169
168 170
168 26
168 27
168 29
168 30
169 160
169 162
169 164
169 39
169 168
169 170
169 180
170 37
170 39
170 168
170 169
170 30
171 162
171 163
171 166
171 167
171 172
171 173
172 162
172 38
172 39
172 171
172 173
173 38
173 167
173 171
173 172
173 27
173 28
174 195
174 196
174 44
174 175
174 176
174 89
174 188
175 40
175 41
175 42
175 44
175 174
175 89
176 194
176 195
176 44
176 174
176 177
176 125
177 192
177 194
177 198
177 176
177 190
177 125
177 126
178 76
178 80
178 179
178 180
178 181
178 182
178 183
179 80
179 178
179 180
179 186
179 187
180 160
180 164
180 169
180 178
180 179
180 181
180 185
180 186
180 159
181 144
181 178
181 180
181 182
181 155
181 159
182 70
182 144
182 113
182 178
182 181
182 183
183 76
183 111
183 113
183 178
183 182
183 184
184 74
184 76
184 77
184 79
184 111
184 84
184 183
185 128
185 164
185 114
185 116
185 180
185 186
186 112
186 114
186 179
186 180
186 185
186 187
187 112
187 80
187 179
187 85
187 86
187 186
188 121
188 196
188 110
188 174
188 89
189 129
189 130
189 118
189 119
189 190
189 126
189 127
190 192
190 130
190 131
190 177
190 189
190 126
191 192
191 131
191 198
191 199
191 92
192 131
192 198
192 177
192 190
192 191
193 194
193 195
193 196
193 134
193 198
193 199
193 200
194 193
194 195
194 198
194 176
194 177
195 193
195 194
195 196
195 174
195 176
196 193
196 195
196 197
196 134
196 174
196 110
196 188
197 196
197 134
197 135
197 104
197 105
197 109
197 110
198 192
198 193
198 194
198 199
198 177
198 191
199 193
199 198
199 200
199 91
199 92
199 191
200 193
200 134
200 199
200 138
200 90
200 91
201 97
201 98
201 99
201 100
201 101
201 102
201 103
201 142
201 90
201 91
201 92
201 93
201 94
201 95
