  0.500000   0.215390  -0.109668
  0.252244   0.158424   0.045423
 -0.187679   0.232315   0.041815
 -0.174030   0.240281  -0.051137
 -0.211077   0.237820  -0.158524
  0.054038   0.112851   0.169495
 -0.284212   0.201631   0.034780
 -0.282026   0.210887  -0.060794
 -0.289772   0.199264  -0.149567
 -0.047268   0.066988   0.252850
 -0.372540   0.165479   0.027675
 -0.385630   0.183743  -0.069996
 -0.369256   0.170750  -0.140405
 -0.091143   0.032160   0.317939
 -0.437260   0.126176   0.021370
 -0.464874   0.161275  -0.077134
 -0.437450   0.153462  -0.132497
