0 1
0 2
0 3
0 23
0 29
0 30
1 0
1 2
1 14
1 16
1 29
2 0
2 1
2 3
2 4
2 14
3 0
3 2
3 4
3 5
3 23
4 2
4 3
4 5
4 6
4 11
4 14
4 27
5 3
5 4
5 6
5 23
6 4
6 5
6 9
6 10
6 11
6 23
7 32
7 8
7 9
7 10
7 19
7 20
7 31
8 9
8 31
8 23
8 7
9 6
9 7
9 8
9 10
9 23
10 6
10 7
10 9
10 11
10 20
10 26
11 4
11 6
11 10
11 26
11 27
12 39
12 13
12 14
12 15
13 38
13 39
13 12
13 14
13 22
13 27
14 1
14 2
14 4
14 12
14 13
14 15
14 16
14 27
15 39
15 40
15 12
15 14
15 16
15 17
15 28
16 1
16 14
16 15
16 17
16 29
17 32
17 15
17 16
17 25
17 28
17 29
18 42
18 44
18 19
18 20
18 21
18 24
18 25
19 32
19 7
19 18
19 20
19 25
20 7
20 10
20 18
20 19
20 21
20 22
20 26
21 36
21 37
21 44
21 18
21 20
21 22
22 36
22 38
22 13
22 20
22 21
22 26
22 27
23 0
23 3
23 5
23 6
23 8
23 9
23 30
23 31
24 41
24 42
24 18
24 25
24 28
25 32
25 17
25 18
25 19
25 24
25 28
26 10
26 11
26 20
26 22
26 27
27 4
27 11
27 13
27 14
27 22
27 26
28 40
28 41
28 15
28 17
28 24
28 25
29 32
29 0
29 1
29 16
29 17
29 30
29 31
30 0
30 23
30 29
30 31
31 32
31 7
31 8
31 23
31 29
31 30
32 7
32 17
32 19
32 25
32 29
32 31
33 41
33 34
33 43
33 159
34 33
34 35
34 39
34 40
34 41
34 159
35 34
35 39
35 38
35 159
36 37
36 38
36 21
36 22
36 159
37 36
37 21
37 44
37 159
38 35
38 36
38 39
38 13
38 22
38 159
39 34
39 35
39 38
39 40
39 12
39 13
39 15
40 34
40 39
40 41
40 15
40 28
41 33
41 34
41 40
41 42
41 43
41 24
41 28
42 41
42 43
42 44
42 18
42 24
42 159
43 159
43 41
43 42
43 33
44 37
44 42
44 18
44 21
44 159
45 48
45 86
45 46
45 47
46 96
46 45
46 47
46 85
46 86
46 92
46 93
46 94
47 67
47 45
47 46
47 48
47 49
47 84
47 85
48 45
48 47
48 49
48 50
48 86
48 87
49 66
49 67
49 47
49 48
49 50
50 48
50 49
50 66
50 87
51 81
51 52
51 53
51 54
51 58
52 88
52 81
52 51
52 53
53 51
53 52
53 54
53 55
53 88
54 51
54 53
54 55
54 56
54 57
54 58
55 109
55 53
55 54
55 56
55 88
55 60
56 109
56 110
56 111
56 54
56 55
56 57
57 111
57 54
57 56
57 58
57 59
58 81
58 51
58 54
58 57
58 59
58 60
59 132
59 107
59 109
59 111
59 57
59 58
59 60
60 109
60 81
60 55
60 88
60 58
60 59
61 64
61 69
61 71
61 62
61 63
62 69
62 68
62 61
62 63
63 64
63 65
63 68
63 61
63 62
64 65
64 71
64 103
64 82
64 61
64 63
65 64
65 68
65 70
65 82
65 83
65 63
66 49
66 50
66 67
66 87
67 96
67 66
67 47
67 49
67 84
67 86
67 87
68 65
68 69
68 70
68 62
68 63
69 68
69 70
69 71
69 61
69 62
70 65
70 68
70 69
70 71
70 143
70 83
71 64
71 69
71 70
71 103
71 143
71 61
72 136
72 73
72 74
72 75
72 77
72 78
72 142
73 128
73 72
73 136
73 74
73 80
74 72
74 73
74 75
74 76
74 79
74 80
75 72
75 74
75 76
75 77
76 74
76 75
76 77
76 79
77 72
77 75
77 76
77 78
77 79
78 72
78 77
78 142
78 79
78 80
78 127
79 74
79 76
79 77
79 78
79 80
80 128
80 73
80 74
80 78
80 79
80 127
81 51
81 52
81 88
81 58
81 60
82 64
82 65
82 102
82 103
82 83
83 65
83 70
83 102
83 143
83 144
83 82
84 96
84 67
84 47
84 85
84 95
85 46
85 47
85 84
85 94
85 95
86 96
86 67
86 45
86 46
86 48
86 87
87 66
87 67
87 48
87 50
87 86
88 81
88 52
88 53
88 55
88 60
89 97
89 98
89 104
89 137
89 140
89 90
89 91
89 92
90 97
90 101
90 102
90 103
90 89
90 91
91 99
91 100
91 101
91 106
91 115
91 89
91 90
91 92
91 93
92 96
92 104
92 105
92 46
92 89
92 91
92 93
93 129
93 106
93 46
93 91
93 92
93 94
94 129
94 46
94 85
94 93
94 95
95 96
95 129
95 105
95 84
95 85
95 94
96 67
96 105
96 46
96 84
96 86
96 92
96 95
97 98
97 99
97 100
97 103
97 143
97 89
97 90
98 97
98 99
98 140
98 141
98 112
98 89
99 97
99 98
99 100
99 112
99 115
99 91
100 97
100 99
100 101
100 143
100 144
100 91
101 100
101 102
101 144
101 90
101 91
102 101
102 103
102 144
102 82
102 83
102 90
103 64
103 97
103 102
103 71
103 143
103 82
103 90
104 132
104 133
104 105
104 106
104 107
104 137
104 120
104 89
104 92
105 96
105 129
105 104
105 106
105 92
105 95
106 129
106 130
106 104
106 105
106 107
106 108
106 115
106 117
106 91
106 93
107 132
107 104
107 106
107 108
107 109
107 59
108 130
108 131
108 106
108 107
108 109
108 110
109 107
109 108
109 110
109 55
109 56
109 59
109 60
110 131
110 108
110 109
110 111
110 56
111 131
111 132
111 110
111 56
111 57
111 59
112 98
112 99
112 141
112 113
112 114
112 115
112 153
113 112
113 153
113 114
114 112
114 113
114 115
114 116
115 99
115 106
115 112
115 114
115 116
115 117
115 91
116 114
116 115
116 117
116 118
117 130
117 106
117 115
117 116
117 118
117 119
118 120
118 116
118 117
118 119
119 130
119 117
119 118
119 120
119 121
119 122
120 133
120 104
120 137
120 118
120 119
120 121
121 133
121 119
121 120
121 122
121 123
122 130
122 135
122 119
122 121
122 123
122 124
123 133
123 134
123 136
123 121
123 122
123 124
123 125
124 135
124 122
124 123
124 125
124 126
125 136
125 142
125 123
125 124
125 126
125 127
126 128
126 135
126 124
126 125
126 127
127 128
127 142
127 78
127 80
127 125
127 126
128 134
128 135
128 136
128 73
128 80
128 126
128 127
129 105
129 106
129 93
129 94
129 95
130 131
130 132
130 133
130 134
130 135
130 106
130 108
130 117
130 119
130 122
131 130
131 132
131 108
131 110
131 111
132 130
132 131
132 133
132 104
132 107
132 111
132 59
133 130
133 132
133 134
133 104
133 120
133 121
133 123
134 128
134 130
134 133
134 135
134 136
134 123
135 128
135 130
135 134
135 122
135 124
135 126
136 128
136 134
136 72
136 73
136 142
136 123
136 125
137 104
137 138
137 139
137 140
137 120
137 89
138 152
138 137
138 139
139 137
139 138
139 140
139 141
139 145
139 146
139 147
139 152
140 98
140 137
140 139
140 141
140 89
141 98
141 139
141 140
141 112
141 145
141 153
141 154
142 136
142 72
142 78
142 125
142 127
143 97
143 100
143 70
143 71
143 103
143 144
143 83
144 100
144 101
144 102
144 143
144 83
145 139
145 141
145 146
145 149
145 154
145 156
145 157
146 139
146 145
146 147
146 148
146 149
146 150
147 139
147 146
147 148
147 152
147 153
147 154
148 146
148 147
148 150
148 151
148 154
148 157
149 145
149 146
149 150
149 155
149 156
150 146
150 148
150 149
150 151
150 155
150 158
151 148
151 150
151 156
151 157
151 158
152 153
152 138
152 147
152 139
153 141
153 112
153 113
153 147
153 152
153 154
154 141
154 145
154 147
154 148
154 153
154 157
155 150
155 156
155 149
155 158
156 145
156 149
156 151
156 155
156 157
156 158
157 145
157 148
157 151
157 154
157 156
158 155
158 156
158 150
158 151
159 33
159 34
159 35
159 36
159 37
159 38
159 42
159 43
159 44
