0 1
0 7
0 8
0 9
1 0
1 6
1 22
1 23
6 1
7 0
7 9
8 0
8 9
8 11
8 12
9 0
9 7
9 8
11 8
11 12
11 21
12 8
12 11
12 20
12 21
20 12
20 21
21 11
21 12
21 20
21 22
22 1
22 21
22 23
23 1
23 22
26 29
26 30
26 31
26 32
26 34
27 173
28 29
28 32
28 33
28 35
29 26
29 28
29 31
29 32
30 26
30 31
30 34
30 36
30 37
31 26
31 29
31 30
31 32
31 34
31 36
32 26
32 28
32 29
32 31
32 33
32 34
32 35
33 28
33 32
33 34
33 35
33 36
33 37
33 38
34 26
34 30
34 31
34 32
34 33
34 35
34 36
34 37
35 28
35 32
35 33
35 34
35 37
35 38
36 30
36 31
36 33
36 34
36 37
36 38
37 30
37 33
37 34
37 35
37 36
37 38
38 33
38 35
38 36
38 37
39 170
41 42
42 41
42 87
43 88
47 49
48 49
48 50
49 47
49 48
49 51
49 52
50 48
50 64
51 49
52 49
64 50
64 65
64 66
65 64
65 67
66 64
67 65
71 73
71 78
71 81
71 82
72 73
72 74
72 75
72 78
73 71
73 72
73 75
73 81
74 72
74 75
75 72
75 73
75 74
77 78
78 71
78 72
78 77
78 82
79 82
79 83
80 187
81 71
81 73
81 82
82 71
82 78
82 79
82 81
83 79
84 86
86 84
87 42
87 88
88 43
88 87
104 109
105 197
109 104
109 119
110 197
119 109
132 143
143 132
161 167
162 171
167 161
170 39
171 162
173 27
187 80
197 105
197 110
