  0.498183   0.319098  -0.169677
  0.356890   0.245586   0.001726
  0.045736   0.306533   0.105954
 -0.001725   0.305838  -0.041238
 -0.018751   0.267652  -0.175141
  0.041014   0.257431  -0.311617
  0.243855   0.186777   0.138849
 -0.106892   0.263652   0.171806
 -0.189846   0.252661   0.002123
 -0.178584   0.232133  -0.166413
 -0.103328   0.227887  -0.322872
  0.122573   0.104330   0.283880
 -0.246808   0.214829   0.234260
 -0.358070   0.189365   0.043455
 -0.321392   0.170952  -0.155600
 -0.218687   0.169821  -0.330103
 -0.005622   0.078878   0.363109
 -0.352491   0.203930   0.275090
 -0.493052   0.151548   0.074544
 -0.441396   0.135903  -0.148121
 -0.310866   0.144405  -0.336925
