0 2
1 18
2 0
2 60
3 4
4 3
5 6
6 5
6 7
6 8
7 6
7 8
7 219
8 6
8 7
8 219
8 278
9 10
10 9
11 12
12 11
18 1
19 20
19 26
19 159
20 19
20 24
20 25
20 159
20 160
21 22
21 23
21 24
21 160
21 225
22 21
22 23
22 225
23 21
23 22
23 225
24 20
24 21
24 25
24 160
25 20
25 24
25 26
25 159
25 160
26 19
26 25
26 159
27 28
27 164
28 27
28 164
30 31
31 30
32 33
32 149
33 32
33 54
33 149
34 36
34 212
35 41
35 218
36 34
36 212
37 38
38 37
38 85
41 35
41 218
42 216
42 217
45 89
48 119
53 63
53 64
53 151
54 33
54 151
54 272
60 2
62 63
62 64
63 53
63 62
64 53
64 62
66 153
70 181
71 72
72 71
72 73
72 74
72 75
73 72
73 74
73 76
73 77
74 72
74 73
74 75
74 76
74 77
74 126
75 72
75 74
75 76
75 120
75 126
76 73
76 74
76 75
76 77
76 120
76 121
76 126
77 73
77 74
77 76
77 120
77 121
77 122
77 125
77 126
85 38
89 45
98 99
98 163
99 98
99 100
99 103
99 106
99 157
100 99
100 102
100 103
101 103
101 104
101 105
102 100
103 99
103 100
103 101
103 105
103 106
103 157
104 101
104 105
104 157
105 101
105 103
105 104
105 157
106 99
106 103
106 157
106 158
107 108
107 109
107 110
107 111
107 112
107 113
107 185
108 107
108 109
108 110
108 111
108 112
108 115
108 117
108 184
108 185
109 107
109 108
109 110
109 112
109 113
109 114
109 115
109 184
109 185
110 107
110 108
110 109
110 114
110 115
110 184
110 185
111 107
111 108
111 112
111 117
111 185
112 107
112 108
112 109
112 111
112 113
112 185
113 107
113 109
113 112
114 109
114 110
114 115
114 184
115 108
115 109
115 110
115 114
115 117
115 184
115 185
116 235
117 108
117 111
117 115
117 184
117 185
119 48
120 75
120 76
120 77
120 121
120 122
120 126
121 76
121 77
121 120
121 122
121 126
122 77
122 120
122 121
122 125
122 126
124 253
125 77
125 122
126 74
126 75
126 76
126 77
126 120
126 121
126 122
128 261
129 131
129 132
129 135
129 136
130 131
130 133
130 134
131 129
131 130
131 132
131 133
131 134
131 135
132 129
132 131
132 134
132 135
133 130
133 131
133 134
134 130
134 131
134 132
134 133
134 135
134 171
135 129
135 131
135 132
135 134
135 136
135 168
135 169
136 129
136 135
136 168
137 263
138 140
138 173
139 142
139 144
139 145
140 138
141 143
141 144
142 139
142 144
143 141
143 144
143 145
144 139
144 141
144 142
144 143
144 145
144 147
145 139
145 143
145 144
145 147
145 177
145 178
146 175
147 144
147 145
147 177
147 178
149 32
149 33
151 53
151 54
153 66
157 99
157 103
157 104
157 105
157 106
157 158
158 106
158 157
159 19
159 20
159 25
159 26
160 20
160 21
160 24
160 25
163 98
164 27
164 28
166 167
167 166
168 135
168 136
168 169
168 170
168 171
169 135
169 168
169 170
169 171
170 168
170 169
170 171
171 134
171 168
171 169
171 170
173 138
174 175
175 146
175 174
175 177
175 178
177 145
177 147
177 175
177 178
178 145
178 147
178 175
178 177
181 70
184 108
184 109
184 110
184 114
184 115
184 117
184 185
185 107
185 108
185 109
185 110
185 111
185 112
185 115
185 117
185 184
187 219
196 252
200 259
203 207
207 203
210 243
211 236
212 34
212 36
216 42
217 42
218 35
218 41
219 7
219 8
219 187
225 21
225 22
225 23
226 228
228 226
235 116
236 211
236 242
239 287
240 241
241 240
241 242
242 236
242 241
243 210
248 258
252 196
253 124
258 248
259 200
261 128
263 137
272 54
278 8
287 239
