0 1
0 2
0 3
0 11
0 12
0 19
1 0
1 105
1 12
1 17
1 19
1 125
2 0
2 3
2 4
2 6
2 7
2 19
3 0
3 2
3 4
3 5
3 10
3 11
4 2
4 3
4 5
4 7
4 8
5 3
5 4
5 8
5 9
5 10
6 2
6 7
6 40
6 41
6 19
6 20
7 2
7 4
7 6
7 8
7 40
7 42
7 13
8 4
8 5
8 7
8 9
8 13
9 5
9 8
9 10
9 43
9 42
9 13
10 3
10 5
10 39
10 9
10 11
10 43
11 0
11 3
11 38
11 39
11 10
11 12
12 0
12 1
12 38
12 11
12 45
12 125
13 8
13 9
13 42
13 7
14 32
14 33
14 104
14 15
14 16
14 125
14 30
15 104
15 106
15 108
15 14
15 16
16 76
16 108
16 14
16 15
16 21
16 22
16 30
17 1
17 162
17 105
17 107
17 18
17 19
17 189
18 44
18 46
18 17
18 19
18 20
18 185
18 186
18 188
18 189
18 126
19 0
19 1
19 2
19 6
19 17
19 18
19 20
20 6
20 41
20 44
20 18
20 19
21 74
21 108
21 76
21 16
21 81
22 76
22 16
22 23
22 24
22 30
23 72
23 75
23 76
23 77
23 22
23 24
23 25
24 22
24 23
24 25
24 26
24 29
24 30
25 72
25 78
25 23
25 24
25 26
25 27
26 24
26 25
26 27
26 28
26 29
27 78
27 25
27 26
27 28
27 29
27 31
28 26
28 27
28 29
29 24
29 26
29 27
29 28
29 30
29 31
30 32
30 14
30 16
30 22
30 24
30 29
30 31
31 32
31 78
31 79
31 27
31 29
31 30
32 33
32 73
32 14
32 79
32 80
32 30
32 31
33 32
33 73
33 14
33 123
33 125
34 113
34 35
34 36
34 37
35 34
35 37
35 47
35 48
35 113
35 49
35 153
36 34
36 37
36 112
36 113
36 116
37 34
37 35
37 36
37 47
37 116
37 121
38 39
38 40
38 41
38 11
38 12
38 45
38 44
39 38
39 40
39 42
39 43
39 11
39 10
40 38
40 7
40 39
40 41
40 42
40 6
41 38
41 6
41 40
41 44
41 20
42 39
42 40
42 9
42 7
42 43
42 13
43 9
43 42
43 10
43 39
44 38
44 41
44 45
44 46
44 18
44 20
45 38
45 12
45 44
45 46
45 124
45 125
46 44
46 45
46 111
46 18
46 124
46 126
46 127
47 35
47 37
47 48
47 121
47 158
48 49
48 35
48 158
48 47
49 48
49 153
49 35
49 158
50 174
50 175
50 51
50 180
50 60
50 61
50 62
51 175
51 176
51 50
51 52
51 57
51 58
51 62
52 176
52 178
52 51
52 53
52 55
52 58
53 178
53 52
53 54
53 55
54 178
54 53
54 55
54 56
54 59
54 60
54 61
55 52
55 53
55 54
55 56
55 57
55 58
56 54
56 55
56 57
56 61
56 62
57 51
57 55
57 56
57 58
57 62
58 57
58 51
58 52
58 55
59 178
59 179
59 180
59 54
59 60
60 50
60 180
60 54
60 59
60 61
61 50
61 54
61 56
61 60
61 62
62 50
62 51
62 56
62 57
62 61
63 64
63 65
63 67
63 68
63 71
63 86
64 71
64 84
64 85
64 86
64 63
65 66
65 67
65 69
65 181
65 86
65 63
66 65
66 169
66 181
66 182
66 86
66 87
67 65
67 68
67 69
67 70
67 187
67 63
68 67
68 71
68 70
68 63
69 65
69 67
69 181
69 185
69 186
69 187
70 67
70 68
70 71
70 82
70 83
70 187
71 64
71 68
71 70
71 83
71 84
71 88
71 63
72 25
72 77
72 78
72 23
73 32
73 33
73 74
73 75
73 80
73 123
74 73
74 75
74 76
74 81
74 21
74 123
75 73
75 74
75 76
75 77
75 79
75 80
75 23
76 74
76 75
76 16
76 21
76 22
76 23
77 72
77 75
77 78
77 79
77 23
78 72
78 77
78 79
78 25
78 27
78 31
79 32
79 75
79 77
79 78
79 80
79 31
80 32
80 73
80 75
80 79
81 74
81 108
81 21
81 122
81 123
82 70
82 83
82 85
82 87
82 186
82 187
82 188
83 70
83 71
83 82
83 84
83 85
83 88
84 64
84 71
84 83
84 85
84 88
85 64
85 82
85 83
85 84
85 86
85 87
86 64
86 65
86 66
86 85
86 87
86 63
87 66
87 169
87 82
87 85
87 86
87 188
88 83
88 84
88 71
89 201
89 98
89 90
89 141
90 193
90 201
90 141
90 89
90 91
91 193
91 194
91 99
91 200
91 201
91 90
92 201
92 93
92 94
92 103
93 103
93 145
93 147
93 92
93 94
94 201
94 145
94 92
94 93
94 95
95 96
95 201
95 144
95 145
95 94
96 97
96 201
96 143
96 144
96 95
97 96
97 98
97 201
97 139
97 142
97 143
98 97
98 201
98 139
98 141
98 89
99 194
99 196
99 100
99 201
99 91
100 99
100 196
100 101
100 201
100 152
101 100
101 102
101 201
101 150
101 152
102 101
102 103
102 201
102 149
102 150
103 102
103 201
103 147
103 149
103 92
103 93
104 105
104 106
104 107
104 14
104 15
104 125
105 1
105 104
105 107
105 17
105 125
106 160
106 161
106 104
106 107
106 108
106 109
106 15
107 160
107 162
107 104
107 105
107 106
107 17
107 159
108 106
108 109
108 15
108 16
108 81
108 21
108 122
109 161
109 106
109 108
109 110
109 122
110 161
110 197
110 109
110 119
110 120
110 151
110 122
111 132
111 46
111 119
111 122
111 123
111 124
111 127
112 36
112 113
112 114
112 115
112 116
112 117
112 118
113 34
113 35
113 36
113 112
113 114
113 153
114 112
114 113
114 115
114 153
114 154
114 191
115 140
115 112
115 114
115 118
115 190
115 191
116 36
116 37
116 112
116 117
116 121
117 112
117 116
117 118
117 120
117 121
117 157
118 132
118 140
118 112
118 115
118 117
118 119
118 120
119 132
119 110
119 111
119 118
119 120
119 122
120 197
120 110
120 117
120 118
120 119
120 157
121 37
121 47
121 116
121 117
121 156
121 157
121 158
122 108
122 109
122 110
122 111
122 81
122 119
122 123
123 33
123 73
123 74
123 111
123 81
123 122
123 124
123 125
124 45
124 46
124 111
124 123
124 125
125 1
125 33
125 104
125 105
125 12
125 45
125 14
125 123
125 124
126 46
126 18
126 183
126 184
126 185
126 127
127 128
127 132
127 46
127 111
127 184
127 126
128 129
128 131
128 132
128 137
128 184
128 127
129 128
129 130
129 168
129 137
129 173
129 179
129 184
130 129
130 164
130 133
130 137
130 170
130 173
131 128
131 132
131 137
131 138
131 139
131 140
132 128
132 131
132 140
132 111
132 118
132 119
132 127
133 130
133 164
133 134
133 135
133 136
133 137
134 133
134 135
134 136
134 144
134 145
134 146
135 163
135 164
135 133
135 134
135 165
135 146
136 133
136 134
136 137
136 138
136 143
136 144
137 128
137 129
137 130
137 131
137 133
137 136
137 138
138 131
138 136
138 137
138 139
138 142
138 143
139 97
139 98
139 131
139 138
139 140
139 141
139 142
140 131
140 132
140 139
140 141
140 115
140 118
140 190
141 193
141 98
141 139
141 140
141 89
141 90
141 190
142 97
142 138
142 139
142 143
143 96
143 97
143 136
143 138
143 142
143 144
144 96
144 134
144 136
144 143
144 145
144 95
145 134
145 144
145 146
145 147
145 93
145 94
145 95
146 163
146 134
146 135
146 145
146 147
146 148
147 103
147 145
147 146
147 148
147 149
147 93
148 162
148 163
148 146
148 147
148 149
148 159
149 102
149 103
149 147
149 148
149 150
149 159
150 160
150 101
150 102
150 149
150 152
150 159
151 161
151 195
151 196
151 197
151 110
151 152
152 160
152 161
152 196
152 100
152 101
152 150
152 151
153 35
153 49
153 113
153 114
153 154
153 156
153 158
154 198
154 114
154 153
154 155
154 156
154 191
155 195
155 197
155 198
155 154
155 156
156 121
156 197
156 153
156 154
156 155
156 157
156 158
157 197
157 117
157 120
157 121
157 156
158 153
158 47
158 48
158 49
158 121
158 156
159 160
159 162
159 107
159 148
159 149
159 150
160 161
160 106
160 107
160 150
160 152
160 159
161 160
161 106
161 109
161 110
161 151
161 152
162 163
162 167
162 107
162 17
162 148
162 189
162 159
163 162
163 165
163 166
163 135
163 167
163 146
163 148
164 130
164 165
164 133
164 135
164 170
164 171
165 163
165 164
165 166
165 135
165 171
165 172
165 177
166 163
166 165
166 167
166 168
166 177
167 162
167 163
167 166
167 168
167 169
167 189
168 129
168 166
168 167
168 169
168 177
168 179
168 182
168 183
168 184
169 66
169 167
169 168
169 182
169 87
169 188
169 189
170 130
170 164
170 171
170 173
170 174
170 175
171 164
171 165
171 170
171 172
171 175
171 176
172 176
172 177
172 171
172 165
173 129
173 130
173 170
173 174
173 179
173 180
174 170
174 173
174 175
174 50
174 180
175 170
175 171
175 174
175 176
175 50
175 51
176 171
176 172
176 175
176 177
176 178
176 51
176 52
177 165
177 166
177 168
177 172
177 176
177 178
177 179
178 176
178 177
178 179
178 52
178 53
178 54
178 59
179 129
179 168
179 173
179 177
179 178
179 180
179 59
180 173
180 174
180 50
180 179
180 59
180 60
181 65
181 66
181 69
181 182
181 183
181 185
182 66
182 168
182 169
182 181
182 183
183 168
183 181
183 182
183 184
183 185
183 126
184 128
184 129
184 168
184 183
184 126
184 127
185 69
185 18
185 181
185 183
185 186
185 126
186 69
186 82
186 18
186 185
186 187
186 188
187 67
187 69
187 70
187 82
187 186
188 169
188 18
188 82
188 87
188 186
188 189
189 162
189 167
189 169
189 17
189 18
189 188
190 192
190 193
190 140
190 141
190 115
190 191
191 192
191 198
191 199
191 114
191 115
191 154
191 190
192 193
192 199
192 200
192 190
192 191
193 192
193 200
193 141
193 90
193 91
193 190
194 99
194 196
194 195
194 199
194 200
194 91
195 194
195 196
195 197
195 198
195 199
195 151
195 155
196 194
196 99
196 100
196 195
196 151
196 152
197 195
197 110
197 151
197 120
197 155
197 156
197 157
198 195
198 199
198 154
198 155
198 191
199 192
199 194
199 195
199 198
199 200
199 191
200 192
200 193
200 194
200 199
200 91
201 96
201 97
201 98
201 99
201 100
201 101
201 102
201 103
201 89
201 90
201 91
201 92
201 94
201 95
