-0.386096 0.403700 0.150028 -0.475235 0.676824 0.562193
-0.281978 0.380843 0.145514 0.223252 0.722010 -0.654874
-0.366009 0.380654 0.121797 0.077518 0.865801 -0.494348
-0.476117 0.368942 0.088964 -0.748572 0.438030 0.497765
-0.443742 0.361483 0.064647 -0.247729 0.778057 -0.577284
-0.491137 0.312834 0.059754 -0.900745 -0.236041 0.364614
-0.453711 0.326149 0.047386 -0.438341 0.525452 -0.729217
-0.474776 0.271896 0.019771 -0.726203 -0.654003 -0.211919
-0.440017 0.294074 0.014206 -0.727980 0.089076 -0.679788
-0.338488 0.146271 0.107638 -0.736149 -0.621199 0.268694
-0.312806 0.178536 0.102089 -0.371218 0.287391 0.882952
-0.210417 0.061774 0.213736 -0.563267 -0.819153 0.108252
-0.183370 0.091671 0.203484 0.345076 -0.585938 -0.733211
-0.229557 0.094962 0.257926 -0.661162 -0.518802 0.541949
-0.364336 0.263001 0.229947 -0.657658 -0.039079 0.752302
-0.369822 0.183650 0.175608 -0.736470 -0.579850 0.348404
-0.224884 0.162530 0.301784 -0.507530 0.018645 0.861432
-0.301852 0.355564 0.227532 -0.134233 0.494692 0.858639
-0.282910 0.409903 0.174881 0.237694 0.927428 0.288754
-0.101754 0.160580 0.370583 -0.094291 0.294287 0.951054
-0.143781 0.101237 0.358587 -0.273666 -0.291300 0.916652
-0.150655 0.051759 0.320963 -0.483361 -0.519946 0.704285
-0.135265 0.025130 0.294610 -0.148881 -0.979362 -0.136692
-0.109181 0.054442 0.280743 0.695265 -0.696035 -0.179281
-0.123261 0.077615 0.303292 0.723402 -0.429053 0.540928
-0.118588 0.105972 0.327467 0.641617 -0.578364 0.503808
-0.092022 0.137337 0.337458 0.714287 -0.479747 0.509545
-0.043121 0.200745 0.318666 0.434754 0.566073 0.700393
-0.046735 0.168804 0.292235 0.992280 -0.081653 -0.093342
-0.177064 0.236435 0.301516 -0.050174 0.563567 0.824545
-0.065109 0.281335 0.238447 0.373086 0.663001 0.649027
-0.073136 0.251573 0.209648 0.967890 -0.018446 -0.250695
-0.079828 0.301982 0.154669 0.539328 0.573282 -0.616825
-0.067445 0.324641 0.187312 0.475363 0.869999 0.130887
0.000154 0.250002 -0.364198 0.155099 -0.646945 -0.746597
0.030303 0.337380 -0.356716 0.945157 -0.322711 -0.050362
0.000383 0.256947 -0.338224 0.368742 -0.898789 0.237083
-0.134208 0.279867 -0.318880 -0.134705 -0.967800 0.212643
-0.138564 0.267381 -0.380693 -0.071872 -0.841060 -0.536145
-0.350627 0.306402 -0.330434 -0.278790 -0.949586 -0.143394
-0.352308 0.298107 -0.389699 -0.403802 -0.464701 -0.788034
0.026207 0.337411 -0.389959 0.315218 -0.142541 -0.938253
0.050121 0.381648 -0.317680 0.951788 -0.306588 -0.010214
-0.324464 0.512135 -0.413226 -0.458664 0.603056 -0.652649
-0.128833 0.362699 -0.405057 0.025007 -0.139708 -0.989877
-0.341409 0.388720 -0.405973 -0.526293 -0.024961 -0.849937
-0.108889 0.506026 -0.411356 0.073859 0.814365 -0.575634
0.086703 0.496673 -0.376637 0.672243 0.655715 -0.343696
0.057958 0.429208 -0.064150 0.968370 -0.239969 0.068370
0.081644 0.539119 -0.063905 0.616534 0.778516 0.117466
0.015165 0.393171 0.137653 0.942305 -0.214273 0.257193
0.027328 0.500935 0.173484 0.436064 0.659487 0.612311
-0.035631 0.393037 0.214391 0.288864 -0.225900 0.930337
-0.091541 0.383211 0.153130 -0.020385 -0.754637 0.655826
-0.031787 0.360875 0.184163 0.167655 -0.664456 0.728279
-0.500000 0.369770 -0.010008 0.544580 0.745498 0.384272
-0.362734 0.527564 0.050701 -0.605015 0.683224 0.408854
-0.332790 0.563057 -0.172948 -0.283061 0.956982 -0.063727
-0.156228 0.533997 0.122207 -0.062956 0.913296 0.402401
-0.108920 0.572086 -0.111173 0.069981 0.995444 -0.064765
-0.372623 0.394063 0.103889 -0.729238 0.444181 0.520496
-0.234071 0.398286 0.165055 -0.348290 0.387507 0.853541
-0.135841 0.375792 0.198622 -0.154776 0.159332 0.975017
-0.108857 0.410645 0.192205 -0.173678 0.313879 0.933443
-0.123679 0.353228 0.168994 -0.249455 -0.879378 0.405544
-0.226770 0.375500 0.099737 -0.409549 -0.840595 0.354500
-0.358669 0.368523 0.047947 -0.134868 -0.913648 0.383482
-0.484594 0.470912 -0.037134 0.985926 -0.147971 0.077811
-0.464192 0.506760 -0.203215 0.983050 -0.162025 0.085790
-0.465470 0.405263 -0.351286 -0.988595 0.105421 -0.107544
-0.475620 0.321121 -0.340465 -0.425024 0.823103 -0.376637
0.437271 0.079154 -0.118277 -0.371455 -0.871367 -0.320532
0.439252 0.086162 -0.068002 -0.331714 -0.719448 0.610213
0.476220 0.082098 -0.103802 0.437863 -0.899040 -0.001852
0.474073 0.089106 -0.077907 0.445676 -0.642348 0.623507
0.466007 0.127037 -0.050204 0.065306 -0.169102 0.983433
0.491168 0.113817 -0.076620 0.844893 -0.220100 0.487556
0.494302 0.106714 -0.116138 0.745012 -0.453802 -0.488898
0.350753 0.148063 -0.138458 -0.397496 -0.748273 -0.531116
-0.288955 0.182119 -0.159191 0.043527 -0.953484 -0.298283
-0.091446 0.212813 -0.083281 0.231760 -0.953146 -0.194422
0.015805 0.224817 -0.210437 0.083705 -0.990817 -0.106186
0.042213 0.221131 -0.056778 0.154524 -0.987512 -0.030700
-0.102582 0.213357 -0.213910 0.145071 -0.984962 -0.093826
-0.296785 0.191140 -0.252804 -0.066933 -0.969380 -0.236269
-0.107965 0.229553 -0.362186 0.170299 -0.824803 -0.539164
-0.119709 0.333189 -0.383543 0.105155 -0.190945 -0.975952
-0.264662 0.225007 -0.372233 -0.092975 -0.601036 -0.793796
-0.265578 0.328769 -0.393345 -0.105534 -0.213867 -0.971145
-0.369309 0.353291 -0.376526 0.012384 -0.244455 -0.969582
-0.377801 0.273048 -0.352865 -0.191756 -0.629551 -0.752924
-0.455565 0.381869 -0.390622 -0.906903 0.228941 -0.353713
0.121651 0.249110 -0.014080 0.321136 -0.926195 -0.197572
-0.064304 0.205133 0.012036 0.311570 -0.947066 -0.077398
-0.169834 0.126295 -0.022943 0.321160 -0.888713 -0.327178
-0.305308 0.127227 -0.072413 -0.275403 -0.926319 -0.257074
-0.320328 0.118711 0.039028 -0.384124 -0.922527 -0.037318
-0.079347 0.054442 0.222655 0.423586 -0.663645 -0.616563
0.017020 0.084528 0.311137 0.851754 0.161643 -0.498385
0.024163 0.058025 0.349471 0.987239 -0.157910 -0.020593
0.008670 0.021736 0.343244 0.640366 -0.767131 0.037977
-0.045323 0.000000 0.349021 -0.338900 -0.918162 0.205243
-0.006823 0.015043 0.305612 0.403730 -0.749310 -0.524917
-0.007557 0.018113 0.380007 0.487355 -0.763552 0.423643
-0.056364 0.034245 0.391759 -0.577524 -0.155292 0.801467
-0.020777 0.031144 0.408649 0.080802 -0.406306 0.910157
0.017888 0.070795 0.390346 0.860661 -0.030272 0.508279
0.398187 0.120218 -0.245195 0.097904 -0.909733 0.403486
0.423151 0.135072 -0.235417 0.587400 -0.650111 0.481992
0.402315 0.119192 -0.265234 0.330068 -0.898545 -0.289262
0.430191 0.135261 -0.272109 0.752737 -0.598702 -0.273757
0.407248 0.150652 -0.214991 -0.035074 -0.318704 0.947205
0.375591 0.123486 -0.238432 -0.412540 -0.748370 0.519378
0.380808 0.122491 -0.276568 -0.327518 -0.785152 -0.525613
0.418708 0.152191 -0.299953 0.407149 -0.076153 -0.910182
0.433135 0.177060 -0.275447 0.772799 0.580436 -0.256660
0.361377 0.254359 -0.231155 0.595246 0.717405 0.361957
0.431635 0.175331 -0.233278 0.663631 0.437160 0.607030
0.119472 0.396660 -0.022636 0.434455 0.895916 -0.092645
0.034534 0.426746 -0.060946 0.346065 0.938186 0.006779
0.482684 0.158110 -0.083897 0.704381 0.529570 0.472655
0.498690 0.130684 -0.113415 0.900064 0.358681 -0.247451
0.479195 0.154977 -0.129326 0.776400 0.457562 -0.433405
0.411083 0.246932 -0.085531 0.594159 0.687384 0.417705
0.388906 0.207335 -0.179593 0.128846 -0.166929 -0.977514
0.463995 0.121047 -0.154874 0.095132 -0.376341 -0.921584
0.498366 0.134361 -0.089477 0.969911 0.073682 0.232043
0.386633 0.204683 -0.038713 0.165195 0.121727 0.978720
0.404138 0.253238 0.031720 0.627927 0.754168 -0.192193
0.478043 0.173287 0.090921 0.689483 0.581603 0.431684
0.475928 0.172261 0.034451 0.713548 0.528327 -0.460130
0.498303 0.143903 0.049975 0.875297 0.305980 -0.374473
0.500000 0.143517 0.079438 0.974141 0.008582 0.225780
0.461082 0.144511 0.016235 0.052076 -0.347178 -0.936352
0.489503 0.118521 0.043559 0.700349 -0.569949 -0.429732
0.489179 0.114133 0.090471 0.732308 -0.488303 0.474642
0.455510 0.135680 0.126793 0.029613 -0.251652 0.967365
0.376870 0.210634 0.126903 -0.032939 -0.018534 0.999285
0.310494 0.222157 0.156287 0.371904 0.012448 -0.928188
0.381771 0.165600 0.186120 0.340896 -0.332262 -0.879427
0.309270 0.266071 0.182711 0.625976 0.716343 -0.308231
0.372039 0.206412 0.254832 0.548111 0.684317 0.480921
0.381384 0.199048 0.205386 0.713306 0.593107 -0.373388
0.399339 0.178504 0.250697 0.821859 0.533840 0.198906
0.404619 0.175781 0.226774 0.871226 0.378438 -0.312649
0.409836 0.149026 0.224123 0.904984 -0.368509 -0.212613
0.350911 0.172293 0.294934 -0.035477 -0.155688 0.987169
0.400878 0.155458 0.267208 0.726360 -0.129475 0.675009
-0.200528 0.297246 0.166855 0.347131 -0.527959 0.775087
-0.073136 0.310940 0.189001 -0.208959 -0.111529 0.971544
-0.191562 0.349605 0.144322 -0.344104 0.567201 0.748248
-0.050571 0.389683 0.161867 -0.184165 0.654670 0.733137
-0.171207 0.403503 0.097622 -0.308923 0.687674 0.657017
-0.361621 0.365003 0.045319 -0.374894 0.578382 0.724519
-0.357501 0.426904 -0.018113 -0.245113 0.718944 0.650415
-0.456599 0.402256 -0.016211 -0.725685 0.464240 0.507802
-0.435226 0.466398 -0.091229 -0.784381 0.555801 0.275375
-0.003303 0.066573 0.413226 0.371271 0.065492 0.926212
-0.020232 0.090898 0.404205 -0.189860 0.446736 0.874288
-0.107736 0.160036 0.333946 -0.442521 0.272103 0.854479
-0.143039 0.078704 0.326022 -0.682682 -0.214972 0.698378
-0.207600 0.213870 0.257168 -0.836736 -0.416041 0.356065
-0.237173 0.129050 0.238100 -0.734616 -0.363753 0.572733
0.010493 0.121883 0.363590 0.560413 0.751558 0.347991
-0.069844 0.188938 0.284895 0.773012 -0.168080 -0.611720
-0.049932 0.139034 0.225646 0.875602 0.009095 -0.482947
-0.105660 0.253522 0.165237 0.283720 -0.225820 0.931938
-0.098873 0.210571 0.183200 0.992657 -0.113285 -0.042416
0.453466 0.094994 0.081387 0.100188 -0.927230 0.360841
0.424145 0.101939 0.093186 -0.503771 -0.741120 0.443797
0.429489 0.104986 0.045997 -0.489170 -0.758604 -0.430387
0.458391 0.097496 0.053842 0.258998 -0.849150 -0.460288
0.362947 0.161188 0.089177 -0.567535 -0.680611 0.463328
0.275601 0.172514 0.178701 -0.193531 -0.764459 -0.614938
0.351108 0.127006 0.210587 -0.139895 -0.877917 -0.457921
0.334716 0.129563 0.262527 -0.420500 -0.871489 0.252361
0.251119 0.175521 0.245527 -0.473184 -0.771448 0.425399
0.375015 0.125885 0.257255 0.165305 -0.831105 0.530979
0.380682 0.124598 0.231755 0.499604 -0.824992 -0.264166
-0.439765 0.501156 -0.217895 -0.930509 0.365165 -0.028419
-0.429781 0.461946 -0.326733 -0.916016 0.364348 -0.167827
-0.468698 0.297886 -0.377813 -0.784757 -0.221447 -0.578893
-0.469172 0.250704 -0.308327 -0.663727 -0.687279 -0.295153
-0.456781 0.225709 -0.213310 -0.636440 -0.769321 -0.055587
0.443829 0.158173 -0.264500 0.976649 0.130317 -0.170802
0.442132 0.157565 -0.238874 0.871540 -0.357064 0.336041
-0.442409 0.208456 -0.109824 -0.696290 -0.703243 -0.143627
-0.457278 0.228242 -0.038547 -0.802260 -0.595484 0.042158
-0.116986 0.147068 0.081158 0.855406 -0.446011 -0.263355
0.144278 0.298880 -0.058310 0.464666 0.059994 0.883451
0.209991 0.225425 -0.097283 -0.309529 -0.749211 0.585556
0.227591 0.281240 -0.049533 0.005927 0.137398 0.990498
0.307100 0.242962 -0.044111 -0.086172 -0.024417 0.995981
0.281426 0.188259 -0.087914 -0.454745 -0.770737 0.446286
0.278293 0.183689 -0.149468 -0.314497 -0.785876 -0.532438
0.352837 0.151101 -0.078546 -0.461434 -0.632559 0.622052
0.304764 0.245685 -0.188599 0.083824 -0.071955 -0.993879
0.118454 0.244817 -0.090085 0.179458 -0.947234 0.265598
0.151516 0.303426 -0.043740 0.265261 -0.020219 -0.963965
0.231656 0.228882 0.009242 -0.090374 -0.790032 -0.606367
0.253037 0.301595 -0.029036 0.213319 0.077009 -0.973943
0.321788 0.261430 -0.017008 0.160212 -0.050729 -0.985778
0.205832 0.219308 -0.160478 -0.138286 -0.827812 -0.543694
0.132818 0.289496 -0.206246 0.430525 0.039528 -0.901713
0.220646 0.284058 -0.197604 0.140640 0.052957 -0.988644
0.118896 0.229805 -0.178875 0.184918 -0.973185 -0.136808
0.105361 0.241652 -0.248502 0.123576 -0.990145 -0.065897
0.132953 0.292827 -0.212663 0.037909 -0.065961 0.997102
0.192991 0.238992 -0.251786 -0.240197 -0.774615 0.585044
0.200512 0.305020 -0.212394 0.016651 0.035842 0.999219
0.271892 0.264469 -0.208022 -0.090583 -0.047969 0.994733
0.251663 0.205867 -0.245503 -0.449441 -0.704884 0.548764
-0.000801 0.252756 -0.336614 0.158035 -0.867087 -0.472425
0.088621 0.253175 -0.327916 0.020795 -0.717278 -0.696476
0.081391 0.322084 -0.351152 0.106441 0.104402 -0.988823
0.194530 0.299322 -0.342557 0.180774 0.153569 -0.971461
0.091083 0.375500 -0.316670 0.276254 0.828704 -0.486758
0.002490 0.398515 -0.316946 0.190567 0.745836 -0.638289
-0.008133 0.328769 -0.359684 0.185551 -0.079039 -0.979451
-0.455218 0.259512 -0.000221 -0.889060 -0.239374 0.390220
-0.159463 0.101529 0.101505 0.302665 -0.882594 -0.359752
-0.205295 0.081845 0.168662 -0.250139 -0.961983 -0.109629
-0.302530 0.107093 0.116082 -0.614591 -0.742990 0.265036
-0.381400 0.206925 0.095728 -0.836170 -0.357532 0.415922
-0.318639 0.167013 0.177328 -0.650785 0.058342 0.757018
-0.127807 0.032683 0.275108 -0.432054 -0.901562 -0.022710
0.138548 0.224494 0.203626 -0.322245 -0.901453 0.289036
0.196834 0.247090 0.263995 -0.295923 -0.070258 0.952625
0.129622 0.271256 0.245077 -0.277618 -0.169112 0.945690
0.039522 0.240626 0.163682 -0.124871 -0.882773 0.452901
0.084943 0.235219 0.100605 0.165359 -0.982064 -0.090585
0.033444 0.211274 0.059770 0.212952 -0.975264 0.059252
-0.019530 0.222512 0.142585 0.011908 -0.862096 0.506604
-0.087989 0.184676 0.061167 0.629477 -0.765086 0.135654
0.011322 0.299709 0.214099 -0.245641 -0.154172 0.957022
0.343263 0.223917 -0.203642 -0.018637 -0.092536 0.995535
0.310360 0.172774 -0.239229 -0.482692 -0.678618 0.553613
0.204679 0.342249 -0.304050 0.357562 0.857869 -0.369066
0.282483 0.295423 -0.298391 0.493379 0.749248 -0.441820
0.266288 0.254674 -0.334017 0.141338 0.043268 -0.989015
0.360327 0.248566 -0.292716 0.566428 0.664369 -0.487621
0.338046 0.209995 -0.325470 0.073531 -0.217738 -0.973233
0.309815 0.172230 -0.296733 -0.430148 -0.818953 -0.379854
0.283699 0.302684 -0.235803 0.475879 0.810305 0.341971
0.206021 0.351049 -0.240452 0.327904 0.833577 0.444554
0.104658 0.378318 -0.243775 0.439305 0.883687 0.161585
0.025505 0.417528 -0.215638 0.353548 0.925094 -0.138584
0.091146 0.392658 -0.183145 0.450494 0.838361 -0.306930
0.069481 0.367403 0.111623 0.436747 0.899340 0.020965
0.010525 0.407954 0.070464 0.268867 0.934206 0.234457
0.106221 0.393069 -0.091924 0.433968 0.885697 0.164962
0.231246 0.353733 -0.164313 0.329255 0.772946 -0.542351
0.321243 0.300672 -0.157076 0.466426 0.728209 -0.502154
0.411281 0.247603 -0.149839 0.595912 0.671693 -0.440134
0.324637 0.299038 -0.089706 0.427407 0.774352 0.466586
0.238222 0.351144 -0.093865 0.323151 0.777319 0.539766
0.126552 0.296575 0.083621 0.059447 0.032675 0.997697
0.238633 0.343496 0.073771 0.243046 0.803744 0.543070
0.100846 0.381964 0.063242 0.289964 0.774086 0.562772
0.252082 0.349447 0.007924 0.399147 0.758237 -0.515517
0.328094 0.301343 0.019834 0.540885 0.807072 -0.236808
0.390571 0.221297 -0.004972 0.140260 -0.136245 -0.980696
0.317850 0.295486 0.085649 0.389222 0.769251 0.506714
0.397035 0.247508 0.097527 0.472237 0.692248 0.545697
0.303959 0.250996 0.115238 -0.147039 -0.004092 0.989122
0.231080 0.291359 0.103589 -0.114390 0.085839 0.989720
0.248080 0.249552 0.135735 0.296180 -0.067208 -0.952765
0.242445 0.304381 0.165292 0.524146 0.777190 -0.348205
0.185666 0.276986 0.115206 0.369121 0.143421 -0.918249
0.175580 0.342691 0.147858 0.432208 0.798988 -0.418109
0.117428 0.283963 0.091016 0.554651 0.049379 -0.830617
0.294330 0.271706 0.250247 0.379459 0.758240 0.530173
0.028322 0.374222 0.193405 0.043661 0.792679 0.608073
0.151350 0.345130 0.219924 0.091700 0.785008 0.612661
0.222856 0.308414 0.235093 0.251501 0.763450 0.594887
0.264078 0.222923 0.282921 -0.038652 0.170449 0.984608
-0.357115 0.286007 0.102065 -0.573542 0.293730 0.764704
-0.191436 0.253846 0.213957 -0.626808 -0.085115 0.774511
-0.455408 0.319266 0.003552 -0.847150 0.136221 0.513596
0.299223 0.195370 0.022596 -0.284455 -0.768384 -0.573298
0.366822 0.161859 0.035966 -0.387848 -0.720559 -0.574777
0.294551 0.196325 0.079319 -0.457935 -0.750731 0.476129
0.226123 0.231439 0.069446 -0.319276 -0.740001 0.591998
0.111982 0.246356 0.056179 0.115428 -0.963467 0.241678
0.221317 0.197549 0.158134 -0.220387 -0.863217 -0.454188
0.194822 0.200011 0.224580 -0.455029 -0.869664 0.191399
0.167040 0.222607 0.137582 -0.015066 -0.797541 -0.603077
0.248783 0.207501 -0.305265 -0.383730 -0.774600 -0.502738
0.187774 0.242772 -0.313805 -0.137983 -0.840046 -0.524674
-0.485495 0.387194 -0.184927 -0.927286 0.366248 -0.077477
