29 100
46 107
46 108
47 109
49 50
49 80
49 81
50 49
50 81
51 63
51 64
51 128
52 139
53 55
53 56
55 53
55 56
56 53
56 55
57 58
57 60
58 57
58 60
60 57
60 58
60 73
61 71
61 72
62 97
63 51
63 64
63 128
64 51
64 63
64 128
65 111
66 110
67 68
68 67
69 70
70 69
70 87
71 61
71 72
72 61
72 71
73 60
77 136
77 142
79 94
80 49
80 81
81 49
81 50
81 80
83 101
83 127
84 102
84 114
84 141
85 115
86 87
87 70
87 86
89 92
90 91
91 90
92 89
92 94
94 79
94 92
95 131
95 132
95 144
96 129
97 62
100 29
101 83
102 84
106 107
106 143
107 46
107 106
107 108
107 143
108 46
108 107
108 132
108 144
109 47
110 66
111 65
112 113
112 141
113 112
113 141
114 84
115 85
121 126
126 121
126 138
127 83
128 51
128 63
128 64
129 96
130 131
130 132
130 144
131 95
131 130
132 95
132 108
132 130
132 144
135 136
135 137
136 77
136 135
136 137
137 135
137 136
137 142
138 126
139 52
141 84
141 112
141 113
142 77
142 137
143 106
143 107
144 95
144 108
144 130
144 132
148 150
149 153
150 148
150 151
150 152
151 150
151 152
152 150
152 151
152 158
153 149
153 158
158 152
158 153
