 -0.498183   0.319099  -0.171202
 -0.351911   0.237065   0.010873
 -0.056046   0.300227   0.100418
 -0.010557   0.299282  -0.040056
  0.021254   0.284470  -0.183382
 -0.047355   0.250309  -0.308757
 -0.234893   0.171437   0.156534
  0.103104   0.263817   0.171620
  0.182356   0.253899   0.003456
  0.184534   0.226254  -0.168068
  0.101801   0.231050  -0.324264
 -0.111041   0.094605   0.288367
  0.242094   0.216450   0.237250
  0.352506   0.190126   0.045470
  0.329129   0.167414  -0.153728
  0.218579   0.169427  -0.334051
  0.005806   0.067960   0.352928
  0.337983   0.161763   0.287414
  0.485791   0.138694   0.078613
  0.444459   0.128022  -0.143076
  0.310644   0.127257  -0.342055
