0 1
0 290
0 3
0 2
0 13
1 0
1 290
1 2
1 10
1 11
1 12
2 0
2 1
2 3
2 4
2 9
2 10
3 0
3 2
3 4
3 5
3 6
3 7
3 13
3 14
4 2
4 3
4 5
4 8
4 9
5 3
5 4
5 36
5 6
5 8
6 35
6 3
6 36
6 5
6 7
7 34
7 3
7 35
7 6
7 14
7 15
8 4
8 37
8 5
8 36
8 9
9 8
9 2
9 10
9 4
10 9
10 2
10 11
10 1
11 1
11 10
11 12
12 1
12 290
12 11
12 25
13 0
13 290
13 3
13 14
13 16
13 21
14 3
14 7
14 13
14 15
14 16
15 33
15 34
15 7
15 14
15 16
15 17
16 13
16 14
16 15
16 17
16 18
16 21
17 33
17 15
17 16
17 18
17 19
17 31
18 16
18 17
18 19
18 20
18 21
18 22
18 23
19 17
19 18
19 20
19 29
19 30
19 31
20 18
20 19
20 22
20 28
20 29
21 290
21 13
21 16
21 18
21 23
22 18
22 20
22 23
22 27
22 28
23 290
23 18
23 21
23 22
23 27
24 25
24 290
25 24
25 290
25 12
26 32
26 290
26 27
27 32
27 290
27 22
27 23
27 26
27 28
28 32
28 20
28 22
28 27
28 29
29 19
29 20
29 28
29 30
30 19
30 29
30 31
31 17
31 19
31 30
31 33
32 26
32 27
32 28
33 17
33 34
33 15
33 31
34 33
34 35
34 7
34 15
35 34
35 36
35 37
35 6
35 7
36 35
36 37
36 5
36 6
36 8
37 8
37 35
37 36
38 39
38 40
38 41
38 44
38 45
38 46
38 55
39 38
39 40
39 55
39 62
39 63
40 64
40 38
40 39
40 41
40 42
40 63
41 38
41 40
41 42
41 43
41 44
42 64
42 65
42 40
42 41
42 43
43 65
43 66
43 67
43 68
43 69
43 41
43 42
43 44
44 68
44 38
44 41
44 43
44 45
44 48
45 38
45 44
45 46
45 47
45 48
45 49
45 50
46 38
46 45
46 47
46 53
46 54
46 55
47 45
47 46
47 50
47 51
47 52
47 53
48 68
48 70
48 71
48 44
48 45
48 49
49 71
49 45
49 48
49 50
49 56
50 45
50 47
50 49
50 51
50 56
50 57
51 47
51 50
51 52
51 57
51 58
52 47
52 51
52 53
52 58
52 59
53 46
53 47
53 52
53 54
53 59
53 60
54 46
54 53
54 55
54 60
54 61
55 38
55 39
55 46
55 54
55 61
55 62
56 49
56 50
56 57
56 71
57 56
57 50
57 51
57 58
58 57
58 51
58 52
58 59
59 58
59 52
59 53
59 60
60 61
60 59
60 53
60 54
61 62
61 60
61 54
61 55
62 39
62 63
62 61
62 55
63 40
63 64
63 62
63 39
64 40
64 65
64 42
64 63
65 64
65 42
65 43
65 66
66 65
66 67
66 43
67 66
67 68
67 69
67 70
67 43
68 67
68 69
68 70
68 43
68 44
68 48
69 67
69 43
69 68
70 48
70 67
70 68
70 71
71 56
71 49
71 48
71 70
72 73
72 74
72 75
72 79
72 81
72 186
72 187
73 72
73 74
73 75
73 76
73 77
74 72
74 73
74 77
74 78
74 79
75 72
75 73
75 76
75 81
76 73
76 75
76 77
76 81
76 83
76 85
77 73
77 74
77 76
77 78
77 80
77 83
78 74
78 77
78 79
78 80
78 82
78 84
79 192
79 72
79 74
79 78
79 82
79 187
80 83
80 84
80 77
80 78
81 72
81 75
81 76
81 85
81 184
81 186
82 192
82 197
82 78
82 79
82 83
82 84
83 197
83 76
83 77
83 80
83 82
83 84
83 85
84 80
84 82
84 83
84 78
85 197
85 76
85 81
85 83
85 183
85 184
86 226
86 201
86 202
86 204
86 87
86 216
86 217
86 218
87 199
87 200
87 201
87 204
87 86
88 211
88 212
88 213
88 89
88 90
88 91
88 92
89 96
89 212
89 88
89 90
89 93
89 94
89 95
90 88
90 89
90 92
90 93
91 166
91 168
91 213
91 88
91 92
92 163
92 166
92 88
92 90
92 91
92 93
92 94
93 89
93 90
93 92
93 94
94 163
94 165
94 89
94 92
94 93
94 95
95 96
95 164
95 165
95 167
95 89
95 94
96 167
96 212
96 214
96 89
96 95
97 98
97 99
97 101
97 222
97 223
98 97
98 99
98 100
98 169
98 170
98 286
98 223
99 97
99 98
99 100
99 101
99 102
100 98
100 99
100 102
100 170
100 172
101 224
101 97
101 99
101 102
101 103
101 104
101 172
101 222
102 172
102 99
102 100
102 101
103 101
103 104
103 171
103 172
103 173
103 174
104 224
104 227
104 101
104 103
104 174
104 287
105 137
105 106
105 107
105 138
105 179
106 137
106 105
106 129
106 179
107 133
107 105
107 138
107 108
107 236
107 179
107 180
108 233
108 234
108 107
108 235
108 236
108 179
109 240
109 114
109 110
109 111
110 109
110 111
110 177
110 114
110 115
110 178
111 112
111 177
111 109
111 110
112 176
112 177
112 290
112 111
113 262
113 239
113 240
113 114
113 243
113 245
113 246
114 109
114 110
114 240
114 113
114 115
114 246
115 110
115 178
115 114
115 117
115 246
115 247
115 248
115 249
116 267
116 268
116 269
116 117
116 118
116 119
116 249
117 128
117 115
117 116
117 245
117 244
117 118
117 246
117 249
118 128
118 116
118 117
118 119
118 250
119 269
119 148
119 116
119 118
119 120
119 250
120 122
120 148
120 119
120 121
120 250
120 126
121 122
121 120
121 250
121 123
121 124
121 125
122 120
122 121
122 123
122 124
122 126
123 121
123 122
123 124
124 121
124 122
124 123
124 125
124 126
124 127
125 128
125 145
125 121
125 250
125 124
125 127
126 148
126 149
126 120
126 122
126 124
126 127
127 145
127 147
127 149
127 124
127 125
127 126
128 145
128 244
128 117
128 118
128 250
128 251
128 125
129 130
129 131
129 136
129 137
129 106
129 235
129 179
130 129
130 131
130 132
130 134
130 234
130 235
130 252
131 129
131 130
131 134
131 135
131 136
132 130
132 133
132 134
132 241
132 180
132 252
132 253
133 132
133 134
133 135
133 138
133 107
133 180
134 130
134 131
134 132
134 133
134 135
135 131
135 133
135 134
135 136
135 138
136 129
136 131
136 135
136 137
136 138
137 129
137 136
137 105
137 138
137 106
138 133
138 135
138 136
138 137
138 105
138 107
139 256
139 289
139 257
139 262
139 140
139 141
139 142
140 289
140 139
140 141
140 275
140 277
140 216
140 217
141 139
141 140
141 142
141 143
141 272
141 273
141 275
142 260
142 261
142 262
142 139
142 141
142 143
143 260
143 141
143 142
143 144
143 272
143 150
144 161
144 162
144 260
144 263
144 264
144 143
144 150
145 128
145 146
145 147
145 251
145 125
145 127
146 258
146 267
146 269
146 145
146 147
146 251
147 269
147 145
147 146
147 148
147 149
147 127
148 269
148 147
148 149
148 119
148 120
148 126
149 147
149 148
149 126
149 127
150 161
150 143
150 144
150 271
150 272
150 155
151 161
151 152
151 153
151 155
151 157
152 160
152 161
152 151
152 153
152 154
152 158
153 152
153 154
153 157
153 151
154 152
154 153
154 158
154 159
155 161
155 271
155 150
155 151
155 156
155 157
156 271
156 281
156 282
156 155
156 157
157 153
157 155
157 156
157 151
158 160
158 290
158 152
158 154
158 159
159 154
159 290
159 158
159 175
160 161
160 162
160 290
160 152
160 158
161 160
161 162
161 144
161 150
161 151
161 152
161 155
162 160
162 161
162 290
162 264
162 144
163 164
163 165
163 166
163 92
163 94
164 163
164 165
164 166
164 167
164 95
165 163
165 164
165 94
165 95
166 163
166 164
166 167
166 168
166 91
166 92
167 96
167 164
167 166
167 168
167 278
167 214
167 95
168 166
168 167
168 213
168 278
168 279
168 91
169 98
169 170
169 171
169 173
169 174
169 286
170 98
170 100
170 169
170 171
170 172
171 103
171 169
171 170
171 172
171 173
172 100
172 101
172 102
172 103
172 170
172 171
173 169
173 171
173 174
173 103
174 103
174 104
174 169
174 173
174 286
174 287
175 176
175 290
175 159
176 112
176 290
176 175
177 290
177 110
177 111
177 112
177 178
178 290
178 110
178 177
178 115
178 247
179 129
179 105
179 106
179 107
179 108
179 235
180 132
180 133
180 107
180 236
180 241
181 270
181 182
181 183
181 184
181 185
181 188
181 190
182 194
182 196
182 181
182 183
182 188
183 196
183 197
183 85
183 181
183 182
183 184
184 81
184 181
184 85
184 183
184 185
184 186
185 181
185 184
185 186
185 187
185 190
185 191
186 72
186 81
186 184
186 185
186 187
187 192
187 72
187 79
187 185
187 186
187 191
188 194
188 198
188 270
188 181
188 182
188 189
189 198
189 199
189 205
189 270
189 206
189 273
189 274
189 188
190 270
190 181
190 280
190 185
190 284
190 191
191 192
191 193
191 185
191 187
191 284
191 190
192 193
192 196
192 197
192 79
192 82
192 187
192 191
193 192
193 194
193 195
193 196
193 284
193 191
194 193
194 195
194 196
194 198
194 182
194 188
195 193
195 194
195 198
195 283
195 284
196 192
196 193
196 194
196 197
196 182
196 183
197 192
197 196
197 82
197 83
197 85
197 183
198 194
198 195
198 199
198 200
198 283
198 188
198 189
199 198
199 200
199 204
199 205
199 87
199 189
200 198
200 199
200 87
200 282
200 283
201 202
201 203
201 239
201 240
201 86
201 87
202 226
202 229
202 201
202 203
202 86
203 229
203 230
203 231
203 201
203 202
203 238
203 239
204 199
204 205
204 209
204 86
204 87
204 216
205 199
205 204
205 206
205 207
205 209
205 189
206 205
206 207
206 208
206 274
206 189
207 205
207 206
207 208
207 209
207 210
207 211
208 206
208 207
208 274
208 211
208 213
208 279
209 204
209 205
209 207
209 210
209 215
209 216
210 207
210 209
210 211
210 212
210 214
210 215
211 207
211 208
211 210
211 212
211 213
211 88
212 96
212 210
212 211
212 214
212 88
212 89
213 168
213 208
213 211
213 279
213 88
213 91
214 96
214 167
214 210
214 212
214 276
214 278
214 215
215 209
215 210
215 276
215 214
215 216
216 204
216 140
216 209
216 275
216 276
216 86
216 215
216 217
217 140
217 277
217 86
217 216
217 218
217 219
218 226
218 86
218 217
218 219
218 220
219 277
219 217
219 218
219 220
219 221
220 225
220 226
220 218
220 219
220 221
220 222
221 277
221 219
221 220
221 285
221 222
221 223
222 224
222 97
222 225
222 101
222 220
222 221
222 223
223 97
223 98
223 221
223 285
223 222
223 286
224 225
224 227
224 101
224 104
224 222
225 224
225 226
225 227
225 228
225 220
225 222
226 225
226 228
226 229
226 202
226 86
226 218
226 220
227 224
227 225
227 288
227 228
227 104
227 287
228 288
228 225
228 226
228 227
228 229
229 288
229 289
229 226
229 228
229 230
229 202
229 203
230 256
230 289
230 229
230 231
230 232
230 203
230 255
231 230
231 232
231 233
231 203
231 237
231 238
232 230
232 231
232 233
232 234
232 255
233 231
233 232
233 234
233 108
233 236
233 237
234 130
234 232
234 233
234 235
234 108
234 252
234 255
235 129
235 130
235 234
235 108
235 179
236 233
236 107
236 108
236 237
236 241
236 180
237 231
237 233
237 236
237 238
237 241
237 242
238 231
238 203
238 237
238 239
238 242
238 243
239 201
239 203
239 238
239 240
239 113
239 243
240 201
240 109
240 239
240 113
240 114
241 132
241 236
241 237
241 242
241 180
241 253
241 254
242 257
242 237
242 238
242 241
242 243
242 254
243 257
243 262
243 238
243 239
243 113
243 242
244 128
244 259
244 261
244 245
244 117
244 251
245 261
245 262
245 113
245 244
245 117
245 246
246 113
246 114
246 115
246 117
246 245
247 290
247 265
247 266
247 178
247 115
247 248
248 266
248 268
248 115
248 247
248 249
249 268
249 115
249 116
249 117
249 248
250 128
250 118
250 119
250 120
250 121
250 125
251 128
251 258
251 259
251 145
251 146
251 244
252 130
252 132
252 234
252 253
252 255
253 132
253 241
253 252
253 254
253 255
254 256
254 257
254 241
254 242
254 253
254 255
255 256
255 230
255 232
255 234
255 252
255 253
255 254
256 289
256 257
256 230
256 139
256 254
256 255
257 256
257 262
257 139
257 242
257 243
257 254
258 259
258 260
258 266
258 267
258 146
258 251
259 258
259 260
259 261
259 244
259 251
260 258
260 259
260 261
260 263
260 266
260 142
260 143
260 144
261 259
261 260
261 262
261 142
261 244
261 245
262 257
262 261
262 139
262 142
262 113
262 243
262 245
263 260
263 264
263 265
263 266
263 144
264 162
264 290
264 263
264 265
264 144
265 290
265 263
265 264
265 266
265 247
266 258
266 260
266 263
266 265
266 267
266 268
266 247
266 248
267 258
267 266
267 268
267 269
267 146
267 116
268 266
268 267
268 116
268 248
268 249
269 267
269 146
269 147
269 116
269 148
269 119
270 271
270 272
270 273
270 181
270 280
270 188
270 189
270 190
271 270
271 272
271 150
271 280
271 281
271 155
271 156
272 141
272 270
272 271
272 143
272 273
272 150
273 141
273 270
273 272
273 274
273 275
273 189
274 206
274 208
274 273
274 275
274 276
274 279
274 189
275 140
275 141
275 273
275 274
275 276
275 216
276 274
276 275
276 278
276 279
276 216
276 214
276 215
277 288
277 289
277 140
277 221
277 217
277 219
277 285
278 167
278 168
278 276
278 214
278 279
279 168
279 208
279 274
279 276
279 213
279 278
280 270
280 271
280 281
280 284
280 190
281 271
281 284
281 280
281 282
281 283
281 156
282 200
282 281
282 283
282 156
283 195
283 198
283 200
283 281
283 282
283 284
284 193
284 195
284 280
284 281
284 283
284 190
284 191
285 288
285 223
285 277
285 221
285 286
285 287
286 98
286 287
286 169
286 174
286 285
286 223
287 288
287 227
287 104
287 174
287 285
287 286
288 289
288 227
288 228
288 229
288 277
288 285
288 287
289 256
289 288
289 229
289 230
289 139
289 140
289 277
290 0
290 1
290 264
290 265
290 12
290 13
290 21
290 23
290 24
290 25
290 26
290 27
290 158
290 159
290 160
290 162
290 175
290 176
290 177
290 178
290 112
290 247
