0 1
0 2
0 3
0 14
0 17
0 18
1 0
1 32
1 2
1 18
2 0
2 1
2 3
2 4
3 0
3 2
3 4
3 5
3 14
4 2
4 3
4 5
4 6
5 3
5 4
5 6
5 7
5 14
5 15
6 8
6 4
6 5
6 7
7 5
7 6
7 8
7 9
7 15
8 9
8 10
8 6
8 7
9 7
9 8
9 10
9 11
9 15
10 8
10 9
10 11
10 12
11 9
11 10
11 12
11 13
11 15
11 22
12 10
12 11
12 22
12 23
13 11
13 14
13 15
13 16
13 21
13 22
14 0
14 3
14 5
14 13
14 15
14 16
14 17
15 5
15 7
15 9
15 11
15 13
15 14
16 13
16 14
16 17
16 19
16 20
16 21
16 29
17 0
17 14
17 16
17 18
17 29
17 30
18 0
18 32
18 1
18 33
18 17
18 30
19 16
19 20
19 25
19 26
19 27
19 29
20 16
20 19
20 21
20 24
20 25
21 13
21 16
21 20
21 22
21 23
21 24
22 11
22 12
22 13
22 21
22 23
23 24
23 12
23 21
23 22
24 25
24 20
24 21
24 23
25 24
25 26
25 19
25 20
26 27
26 25
26 19
26 28
27 19
27 26
27 28
27 29
27 30
28 26
28 27
28 30
28 31
29 16
29 17
29 19
29 27
29 30
30 32
30 33
30 17
30 18
30 27
30 28
30 29
30 31
31 32
31 28
31 30
32 1
32 33
32 18
32 30
32 31
33 32
33 18
33 30
34 35
34 36
34 37
34 38
34 41
34 44
35 41
35 34
35 36
35 42
36 34
36 35
36 37
37 34
37 36
37 38
37 39
38 34
38 37
38 39
38 40
38 44
39 289
39 37
39 38
39 70
39 40
40 289
40 38
40 39
40 44
40 45
41 34
41 35
41 42
41 44
41 46
41 47
42 48
42 41
42 35
42 47
43 289
43 44
43 45
43 46
43 57
44 34
44 38
44 40
44 41
44 43
44 45
44 46
45 40
45 289
45 43
45 44
46 41
46 43
46 44
46 47
46 57
46 59
47 41
47 42
47 46
47 48
47 49
47 59
48 49
48 42
48 50
48 47
49 47
49 48
49 50
49 51
49 58
49 59
50 48
50 49
50 51
50 52
50 54
51 49
51 50
51 52
51 58
51 63
52 50
52 51
52 53
52 54
52 63
53 64
53 52
53 54
53 62
53 63
54 50
54 52
54 53
55 289
55 66
55 67
55 60
56 289
56 57
56 58
56 60
56 61
57 289
57 43
57 46
57 56
57 58
57 59
58 49
58 51
58 56
58 57
58 59
58 61
58 62
58 63
59 46
59 47
59 49
59 57
59 58
60 289
60 66
60 65
60 55
60 56
60 61
61 64
61 65
61 56
61 58
61 60
61 62
62 64
62 53
62 58
62 61
62 63
63 51
63 52
63 53
63 58
63 62
64 65
64 61
64 53
64 62
65 64
65 66
65 60
65 61
66 65
66 60
66 55
67 289
67 68
67 55
68 289
68 67
69 289
69 70
70 289
70 69
70 39
71 195
71 72
71 73
71 77
71 78
71 125
72 195
72 71
72 73
72 74
72 75
73 71
73 72
73 74
73 76
73 77
74 72
74 73
74 75
74 76
75 195
75 72
75 74
75 76
75 120
75 127
76 73
76 74
76 75
76 77
76 120
76 126
77 71
77 73
77 76
77 121
77 122
77 125
77 126
78 193
78 194
78 195
78 71
78 124
78 125
79 80
79 83
79 84
79 183
79 186
79 94
79 95
80 79
80 81
80 82
80 83
80 93
80 94
81 205
81 206
81 80
81 82
81 83
81 212
82 197
82 231
82 205
82 80
82 81
82 92
82 93
83 79
83 80
83 81
83 212
83 85
83 84
84 79
84 83
84 85
84 87
84 183
84 182
84 90
85 83
85 212
85 84
85 86
85 87
85 218
86 88
86 218
86 85
86 87
87 84
87 85
87 86
87 88
87 90
88 89
88 90
88 86
88 87
89 88
89 90
89 91
89 181
90 84
90 181
90 182
90 87
90 88
90 89
91 89
91 180
91 181
91 289
92 197
92 198
92 231
92 199
92 82
92 283
92 189
93 231
93 232
93 233
93 80
93 82
93 94
94 96
94 233
94 79
94 80
94 188
94 220
94 93
94 95
95 96
95 79
95 186
95 187
95 94
96 223
96 219
96 222
96 187
96 220
96 221
96 94
96 95
97 225
97 98
97 165
97 102
97 220
97 221
98 97
98 99
98 164
98 163
98 102
98 165
99 98
99 163
99 100
99 102
99 103
99 106
100 99
100 101
100 102
100 103
101 160
101 225
101 100
101 102
101 103
101 104
102 97
102 98
102 99
102 100
102 101
102 225
103 99
103 100
103 101
103 104
103 105
103 106
104 160
104 101
104 103
104 105
104 158
104 159
105 103
105 104
105 106
105 157
105 158
106 99
106 163
106 103
106 105
106 157
106 158
107 108
107 109
107 111
107 112
107 113
108 107
108 109
108 110
108 111
108 117
108 185
109 107
109 108
109 110
109 113
109 114
110 108
110 109
110 114
110 115
110 184
110 185
111 107
111 108
111 236
111 235
111 112
111 117
112 113
112 107
112 236
112 111
113 107
113 236
113 109
113 112
113 241
113 114
113 242
114 109
114 110
114 240
114 113
114 241
114 115
115 110
115 240
115 114
115 116
115 117
115 184
116 235
116 240
116 210
116 115
116 243
116 117
117 235
117 108
117 111
117 115
117 116
117 184
117 185
118 257
118 258
118 259
118 198
118 119
118 249
118 250
118 189
119 246
119 118
119 249
119 250
119 247
120 75
120 76
120 121
120 122
120 123
120 126
120 127
121 120
121 122
121 77
121 126
122 77
122 120
122 121
122 123
122 124
122 125
122 253
123 192
123 120
123 122
123 253
123 254
123 127
124 194
124 196
124 78
124 253
124 122
124 125
125 71
125 77
125 78
125 122
125 124
126 120
126 121
126 76
126 77
127 192
127 195
127 75
127 120
127 123
128 129
128 130
128 260
128 261
128 262
128 263
128 201
129 128
129 130
129 131
129 132
129 135
129 136
129 137
129 263
130 128
130 129
130 131
130 261
130 133
131 129
131 130
131 132
131 133
131 134
132 129
132 131
132 134
132 135
133 130
133 131
133 261
133 134
133 170
133 171
133 280
134 131
134 132
134 133
134 135
134 171
135 129
135 132
135 134
135 136
135 168
135 171
136 129
136 135
136 168
136 137
136 169
136 172
137 129
137 263
137 136
137 264
137 172
137 281
138 266
138 139
138 140
138 173
138 142
139 138
139 173
139 142
139 174
139 144
139 145
139 178
140 138
140 267
140 266
140 141
140 142
140 271
141 140
141 142
141 143
141 271
141 146
141 275
141 147
142 138
142 139
142 140
142 141
142 143
142 144
143 141
143 142
143 144
143 145
143 147
144 145
144 139
144 142
144 143
145 139
145 143
145 144
145 178
145 147
146 141
146 175
146 176
146 177
146 275
146 147
147 141
147 143
147 145
147 178
147 146
147 177
148 166
148 276
148 277
148 149
148 150
149 166
149 232
149 234
149 272
149 148
149 150
149 151
150 148
150 149
150 276
150 151
150 152
150 153
151 272
151 149
151 150
151 152
151 249
152 153
152 154
152 150
152 151
153 276
153 150
153 278
153 152
153 154
153 155
154 152
154 153
154 155
154 156
155 289
155 278
155 153
155 154
155 156
156 289
156 154
156 155
156 179
157 105
157 106
157 158
158 163
158 104
158 105
158 106
158 157
158 159
159 160
159 161
159 163
159 164
159 104
159 158
160 161
160 162
160 225
160 101
160 104
160 159
161 160
161 162
161 164
161 277
161 159
162 160
162 161
162 224
162 225
162 277
162 221
162 222
163 98
163 99
163 164
163 106
163 158
163 159
164 161
164 98
164 163
164 165
164 167
164 277
164 159
165 97
165 98
165 164
165 167
165 220
165 188
166 167
166 232
166 233
166 148
166 277
166 149
167 164
167 165
167 166
167 233
167 277
167 188
168 135
168 136
168 169
168 170
168 171
169 168
169 170
169 172
169 136
170 133
170 168
170 169
170 171
170 172
170 280
171 133
171 134
171 135
171 168
171 170
172 136
172 169
172 170
172 137
172 280
172 281
173 138
173 139
173 266
173 174
173 175
173 176
173 284
174 139
174 173
174 175
174 177
174 178
175 173
175 174
175 176
175 177
175 146
176 227
176 173
176 175
176 146
176 275
176 284
176 285
177 174
177 175
177 178
177 146
177 147
178 139
178 174
178 177
178 145
178 147
179 289
179 180
179 156
180 289
180 91
180 179
181 289
181 182
181 89
181 90
181 91
182 289
182 84
182 181
182 183
182 90
183 289
183 79
183 84
183 182
183 186
184 185
184 115
184 117
184 110
185 184
185 108
185 117
185 110
186 289
186 79
186 183
186 187
186 95
187 96
187 289
187 186
187 219
187 95
188 165
188 167
188 233
188 220
188 94
189 255
189 197
189 198
189 118
189 250
189 92
189 190
189 191
190 192
190 193
190 194
190 197
190 202
190 189
190 191
191 192
191 254
191 189
191 190
191 255
192 193
192 191
192 195
192 254
192 123
192 190
192 127
193 192
193 194
193 195
193 78
193 190
194 193
194 196
194 202
194 78
194 124
194 190
195 192
195 193
195 71
195 72
195 75
195 78
195 127
196 194
196 202
196 204
196 252
196 124
196 253
197 202
197 205
197 82
197 92
197 189
197 190
198 259
198 199
198 200
198 118
198 92
198 189
199 198
199 200
199 201
199 279
199 282
199 283
199 92
200 259
200 260
200 198
200 199
200 201
201 128
201 260
201 261
201 199
201 200
201 279
202 194
202 196
202 197
202 203
202 204
202 205
202 190
203 202
203 204
203 205
203 206
203 207
203 245
203 247
203 251
204 196
204 202
204 203
204 251
204 252
205 197
205 202
205 203
205 206
205 81
205 82
206 288
206 203
206 205
206 207
206 208
206 81
206 212
206 213
207 203
207 206
207 208
207 209
207 244
207 245
208 288
208 206
208 207
208 209
208 210
208 211
208 287
209 207
209 208
209 210
209 243
209 244
210 235
210 208
210 209
210 211
210 116
210 243
211 235
211 236
211 208
211 242
211 210
211 287
212 206
212 81
212 83
212 213
212 85
212 214
212 218
213 288
213 206
213 212
213 214
213 215
214 212
214 213
214 215
214 216
214 217
214 218
215 288
215 237
215 238
215 239
215 213
215 214
215 216
216 237
216 245
216 214
216 215
216 246
216 217
217 216
217 218
217 214
217 246
218 212
218 85
218 214
218 86
218 217
219 96
219 289
219 276
219 278
219 187
219 223
220 96
220 97
220 165
220 188
220 221
220 94
221 96
221 97
221 162
221 225
221 220
221 222
222 96
222 224
222 162
222 221
222 223
223 96
223 224
223 276
223 219
223 222
224 162
224 276
224 277
224 222
224 223
225 160
225 97
225 162
225 101
225 102
225 221
226 227
226 228
226 229
226 230
226 285
226 286
227 226
227 228
227 271
227 176
227 274
227 275
227 285
228 226
228 227
228 229
228 234
228 273
228 274
229 226
229 228
229 230
229 231
229 232
229 234
230 226
230 229
230 231
230 270
230 283
230 286
231 229
231 230
231 232
231 82
231 283
231 92
231 93
232 229
232 166
232 231
232 233
232 234
232 149
232 93
233 166
233 167
233 232
233 188
233 93
233 94
234 228
234 229
234 232
234 272
234 273
234 149
235 236
235 111
235 210
235 211
235 116
235 117
236 235
236 111
236 112
236 113
236 242
236 211
237 238
237 244
237 245
237 215
237 216
238 237
238 239
238 240
238 243
238 244
238 215
239 288
239 238
239 240
239 241
239 215
239 287
240 238
240 239
240 241
240 114
240 115
240 116
240 243
241 239
241 240
241 113
241 114
241 242
241 287
242 236
242 241
242 113
242 211
242 287
243 238
243 240
243 209
243 210
243 116
243 244
244 237
244 238
244 207
244 209
244 243
244 245
245 203
245 237
245 207
245 244
245 246
245 247
245 216
246 245
246 119
246 216
246 217
246 247
247 203
247 245
247 246
247 119
247 250
247 251
248 256
248 258
248 269
248 270
248 272
248 273
248 249
249 258
249 272
249 118
249 119
249 248
249 151
250 119
250 118
250 247
250 251
250 189
250 255
251 203
251 204
251 247
251 250
251 252
251 255
252 196
252 204
252 251
252 253
252 254
252 255
253 196
253 124
253 122
253 123
253 252
253 254
254 192
254 191
254 123
254 252
254 253
254 255
255 250
255 251
255 252
255 189
255 254
255 191
256 257
256 258
256 265
256 270
256 248
256 282
256 283
257 256
257 258
257 259
257 260
257 262
257 265
257 118
258 256
258 257
258 118
258 248
258 249
259 257
259 260
259 198
259 200
259 118
260 128
260 257
260 259
260 262
260 200
260 201
261 128
261 130
261 133
261 201
261 279
261 280
262 128
262 257
262 260
262 263
262 264
262 265
263 128
263 129
263 262
263 264
263 137
264 262
264 263
264 137
264 265
264 281
264 282
265 256
265 257
265 262
265 264
265 282
266 138
266 267
266 140
266 268
266 173
266 284
266 286
267 266
267 140
267 269
267 268
267 271
267 274
268 266
268 267
268 269
268 270
268 286
269 267
269 268
269 270
269 273
269 274
269 248
270 256
270 230
270 268
270 269
270 248
270 283
270 286
271 227
271 267
271 140
271 141
271 274
271 275
272 234
272 273
272 149
272 151
272 248
272 249
273 228
273 234
273 269
273 272
273 274
273 248
274 227
274 228
274 267
274 269
274 271
274 273
275 227
275 141
275 271
275 176
275 146
276 224
276 148
276 277
276 150
276 278
276 153
276 219
276 223
277 224
277 161
277 162
277 164
277 166
277 167
277 148
277 276
278 289
278 155
278 276
278 153
278 219
279 261
279 199
279 201
279 280
279 281
279 282
280 261
280 133
280 170
280 172
280 279
280 281
281 264
281 137
281 172
281 279
281 280
281 282
282 256
282 199
282 264
282 265
282 279
282 281
282 283
283 256
283 230
283 231
283 199
283 270
283 282
283 92
284 266
284 173
284 176
284 285
284 286
285 226
285 227
285 176
285 284
285 286
286 226
286 230
286 266
286 268
286 270
286 284
286 285
287 288
287 239
287 208
287 241
287 242
287 211
288 206
288 239
288 208
288 213
288 215
288 287
289 278
289 155
289 156
289 39
289 40
289 43
289 45
289 179
289 180
289 181
289 182
289 55
289 56
289 57
289 183
289 186
289 60
289 187
289 67
289 68
289 69
289 70
289 91
289 219
