0.157606 0.565093 -0.388762 -0.225277 -0.586073 -0.778311
0.275829 0.515091 -0.314500 0.837782 -0.077804 -0.540432
0.197363 0.259930 -0.317380 -0.522382 -0.188504 -0.831615
0.058248 0.010609 -0.213800 -0.295245 -0.954809 -0.034206
0.304954 0.223525 -0.229859 0.903380 -0.426769 -0.042104
0.183789 0.258138 -0.150194 -0.395074 -0.128946 0.909554
-0.187830 0.710757 -0.309628 -0.603641 -0.449167 -0.658685
-0.355940 0.462459 -0.127033 -0.338209 -0.380884 -0.860548
-0.266550 0.742062 -0.189205 -0.877166 0.458819 -0.141652
-0.251222 0.525708 -0.014255 -0.212696 -0.858997 -0.465708
-0.309230 0.544397 0.172597 -0.896570 -0.436359 0.075849
-0.259190 0.631365 -0.012601 -0.879710 0.395784 0.263564
-0.387764 0.503344 0.004714 -0.831512 0.163151 0.531008
-0.244850 0.489100 -0.009737 0.858255 -0.037663 0.511840
-0.153057 0.909145 -0.061930 -0.643897 0.694804 0.320381
-0.267426 0.201045 -0.002857 -0.067012 -0.957391 0.280914
-0.041521 0.436910 -0.093982 -0.433568 -0.828890 -0.353496
0.178955 0.339491 -0.109548 -0.660596 -0.692326 -0.290340
0.298732 0.288117 0.033247 0.333312 -0.921371 -0.199948
0.271726 0.379526 -0.140769 0.936926 -0.346486 -0.046013
0.367099 0.687311 -0.178915 0.998698 0.049842 -0.010864
0.387764 0.781243 -0.259349 0.871411 0.326325 -0.366271
0.175575 0.976558 -0.053355 0.429735 0.852303 0.298175
0.196013 0.698794 -0.464955 0.243486 0.128279 -0.961384
-0.150349 0.843096 -0.387382 -0.410737 0.279874 -0.867736
-0.132718 1.000000 -0.139488 -0.436678 0.890408 -0.128398
0.156629 0.893998 0.014263 0.419504 0.655882 0.627563
-0.188850 0.728799 0.248205 -0.315806 0.763496 0.563330
0.378266 0.489912 0.118069 0.910375 0.274202 0.309887
-0.311714 0.355392 0.253973 -0.581400 -0.343642 -0.737485
-0.251687 0.390447 0.434853 -0.261487 -0.051918 0.963810
-0.250395 0.134131 0.266713 -0.484824 -0.814465 0.318737
-0.164939 0.285975 0.299849 0.894502 -0.388276 -0.221600
-0.105627 0.492646 0.222906 -0.409973 -0.226836 0.883441
-0.216406 0.603782 0.372988 -0.019752 0.356127 0.934229
-0.033926 0.670192 0.220045 0.057817 0.492938 0.868142
0.141309 0.388020 0.166771 -0.006315 -0.956716 0.290955
0.358128 0.361941 0.241472 0.588445 0.109565 0.801079
0.082720 0.520506 0.369781 0.295626 0.192670 0.935673
-0.015707 0.233935 0.464955 0.190855 -0.068451 0.979229
-0.161447 0.240557 0.301787 -0.808421 -0.087464 -0.582070
-0.139309 0.000000 0.316603 -0.325566 -0.910811 0.253830
0.033111 0.158946 0.258488 0.572048 -0.620737 -0.536141
0.216944 0.564612 0.162399 0.603379 0.271325 0.749878
0.119744 0.661889 0.275488 0.407554 0.586004 0.700356
0.255633 0.178565 0.321791 0.464489 -0.341806 0.816957
0.201524 0.141053 0.139934 -0.158369 -0.511582 -0.844514
0.061601 0.191236 0.249386 -0.917192 0.343409 0.202061
0.013957 0.023745 0.207794 -0.153289 -0.957794 0.243174
0.143493 0.949902 -0.340991 0.218947 0.814805 -0.536801
