 -0.143365   0.949176  -0.321820
 -0.180658   0.652290  -0.258792
 -0.222972   0.343497   0.175408
 -0.033037   0.382681   0.203583
  0.158376   0.536297   0.212961
  0.268514   0.620751  -0.086264
 -0.210492   0.414781  -0.208369
 -0.136260   0.210613   0.188257
  0.053559   0.244811   0.290068
  0.231802   0.381384   0.286876
  0.280115   0.480980  -0.047505
 -0.184064   0.207125  -0.208275
 -0.078763   0.125863   0.185634
  0.093012   0.131413   0.285528
  0.249859   0.269565   0.270661
  0.282388   0.351388  -0.015165
 -0.080370   0.038861  -0.193866
 -0.023471   0.040459   0.173438
  0.119810   0.028402   0.262748
  0.253206   0.157678   0.224744
  0.278922   0.219816   0.008012
