0.387199 0.504078 0.023133 0.832002 0.163851 0.530024
0.266122 0.742507 -0.170557 0.877092 0.459064 -0.141313
0.258777 0.631866 0.005836 0.879899 0.396076 0.262490
0.250856 0.526451 0.004097 0.212931 -0.858837 -0.465897
0.244797 0.489852 0.008808 -0.858702 -0.038933 0.510993
-0.298187 0.289020 0.051381 -0.343483 -0.917370 -0.201129
-0.366542 0.687613 -0.160421 -0.998713 0.049492 -0.011062
-0.271221 0.380321 -0.122355 -0.936851 -0.346650 -0.046294
-0.178584 0.340374 -0.091167 0.660813 -0.691951 -0.290740
0.041527 0.437718 -0.075567 0.433934 -0.828703 -0.353486
0.309026 0.545226 0.190742 0.900780 -0.427279 0.077641
0.187557 0.711234 -0.290817 0.603935 -0.448852 -0.658631
-0.157286 0.565680 -0.369919 0.225569 -0.585916 -0.778345
0.267439 0.202238 0.015646 0.067398 -0.957407 0.280767
0.355465 0.463263 -0.108426 0.338377 -0.381156 -0.860361
0.152717 0.909279 -0.043475 0.643494 0.695137 0.320469
-0.057922 0.012052 -0.195284 0.297409 -0.954105 -0.035090
-0.304326 0.224561 -0.211341 -0.903135 -0.427352 -0.041445
-0.196979 0.261240 -0.298834 0.522899 -0.187528 -0.831510
-0.183188 0.259382 -0.131413 0.395913 -0.128470 0.909257
-0.275326 0.515708 -0.295804 -0.837837 -0.077836 -0.540343
-0.387199 0.781406 -0.240722 -0.871030 0.326503 -0.367019
-0.175443 0.976471 -0.034971 -0.430034 0.852505 0.297164
-0.195670 0.699178 -0.445989 -0.243419 0.129398 -0.961251
0.150102 0.843376 -0.368441 0.410005 0.280920 -0.867744
0.132390 1.000000 -0.120904 0.435472 0.890859 -0.129358
-0.156514 0.894032 0.032540 -0.419867 0.655646 0.627566
0.188456 0.729176 0.266170 0.314994 0.763629 0.563604
-0.377689 0.490466 0.136086 -0.910540 0.273832 0.309731
0.314102 0.366890 0.238453 0.535450 -0.222078 -0.814846
0.265980 0.370937 0.425808 0.298764 -0.180949 0.937015
0.260470 0.144395 0.220065 0.529852 -0.833972 0.154103
0.173239 0.285464 0.282120 -0.895952 -0.384800 -0.221809
0.105448 0.493354 0.240864 0.369160 -0.145685 0.917876
0.215989 0.604336 0.390753 0.039601 0.305073 0.951505
0.033794 0.670604 0.238019 -0.058164 0.492795 0.868199
-0.141064 0.388806 0.184748 -0.082777 -0.920493 0.381891
-0.357562 0.362674 0.259282 -0.573817 0.057635 0.816953
-0.082656 0.521083 0.387482 -0.273814 0.131293 0.952779
0.037764 0.202556 0.445989 -0.132146 -0.201286 0.970578
0.171239 0.240265 0.277090 0.771975 0.028513 -0.635013
0.157332 0.000000 0.255178 0.369356 -0.925366 0.085292
-0.023085 0.158747 0.234191 -0.586727 -0.556802 -0.587982
-0.216646 0.565104 0.180391 -0.603628 0.270997 0.749796
-0.119650 0.662252 0.293343 -0.407912 0.585757 0.700355
-0.240770 0.159323 0.313927 -0.390365 -0.455715 0.799962
-0.198538 0.152765 0.125604 0.129885 -0.382124 -0.914938
-0.053042 0.190842 0.232163 0.918839 0.343608 0.194084
-0.003580 0.034145 0.161765 0.198216 -0.977012 0.078472
-0.143364 0.949176 -0.321821 -0.219129 0.814802 -0.536731
