  0.143495   0.949902  -0.340989
 -0.065769   0.743281  -0.210082
 -0.180506   0.551629   0.204128
  0.000374   0.419626   0.181849
  0.194036   0.357679   0.137856
  0.236160   0.282447  -0.233603
 -0.233180   0.577985  -0.105357
 -0.208704   0.406606   0.257201
 -0.023998   0.261380   0.290259
  0.158364   0.215168   0.211015
  0.174018   0.185148  -0.225375
 -0.293425   0.402136  -0.057234
 -0.224105   0.272734   0.287892
 -0.076299   0.135161   0.318884
  0.095725   0.120452   0.218970
  0.120567   0.105505  -0.221514
 -0.274984   0.225841  -0.012570
 -0.258376   0.146852   0.276102
 -0.141671   0.012738   0.321681
  0.027526   0.036260   0.211183
  0.072399   0.028918  -0.214000
