0 1
0 2
0 4
0 13
0 14
1 0
1 2
1 11
1 14
1 15
2 0
2 1
2 3
2 4
2 10
2 15
3 2
3 4
3 9
3 10
3 11
3 14
4 0
4 2
4 3
4 13
4 14
5 36
5 37
5 6
5 7
5 8
5 9
5 10
5 45
5 46
5 28
6 5
6 7
6 12
6 20
6 21
6 22
6 26
6 28
7 5
7 6
7 8
7 17
7 19
7 20
8 5
8 7
8 9
8 12
8 18
8 19
9 3
9 5
9 8
9 10
9 11
9 12
10 33
10 2
10 3
10 34
10 5
10 36
10 9
10 15
10 27
10 29
10 30
11 1
11 3
11 9
11 12
11 14
11 15
11 24
11 25
12 6
12 8
12 9
12 11
12 18
12 20
12 21
12 23
12 24
13 0
13 4
13 14
14 0
14 1
14 3
14 4
14 11
14 13
15 1
15 2
15 10
15 11
15 22
15 25
15 26
15 27
16 17
16 18
16 19
17 7
17 16
17 18
17 19
17 20
18 8
18 12
18 16
18 17
18 19
18 20
19 7
19 8
19 16
19 17
19 18
20 6
20 7
20 12
20 17
20 18
21 6
21 12
21 49
21 22
21 23
22 6
22 15
22 49
22 21
22 25
22 26
23 24
23 49
23 12
23 21
24 11
24 12
24 49
24 23
24 25
25 11
25 15
25 49
25 22
25 24
26 35
26 6
26 43
26 44
26 15
26 22
26 27
26 28
27 34
27 35
27 10
27 15
27 26
28 37
28 5
28 6
28 43
28 26
29 32
29 33
29 10
29 30
29 31
30 32
30 33
30 34
30 10
30 29
30 31
31 32
31 29
31 30
32 33
32 29
32 30
32 31
33 32
33 34
33 35
33 36
33 38
33 39
33 40
33 10
33 29
33 30
34 33
34 35
34 10
34 27
34 30
35 33
35 34
35 38
35 44
35 26
35 27
36 33
36 5
36 38
36 39
36 40
36 37
36 10
36 42
36 43
36 45
36 46
36 47
37 36
37 5
37 43
37 45
37 28
38 33
38 35
38 36
38 39
38 43
38 44
39 33
39 36
39 38
39 40
39 41
39 42
40 33
40 36
40 39
40 41
40 42
41 40
41 42
41 39
42 40
42 41
42 36
42 39
43 36
43 37
43 38
43 44
43 26
43 28
44 43
44 26
44 35
44 38
45 36
45 5
45 37
45 46
45 47
45 48
46 36
46 5
46 45
46 47
46 48
47 48
47 36
47 45
47 46
48 45
48 46
48 47
49 21
49 22
49 23
49 24
49 25
