0 1
0 2
0 6
0 16
0 17
0 20
0 21
0 23
0 24
1 0
1 2
1 4
1 19
1 20
2 0
2 1
2 3
2 4
2 5
2 17
3 2
3 4
3 5
4 1
4 2
4 3
4 5
4 19
5 2
5 3
5 4
5 17
5 19
6 0
6 7
6 8
6 9
6 14
6 16
6 24
6 25
7 6
7 8
7 9
7 12
7 13
7 15
8 6
8 7
8 11
8 12
8 14
9 6
9 7
9 10
9 11
9 13
9 16
10 33
10 34
10 36
10 9
10 11
10 14
10 16
10 18
10 27
10 29
10 30
11 8
11 9
11 10
11 12
11 13
11 14
12 7
12 8
12 11
12 13
12 15
13 7
13 9
13 11
13 12
13 15
14 6
14 8
14 10
14 11
14 22
14 25
14 26
14 27
15 12
15 13
15 7
16 0
16 6
16 9
16 10
16 17
16 18
17 0
17 2
17 5
17 16
17 18
17 19
18 36
18 37
18 10
18 45
18 46
18 16
18 17
18 19
18 20
18 28
19 1
19 4
19 5
19 17
19 18
19 20
20 0
20 1
20 18
20 19
20 21
20 22
20 26
20 28
21 0
21 49
21 20
21 22
21 23
22 14
22 49
22 20
22 21
22 25
22 26
23 0
23 24
23 21
23 49
24 0
24 6
24 49
24 23
24 25
25 6
25 14
25 49
25 22
25 24
26 35
26 43
26 44
26 14
26 20
26 22
26 27
26 28
27 34
27 35
27 10
27 14
27 26
28 37
28 43
28 18
28 20
28 26
29 32
29 33
29 10
29 30
29 31
30 32
30 33
30 34
30 10
30 29
30 31
31 32
31 29
31 30
32 33
32 29
32 30
32 31
33 32
33 34
33 35
33 36
33 38
33 39
33 40
33 10
33 29
33 30
34 33
34 35
34 10
34 27
34 30
35 33
35 34
35 38
35 44
35 26
35 27
36 33
36 37
36 38
36 39
36 40
36 10
36 42
36 43
36 45
36 46
36 47
36 18
37 36
37 43
37 45
37 18
37 28
38 33
38 35
38 36
38 39
38 43
38 44
39 33
39 36
39 38
39 40
39 41
39 42
40 33
40 36
40 39
40 41
40 42
41 40
41 42
41 39
42 40
42 41
42 36
42 39
43 36
43 37
43 38
43 44
43 26
43 28
44 43
44 26
44 35
44 38
45 36
45 37
45 46
45 47
45 48
45 18
46 36
46 45
46 47
46 48
46 18
47 48
47 36
47 45
47 46
48 45
48 46
48 47
49 21
49 22
49 23
49 24
49 25
