-0.161148 0.074279 0.171246 -0.258948 -0.757355 -0.599466
-0.312416 0.074279 0.216124 -0.513378 0.087140 -0.853727
-0.337449 0.153625 0.285361 -0.613735 0.734711 -0.289016
-0.313169 0.074279 0.321915 -0.282837 -0.944569 0.166712
-0.288682 0.153625 0.367432 -0.072424 0.715212 0.695145
-0.216448 0.074279 0.379605 0.441453 0.063741 0.895017
0.087120 0.063304 0.065988 -0.162835 -0.982073 -0.094962
0.211791 0.000000 0.139800 -0.096325 -0.994004 -0.051736
0.326412 0.030080 0.122633 0.527507 -0.763504 0.372556
0.192065 0.149430 0.260768 -0.115480 0.741152 0.661331
0.318114 0.106317 0.199529 0.674166 0.208667 0.708490
0.262768 0.238426 0.132255 0.062129 0.982232 0.177089
0.039805 0.211615 0.135745 -0.347467 0.863824 0.364795
0.027372 0.208952 0.010515 -0.240799 0.967300 -0.079661
-0.188798 0.074279 0.070230 0.016185 -0.862113 0.506457
-0.354657 0.074279 0.097667 -0.048900 0.026820 0.998444
-0.194945 0.190652 0.008817 0.034940 0.999386 -0.002751
-0.188392 0.074279 -0.046083 0.065736 -0.739600 -0.669829
-0.354104 0.074279 -0.084381 0.010619 0.045063 -0.998928
-0.410469 0.153625 -0.044864 -0.372929 0.736679 -0.564117
-0.413373 0.074279 0.001245 -0.325191 -0.945647 -0.001829
-0.411515 0.153625 0.057191 -0.404415 0.722596 0.560628
-0.093349 0.074279 0.276737 0.269480 -0.870762 0.411283
0.040518 0.197331 -0.107995 -0.324886 0.924362 -0.200008
-0.129676 0.190605 -0.180776 0.024848 0.998511 0.048564
-0.108846 0.074285 -0.234450 0.327557 -0.731951 -0.597456
-0.234748 0.074279 -0.323293 0.416652 0.085729 -0.905015
-0.304319 0.153625 -0.316927 -0.055381 0.702609 -0.709418
-0.323178 0.074279 -0.280880 -0.288961 -0.945510 -0.150044
-0.344907 0.153625 -0.236109 -0.608603 0.713333 0.347503
-0.314621 0.074279 -0.172092 -0.473826 0.030834 0.880079
-0.112122 0.153625 -0.451773 -0.756770 0.640500 -0.130606
0.007634 0.190652 -0.337438 -0.104554 0.989525 0.099542
-0.029845 0.153625 -0.500000 0.256269 0.675110 -0.691775
-0.066519 0.074279 -0.478477 -0.193167 -0.917787 -0.346920
0.021712 0.074279 -0.479629 0.851448 0.084713 -0.517552
-0.151226 0.074279 -0.129052 -0.195358 -0.849345 0.490356
-0.033415 0.074285 -0.296249 -0.469689 -0.833730 0.290322
-0.113048 0.074279 -0.407022 -0.889460 0.013107 0.456825
0.065071 0.074279 -0.356837 0.618761 -0.637944 -0.458435
0.094938 0.175175 -0.200960 -0.285422 0.931331 -0.226180
-0.002229 0.031905 0.495525 -0.220262 -0.922920 0.315758
0.084110 0.040083 0.498355 0.551595 -0.337297 0.762872
0.041816 0.114055 0.500000 0.389811 0.609286 0.690520
-0.028860 0.114055 0.454277 -0.738771 0.642915 -0.202183
0.063100 0.040083 0.317220 -0.495898 -0.682100 -0.537424
-0.041626 0.040083 0.407068 -0.838353 -0.436041 -0.327160
0.152842 0.040083 0.387017 0.744992 -0.411933 0.524689
0.399292 0.027204 0.000879 0.153757 -0.980721 -0.120603
0.399292 0.078661 0.089995 0.867131 -0.270428 0.418273
0.399292 0.078661 -0.088237 0.807145 -0.118237 -0.578391
0.280948 0.046476 -0.209511 0.115040 -0.941237 -0.317551
0.276393 0.195506 -0.181295 0.155411 0.894289 -0.419636
0.399292 0.181555 -0.088237 0.810968 0.292548 -0.506702
0.399292 0.233012 0.000879 0.383568 0.920836 -0.070255
0.399292 0.181555 0.089995 0.750394 0.402923 0.523988
0.086741 0.155510 0.378273 -0.052222 0.996130 -0.070693
0.135001 0.130770 -0.271250 0.462333 0.484168 -0.742853
0.138750 0.074285 -0.274766 0.108104 -0.952573 -0.284463
0.027605 0.074279 -0.179457 -0.361934 -0.844014 -0.395784
0.225895 0.039990 0.297481 0.356914 -0.862911 0.357766
0.049961 0.074279 0.205049 -0.039843 0.064783 0.997104
0.126777 0.040083 0.242055 -0.633818 -0.770424 -0.068717
0.217691 0.092659 0.286440 0.636671 0.423700 0.644304
-0.009594 0.074279 -0.050571 -0.377312 -0.915462 -0.139877
-0.126626 0.190652 0.221618 0.029120 0.999247 -0.025650
-0.012904 0.074279 0.086745 -0.710944 -0.681658 0.172919
0.413373 0.129623 -0.000100 1.000000 0.000000 0.000000
