  0.413373   0.129623  -0.000100
  0.291631   0.101708   0.129266
  0.069546   0.101964   0.117723
  0.059162   0.118898   0.012667
  0.067596   0.108875  -0.097804
  0.130296   0.105327  -0.165493
  0.194238   0.079376   0.232758
 -0.082411   0.117143   0.196545
 -0.120849   0.117934   0.015969
 -0.084164   0.116083  -0.159437
  0.032944   0.114382  -0.299250
  0.087708   0.075059   0.375770
 -0.224960   0.103311   0.270337
 -0.302722   0.104216   0.019266
 -0.230781   0.103949  -0.218981
 -0.044247   0.112190  -0.405311
 -0.011624   0.068468   0.479549
 -0.316272   0.100022   0.317606
 -0.412580   0.145338   0.021425
 -0.334003   0.123421  -0.260900
 -0.087724   0.129277  -0.464984
