0 65
0 66
0 3
0 1
0 22
1 0
1 65
1 2
1 3
2 65
2 3
2 4
2 1
3 0
3 1
3 2
3 4
3 5
3 22
4 65
4 2
4 3
4 5
5 65
5 3
5 4
5 22
6 64
6 66
6 7
6 48
6 51
6 62
7 6
7 8
7 48
7 60
7 62
8 7
8 10
8 48
8 49
8 60
9 10
9 11
9 12
9 56
9 61
9 62
9 63
10 8
10 9
10 11
10 49
10 55
10 60
10 63
11 9
11 10
11 12
11 13
11 52
11 54
11 55
12 65
12 66
12 9
12 11
12 13
12 61
13 64
13 66
13 11
13 12
13 16
13 52
13 23
14 64
14 66
14 15
14 16
14 17
14 20
15 16
15 20
15 21
15 14
16 64
16 66
16 13
16 14
16 15
16 17
16 18
16 19
16 21
17 64
17 14
17 16
17 18
17 20
18 16
18 17
18 19
18 20
19 16
19 18
19 20
19 21
20 14
20 15
20 17
20 18
20 19
20 21
21 16
21 19
21 20
21 15
22 0
22 65
22 66
22 3
22 5
22 61
23 64
23 40
23 13
23 52
23 24
23 59
24 64
24 36
24 59
24 23
24 25
24 26
24 27
24 29
24 30
25 36
25 24
25 26
25 59
25 28
26 24
26 25
26 27
26 28
27 24
27 26
27 28
27 29
28 36
28 25
28 26
28 27
28 29
28 30
29 24
29 27
29 28
29 30
30 24
30 28
30 29
30 36
31 32
31 33
31 34
31 38
32 33
32 35
32 37
32 38
32 39
32 40
32 57
32 59
32 31
33 32
33 34
33 35
33 31
34 33
34 35
34 37
34 38
34 39
34 31
35 32
35 33
35 34
35 39
36 64
36 24
36 25
36 59
36 28
36 30
37 32
37 34
37 38
37 39
37 58
37 59
38 32
38 34
38 37
38 31
39 32
39 34
39 35
39 37
39 57
39 58
40 32
40 52
40 23
40 57
40 59
41 42
41 43
41 44
41 45
41 46
41 47
42 41
42 43
42 47
43 41
43 42
43 44
43 47
43 56
44 41
44 43
44 45
44 46
44 56
45 41
45 44
45 46
45 47
45 56
45 60
45 62
46 41
46 44
46 45
47 41
47 42
47 43
47 45
47 56
47 60
47 63
48 67
48 6
48 7
48 8
48 49
48 50
48 51
49 67
49 8
49 10
49 48
49 55
50 67
50 48
50 51
50 52
50 53
51 64
51 6
51 48
51 50
51 52
51 57
51 58
51 59
52 40
52 11
52 13
52 50
52 51
52 53
52 54
52 23
52 57
53 50
53 67
53 52
53 54
54 67
54 11
54 52
54 53
54 55
55 67
55 10
55 11
55 49
55 54
56 9
56 43
56 44
56 45
56 47
56 62
56 63
57 32
57 39
57 40
57 51
57 52
57 58
58 37
58 39
58 51
58 57
58 59
59 64
59 32
59 36
59 37
59 40
59 51
59 23
59 24
59 25
59 58
60 7
60 8
60 10
60 45
60 47
60 62
60 63
61 65
61 66
61 9
61 12
61 22
61 62
62 66
62 6
62 7
62 9
62 45
62 56
62 60
62 61
63 9
63 10
63 47
63 56
63 60
64 66
64 36
64 6
64 13
64 14
64 16
64 17
64 51
64 23
64 24
64 59
65 0
65 1
65 2
65 66
65 4
65 5
65 12
65 22
65 61
66 64
66 65
66 0
66 6
66 12
66 13
66 14
66 16
66 22
66 61
66 62
67 48
67 49
67 50
67 53
67 54
67 55
