 -0.413373   0.129623   0.000465
 -0.292778   0.103355   0.131462
 -0.070928   0.103955   0.113646
 -0.047560   0.106369   0.022890
 -0.059599   0.101037  -0.094021
 -0.118268   0.105217  -0.176588
 -0.196302   0.082341   0.236260
  0.073201   0.114043   0.193031
  0.131636   0.111889   0.015642
  0.087284   0.116008  -0.165862
 -0.035187   0.114586  -0.306913
 -0.088624   0.076780   0.377903
  0.214452   0.101260   0.270385
  0.297040   0.108522   0.008919
  0.224846   0.100571  -0.233018
  0.032166   0.111280  -0.412278
  0.002227   0.073506   0.483024
  0.312972   0.098767   0.324456
  0.413093   0.103902   0.004185
  0.322624   0.112131  -0.280873
  0.073063   0.127073  -0.476764
