0 64
0 1
0 2
0 66
0 7
0 59
0 61
1 0
1 64
1 2
1 3
1 5
2 0
2 1
2 66
2 3
2 4
3 64
3 1
3 2
3 66
3 4
3 5
4 2
4 3
4 66
5 64
5 1
5 3
6 32
6 33
6 38
6 7
6 12
6 60
6 63
7 0
7 6
7 57
7 59
7 60
7 61
7 63
8 9
8 10
8 13
8 15
9 8
9 10
9 11
9 14
9 15
9 57
9 58
9 62
9 63
10 8
10 9
10 11
10 13
11 9
11 10
11 58
11 13
12 38
12 6
12 47
12 55
12 56
12 62
12 63
13 8
13 10
13 11
13 14
13 15
13 58
14 9
14 13
14 15
14 58
14 62
15 8
15 9
15 13
15 14
16 65
16 35
16 48
16 49
16 60
17 39
17 18
17 50
17 20
17 51
17 52
17 55
17 56
17 54
17 24
18 38
18 17
18 20
18 55
18 30
19 20
19 21
19 22
19 31
20 17
20 18
20 19
20 50
20 21
20 53
20 23
20 30
20 31
21 19
21 20
21 22
21 23
22 50
22 19
22 53
22 21
22 23
22 31
23 50
23 20
23 21
23 22
24 17
24 51
24 52
24 55
24 56
24 25
24 26
24 27
24 29
25 24
25 26
25 51
25 28
26 24
26 25
26 27
26 28
27 24
27 26
27 28
27 29
28 51
28 52
28 25
28 26
28 27
28 29
29 24
29 27
29 28
29 52
30 38
30 39
30 18
30 20
30 53
30 54
31 19
31 20
31 53
31 22
32 33
32 67
32 6
32 48
32 60
33 32
33 34
33 67
33 38
33 6
34 33
34 67
34 37
34 38
35 65
35 36
35 16
35 49
35 61
36 35
36 39
36 49
36 56
36 61
36 62
37 34
37 67
37 38
37 39
37 49
38 33
38 34
38 37
38 6
38 39
38 12
38 18
38 55
38 30
39 36
39 37
39 38
39 17
39 49
39 54
39 56
39 30
40 41
40 43
40 45
40 47
41 40
41 42
41 43
41 47
42 41
42 43
42 46
42 47
43 40
43 41
43 42
43 44
43 45
43 46
44 43
44 45
44 46
44 47
44 56
45 40
45 43
45 44
45 47
46 42
46 43
46 44
46 47
46 56
46 62
47 40
47 41
47 42
47 44
47 45
47 46
47 12
47 56
47 62
48 32
48 67
48 16
48 49
48 60
49 67
49 35
49 36
49 37
49 39
49 48
49 16
50 17
50 20
50 53
50 22
50 23
50 54
51 17
51 52
51 56
51 25
51 28
51 24
52 17
52 51
52 24
52 28
52 29
53 50
53 20
53 22
53 54
53 30
53 31
54 39
54 17
54 50
54 53
54 30
55 38
55 12
55 17
55 18
55 24
55 56
56 36
56 39
56 12
56 44
56 46
56 47
56 17
56 51
56 55
56 24
56 62
57 7
57 9
57 58
57 61
57 62
57 63
58 9
58 11
58 13
58 14
58 57
58 62
59 0
59 65
59 64
59 7
59 60
60 32
60 65
60 6
60 7
60 48
60 16
60 59
61 0
61 65
61 66
61 35
61 36
61 7
61 57
61 62
62 36
62 9
62 12
62 14
62 46
62 47
62 56
62 57
62 58
62 61
62 63
63 6
63 7
63 9
63 12
63 57
63 62
64 0
64 1
64 66
64 65
64 3
64 5
64 59
65 64
65 66
65 35
65 16
65 59
65 60
65 61
66 0
66 64
66 2
66 3
66 4
66 65
66 61
67 32
67 33
67 34
67 37
67 48
67 49
