-0.299431 0.744203 0.098442 -0.033256 0.966768 0.253484
-0.256126 0.785536 -0.148764 0.001118 0.972619 -0.232402
-0.492938 0.372820 0.367462 -0.802329 -0.111061 0.586459
-0.500000 0.221404 0.046317 -0.796757 -0.602136 0.051097
0.261025 0.428064 -0.213333 0.510944 0.431595 0.743413
0.233808 0.364420 -0.217315 0.120446 -0.623330 0.772627
0.297161 0.384926 -0.220441 0.685584 0.190831 0.702537
0.347185 0.229627 -0.258411 0.304451 -0.950431 -0.063163
0.300861 0.389742 -0.275134 0.724613 0.222884 -0.652119
0.238715 0.370840 -0.290199 0.053774 -0.289514 -0.955662
0.377375 0.438382 0.191160 0.390020 0.732971 -0.557349
0.135075 0.529311 0.175668 0.424858 0.679454 -0.598195
0.374929 0.429760 0.269922 0.348466 0.780441 0.519117
0.416974 0.394197 0.264793 0.737872 0.178065 0.651028
0.350816 0.348087 0.266964 0.005247 -0.621523 0.783378
0.461181 0.204849 0.208105 0.568668 -0.819428 -0.071794
0.353689 0.358153 0.174926 0.009707 -0.203449 -0.979037
0.419297 0.402261 0.191076 0.751930 0.224874 -0.619704
0.342446 0.424441 -0.054617 0.420030 0.502558 0.755652
0.318111 0.342836 -0.057491 -0.048307 -0.633303 0.772394
0.384537 0.388649 -0.057843 0.672184 0.246580 0.698117
0.472554 0.173092 -0.110320 0.567128 -0.822547 -0.042209
0.389466 0.395833 -0.131521 0.736658 0.301173 -0.605500
0.324287 0.351809 -0.149467 0.007274 -0.266618 -0.963775
0.172190 0.333542 0.146853 0.342500 -0.937602 0.059977
0.137101 0.366377 -0.020491 0.366741 -0.911083 -0.188224
0.145890 0.562016 0.007460 0.418038 0.759486 -0.498423
0.414986 0.419037 0.025574 0.491730 0.823089 -0.284121
0.391392 0.338785 0.009378 -0.012951 -0.223968 -0.974510
0.456840 0.382855 0.026223 0.759877 0.222461 -0.610818
0.500000 0.179772 0.044192 0.568137 -0.820705 -0.060527
0.453538 0.375128 0.099925 0.727992 0.179161 0.661763
0.387242 0.329132 0.101393 -0.027615 -0.650758 0.758782
0.411455 0.410783 0.104335 0.386520 0.521958 0.760369
-0.060800 0.223268 0.053822 0.321843 -0.940015 -0.113091
-0.419825 0.234007 -0.194607 -0.344664 -0.858371 -0.380008
-0.024206 0.294868 -0.214846 0.128724 -0.915980 -0.380014
0.095377 0.333619 -0.318386 0.231913 -0.198486 -0.952271
-0.280354 0.418158 -0.430678 -0.348408 0.078463 -0.934053
0.146181 0.333412 0.293883 0.162379 -0.316948 0.934439
0.109945 0.334887 -0.179076 0.400033 -0.900599 -0.169987
0.265473 0.433872 -0.279399 0.592830 0.733996 -0.331364
0.131514 0.516830 0.289786 0.270103 0.504916 0.819820
-0.391599 0.331196 -0.344961 -0.535867 -0.482416 -0.692908
0.017518 0.190128 0.351817 0.737213 0.544127 0.400554
-0.039041 0.207035 0.281547 0.490926 -0.800814 -0.343059
-0.004471 0.329010 0.303161 0.544080 -0.432234 0.719132
0.010226 0.155337 0.319280 0.348397 -0.293250 -0.890294
0.165067 0.000000 0.430678 0.805940 -0.485423 0.338859
-0.072280 0.074963 0.401902 -0.399226 -0.563332 0.723378
-0.042472 0.089668 0.347185 -0.117280 -0.763914 -0.634572
-0.144698 0.135511 0.307059 -0.027277 -0.965069 -0.260572
-0.242995 0.648344 -0.296833 -0.140945 0.593882 -0.792110
0.128999 0.563682 0.135465 0.370531 0.814833 0.445818
0.125369 0.562115 -0.029151 0.497402 0.816950 0.291862
0.124390 0.516769 -0.300112 0.244504 0.499110 -0.831329
0.111481 0.539209 -0.182393 0.533049 0.819600 -0.210036
-0.183876 0.345335 0.381304 0.096408 0.070877 0.992815
-0.024504 0.170279 0.419878 -0.002573 0.188643 0.982042
-0.339764 0.191374 0.034936 0.070754 -0.979293 -0.189680
-0.217261 0.168468 0.350869 -0.439000 -0.637348 0.633298
-0.338495 0.603380 0.387311 -0.140915 0.638682 0.756458
0.347743 0.432107 -0.133333 0.532011 0.788151 -0.309487
0.142489 0.549894 -0.151852 0.464927 0.660904 -0.589108
-0.484530 0.519742 -0.015411 -0.911299 0.378019 -0.163203
