 -0.484530   0.519742  -0.015411
 -0.286636   0.367621   0.149857
  0.143190   0.400557   0.226202
  0.144675   0.408091   0.074788
  0.135960   0.411221  -0.088612
  0.169707   0.400009  -0.238263
 -0.128321   0.245923   0.282071
  0.281619   0.394732   0.217203
  0.272569   0.395711   0.064544
  0.266722   0.391957  -0.096723
  0.259807   0.380632  -0.249574
 -0.006366   0.124265   0.373845
  0.394002   0.338001   0.212423
  0.417208   0.344554   0.054486
  0.372766   0.338650  -0.101410
  0.294852   0.323013  -0.253385
  0.133057   0.023738   0.422896
  0.450470   0.230262   0.213845
  0.483576   0.217503   0.054105
  0.445575   0.238367  -0.101510
  0.323443   0.262762  -0.256907
