  0.484524   0.519735  -0.012529
  0.285102   0.369619   0.155625
 -0.160873   0.393624   0.227026
 -0.152939   0.398596   0.078802
 -0.122833   0.408084  -0.086812
 -0.029639   0.418605  -0.227578
  0.125565   0.249527   0.290149
 -0.285879   0.392549   0.216965
 -0.272675   0.392380   0.064797
 -0.266204   0.391306  -0.099113
 -0.155349   0.399643  -0.241684
  0.004425   0.123397   0.373449
 -0.392049   0.342395   0.210542
 -0.413478   0.343345   0.050460
 -0.374316   0.332094  -0.105854
 -0.265656   0.372717  -0.253395
 -0.131538   0.025991   0.410995
 -0.437369   0.240482   0.212166
 -0.480565   0.220062   0.047907
 -0.437092   0.218763  -0.105821
 -0.324089   0.265464  -0.255391
