0 1
0 35
0 20
0 21
0 52
0 55
0 24
0 29
1 0
1 19
1 35
1 20
2 19
2 3
2 36
2 20
3 19
3 2
3 35
3 36
4 33
4 23
4 62
4 22
5 34
5 23
5 6
5 22
6 33
6 34
6 5
6 22
7 8
7 13
7 14
7 39
8 14
8 39
8 38
8 7
9 26
9 25
9 42
9 10
10 9
10 42
10 25
10 41
11 35
11 36
11 41
11 12
11 16
11 18
11 21
11 55
11 57
12 11
12 28
12 18
12 57
12 58
12 60
13 7
13 40
13 39
13 14
13 15
14 38
14 7
14 8
14 13
14 15
15 38
15 40
15 13
15 14
15 63
16 41
16 11
16 17
16 52
16 21
16 26
16 27
16 61
17 16
17 41
17 26
17 25
18 37
18 43
18 11
18 12
18 54
18 55
18 56
18 28
19 1
19 2
19 3
19 35
19 20
20 0
20 1
20 2
20 36
20 19
20 21
21 0
21 36
21 11
21 16
21 20
21 52
22 33
22 4
22 5
22 6
22 23
23 34
23 4
23 5
23 22
23 24
23 62
24 0
24 34
24 23
24 55
24 29
24 62
25 41
25 10
25 9
25 17
25 26
26 9
26 42
26 16
26 17
26 25
26 27
27 42
27 16
27 57
27 26
27 61
28 64
28 32
28 12
28 18
28 56
28 60
29 64
29 0
29 52
29 24
29 62
29 30
30 64
30 53
30 54
30 59
30 31
30 29
30 62
30 63
31 64
31 32
31 50
31 59
31 30
32 64
32 44
32 50
32 56
32 28
32 31
33 34
33 4
33 37
33 6
33 22
33 55
33 62
34 33
34 5
34 6
34 55
34 23
34 24
35 0
35 1
35 3
35 36
35 11
35 19
35 55
36 2
36 35
36 3
36 11
36 20
36 21
37 33
37 38
37 39
37 40
37 18
37 53
37 54
37 55
37 62
38 37
38 39
38 8
38 14
38 15
38 53
38 63
39 37
39 38
39 7
39 8
39 40
39 13
40 37
40 39
40 13
40 15
40 62
40 63
41 42
41 11
41 10
41 16
41 17
41 25
41 57
42 9
42 10
42 41
42 57
42 26
42 27
43 44
43 45
43 46
43 18
43 54
43 56
44 32
44 43
44 45
44 50
44 51
44 56
45 43
45 44
45 46
45 47
45 51
46 43
46 45
46 47
46 48
46 54
46 59
47 45
47 46
47 48
47 49
47 51
48 46
48 47
48 49
48 50
48 59
49 48
49 50
49 51
49 47
50 32
50 44
50 48
50 49
50 51
50 59
50 31
51 44
51 45
51 47
51 49
51 50
52 64
52 0
52 16
52 61
52 21
52 29
53 37
53 38
53 54
53 30
53 63
54 37
54 43
54 46
54 18
54 53
54 59
54 30
55 0
55 33
55 34
55 35
55 37
55 11
55 18
55 24
56 32
56 43
56 44
56 18
56 28
57 41
57 42
57 11
57 12
57 58
57 27
57 61
58 64
58 12
58 57
58 60
58 61
59 46
59 48
59 50
59 54
59 30
59 31
60 64
60 58
60 28
60 12
61 64
61 16
61 52
61 57
61 58
61 27
62 33
62 4
62 37
62 40
62 23
62 24
62 29
62 30
62 63
63 38
63 40
63 15
63 53
63 30
63 62
64 32
64 60
64 61
64 52
64 58
64 28
64 29
64 30
64 31
