-0.125372 0.562111 -0.029150 -0.497403 0.816944 0.291878
-0.342448 0.424438 -0.054617 -0.420075 0.502535 0.755642
-0.389467 0.395838 -0.131520 -0.736784 0.301251 -0.605307
-0.472554 0.173091 -0.110319 -0.567265 -0.822458 -0.042098
-0.411456 0.410780 0.104334 -0.386509 0.521935 0.760391
-0.456840 0.382852 0.026223 -0.759879 0.222455 -0.610817
-0.500000 0.179771 0.044192 -0.568137 -0.820705 -0.060527
-0.419267 0.402258 0.191075 -0.751817 0.224822 -0.619860
-0.461181 0.204847 0.208103 -0.568675 -0.819405 -0.072001
-0.300862 0.389746 -0.275132 -0.724613 0.222884 -0.652119
-0.347186 0.229626 -0.258409 -0.304435 -0.950437 -0.063149
-0.109948 0.334885 -0.179075 -0.400015 -0.900604 -0.170002
0.024201 0.294874 -0.214844 -0.128710 -0.915987 -0.380003
-0.377376 0.438378 0.191159 -0.389987 0.732921 -0.557438
-0.416974 0.394194 0.264791 -0.737983 0.178075 0.650900
-0.374930 0.429757 0.269920 -0.348458 0.780484 0.519058
-0.111484 0.539205 -0.182392 -0.533051 0.819606 -0.210006
-0.260996 0.428068 -0.213331 -0.510880 0.431492 0.743516
0.060811 0.223274 0.053822 -0.321826 -0.940020 -0.113096
-0.384499 0.388646 -0.057842 -0.672169 0.246576 0.698133
-0.347744 0.432104 -0.133332 -0.531987 0.788142 -0.309552
-0.142461 0.549890 -0.151851 -0.464924 0.660908 -0.589106
-0.453538 0.375125 0.099924 -0.727995 0.179157 0.661760
-0.414987 0.419042 0.025573 -0.491692 0.823084 -0.284204
-0.145855 0.562011 0.007460 -0.418028 0.759486 -0.498431
-0.297163 0.384923 -0.220439 -0.685396 0.190797 0.702730
-0.265475 0.433869 -0.279397 -0.592846 0.734013 -0.331298
-0.124393 0.516765 -0.300109 -0.244482 0.499079 -0.831354
0.419833 0.234013 -0.194606 0.345828 -0.857823 -0.380188
0.299433 0.744197 0.098442 0.032032 0.966769 0.253635
0.338496 0.603375 0.387308 0.138892 0.638213 0.757228
0.492938 0.372825 0.367459 0.801025 -0.112740 0.587919
0.500000 0.221402 0.046316 0.796629 -0.602298 0.051178
-0.387243 0.329130 0.101392 0.027613 -0.650756 0.758784
-0.391393 0.338783 0.009378 0.012949 -0.223942 -0.974516
-0.318112 0.342834 -0.057491 0.048311 -0.633336 0.772367
-0.324288 0.351806 -0.149466 -0.007276 -0.266594 -0.963781
-0.172162 0.333540 0.146852 -0.342486 -0.937603 0.060037
-0.350817 0.348084 0.266962 -0.005246 -0.621518 0.783382
-0.353660 0.358150 0.174925 -0.009707 -0.203450 -0.979037
-0.135040 0.529307 0.175666 -0.424858 0.679424 -0.598230
-0.233780 0.364417 -0.217313 -0.120453 -0.623394 0.772574
-0.238717 0.370837 -0.290196 -0.053767 -0.289549 -0.955652
0.039037 0.207041 0.281544 -0.490922 -0.800816 -0.343058
0.144701 0.135510 0.307057 0.027265 -0.965063 -0.260595
-0.010230 0.155336 0.319278 -0.348467 -0.293204 -0.890282
-0.017483 0.190127 0.351814 -0.737212 0.544101 0.400590
-0.165039 0.000000 0.430674 -0.805994 -0.485303 0.338903
0.024500 0.170278 0.419875 0.002566 0.188645 0.982042
0.072283 0.074970 0.401899 0.399255 -0.563320 0.723371
0.217263 0.168474 0.350866 0.439000 -0.637338 0.633309
0.042468 0.089667 0.347182 0.117308 -0.763940 -0.634535
0.256128 0.785530 -0.148763 -0.000210 0.972591 -0.232522
-0.146183 0.333410 0.293880 -0.162378 -0.316951 0.934438
0.004467 0.329007 0.303159 -0.544062 -0.432226 0.719151
-0.137104 0.366374 -0.020491 -0.366723 -0.911106 -0.188148
0.339773 0.191380 0.034936 -0.070777 -0.979287 -0.189704
-0.095342 0.333616 -0.318384 -0.231903 -0.198467 -0.952277
0.280364 0.418155 -0.430674 0.351632 0.080104 -0.932705
0.183886 0.345340 0.381301 -0.096411 0.070863 0.992816
0.391615 0.331201 -0.344958 0.538731 -0.479773 -0.692522
0.243005 0.648339 -0.296830 0.143669 0.593764 -0.791710
-0.129002 0.563677 0.135464 -0.370528 0.814829 0.445827
-0.131517 0.516826 0.289784 -0.270109 0.504909 0.819822
0.484524 0.519735 -0.012529 0.911297 0.378029 -0.163191
