0 64
0 1
0 53
0 54
0 26
0 61
1 0
1 64
1 52
1 54
1 56
1 63
2 64
2 3
2 57
2 60
2 61
3 64
3 2
3 35
3 51
3 59
3 60
4 56
4 41
4 5
4 6
5 4
5 37
5 6
5 7
5 40
5 9
5 56
6 4
6 5
6 7
6 8
6 41
7 8
7 9
7 5
7 6
8 9
8 41
8 6
8 7
9 37
9 5
9 7
9 8
9 41
9 55
10 11
10 12
10 13
10 16
10 17
11 10
11 42
11 12
11 16
11 53
11 24
12 10
12 11
12 42
12 13
12 14
13 10
13 12
13 14
13 15
13 17
14 39
14 42
14 12
14 13
14 15
14 16
14 24
15 16
15 17
15 13
15 14
16 10
16 11
16 14
16 15
16 17
16 24
17 16
17 10
17 13
17 15
18 62
18 19
18 20
18 54
19 40
19 18
19 20
19 21
19 54
19 23
19 25
20 18
20 19
20 21
20 22
20 62
21 19
21 20
21 22
21 23
22 20
22 21
22 62
22 23
23 40
23 19
23 21
23 22
23 62
23 63
24 32
24 34
24 39
24 11
24 46
24 14
24 16
24 53
24 25
25 32
25 34
25 40
25 19
25 54
25 24
25 26
25 28
26 0
26 53
26 54
26 25
26 27
26 28
27 33
27 53
27 26
27 28
27 29
27 31
28 32
28 25
28 26
28 27
28 29
28 30
29 27
29 28
29 30
29 31
30 32
30 28
30 29
30 31
31 32
31 33
31 27
31 29
31 30
32 33
32 53
32 24
32 25
32 28
32 30
32 31
33 32
33 27
33 53
33 31
34 35
34 36
34 40
34 45
34 46
34 24
34 25
34 59
35 64
35 34
35 3
35 36
35 43
35 59
36 34
36 35
36 37
36 38
36 40
36 43
37 36
37 5
37 38
37 40
37 9
37 52
37 55
38 64
38 36
38 37
38 43
38 52
39 42
39 46
39 14
39 24
39 61
40 34
40 36
40 37
40 5
40 19
40 23
40 56
40 25
40 63
41 4
41 6
41 8
41 9
41 55
41 56
42 39
42 11
42 12
42 14
42 53
42 61
43 64
43 35
43 36
43 38
44 45
44 46
44 47
44 48
44 57
44 58
45 34
45 44
45 46
45 47
45 51
45 59
46 34
46 39
46 44
46 45
46 24
46 57
46 61
47 44
47 45
47 48
47 50
47 51
48 44
48 47
48 49
48 50
48 58
49 48
49 50
49 60
49 58
50 47
50 48
50 49
50 51
50 60
51 3
51 45
51 47
51 50
51 59
51 60
52 64
52 1
52 37
52 38
52 55
52 56
53 32
53 33
53 0
53 42
53 11
53 24
53 26
53 27
53 61
54 0
54 1
54 18
54 19
54 25
54 26
54 62
54 63
55 37
55 41
55 9
55 52
55 56
56 1
56 4
56 5
56 40
56 41
56 52
56 55
56 63
57 2
57 44
57 46
57 58
57 60
57 61
58 44
58 48
58 49
58 57
58 60
59 34
59 3
59 35
59 45
59 51
60 2
60 3
60 49
60 50
60 51
60 57
60 58
61 0
61 64
61 2
61 39
61 42
61 46
61 53
61 57
62 18
62 20
62 22
62 23
62 54
62 63
63 1
63 40
63 54
63 23
63 56
63 62
64 0
64 1
64 2
64 3
64 35
64 38
64 43
64 52
64 61
