 -0.487285   0.249783  -0.016908
 -0.297757   0.241710   0.092413
  0.012990   0.203191   0.078093
  0.046110   0.204311  -0.041077
  0.030087   0.194847  -0.135448
 -0.087739   0.214547  -0.208680
 -0.146134   0.235252   0.179871
  0.191639   0.197317   0.084575
  0.232720   0.160707  -0.044723
  0.206084   0.150069  -0.170743
  0.121672   0.157284  -0.295459
 -0.019346   0.230402   0.325181
  0.363776   0.137835   0.099548
  0.380530   0.105301  -0.044866
  0.351624   0.088242  -0.197464
  0.273714   0.088794  -0.357426
  0.084446   0.186073   0.396633
  0.475156   0.076171   0.112928
  0.455368   0.047244  -0.040604
  0.436868   0.041133  -0.211774
  0.375331   0.044645  -0.398870
