  0.487285   0.249783  -0.014573
  0.292626   0.244533   0.098971
 -0.002612   0.222918   0.088411
 -0.015973   0.214134  -0.027226
  0.003510   0.223059  -0.129072
  0.103826   0.204753  -0.209385
  0.136898   0.240333   0.189806
 -0.197847   0.196202   0.086535
 -0.190985   0.177022  -0.034766
 -0.183475   0.163430  -0.169310
 -0.116809   0.163929  -0.291808
  0.010585   0.233031   0.327898
 -0.373410   0.133482   0.091042
 -0.361891   0.115984  -0.038497
 -0.339338   0.096151  -0.201263
 -0.272708   0.096735  -0.348328
 -0.100685   0.208074   0.377784
 -0.472499   0.083534   0.095912
 -0.467723   0.054575  -0.037318
 -0.434265   0.035851  -0.218835
 -0.376794   0.033360  -0.385225
