0 32
0 1
0 2
0 4
0 6
0 31
1 0
1 32
1 2
1 3
1 7
1 40
2 0
2 1
2 3
2 4
3 1
3 2
3 4
3 5
3 7
4 0
4 2
4 3
4 5
4 6
5 3
5 4
5 6
5 7
6 0
6 4
6 5
6 39
6 7
6 31
7 1
7 3
7 5
7 6
7 39
7 40
8 34
8 36
8 9
8 10
8 11
8 44
8 42
8 21
8 27
9 8
9 10
9 13
9 14
9 15
9 17
9 21
9 25
10 8
10 9
10 11
10 23
10 24
10 25
11 35
11 8
11 10
11 44
11 45
11 46
11 24
11 26
12 13
12 14
12 15
12 16
12 17
12 18
13 9
13 12
13 14
13 17
14 9
14 12
14 13
14 15
14 16
15 9
15 12
15 14
15 16
15 18
15 19
15 21
16 12
16 14
16 15
17 9
17 12
17 13
17 18
17 25
17 27
18 12
18 15
18 17
18 19
18 20
18 27
18 28
18 29
19 39
19 40
19 15
19 18
19 20
19 21
19 22
20 32
20 40
20 18
20 19
20 28
21 37
21 8
21 9
21 42
21 43
21 15
21 19
21 22
21 29
22 37
22 39
22 41
22 47
22 19
22 21
22 28
22 31
23 10
23 48
23 49
23 24
23 25
23 26
24 10
24 11
24 45
24 48
24 23
25 9
25 10
25 17
25 23
25 26
25 27
26 33
26 35
26 11
26 46
26 49
26 23
26 25
26 27
27 33
27 34
27 36
27 8
27 17
27 18
27 25
27 26
27 29
27 30
28 32
28 38
28 41
28 18
28 20
28 22
28 29
28 31
29 37
29 38
29 43
29 18
29 21
29 27
29 28
29 30
30 66
30 36
30 69
30 43
30 27
30 29
31 32
31 0
31 6
31 39
31 22
31 28
32 0
32 1
32 40
32 20
32 28
32 31
33 34
33 35
33 52
33 55
33 26
33 27
34 33
34 8
34 44
34 54
34 55
34 27
35 33
35 11
35 44
35 52
35 53
35 26
36 66
36 8
36 42
36 50
36 27
36 30
37 38
37 47
37 21
37 22
37 58
37 59
37 29
38 37
38 41
38 59
38 28
38 29
38 62
39 6
39 7
39 40
39 19
39 22
39 31
40 32
40 1
40 7
40 39
40 19
40 20
41 38
41 47
41 22
41 28
41 62
41 63
42 36
42 8
42 43
42 50
42 51
42 21
43 69
43 42
43 51
43 21
43 29
43 30
44 34
44 35
44 8
44 11
44 53
44 54
45 74
45 11
45 75
45 46
45 48
45 24
46 74
46 11
46 45
46 49
46 81
46 26
47 37
47 41
47 22
47 58
47 63
48 75
48 45
48 80
48 49
48 23
48 24
49 46
49 48
49 80
49 81
49 23
49 26
50 66
50 67
50 36
50 71
50 42
50 51
51 69
51 70
51 71
51 42
51 43
51 50
52 33
52 35
52 72
52 53
52 55
52 56
53 35
53 44
53 52
53 54
53 56
53 57
54 34
54 73
54 44
54 53
54 55
54 57
55 33
55 34
55 72
55 73
55 52
55 54
56 72
56 57
56 52
56 53
57 72
57 73
57 53
57 54
57 56
58 65
58 37
58 47
58 59
58 60
58 63
59 37
59 38
59 58
59 60
59 61
59 62
60 65
60 58
60 59
60 61
61 64
61 65
61 59
61 60
61 62
62 64
62 38
62 41
62 59
62 61
62 63
63 64
63 65
63 41
63 47
63 58
63 62
64 65
64 61
64 62
64 63
65 64
65 58
65 60
65 61
65 63
66 67
66 68
66 36
66 69
66 50
66 30
67 50
67 68
67 66
67 71
68 66
68 67
68 69
68 70
68 71
69 66
69 68
69 70
69 43
69 51
69 30
70 51
70 68
70 69
70 71
71 67
71 68
71 70
71 50
71 51
72 73
72 52
72 55
72 56
72 57
73 72
73 57
73 54
73 55
74 75
74 76
74 45
74 46
74 79
74 81
75 74
75 76
75 77
75 45
75 48
75 80
76 74
76 75
76 77
76 78
76 79
77 80
77 75
77 76
77 78
78 76
78 77
78 79
78 80
78 81
79 81
79 74
79 76
79 78
80 75
80 77
80 78
80 48
80 49
80 81
81 74
81 46
81 78
81 80
81 49
81 79
