0 1
0 2
0 3
0 6
0 40
0 41
0 75
0 79
0 25
1 0
1 32
1 2
1 64
1 42
1 79
1 26
1 28
2 0
2 1
2 3
2 4
2 27
2 28
3 0
3 2
3 35
3 4
3 5
3 34
3 38
3 40
4 2
4 3
4 5
4 6
4 26
4 27
5 3
5 4
5 36
5 6
5 7
5 35
6 0
6 4
6 5
6 7
6 8
6 41
6 24
6 25
6 26
6 29
7 36
7 5
7 6
7 38
7 8
7 9
7 22
7 23
8 6
8 7
8 39
8 9
8 40
8 54
8 29
8 30
9 7
9 8
9 10
9 43
9 11
9 81
9 54
9 23
10 9
10 11
10 12
10 13
10 20
10 23
11 9
11 10
11 43
11 12
11 18
11 21
12 10
12 11
12 13
12 14
12 16
12 18
13 10
13 12
13 14
13 15
13 19
13 20
14 16
14 12
14 13
14 15
15 13
15 14
15 16
15 17
15 19
16 12
16 14
16 15
16 17
16 18
17 16
17 18
17 19
17 15
18 11
18 12
18 16
18 17
18 19
18 21
19 13
19 15
19 17
19 18
19 20
19 21
20 10
20 13
20 19
20 21
20 22
20 23
21 11
21 43
21 18
21 19
21 20
21 22
22 38
22 7
22 40
22 43
22 20
22 21
22 23
23 7
23 9
23 10
23 20
23 22
24 6
24 42
24 49
24 50
24 25
24 26
25 0
25 6
25 78
25 79
25 50
25 24
26 32
26 1
26 4
26 6
26 42
26 24
26 27
26 31
27 33
27 2
27 4
27 26
27 28
27 31
28 64
28 33
28 2
28 1
28 27
29 6
29 8
29 41
29 44
29 45
29 30
30 8
30 72
30 40
30 75
30 45
30 29
31 32
31 33
31 66
31 70
31 26
31 27
32 64
32 1
32 70
32 71
32 26
32 31
33 64
33 65
33 66
33 27
33 28
33 31
34 3
34 35
34 36
34 37
34 38
35 34
35 3
35 36
35 5
36 34
36 35
36 37
36 38
36 7
36 5
37 34
37 36
37 38
38 34
38 3
38 36
38 37
38 7
38 40
38 22
39 67
39 68
39 8
39 40
39 43
39 54
39 55
40 0
40 3
40 38
40 39
40 8
40 75
40 43
40 22
40 30
41 0
41 6
41 74
41 75
41 44
41 29
42 1
42 77
42 79
42 49
42 24
42 26
43 67
43 39
43 40
43 9
43 11
43 81
43 21
43 22
44 41
44 74
44 73
44 45
44 46
44 29
45 72
45 44
45 46
45 47
45 29
45 30
46 73
46 44
46 45
46 47
46 48
47 48
47 72
47 45
47 46
48 72
48 73
48 74
48 46
48 47
49 42
49 76
49 77
49 50
49 51
49 24
50 78
50 49
50 51
50 52
50 24
50 25
51 76
51 49
51 50
51 52
51 53
52 50
52 51
52 53
52 78
53 76
53 77
53 78
53 51
53 52
54 39
54 8
54 9
54 81
54 55
54 56
55 68
55 69
55 39
55 54
55 56
55 57
56 80
56 81
56 54
56 55
56 57
56 58
57 69
57 55
57 56
57 58
57 59
58 56
58 57
58 59
58 80
59 68
59 69
59 80
59 57
59 58
60 65
60 66
60 61
60 62
61 65
61 71
61 60
61 62
61 63
62 66
62 70
62 60
62 61
62 63
63 70
63 61
63 62
63 71
64 32
64 65
64 33
64 1
64 71
64 28
65 64
65 33
65 66
65 71
65 60
65 61
66 65
66 33
66 70
66 60
66 62
66 31
67 68
67 39
67 43
67 80
67 81
68 67
68 69
68 39
68 80
68 55
68 59
69 57
69 59
69 68
69 55
70 32
70 66
70 71
70 31
70 62
70 63
71 32
71 64
71 65
71 70
71 61
71 63
72 74
72 75
72 45
72 47
72 48
72 30
73 48
73 74
73 44
73 46
74 72
74 73
74 41
74 75
74 44
74 48
75 0
75 72
75 40
75 74
75 41
75 30
76 49
76 51
76 77
76 53
77 42
77 76
77 78
77 79
77 49
77 53
78 77
78 79
78 50
78 52
78 53
78 25
79 0
79 1
79 42
79 77
79 78
79 25
80 67
80 68
80 81
80 56
80 58
80 59
81 67
81 9
81 43
81 80
81 54
81 56
