-0.074496 0.284924 0.311370 -0.725336 0.539506 -0.427575
-0.042553 0.161910 0.302287 -0.299543 -0.879161 -0.370608
-0.108997 0.246502 0.387241 -0.993575 0.081019 -0.079017
-0.090255 0.160277 0.381728 -0.560259 -0.787828 0.255808
-0.046970 0.257088 0.455419 -0.522870 0.468196 0.712320
-0.028240 0.170874 0.449906 0.124333 -0.338888 0.932575
0.022501 0.301485 0.418009 0.211072 0.857294 0.469570
0.051806 0.166643 0.409383 0.626027 -0.536594 0.565824
0.039000 0.292029 -0.078102 -0.165681 0.985538 -0.035563
0.409940 0.312889 -0.154375 0.195884 0.901919 -0.384930
0.254306 0.270435 -0.236239 0.159545 0.673945 -0.721349
0.067497 0.282139 -0.179268 -0.228899 0.972727 -0.037512
0.500000 0.166304 0.103408 0.728223 -0.462956 0.505335
0.485043 0.165948 -0.162932 0.938223 -0.029826 -0.344743
0.487285 0.249784 -0.014573 0.796163 0.591605 -0.126997
0.340785 0.344617 0.131690 0.147972 0.961371 0.232099
0.445780 0.345527 0.116930 0.727128 0.594915 0.342581
0.426185 0.136339 -0.171043 0.072910 -0.989405 -0.125546
0.387216 0.161910 0.132142 0.095129 -0.934954 0.341777
0.230514 0.315629 0.211639 0.274361 0.757469 0.592424
0.232982 0.192796 0.228698 0.298928 -0.709304 0.638381
0.023309 0.302818 0.025204 -0.148567 0.987510 0.052464
0.054212 0.295876 0.141987 -0.151347 0.851707 0.501686
0.120904 0.141716 -0.263549 0.299908 -0.489121 -0.819034
0.113680 0.250558 -0.275293 0.057316 0.717921 -0.693761
0.263230 0.136096 -0.221762 0.239461 -0.721058 -0.650180
0.076236 0.150500 -0.165084 0.074319 -0.985943 -0.149640
0.047744 0.160401 -0.063902 -0.006183 -0.999972 -0.004240
0.059900 0.182109 0.154098 -0.027963 -0.935571 0.352029
0.032047 0.171185 0.039404 0.015663 -0.995482 -0.093645
-0.167420 0.136649 -0.089258 0.271116 -0.676676 -0.684548
0.058827 0.300135 0.178019 -0.467674 0.849934 -0.242679
0.064526 0.186379 0.190130 -0.506289 -0.724850 -0.467187
-0.134568 0.126748 -0.212379 0.394212 -0.642584 -0.657026
-0.163070 0.135825 -0.110632 0.124153 -0.577902 0.806607
-0.159314 0.233663 -0.226964 -0.022022 0.638100 -0.769638
-0.192770 0.246163 -0.104210 -0.106864 0.616571 -0.780013
-0.211060 0.251569 0.025046 -0.174138 0.733114 -0.657434
-0.183947 0.134390 0.041037 0.163493 -0.733242 -0.660020
0.162573 0.314872 0.262956 0.499251 0.697036 0.514674
0.168267 0.201111 0.275072 0.509160 -0.761240 0.401585
-0.183919 0.150884 0.157346 0.258054 -0.560809 0.786703
-0.209050 0.258161 0.001994 -0.178260 0.723893 0.666485
-0.183716 0.148641 0.016934 0.213713 -0.557276 0.802353
-0.187805 0.242729 -0.125228 -0.297997 0.695676 0.653630
-0.147153 0.215797 -0.253546 -0.373497 0.710108 0.596864
-0.123644 0.114202 -0.239673 0.018048 -0.606556 0.794836
-0.211032 0.268057 0.141349 -0.029591 0.650234 0.759157
-0.104941 0.210357 -0.347899 0.085682 0.698270 -0.710688
-0.081432 0.108757 -0.334032 0.496761 -0.628593 -0.598414
-0.446723 0.177895 0.009919 -0.422290 0.789441 0.445482
-0.391751 0.033812 0.033338 0.044668 -0.440332 0.896723
-0.379172 0.146116 -0.302620 -0.057746 0.447814 -0.892260
-0.418661 0.157764 -0.160368 -0.502212 0.755883 0.420028
-0.363802 0.013963 -0.136994 -0.082871 -0.493457 0.865813
-0.324313 0.002322 -0.279258 0.404003 -0.797053 -0.448874
-0.462725 0.093591 -0.199122 -0.902648 0.422257 -0.083224
-0.440894 0.036405 -0.189836 -0.777112 -0.463640 0.425600
-0.442040 0.207708 0.179578 -0.310768 0.835261 0.453610
-0.440978 0.183143 0.032180 -0.316622 0.359075 -0.877961
-0.500000 0.142693 0.161153 -0.862914 0.493219 0.110066
-0.499424 0.129329 0.080921 -0.799872 -0.158389 -0.578894
-0.386222 0.039613 0.055508 0.149408 -0.882946 -0.445066
-0.387283 0.064184 0.202901 0.124063 -0.416927 0.900433
-0.477999 0.073171 0.090055 -0.479701 -0.877005 -0.027367
-0.478575 0.086547 0.170281 -0.636045 -0.379791 0.671719
-0.424163 0.160486 -0.135017 -0.195706 0.390971 -0.899356
-0.492708 0.113666 -0.021289 -0.913043 0.407854 0.002596
-0.480083 0.103927 -0.102357 -0.722377 -0.152308 -0.674517
-0.369191 0.016403 -0.111604 0.309580 -0.831509 -0.461251
-0.457992 0.046002 -0.092941 -0.474680 -0.868953 -0.140002
-0.470605 0.055734 -0.011873 -0.746667 -0.431548 0.506216
-0.440866 0.087146 -0.277835 -0.626780 -0.127047 -0.768769
-0.419051 0.029965 -0.268548 -0.426670 -0.876714 -0.222092
-0.310876 0.004406 -0.293300 -0.183843 -0.562625 0.806012
-0.365576 0.147777 -0.316595 -0.527881 0.747811 0.402643
-0.384007 0.025989 -0.357061 -0.809177 -0.509977 0.291816
-0.406692 0.085428 -0.366720 -0.878691 0.442336 -0.179557
-0.371631 0.082892 -0.446805 -0.498597 -0.074864 -0.863595
-0.348958 0.023441 -0.437135 -0.347571 -0.883463 -0.314145
-0.304809 0.143388 -0.455419 0.072350 0.526011 -0.847395
-0.250109 0.000000 -0.432119 0.458331 -0.775041 -0.435021
