0.475835 0.553148 0.133910 0.981849 0.189427 0.009509
0.475835 0.530392 0.155687 -0.995052 -0.008471 0.098995
0.475835 0.197148 0.103446 -0.998989 -0.010472 0.043722
0.475835 0.151757 0.065047 0.990109 -0.139021 0.018880
0.475845 0.553148 -0.298605 0.986970 0.160706 -0.008029
0.475845 0.530392 -0.320438 -0.999266 -0.003167 -0.038178
0.475845 0.197148 -0.269055 -0.990830 -0.030963 -0.131520
0.475845 0.151757 -0.231278 0.993962 -0.108734 -0.014744
0.059236 0.090809 0.320165 0.170170 -0.060672 0.983545
0.059358 0.050828 0.256136 0.459474 -0.888082 -0.013935
0.179765 0.180723 0.285517 0.360539 -0.106486 0.926646
0.186088 0.132195 0.183673 0.112197 -0.816025 -0.567023
0.328987 0.225709 0.174665 0.766202 -0.540429 0.347664
-0.077115 0.026347 0.320438 0.016547 -0.156649 0.987516
0.021883 0.111304 0.266350 -0.692403 0.610311 -0.384834
0.130841 0.235546 0.221648 -0.822367 0.568511 0.022541
-0.092644 0.041471 0.289418 -0.554715 0.695023 -0.457421
0.333350 0.352533 0.201633 0.459883 0.428188 0.777922
0.196849 0.333536 0.154820 -0.217056 0.253177 0.942755
0.293538 0.465807 0.094692 0.127694 0.838520 0.529697
0.324474 0.505666 -0.062079 0.036262 0.988785 -0.144880
0.329845 0.420953 -0.205892 0.134920 0.673005 -0.727229
-0.010872 0.431356 -0.140619 -0.204601 0.899241 -0.386658
0.325265 0.265606 -0.265191 0.442169 -0.501197 -0.743833
0.331795 0.207994 -0.061240 0.092223 -0.995732 0.003585
0.237603 0.236875 0.103427 -0.161384 -0.985847 -0.045397
0.023334 0.285526 -0.299887 0.021782 -0.562018 -0.826838
0.006589 0.381744 -0.257314 -0.139837 0.762989 -0.631105
0.005138 0.352655 -0.192945 -0.366313 0.823624 -0.432965
-0.176669 0.310780 -0.254308 -0.542014 0.800434 0.255980
0.010990 0.280042 -0.186443 -0.080501 -0.996622 -0.016227
-0.118218 0.242039 -0.199833 -0.049175 -0.245481 0.968153
-0.124230 0.235546 -0.291623 0.171227 -0.447730 -0.877621
-0.190954 0.276942 -0.164186 -0.005472 -0.669273 -0.742996
0.009416 0.290247 -0.070399 -0.152783 -0.982733 0.104366
-0.208377 0.365650 -0.130518 -0.463908 0.865829 -0.187428
-0.006235 0.388076 -0.070927 -0.377105 0.916276 -0.135018
-0.193093 0.284970 -0.081773 -0.132088 -0.112847 0.984794
0.023174 0.307802 0.045089 -0.207943 -0.977549 0.034018
0.033417 0.287345 0.146480 0.016037 -0.902683 0.430007
0.020507 0.367864 0.176295 -0.038930 0.328229 0.943796
-0.166021 0.282746 0.070870 -0.091283 -0.499925 -0.861245
-0.197531 0.349225 0.115884 -0.511148 0.844802 0.158232
-0.160857 0.269922 0.161190 0.038292 -0.483938 0.874264
0.002519 0.380208 0.047011 -0.391467 0.885658 0.249729
0.010707 0.428934 0.113509 -0.224167 0.966695 0.123492
-0.003409 0.457015 -0.002582 -0.245969 0.961501 0.122535
-0.221211 0.389000 -0.005993 -0.395591 0.917778 0.034522
-0.211242 0.317395 -0.052731 -0.026331 -0.354221 -0.934791
-0.208707 0.319534 0.036806 -0.109172 -0.532524 0.839345
-0.074288 0.004683 0.284094 -0.074573 -0.436102 -0.896802
-0.140730 0.000000 0.294431 -0.863005 -0.460640 0.207444
-0.284176 0.213723 -0.252470 -0.561632 0.619536 -0.548403
-0.234799 0.147771 -0.290190 0.238854 -0.486708 -0.840276
-0.242592 0.159833 -0.209435 0.186958 -0.442028 0.877301
-0.299592 0.125703 -0.277846 0.005709 -0.624382 -0.781098
-0.318834 0.180968 -0.253083 -0.758213 0.640679 -0.121012
-0.350985 0.206948 -0.091356 0.276693 -0.712142 0.645209
-0.369661 0.260885 -0.128077 -0.520281 0.847173 -0.107731
-0.346019 0.199117 -0.162320 0.117852 -0.376067 -0.919067
-0.427990 0.224616 -0.128341 -0.569257 0.812728 -0.124176
-0.418953 0.176370 -0.153708 0.116176 -0.834180 -0.539116
-0.299592 0.206863 0.077787 0.381432 -0.719527 -0.580336
-0.322546 0.238128 0.115884 -0.629077 0.761146 0.157856
-0.366957 0.167531 0.096812 0.044465 -0.548359 -0.835060
-0.374344 0.190288 0.118607 -0.538210 0.615671 0.575569
-0.293900 0.184719 0.152436 0.284444 -0.667668 0.687976
-0.363291 0.153981 0.140242 0.059553 -0.680312 0.730499
-0.429158 0.139620 0.121462 -0.954492 -0.297979 -0.012410
-0.399673 0.278628 -0.008801 -0.546132 0.837670 -0.006961
-0.373892 0.221026 -0.049056 0.181829 -0.489151 -0.853036
-0.374420 0.222439 0.027562 0.370441 -0.740137 0.561222
-0.434972 0.250633 -0.010318 -0.609081 0.792919 -0.017298
-0.418670 0.207475 -0.043581 -0.113187 -0.608820 -0.785192
-0.418632 0.208597 0.019920 0.008305 -0.821054 0.570790
-0.493178 0.197751 -0.013814 -0.933702 -0.357986 0.006876
-0.368003 0.114169 -0.254317 -0.946916 -0.320879 -0.019654
-0.302815 0.131950 -0.224578 -0.239492 -0.214704 0.946861
-0.500000 0.159107 -0.127832 -0.981670 -0.190206 0.012048
-0.419518 0.182665 -0.100402 -0.062962 -0.473666 0.878451
0.500000 0.393588 -0.089347 0.999126 -0.040806 -0.009030
