 -0.500000   0.393589  -0.088195
 -0.368141   0.318594   0.045302
  0.009653   0.335127   0.107439
 -0.005384   0.344679  -0.004516
 -0.036316   0.344472  -0.123305
 -0.048493   0.324176  -0.231410
 -0.262653   0.258598   0.152099
  0.136672   0.305226   0.108629
  0.166839   0.345318  -0.015402
  0.143784   0.319687  -0.129334
  0.112422   0.280492  -0.246394
 -0.105248   0.133448   0.254675
  0.245779   0.246642   0.114632
  0.316394   0.276020  -0.014753
  0.300661   0.248540  -0.127249
  0.218383   0.198512  -0.249819
  0.096498   0.019593   0.292390
  0.343008   0.183641   0.121730
  0.455496   0.201616  -0.012712
  0.459600   0.185180  -0.126430
  0.325103   0.136966  -0.255748
