-0.186088 0.132195 0.183673 -0.112436 -0.815637 -0.567534
-0.059358 0.050828 0.256136 -0.459474 -0.888082 -0.013935
-0.179765 0.180723 0.285517 -0.360539 -0.106486 0.926646
-0.059235 0.090809 0.320165 -0.170170 -0.060672 0.983545
-0.328987 0.225709 0.174664 -0.765895 -0.540296 0.348548
0.077115 0.026347 0.320438 -0.016547 -0.156649 0.987516
-0.021883 0.111304 0.266350 0.692403 0.610311 -0.384834
-0.130841 0.235546 0.221648 0.822360 0.568521 0.022523
0.092644 0.041471 0.289418 0.554715 0.695023 -0.457421
-0.333350 0.352533 0.201633 -0.458336 0.428341 0.778750
-0.196858 0.333536 0.154820 0.217056 0.253177 0.942755
-0.293538 0.465807 0.094692 -0.126883 0.838590 0.529780
-0.324474 0.505666 -0.062079 -0.036515 0.988780 -0.144848
-0.329845 0.420953 -0.205892 -0.136111 0.672896 -0.727107
0.010872 0.431356 -0.140619 0.204601 0.899241 -0.386658
-0.325265 0.265606 -0.265191 -0.443615 -0.500787 -0.743249
-0.331795 0.207994 -0.061240 -0.092309 -0.995724 0.003584
-0.237603 0.236875 0.103427 0.160371 -0.986015 -0.045330
-0.023334 0.285526 -0.299887 -0.021782 -0.562018 -0.826838
-0.006589 0.381744 -0.257314 0.139837 0.762989 -0.631105
0.124230 0.235546 -0.291623 -0.171214 -0.447717 -0.877630
-0.005138 0.352655 -0.192945 0.366313 0.823624 -0.432965
0.176669 0.310780 -0.254308 0.542024 0.800425 0.255988
-0.010990 0.280042 -0.186443 0.080501 -0.996622 -0.016227
0.118218 0.242039 -0.199833 0.049193 -0.245492 0.968150
0.190954 0.276942 -0.164186 0.005484 -0.669262 -0.743006
-0.009416 0.290247 -0.070399 0.152762 -0.982742 0.104314
0.006235 0.388076 -0.070927 0.377105 0.916276 -0.135018
0.208377 0.365650 -0.130518 0.463908 0.865829 -0.187428
0.193093 0.284970 -0.081773 0.132085 -0.112873 0.984791
-0.023174 0.307802 0.045089 0.207917 -0.977554 0.034030
-0.033416 0.287345 0.146480 -0.016036 -0.902679 0.430015
-0.020507 0.367864 0.176295 0.038929 0.328228 0.943796
0.166021 0.282746 0.070870 0.091283 -0.499883 -0.861269
0.160857 0.269921 0.161190 -0.038292 -0.483938 0.874264
-0.002556 0.380208 0.047011 0.391476 0.885625 0.249831
-0.010707 0.428934 0.113509 0.224171 0.966702 0.123428
0.197532 0.349225 0.115884 0.511144 0.844821 0.158142
0.003409 0.457015 -0.002582 0.245976 0.961496 0.122564
0.221211 0.389000 -0.005993 0.395606 0.917760 0.034832
0.211242 0.317394 -0.052731 0.026381 -0.354148 -0.934817
0.208707 0.319496 0.036806 0.109170 -0.532487 0.839369
0.074288 0.004683 0.284094 0.074573 -0.436102 -0.896802
0.140730 0.000000 0.294431 0.863005 -0.460640 0.207444
-0.475835 0.553148 0.133901 -0.981826 0.189548 0.009495
-0.475835 0.530392 0.155687 0.995094 -0.008433 0.098572
-0.475835 0.197148 0.103446 0.998992 -0.010470 0.043646
-0.475835 0.151757 0.065047 -0.990092 -0.139145 0.018897
-0.475835 0.553148 -0.298605 -0.986974 0.160676 -0.008048
-0.475835 0.530392 -0.320438 0.999263 -0.003182 -0.038241
-0.475845 0.197148 -0.269055 0.990710 -0.031183 -0.132369
-0.475845 0.151757 -0.231278 -0.993970 -0.108658 -0.014734
-0.333067 0.486547 0.051270 0.549564 -0.135091 0.824457
-0.369280 0.477708 0.059638 -0.036269 -0.278471 0.959760
-0.364964 0.483314 -0.002987 0.220796 -0.938889 -0.264078
-0.309830 0.498608 0.023435 0.925383 0.059861 0.374276
-0.308445 0.509256 -0.013239 0.947764 0.231973 -0.218935
-0.329449 0.514420 -0.044740 0.608043 0.315467 -0.728536
-0.364814 0.512121 -0.059044 0.036146 0.278452 -0.959770
-0.401026 0.503282 -0.050667 -0.549651 0.135061 -0.824404
-0.424263 0.491220 -0.022832 -0.459681 0.885438 0.068505
-0.425639 0.480572 0.013833 -0.471522 0.793808 0.384104
-0.404644 0.475409 0.045334 -0.608104 -0.315464 0.728486
-0.370938 0.516634 0.006455 -0.169888 0.948116 0.268728
-0.195171 0.486424 -0.109778 0.881982 0.164229 0.441742
-0.222432 0.501708 -0.087775 0.441101 0.411390 0.797614
-0.250767 0.465646 -0.131036 -0.086083 -0.865106 0.494146
-0.188754 0.467267 -0.142212 0.985862 -0.145644 -0.082849
-0.205612 0.451531 -0.172676 0.713226 -0.399840 -0.575705
-0.239318 0.445236 -0.189553 0.168123 -0.501357 -0.848749
-0.276991 0.450805 -0.186387 -0.441292 -0.411329 -0.797540
-0.304243 0.466089 -0.164384 -0.881992 -0.164219 -0.441726
-0.310669 0.485256 -0.131950 -0.985864 0.145639 0.082840
-0.293802 0.500983 -0.101476 -0.712981 0.399946 0.575935
-0.260096 0.507239 -0.084609 -0.168037 0.501358 0.848766
-0.247733 0.496064 -0.148403 0.086083 0.865106 -0.494146
0.284176 0.213723 -0.252470 0.561607 0.619531 -0.548434
0.234799 0.147771 -0.290190 -0.238807 -0.486639 -0.840329
0.242592 0.159833 -0.209445 -0.186958 -0.442028 0.877301
0.299592 0.125703 -0.277846 -0.005697 -0.624352 -0.781123
0.318834 0.180968 -0.253083 0.758213 0.640679 -0.121012
0.350985 0.206948 -0.091365 -0.276679 -0.712147 0.645210
0.369661 0.260885 -0.128077 0.520298 0.847161 -0.107738
0.346019 0.199117 -0.162320 -0.117807 -0.375972 -0.919112
0.427990 0.224616 -0.128341 0.569262 0.812722 -0.124195
0.418953 0.176370 -0.153708 -0.116142 -0.834129 -0.539202
0.299592 0.206863 0.077787 -0.381432 -0.719527 -0.580336
0.322546 0.238128 0.115884 0.629077 0.761146 0.157856
0.366957 0.167531 0.096812 -0.044465 -0.548359 -0.835060
0.374344 0.190288 0.118607 0.538210 0.615671 0.575569
0.293900 0.184719 0.152436 -0.284444 -0.667668 0.687976
0.363291 0.153981 0.140242 -0.059553 -0.680312 0.730499
0.429158 0.139620 0.121462 0.954492 -0.297979 -0.012410
0.399673 0.278628 -0.008801 0.546108 0.837687 -0.006805
0.373892 0.221026 -0.049056 -0.181829 -0.489151 -0.853036
0.374420 0.222439 0.027562 -0.370443 -0.740249 0.561073
0.434972 0.250633 -0.010318 0.609081 0.792919 -0.017298
0.418670 0.207475 -0.043581 0.113187 -0.608820 -0.785192
0.418633 0.208597 0.019920 -0.008305 -0.821054 0.570790
0.493178 0.197751 -0.013814 0.933702 -0.357986 0.006876
0.368003 0.114169 -0.254317 0.946916 -0.320879 -0.019654
0.302815 0.131950 -0.224578 0.239424 -0.214719 0.946875
0.500000 0.159107 -0.127832 0.981670 -0.190207 0.012051
0.419518 0.182665 -0.100411 0.062910 -0.473660 0.878458
-0.500000 0.393589 -0.088195 -0.999127 -0.040798 -0.009037
