  0.500000   0.393588  -0.089347
  0.369891   0.324902   0.040916
 -0.010279   0.340488   0.112038
  0.008504   0.348614   0.003656
  0.040699   0.357480  -0.125603
  0.053035   0.332656  -0.234923
  0.265805   0.269953   0.145126
 -0.153096   0.300742   0.109405
 -0.165715   0.348549  -0.011863
 -0.132683   0.320985  -0.129183
 -0.111856   0.281285  -0.245300
  0.107893   0.134325   0.251222
 -0.267883   0.233857   0.112028
 -0.313465   0.277302  -0.016309
 -0.295985   0.249877  -0.127469
 -0.218071   0.195260  -0.245616
 -0.109283   0.020869   0.295518
 -0.382204   0.173096   0.113845
 -0.453399   0.207315  -0.020246
 -0.458315   0.184987  -0.126584
 -0.332846   0.142401  -0.250649
