1 6
5 8
5 42
5 43
6 1
8 5
8 42
12 57
42 5
42 8
42 43
43 5
43 42
46 47
47 46
52 53
52 54
52 55
53 52
53 62
54 52
55 52
55 56
55 63
56 55
56 57
56 63
57 12
57 56
57 58
57 63
58 57
58 59
58 63
59 58
59 60
60 59
60 61
61 60
61 62
62 53
62 61
63 55
63 56
63 57
63 58
64 65
64 67
65 64
65 74
67 64
67 75
68 69
68 70
69 68
69 70
70 68
70 69
71 72
72 71
72 73
73 72
73 74
74 65
74 73
75 67
76 80
79 80
79 101
80 76
80 79
80 101
84 103
85 103
86 87
87 86
87 89
88 89
88 91
89 87
89 88
89 91
91 88
91 89
93 96
94 97
95 98
96 93
96 98
97 94
97 98
98 95
98 96
98 97
101 79
101 80
103 84
103 85
