0 80
0 1
0 4
0 5
1 80
1 0
1 2
1 5
2 1
2 3
2 5
2 6
2 80
3 80
3 2
3 6
3 7
4 80
4 0
4 5
5 0
5 1
5 2
5 4
5 6
5 80
6 2
6 3
6 5
6 7
6 80
7 80
7 3
7 6
8 9
8 10
8 13
8 14
9 8
9 10
9 11
9 13
9 14
9 50
10 8
10 9
10 11
10 12
10 14
10 15
10 17
11 9
11 10
11 12
11 14
11 15
11 80
11 25
12 80
12 17
12 10
12 11
13 8
13 9
13 14
13 16
13 50
13 51
14 8
14 9
14 10
14 11
14 13
14 15
14 16
14 50
15 10
15 11
15 14
15 17
15 18
15 25
16 50
16 51
16 13
16 14
17 10
17 12
17 15
17 80
17 18
17 19
18 39
18 40
18 15
18 17
18 19
18 25
19 40
19 44
19 45
19 46
19 80
19 17
19 18
19 20
20 36
20 46
20 80
20 19
20 21
20 22
21 80
21 20
21 22
21 23
21 26
21 27
21 28
22 35
22 36
22 20
22 21
22 28
23 80
23 24
23 26
23 21
24 34
24 38
24 80
24 23
24 25
24 26
24 30
25 38
25 39
25 11
25 15
25 80
25 18
25 24
26 32
26 21
26 23
26 24
26 27
26 30
27 32
27 21
27 26
27 28
27 29
28 33
28 35
28 21
28 22
28 27
28 29
28 30
28 31
29 32
29 52
29 54
29 27
29 28
29 31
30 32
30 33
30 34
30 24
30 26
30 28
30 31
31 32
31 54
31 28
31 29
31 30
32 52
32 53
32 54
32 26
32 27
32 29
32 30
32 31
33 34
33 35
33 37
33 57
33 58
33 59
33 28
33 30
34 33
34 36
34 37
34 38
34 48
34 49
34 24
34 30
35 33
35 36
35 37
35 22
35 58
35 28
36 34
36 35
36 37
36 46
36 47
36 48
36 20
36 22
37 33
37 34
37 35
37 36
37 57
37 58
38 34
38 39
38 41
38 44
38 49
38 24
38 25
39 38
39 40
39 41
39 43
39 18
39 25
40 39
40 42
40 43
40 45
40 18
40 19
41 38
41 39
41 42
41 43
41 44
41 62
41 63
42 40
42 41
42 43
42 44
42 45
42 63
43 66
43 39
43 40
43 41
43 42
43 62
43 63
44 38
44 41
44 42
44 45
44 46
44 47
44 49
44 19
45 40
45 42
45 19
45 44
46 36
46 44
46 47
46 19
46 20
47 36
47 69
47 44
47 46
47 48
47 49
48 34
48 36
48 69
48 70
48 71
48 47
48 49
49 34
49 69
49 38
49 71
49 44
49 47
49 48
50 9
50 13
50 14
50 16
50 51
51 16
51 50
51 13
52 32
52 77
52 53
52 54
52 55
52 56
52 29
53 32
53 52
53 54
53 55
54 32
54 77
54 52
54 53
54 55
54 29
54 31
55 76
55 77
55 52
55 53
55 54
55 56
56 77
56 52
56 76
56 55
57 33
57 37
57 79
57 58
57 59
57 60
57 61
58 33
58 35
58 37
58 57
58 59
58 60
59 33
59 57
59 58
59 60
59 61
60 78
60 79
60 57
60 58
60 59
60 61
61 78
61 79
61 57
61 59
61 60
62 64
62 66
62 41
62 43
62 63
63 64
63 65
63 66
63 41
63 42
63 43
63 62
64 65
64 66
64 67
64 68
64 62
64 63
65 64
65 66
65 67
65 68
65 63
66 64
66 65
66 67
66 43
66 62
66 63
67 64
67 65
67 66
67 68
68 64
68 65
68 67
69 70
69 71
69 72
69 47
69 48
69 49
70 69
70 71
70 72
70 73
70 74
70 48
71 69
71 70
71 72
71 74
71 48
71 49
72 69
72 70
72 71
72 73
72 74
72 75
73 72
73 74
73 75
73 70
74 70
74 71
74 72
74 73
74 75
75 72
75 73
75 74
76 56
76 77
76 55
77 76
77 52
77 54
77 55
77 56
78 60
78 61
78 79
79 57
79 60
79 61
79 78
80 0
80 1
80 2
80 3
80 4
80 5
80 6
80 7
80 11
80 12
80 17
80 19
80 20
80 21
80 23
80 24
80 25
