0 1
0 2
0 4
0 6
0 7
0 104
0 17
1 0
1 2
1 3
1 5
1 6
1 42
2 0
2 1
2 3
2 4
2 6
2 7
2 9
3 1
3 2
3 5
3 6
4 0
4 9
4 2
4 104
5 1
5 3
5 6
5 8
5 42
5 43
6 0
6 1
6 2
6 3
6 5
6 7
6 8
6 42
7 0
7 2
7 6
7 9
7 10
7 17
8 42
8 43
8 5
8 6
9 2
9 4
9 7
9 104
9 10
9 11
10 32
10 7
10 9
10 11
10 17
10 31
11 32
11 35
11 36
11 38
11 104
11 9
11 10
11 12
12 38
12 104
12 11
12 13
12 14
12 27
13 104
13 12
13 14
13 15
13 18
13 19
13 21
14 12
14 13
14 21
14 27
14 28
15 104
15 16
15 18
15 13
16 104
16 15
16 17
16 18
16 23
16 26
16 30
17 0
17 7
17 104
17 10
17 16
17 30
17 31
18 13
18 15
18 16
18 19
18 20
18 23
19 13
19 18
19 20
19 21
19 22
20 76
20 77
20 78
20 18
20 19
20 22
20 23
20 24
21 13
21 14
21 19
21 22
21 23
21 24
21 25
21 28
22 76
22 78
22 19
22 20
22 21
22 24
23 16
23 18
23 20
23 21
23 24
23 25
23 26
24 78
24 20
24 21
24 22
24 23
25 81
25 82
25 83
25 21
25 23
25 26
25 28
25 29
26 40
26 41
26 16
26 23
26 25
26 27
26 29
26 30
27 38
27 39
27 40
27 12
27 14
27 26
27 28
27 29
28 14
28 82
28 21
28 25
28 27
28 29
29 81
29 82
29 25
29 26
29 27
29 28
30 33
30 35
30 41
30 16
30 17
30 26
30 31
31 32
31 33
31 34
31 10
31 17
31 30
32 34
32 36
32 37
32 10
32 11
32 31
33 34
33 35
33 37
33 86
33 87
33 30
33 31
34 32
34 33
34 37
34 86
34 87
34 90
34 31
35 33
35 36
35 37
35 38
35 39
35 41
35 11
35 30
36 32
36 35
36 11
36 37
37 32
37 33
37 34
37 35
37 36
37 87
38 35
38 39
38 11
38 12
38 27
39 35
39 38
39 40
39 41
39 27
39 93
40 39
40 41
40 26
40 27
40 93
40 94
40 95
41 35
41 39
41 40
41 26
41 93
41 30
41 95
42 1
42 5
42 6
42 8
42 43
43 8
43 42
43 5
44 104
44 49
44 48
44 45
45 104
45 49
45 44
45 46
46 104
46 45
46 47
46 49
46 50
47 104
47 50
47 51
47 46
48 104
48 49
48 44
49 104
49 44
49 45
49 46
49 48
49 50
50 104
50 46
50 47
50 49
50 51
51 104
51 50
51 47
52 63
52 53
52 54
52 55
53 62
53 52
53 54
53 63
54 52
54 53
54 55
54 56
54 57
54 58
54 59
54 60
54 61
54 62
55 56
55 52
55 54
55 63
56 57
56 63
56 54
56 55
57 56
57 58
57 54
57 63
58 57
58 59
58 54
58 63
59 58
59 60
59 54
59 63
60 59
60 61
60 54
60 63
61 62
61 60
61 54
61 63
62 53
62 61
62 54
62 63
63 52
63 53
63 55
63 56
63 57
63 58
63 59
63 60
63 61
63 62
64 75
64 65
64 66
64 67
65 64
65 66
65 75
65 74
66 64
66 65
66 67
66 68
66 69
66 70
66 71
66 72
66 73
66 74
67 64
67 66
67 75
67 68
68 75
68 66
68 67
68 69
69 66
69 75
69 68
69 70
70 66
70 75
70 69
70 71
71 72
71 66
71 75
71 70
72 73
72 66
72 75
72 71
73 72
73 66
73 75
73 74
74 73
74 65
74 66
74 75
75 64
75 65
75 67
75 68
75 69
75 70
75 71
75 72
75 73
75 74
76 101
76 77
76 78
76 79
76 80
76 20
76 22
77 20
77 79
77 78
77 76
78 101
78 76
78 77
78 79
78 20
78 22
78 24
79 100
79 101
79 76
79 77
79 78
79 80
80 100
80 76
80 101
80 79
81 103
81 82
81 83
81 84
81 85
81 25
81 29
82 81
82 83
82 84
82 25
82 28
82 29
83 81
83 82
83 84
83 85
83 25
84 102
84 103
84 81
84 82
84 83
84 85
85 102
85 103
85 81
85 83
85 84
86 33
86 34
86 87
86 88
86 90
87 33
87 34
87 37
87 86
87 88
87 89
87 90
88 86
88 87
88 89
88 90
88 91
88 92
89 87
89 88
89 90
89 91
89 92
90 34
90 86
90 87
90 88
90 89
90 91
91 88
91 89
91 90
91 92
92 88
92 89
92 91
93 96
93 39
93 40
93 41
93 94
93 95
94 96
94 97
94 98
94 40
94 93
94 95
95 96
95 98
95 40
95 41
95 93
95 94
96 97
96 98
96 99
96 93
96 94
96 95
97 96
97 98
97 99
97 94
98 96
98 97
98 99
98 94
98 95
99 96
99 97
99 98
100 80
100 101
100 79
101 100
101 76
101 78
101 79
101 80
102 84
102 85
102 103
103 81
103 84
103 85
103 102
104 0
104 4
104 9
104 11
104 12
104 13
104 45
104 15
104 16
104 17
104 44
104 46
104 47
104 48
104 49
104 50
104 51
