  0.500000   0.348255   0.008021
  0.383730   0.344268   0.165847
 -0.040034   0.465962   0.170511
 -0.052831   0.442738   0.005226
  0.027357   0.420569  -0.170489
  0.141210   0.366774  -0.236410
  0.290715   0.341079   0.292107
 -0.258795   0.417056   0.185232
 -0.286559   0.381377  -0.072034
 -0.174054   0.331702  -0.286892
 -0.004326   0.297557  -0.375221
  0.192387   0.195077   0.377292
 -0.370304   0.278770   0.258185
 -0.361710   0.207038  -0.058488
 -0.224715   0.160048  -0.304726
 -0.005707   0.184365  -0.394109
  0.091679   0.060652   0.433842
 -0.492120   0.165648   0.315909
 -0.432100   0.070012  -0.052351
 -0.218146   0.017023  -0.288501
  0.012460   0.075011  -0.393337
