0 1
0 2
0 5
0 6
0 29
1 0
1 33
1 2
1 3
1 4
1 5
1 30
2 0
2 1
2 29
2 30
3 1
3 4
3 5
3 6
3 29
4 1
4 33
4 3
4 29
4 31
5 0
5 1
5 3
5 6
6 0
6 29
6 3
6 5
7 37
7 8
7 9
7 15
7 17
8 36
8 37
8 7
8 9
8 15
8 16
9 8
9 15
9 7
10 42
10 11
10 12
10 13
10 14
11 10
11 43
11 12
11 42
11 47
12 10
12 11
12 13
12 14
12 47
13 10
13 12
13 14
14 40
14 10
14 42
14 12
14 13
14 47
15 7
15 8
15 9
15 16
15 17
16 36
16 38
16 8
16 45
16 15
16 17
17 37
17 38
17 7
17 15
17 16
18 39
18 44
18 19
18 52
18 20
18 21
18 22
18 31
19 33
19 39
19 45
19 18
19 31
20 32
20 69
20 18
20 22
20 31
21 18
21 52
21 22
21 23
21 56
21 62
22 69
22 18
22 20
22 21
22 23
22 24
23 21
23 22
23 24
23 25
23 62
23 63
24 69
24 22
24 23
24 25
24 26
25 26
25 51
25 23
25 24
25 56
25 60
25 63
26 69
26 51
26 24
26 25
26 27
27 35
27 69
27 41
27 51
27 26
27 28
28 32
28 33
28 35
28 69
28 45
28 27
28 30
29 0
29 32
29 2
29 3
29 4
29 6
29 30
29 31
30 32
30 1
30 2
30 33
30 28
30 29
31 32
31 33
31 4
31 18
31 19
31 20
31 29
32 69
32 20
32 28
32 29
32 30
32 31
33 1
33 4
33 45
33 19
33 28
33 30
33 31
34 35
34 36
34 37
34 38
34 39
34 40
34 41
34 42
34 43
34 44
35 34
35 36
35 41
35 45
35 27
35 28
36 34
36 35
36 37
36 8
36 45
36 16
37 34
37 36
37 38
37 7
37 8
37 17
38 34
38 37
38 39
38 45
38 16
38 17
39 34
39 38
39 44
39 45
39 18
39 19
40 34
40 41
40 42
40 46
40 14
40 47
41 34
41 35
41 40
41 46
41 51
41 27
42 34
42 40
42 10
42 11
42 43
42 14
43 34
43 42
43 11
43 44
43 46
43 47
44 34
44 39
44 43
44 46
44 18
44 52
45 33
45 35
45 36
45 38
45 39
45 16
45 19
45 28
46 40
46 41
46 43
46 44
46 47
46 48
46 49
46 50
46 51
46 52
47 40
47 11
47 43
47 12
47 46
47 14
48 46
48 49
48 50
48 53
48 54
48 55
49 46
49 48
49 51
49 53
49 56
49 58
50 46
50 48
50 52
50 54
50 56
50 58
51 41
51 46
51 49
51 56
51 25
51 26
51 27
52 44
52 46
52 18
52 50
52 21
52 56
53 48
53 49
53 55
53 57
53 58
53 59
54 48
54 50
54 55
54 58
54 59
55 48
55 53
55 54
55 57
55 59
56 49
56 50
56 51
56 52
56 21
56 25
56 58
56 60
56 61
56 62
57 59
57 53
57 55
58 49
58 50
58 53
58 54
58 56
58 59
59 53
59 54
59 55
59 57
59 58
60 64
60 56
60 25
60 61
60 63
61 64
61 65
61 66
61 56
61 60
61 62
62 65
62 21
62 23
62 56
62 61
62 63
63 64
63 65
63 67
63 23
63 25
63 60
63 62
64 66
64 67
64 68
64 60
64 61
64 63
65 66
65 67
65 61
65 62
65 63
66 64
66 65
66 67
66 68
66 61
67 64
67 65
67 66
67 68
67 63
68 64
68 66
68 67
69 32
69 20
69 22
69 24
69 26
69 27
69 28
