0.163716 0.274067 0.039494 -0.327758 -0.943670 0.045399
0.358697 0.215267 -0.168234 0.212227 -0.945739 -0.246042
0.359462 0.205379 0.117760 0.293850 -0.927833 0.229732
0.119880 0.275482 -0.291469 -0.302021 -0.953229 -0.011732
0.250378 0.284415 0.235685 -0.055890 -0.972790 0.224848
-0.026998 0.361651 -0.190618 -0.294419 -0.954235 0.052467
0.142910 0.307624 0.220954 -0.277425 -0.807926 0.519895
-0.065924 0.351639 -0.030170 -0.258092 -0.966068 0.010015
-0.092225 0.364981 0.162734 -0.306770 -0.940016 0.149202
0.151501 0.333355 -0.358009 0.460141 -0.315219 -0.830004
0.394375 0.343644 -0.259593 0.653444 0.280464 -0.703101
0.435494 0.388483 0.271710 0.899592 0.008696 0.436644
0.077807 0.426135 -0.317650 0.113001 0.740108 -0.662926
0.279526 0.489334 -0.168798 0.365043 0.848706 -0.382678
0.214228 0.543637 -0.027702 0.200293 0.979655 -0.012615
0.271938 0.483698 0.228873 0.232855 0.920018 0.315192
-0.042559 0.485152 -0.215774 -0.178600 0.892150 -0.414934
-0.114896 0.526286 -0.042043 -0.277908 0.948262 -0.153512
-0.102741 0.514891 0.152494 -0.085527 0.975507 0.202660
0.098467 0.051564 0.455296 -0.089758 -0.308145 0.947096
0.221756 0.251802 0.492428 0.052864 -0.044130 0.997626
0.162967 0.354296 0.376716 -0.888149 0.454365 0.068870
0.142969 0.104295 0.285606 -0.172785 -0.026514 -0.984603
0.243045 0.268930 0.295944 -0.405183 -0.224660 -0.886202
0.043268 0.094380 0.371596 -0.969809 0.051176 -0.238437
0.152407 0.000000 0.343625 0.416677 -0.893335 -0.168324
-0.441249 0.166246 0.204411 -0.407765 -0.433967 -0.803368
-0.500000 0.152030 0.309064 -0.953205 0.067158 0.294771
-0.405484 0.410026 0.264524 -0.838854 0.460319 0.290568
-0.354793 0.071085 0.047288 -0.194260 -0.345228 0.918194
-0.347086 0.069328 -0.132892 -0.039394 -0.491573 -0.869945
-0.285677 0.132092 -0.045384 0.996802 -0.058818 0.054102
-0.463112 0.305200 -0.070258 -0.998360 -0.052223 -0.023434
-0.425769 0.033031 -0.055364 -0.900362 -0.433790 -0.034283
-0.319576 0.227698 0.249895 0.795067 -0.550152 -0.255345
-0.264128 0.420597 0.314667 0.385856 0.063638 0.920362
-0.388833 0.175998 0.371688 0.139925 -0.270989 0.952358
0.179776 0.402308 0.285047 -0.497256 0.213829 0.840841
-0.002541 0.379984 -0.292988 -0.464570 0.009634 -0.885484
-0.081475 0.449854 0.250595 -0.005737 0.159830 0.987128
-0.148117 0.449718 0.060055 -0.909325 0.044880 0.413660
-0.106196 0.418715 -0.133836 -0.724404 0.196193 -0.660868
0.325482 0.227725 0.362505 0.812570 -0.568697 0.127727
0.271661 0.348910 0.459272 0.295667 0.607925 0.736891
-0.337984 0.483069 0.238440 -0.260181 0.963844 0.057532
-0.339498 0.408177 0.141744 -0.328685 -0.031518 -0.943914
-0.280806 0.350657 0.216853 0.325953 -0.938059 -0.117469
-0.431020 0.402563 -0.067399 -0.453844 0.870055 -0.192432
-0.375067 0.345716 0.028011 -0.033886 0.057838 0.997751
-0.304015 0.279133 -0.060820 0.550803 -0.821141 0.149479
-0.367409 0.319161 -0.169395 0.102157 0.012477 -0.994690
-0.291117 0.296451 -0.386614 -0.453545 0.784413 -0.423077
-0.283155 0.262530 -0.271542 -0.577844 0.102987 0.809623
-0.177054 0.245635 -0.296150 0.526602 -0.684139 0.504623
-0.301238 0.219725 -0.386663 -0.807285 -0.251717 -0.533788
-0.140980 0.115479 -0.249082 0.827908 0.151911 0.539900
-0.230099 0.038303 -0.215194 -0.587549 -0.364536 0.722426
-0.186421 0.253429 -0.407838 0.639807 -0.049280 -0.766954
-0.092572 0.277267 -0.492428 -0.542207 0.709106 -0.450756
-0.084235 0.249432 -0.391707 -0.738583 -0.019947 0.673867
0.004510 0.229906 -0.399214 0.312110 -0.730681 0.607201
-0.146333 0.020985 -0.345149 0.535354 -0.493399 -0.685532
-0.258118 0.010381 -0.334789 -0.695446 -0.618474 -0.365847
0.004303 0.254590 -0.491365 0.588107 0.267692 -0.763198
-0.074467 0.204273 -0.488366 -0.599581 -0.622522 -0.502960
0.061823 0.151520 -0.329197 0.646029 0.594801 0.478391
0.022094 0.107674 -0.296562 -0.659356 -0.432949 0.614658
0.089235 0.090746 -0.383018 0.686284 -0.439651 -0.579415
-0.002129 0.069962 -0.393334 -0.470139 -0.860407 -0.196645
0.500000 0.348255 0.008021 0.918836 0.391825 -0.047038
