 -0.500000   0.348256   0.014558
 -0.380724   0.347102   0.156534
  0.048300   0.468483   0.175411
  0.052160   0.444781  -0.000162
 -0.007630   0.417827  -0.178750
 -0.156663   0.376800  -0.250947
 -0.285304   0.346179   0.270114
  0.266850   0.417422   0.186680
  0.283800   0.378021  -0.071558
  0.174093   0.330449  -0.292121
  0.024783   0.275937  -0.400979
 -0.195617   0.208392   0.376515
  0.373389   0.275769   0.260589
  0.364433   0.211158  -0.058267
  0.215084   0.162251  -0.314240
  0.000629   0.170691  -0.391545
 -0.080069   0.064523   0.413544
  0.494334   0.165765   0.314692
  0.424905   0.056203  -0.040096
  0.251126   0.017056  -0.333992
 -0.031914   0.084012  -0.370545
