0 1
0 2
0 3
0 4
0 5
0 6
0 7
0 8
1 0
1 2
1 3
1 69
1 9
1 10
2 0
2 1
2 4
2 69
2 11
3 0
3 1
3 5
3 38
3 9
3 60
4 0
4 2
4 37
4 6
4 42
4 11
4 23
5 0
5 3
5 38
5 7
5 41
5 53
6 0
6 4
6 37
6 39
6 8
7 0
7 5
7 8
7 40
7 41
7 49
8 0
8 6
8 39
8 40
8 7
8 46
9 1
9 3
9 10
9 12
9 60
9 63
10 1
10 69
10 9
10 12
10 13
11 2
11 4
11 69
11 42
11 43
11 15
12 38
12 9
12 10
12 13
12 16
12 58
12 63
13 69
13 10
13 12
13 14
13 16
14 69
14 13
14 15
14 16
14 17
14 18
15 69
15 37
15 39
15 11
15 43
15 14
15 18
16 38
16 41
16 12
16 13
16 14
16 17
16 51
17 40
17 41
17 14
17 47
17 16
17 18
18 39
18 40
18 44
18 14
18 15
18 17
19 42
19 20
19 21
19 24
19 25
20 43
20 42
20 19
20 21
21 37
21 43
21 19
21 20
21 22
21 23
21 24
22 42
22 21
22 23
22 24
22 25
23 4
23 37
23 42
23 21
23 22
24 25
24 19
24 21
24 22
25 24
25 42
25 19
25 22
26 34
26 36
26 45
26 27
26 28
27 26
27 28
27 36
28 35
28 36
28 44
28 45
28 26
28 27
29 32
29 33
29 48
29 30
29 31
30 32
30 33
30 50
30 29
30 31
31 48
31 49
31 50
31 29
31 30
32 33
32 47
32 48
32 50
32 29
32 30
33 32
33 29
33 30
34 35
34 36
34 45
34 46
34 26
35 34
35 36
35 39
35 44
35 46
35 28
36 34
36 35
36 26
36 27
36 28
37 4
37 6
37 39
37 43
37 15
37 21
37 23
38 3
38 5
38 12
38 16
38 51
38 53
38 57
38 58
38 59
38 60
39 35
39 37
39 6
39 8
39 44
39 46
39 15
39 18
40 7
40 8
40 44
40 45
40 46
40 47
40 48
40 17
40 18
40 49
41 5
41 7
41 47
41 16
41 17
41 49
41 50
41 51
41 52
41 53
42 4
42 43
42 11
42 19
42 20
42 22
42 23
42 25
43 37
43 42
43 11
43 15
43 20
43 21
44 35
44 39
44 40
44 45
44 18
44 28
45 34
45 40
45 44
45 46
45 26
45 28
46 34
46 35
46 39
46 40
46 8
46 45
47 32
47 40
47 41
47 48
47 17
47 50
48 32
48 40
48 47
48 49
48 29
48 31
49 7
49 40
49 41
49 48
49 50
49 31
50 32
50 41
50 47
50 49
50 30
50 31
51 38
51 41
51 16
51 52
51 54
51 57
52 41
52 51
52 53
52 54
52 55
52 56
53 5
53 38
53 41
53 52
53 55
53 57
54 51
54 52
54 56
54 57
54 61
54 62
55 52
55 53
55 56
55 57
55 61
56 52
56 54
56 55
56 61
56 62
57 38
57 51
57 53
57 54
57 55
57 61
58 64
58 38
58 12
58 59
58 63
59 64
59 65
59 66
59 38
59 58
59 60
60 65
60 3
60 38
60 9
60 59
60 63
61 54
61 55
61 56
61 57
61 62
62 56
62 61
62 54
63 64
63 65
63 67
63 9
63 12
63 58
63 60
64 66
64 67
64 68
64 58
64 59
64 63
65 66
65 67
65 59
65 60
65 63
66 64
66 65
66 67
66 68
66 59
67 64
67 65
67 66
67 68
67 63
68 64
68 66
68 67
69 1
69 2
69 10
69 11
69 13
69 14
69 15
