-0.098467 0.051564 0.455305 0.089769 -0.308118 0.947103
-0.162967 0.354296 0.376713 0.888148 0.454367 0.068868
-0.221756 0.251802 0.492431 -0.052828 -0.044091 0.997630
-0.142969 0.104295 0.285603 0.172780 -0.026555 -0.984602
-0.243045 0.268930 0.295941 0.405151 -0.224684 -0.886211
-0.043268 0.094380 0.371604 0.969812 0.051168 -0.238425
-0.152407 0.000000 0.343633 -0.416678 -0.893337 -0.168313
0.441249 0.166246 0.204408 0.407761 -0.433972 -0.803367
0.405484 0.410026 0.264521 0.838857 0.460316 0.290564
0.500000 0.152030 0.309056 0.953205 0.067158 0.294771
0.354793 0.071085 0.047285 0.194271 -0.345212 0.918198
0.285677 0.132092 -0.045387 -0.996802 -0.058819 0.054101
0.347086 0.069328 -0.132895 0.039398 -0.491597 -0.869931
0.425769 0.033031 -0.055367 0.900361 -0.433790 -0.034283
0.463112 0.305200 -0.070266 0.998360 -0.052226 -0.023434
0.388833 0.175998 0.371685 -0.139907 -0.270988 0.952361
0.264128 0.420597 0.314664 -0.385870 0.063645 0.920355
0.319576 0.227698 0.249893 -0.795067 -0.550154 -0.255341
-0.163716 0.274067 0.039491 0.327758 -0.943670 0.045399
-0.142910 0.307624 0.220951 0.277433 -0.807917 0.519904
-0.359462 0.205379 0.117757 -0.289292 -0.929035 0.230660
-0.119880 0.275482 -0.291472 0.302020 -0.953229 -0.011732
-0.358697 0.215267 -0.168237 -0.215520 -0.945100 -0.245636
-0.151501 0.333355 -0.358012 -0.460155 -0.315249 -0.829985
-0.394375 0.343644 -0.259596 -0.658849 0.281310 -0.697698
-0.077807 0.426135 -0.317664 -0.113000 0.740111 -0.662923
-0.279526 0.489334 -0.168801 -0.368201 0.848385 -0.380356
-0.214228 0.543637 -0.027716 -0.200173 0.979679 -0.012614
-0.271938 0.483698 0.228859 -0.230978 0.920004 0.316610
-0.325482 0.227725 0.362513 -0.812572 -0.568694 0.127723
-0.271661 0.348910 0.459275 -0.295652 0.607959 0.736869
-0.250378 0.284415 0.235682 0.055878 -0.972791 0.224845
-0.435494 0.388483 0.271707 -0.897290 0.004989 0.441414
-0.179776 0.402308 0.285045 0.497262 0.213891 0.840821
0.148117 0.449718 0.060053 0.909327 0.044856 0.413657
0.102741 0.514891 0.152486 0.085524 0.975506 0.202664
0.337984 0.483069 0.238438 0.260174 0.963846 0.057532
0.339498 0.408177 0.141736 0.328685 -0.031518 -0.943914
0.280806 0.350657 0.216851 -0.325974 -0.938052 -0.117470
0.092225 0.364981 0.162732 0.306775 -0.940014 0.149206
0.431020 0.402563 -0.067408 0.453839 0.870058 -0.192429
0.114896 0.526286 -0.042046 0.277910 0.948261 -0.153512
0.375067 0.345716 0.028003 0.033894 0.057843 0.997750
0.304015 0.279133 -0.060828 -0.550807 -0.821138 0.149476
0.065924 0.351639 -0.030173 0.258093 -0.966068 0.010015
0.081475 0.449854 0.250582 0.005729 0.159870 0.987122
0.106196 0.418715 -0.133839 0.724407 0.196218 -0.660858
0.367409 0.319161 -0.169408 -0.102165 0.012472 -0.994689
0.283155 0.262530 -0.271556 0.577869 0.102999 0.809604
0.291117 0.296451 -0.386628 0.453538 0.784419 -0.423073
0.177054 0.245635 -0.296158 -0.526595 -0.684147 0.504620
0.042558 0.485152 -0.215782 0.178605 0.892149 -0.414934
0.026997 0.361651 -0.190621 0.294419 -0.954235 0.052467
0.301238 0.219725 -0.386677 0.807288 -0.251730 -0.533777
0.140980 0.115479 -0.249085 -0.827912 0.151925 0.539890
0.230099 0.038303 -0.215196 0.587562 -0.364522 0.722423
0.002541 0.379984 -0.292991 0.464557 0.009581 -0.885491
0.258118 0.010381 -0.334792 0.695448 -0.618482 -0.365831
0.186421 0.253429 -0.407851 -0.639834 -0.049280 -0.766932
0.146333 0.020985 -0.345157 -0.535360 -0.493421 -0.685511
0.092572 0.277267 -0.492431 0.542234 0.709097 -0.450737
0.084235 0.249432 -0.391715 0.738573 -0.019941 0.673878
-0.004510 0.229906 -0.399222 -0.312117 -0.730690 0.607186
-0.004304 0.254590 -0.491379 -0.588109 0.267669 -0.763205
0.074467 0.204273 -0.488368 0.599584 -0.622530 -0.502947
-0.061823 0.151520 -0.329200 -0.646029 0.594813 0.478377
-0.022094 0.107674 -0.296565 0.659357 -0.432937 0.614665
-0.089235 0.090746 -0.383021 -0.686266 -0.439682 -0.579412
0.002129 0.069962 -0.393337 0.470139 -0.860407 -0.196645
-0.500000 0.348256 0.014558 -0.918838 0.391820 -0.047039
