0 1
0 2
0 3
0 4
0 5
0 6
0 7
1 0
1 2
1 3
1 4
1 5
1 6
1 7
1 14
2 0
2 1
2 3
2 4
2 5
2 6
2 7
2 51
3 0
3 1
3 2
3 4
3 5
3 6
3 7
3 14
4 0
4 1
4 2
4 3
4 5
4 6
4 7
4 111
4 112
5 0
5 1
5 2
5 3
5 4
5 6
5 7
5 111
5 112
6 0
6 1
6 2
6 3
6 4
6 5
6 7
6 112
7 0
7 1
7 2
7 3
7 4
7 5
7 6
8 9
8 10
8 11
8 12
8 13
8 14
8 15
9 8
9 10
9 11
9 12
9 13
9 14
9 15
10 8
10 9
10 11
10 12
10 13
10 14
10 15
11 8
11 9
11 10
11 12
11 13
11 14
11 15
11 109
11 110
12 8
12 9
12 10
12 11
12 13
12 14
12 15
12 109
12 110
13 8
13 9
13 10
13 11
13 12
13 14
13 15
13 110
14 111
14 15
14 9
14 13
14 110
14 10
14 12
14 3
14 11
14 1
15 8
15 9
15 10
15 11
15 12
15 13
15 14
16 17
16 18
16 19
16 20
16 21
16 22
16 23
16 108
17 16
17 18
17 19
17 20
17 21
17 22
17 23
17 74
18 16
18 17
18 19
18 20
18 21
18 22
18 23
18 74
19 16
19 17
19 18
19 20
19 21
19 22
19 23
19 108
20 16
20 17
20 18
20 19
20 21
20 22
20 23
20 108
21 16
21 17
21 18
21 19
21 20
21 22
21 23
21 108
22 16
22 17
22 18
22 19
22 20
22 21
22 23
23 16
23 17
23 18
23 19
23 20
23 21
23 22
23 108
24 25
24 26
24 27
24 28
24 29
24 30
24 31
24 106
25 24
25 26
25 27
25 28
25 29
25 30
25 31
25 89
25 106
26 24
26 25
26 27
26 28
26 29
26 30
26 31
27 24
27 25
27 26
27 28
27 29
27 30
27 31
27 89
27 106
28 24
28 25
28 26
28 27
28 29
28 30
28 31
28 106
29 24
29 25
29 26
29 27
29 28
29 30
29 31
29 106
30 24
30 25
30 26
30 27
30 28
30 29
30 31
31 24
31 25
31 26
31 27
31 28
31 29
31 30
31 106
32 33
32 34
32 35
32 36
32 37
32 38
32 39
32 128
33 32
33 34
33 35
33 36
33 37
33 38
33 39
33 110
33 128
34 32
34 33
34 35
34 36
34 37
34 38
34 39
34 110
34 111
34 128
35 32
35 33
35 34
35 36
35 37
35 38
35 39
35 128
35 129
36 32
36 33
36 34
36 35
36 37
36 38
36 39
36 129
37 32
37 33
37 34
37 35
37 36
37 38
37 39
37 128
37 129
38 32
38 33
38 34
38 35
38 36
38 37
38 39
38 128
38 151
39 32
39 33
39 34
39 35
39 36
39 37
39 38
39 128
40 41
41 40
42 43
42 47
43 42
43 45
45 43
47 42
49 53
51 2
53 49
53 55
55 53
58 103
60 61
61 60
62 65
62 67
64 68
65 62
65 67
67 62
67 65
68 64
69 103
74 17
74 18
75 80
77 80
78 79
78 82
79 78
79 81
80 75
80 77
81 79
81 82
82 78
82 81
83 86
86 83
87 90
89 25
89 27
90 87
90 99
91 92
91 94
92 91
93 94
94 91
94 93
95 96
95 98
96 95
96 97
97 96
97 98
98 95
98 97
99 90
103 58
103 69
106 24
106 25
106 27
106 28
106 29
106 31
108 16
108 19
108 20
108 21
108 23
109 11
109 12
110 11
110 12
110 13
110 14
110 33
110 34
110 111
110 128
111 4
111 5
111 14
111 34
111 110
111 128
112 4
112 5
112 6
116 126
120 121
121 120
122 165
122 166
122 167
122 168
122 170
122 171
122 172
123 124
124 123
126 116
128 32
128 33
128 34
128 35
128 37
128 38
128 39
128 110
128 111
129 35
129 36
129 37
130 149
130 150
130 152
130 153
130 154
130 181
131 133
133 131
134 135
135 134
140 144
141 147
142 148
144 140
144 148
147 141
148 142
148 144
149 130
149 150
149 151
149 152
149 153
149 154
149 155
149 156
150 130
150 149
150 151
150 152
150 153
150 154
150 155
150 156
151 38
151 149
151 150
151 152
151 153
151 154
151 155
151 156
151 178
152 130
152 149
152 150
152 151
152 153
152 154
152 155
152 156
153 130
153 149
153 150
153 151
153 152
153 154
153 155
153 156
153 179
154 130
154 149
154 150
154 151
154 152
154 153
154 155
154 156
154 178
155 149
155 150
155 151
155 152
155 153
155 154
155 156
155 178
156 149
156 150
156 151
156 152
156 153
156 154
156 155
156 178
157 158
157 159
157 160
157 161
157 162
157 163
157 164
158 157
158 159
158 160
158 161
158 162
158 163
158 164
158 179
159 157
159 158
159 160
159 161
159 162
159 163
159 164
160 157
160 158
160 159
160 161
160 162
160 163
160 164
160 179
161 157
161 158
161 159
161 160
161 162
161 163
161 164
161 177
162 157
162 158
162 159
162 160
162 161
162 163
162 164
162 177
163 157
163 158
163 159
163 160
163 161
163 162
163 164
164 157
164 158
164 159
164 160
164 161
164 162
164 163
165 122
165 166
165 167
165 168
165 169
165 170
165 171
165 172
166 122
166 165
166 167
166 168
166 169
166 170
166 171
166 172
167 122
167 165
167 166
167 168
167 169
167 170
167 171
167 172
168 122
168 165
168 166
168 167
168 169
168 170
168 171
168 172
169 165
169 166
169 167
169 168
169 170
169 171
169 172
169 175
170 122
170 165
170 166
170 167
170 168
170 169
170 171
170 172
171 122
171 165
171 166
171 167
171 168
171 169
171 170
171 172
172 122
172 165
172 166
172 167
172 168
172 169
172 170
172 171
175 169
177 161
177 162
178 151
178 154
178 155
178 156
179 153
179 158
179 160
181 130
