  0.500000   0.270740  -0.010739
  0.400874   0.196688   0.082468
  0.161734   0.340999   0.088352
  0.172518   0.328844   0.008209
  0.204253   0.311068  -0.065743
  0.234763   0.299010  -0.146747
  0.321573   0.137447   0.157034
 -0.063700   0.386600   0.094139
 -0.054526   0.408496  -0.011289
 -0.025491   0.406631  -0.115446
  0.003010   0.332796  -0.205166
  0.120423   0.056120   0.234977
 -0.265159   0.346175   0.115024
 -0.273029   0.383293  -0.011700
 -0.254916   0.375847  -0.145151
 -0.192675   0.296929  -0.245225
 -0.123501   0.041848   0.201906
 -0.435521   0.245307   0.145640
 -0.454508   0.286487   0.001634
 -0.449880   0.262969  -0.156689
 -0.358346   0.197690  -0.269202
