0 1
0 2
0 3
0 4
0 5
0 6
1 0
1 2
1 6
1 7
2 0
2 1
2 3
2 7
3 0
3 2
3 4
3 7
4 0
4 3
4 5
4 7
5 0
5 4
5 6
5 7
6 0
6 1
6 5
6 7
7 1
7 2
7 3
7 4
7 5
7 6
8 9
8 10
8 11
8 12
8 13
8 14
9 8
9 10
9 14
9 15
10 8
10 9
10 11
10 15
11 8
11 10
11 12
11 15
12 8
12 11
12 13
12 15
13 8
13 12
13 14
13 15
14 8
14 9
14 13
14 15
15 9
15 10
15 11
15 12
15 13
15 14
16 17
16 18
16 19
16 20
16 21
16 22
17 16
17 18
17 22
17 23
18 16
18 17
18 19
18 23
19 16
19 18
19 20
19 23
20 16
20 19
20 21
20 23
21 16
21 20
21 22
21 23
22 16
22 17
22 21
22 23
23 17
23 18
23 19
23 20
23 21
23 22
24 25
24 26
24 27
24 28
24 29
24 30
25 24
25 26
25 30
25 31
26 24
26 25
26 27
26 31
27 24
27 26
27 28
27 31
28 24
28 27
28 29
28 31
29 24
29 28
29 30
29 31
30 24
30 25
30 29
30 31
31 25
31 26
31 27
31 28
31 29
31 30
32 33
32 34
32 35
32 36
32 37
32 38
33 32
33 34
33 38
33 39
34 32
34 33
34 35
34 39
35 32
35 34
35 36
35 39
36 32
36 35
36 37
36 39
37 32
37 36
37 38
37 39
38 32
38 33
38 37
38 39
39 33
39 34
39 35
39 36
39 37
39 38
40 41
40 42
40 43
40 44
40 45
40 46
41 40
41 42
41 46
41 47
42 40
42 41
42 43
42 47
43 40
43 42
43 44
43 47
44 40
44 43
44 45
44 47
45 40
45 44
45 46
45 47
46 40
46 41
46 45
46 47
47 41
47 42
47 43
47 44
47 45
47 46
48 49
48 50
48 51
48 52
48 53
48 54
49 48
49 50
49 54
49 55
50 48
50 49
50 51
50 55
51 48
51 50
51 52
51 55
52 48
52 51
52 53
52 55
53 48
53 52
53 54
53 55
54 48
54 49
54 53
54 55
55 49
55 50
55 51
55 52
55 53
55 54
56 57
56 58
56 59
56 60
56 61
56 62
57 56
57 58
57 62
57 63
58 56
58 57
58 59
58 63
59 56
59 58
59 60
59 63
60 56
60 59
60 61
60 63
61 56
61 60
61 62
61 63
62 56
62 57
62 61
62 63
63 57
63 58
63 59
63 60
63 61
63 62
64 65
64 66
64 67
64 68
64 69
64 131
64 136
65 64
65 66
65 67
65 99
65 100
65 101
65 72
66 64
66 65
66 130
66 131
66 132
66 70
66 72
67 64
67 65
67 99
67 68
67 189
68 64
68 67
68 69
68 70
68 71
68 75
68 183
68 186
68 188
68 189
69 64
69 68
69 136
69 70
70 66
70 68
70 69
70 132
70 71
70 72
70 136
71 68
71 70
71 72
71 73
71 75
72 65
72 66
72 101
72 70
72 71
72 73
72 74
72 79
73 71
73 72
73 74
73 75
73 76
73 140
73 145
74 72
74 73
74 139
74 140
74 77
74 141
74 79
75 68
75 71
75 73
75 76
75 77
75 78
75 82
75 179
75 182
75 183
75 186
75 187
76 73
76 145
76 75
76 77
77 74
77 75
77 76
77 141
77 78
77 79
77 145
78 75
78 77
78 79
78 80
78 82
79 101
79 102
79 72
79 74
79 77
79 78
79 80
79 81
79 83
80 78
80 79
80 81
80 82
80 148
80 85
80 149
81 79
81 80
81 83
81 148
81 84
81 151
81 155
82 75
82 78
82 80
82 179
82 84
82 85
82 86
82 89
83 102
83 103
83 79
83 81
83 84
83 86
83 87
83 88
83 92
84 81
84 82
84 83
84 85
84 86
84 149
84 155
85 80
85 82
85 84
85 149
86 82
86 83
86 84
86 87
86 89
87 129
87 121
87 83
87 86
87 88
87 89
87 90
88 129
88 123
88 83
88 87
88 91
88 92
88 125
89 82
89 179
89 180
89 181
89 86
89 87
89 90
89 91
89 93
90 89
90 91
90 121
90 87
91 121
91 88
91 89
91 90
91 123
91 92
91 93
92 103
92 104
92 83
92 119
92 88
92 91
92 93
93 181
93 118
93 119
93 89
93 91
93 92
93 191
94 96
94 97
94 104
94 111
94 113
94 118
94 119
94 95
95 96
95 97
95 98
95 160
95 94
95 158
96 111
96 120
96 94
96 158
96 95
97 98
97 103
97 104
97 108
97 109
97 94
97 95
98 160
98 97
98 164
98 109
98 120
98 157
98 95
99 65
99 67
99 100
99 112
99 185
99 189
100 65
100 99
100 101
100 107
100 112
101 65
101 100
101 102
101 72
101 105
101 106
101 107
101 79
102 101
102 103
102 105
102 79
102 83
103 97
103 102
103 104
103 105
103 108
103 83
103 92
104 97
104 103
104 119
104 92
104 94
105 193
105 195
105 101
105 102
105 103
105 106
105 108
106 105
106 107
106 101
106 195
107 195
107 100
107 101
107 106
107 112
108 97
108 193
108 103
108 105
108 109
108 110
109 97
109 98
109 108
109 110
109 111
109 116
109 120
110 193
110 194
110 108
110 109
110 116
111 96
111 109
111 113
111 116
111 120
111 94
112 99
112 100
112 195
112 196
112 107
112 185
113 170
113 171
113 111
113 114
113 115
113 116
113 117
113 118
113 94
114 198
114 199
114 113
114 115
114 117
115 198
115 169
115 171
115 113
115 114
115 178
116 194
116 109
116 110
116 111
116 113
116 117
117 194
117 199
117 113
117 114
117 116
118 192
118 167
118 170
118 113
118 119
118 93
118 94
118 191
119 104
119 118
119 92
119 93
119 94
120 96
120 98
120 109
120 111
120 157
120 158
121 129
121 90
121 123
121 87
121 122
121 91
122 128
122 129
122 121
122 123
122 124
122 127
123 88
123 121
123 122
123 91
123 124
123 125
124 122
124 123
124 125
124 126
124 127
125 128
125 129
125 88
125 123
125 124
125 126
126 128
126 124
126 125
126 127
127 128
127 122
127 124
127 126
128 129
128 122
128 125
128 126
128 127
129 128
129 87
129 88
129 121
129 122
129 125
130 66
130 131
130 132
130 133
130 134
130 135
131 64
131 66
131 130
131 135
131 136
131 137
132 130
132 66
132 133
132 70
132 136
132 137
133 130
133 132
133 134
133 137
133 138
134 130
134 138
134 133
134 135
135 130
135 131
135 134
135 137
135 138
136 64
136 131
136 132
136 69
136 70
136 137
137 131
137 132
137 133
137 135
137 136
137 138
138 137
138 133
138 134
138 135
139 74
139 140
139 141
139 142
139 144
139 146
140 73
140 74
140 139
140 143
140 144
140 145
141 74
141 139
141 77
141 142
141 143
141 145
142 139
142 141
142 143
142 146
142 147
143 140
143 141
143 142
143 144
143 145
143 147
144 139
144 140
144 143
144 146
144 147
145 73
145 140
145 77
145 141
145 143
145 76
146 144
146 139
146 147
146 142
147 144
147 146
147 142
147 143
148 80
148 81
148 149
148 150
148 151
148 152
149 80
149 148
149 84
149 150
149 85
149 155
150 148
150 149
150 152
150 154
150 155
150 156
151 81
151 148
151 152
151 153
151 154
151 155
152 148
152 150
152 151
152 153
152 156
153 152
153 154
153 156
153 151
154 150
154 151
154 153
154 155
154 156
155 81
155 84
155 149
155 150
155 151
155 154
156 152
156 153
156 154
156 150
157 98
157 163
157 164
157 120
157 158
157 159
158 96
158 160
158 120
158 157
158 95
158 159
159 160
159 161
159 162
159 163
159 157
159 158
160 159
160 161
160 98
160 164
160 158
160 95
161 160
161 162
161 164
161 165
161 159
162 161
162 163
162 165
162 159
163 162
163 164
163 165
163 157
163 159
164 160
164 161
164 98
164 163
164 165
164 157
165 161
165 162
165 163
165 164
166 167
166 168
166 172
166 177
166 186
166 187
166 190
167 192
167 166
167 168
167 169
167 170
167 177
167 118
167 190
167 191
168 166
168 167
168 169
168 172
168 173
168 178
169 167
169 168
169 170
169 171
169 178
169 115
170 192
170 167
170 169
170 171
170 113
170 118
171 169
171 170
171 115
171 113
172 166
172 168
172 173
172 174
172 176
172 177
172 186
172 188
172 189
173 168
173 172
173 174
173 175
173 178
173 184
174 172
174 173
174 175
174 176
174 185
174 189
175 184
175 185
175 173
175 174
176 177
176 172
176 189
176 174
177 192
177 166
177 167
177 172
177 176
178 198
178 168
178 169
178 173
178 115
178 184
179 75
179 82
179 180
179 182
179 89
179 187
180 179
180 181
180 89
180 187
180 190
181 180
181 89
181 93
181 190
181 191
182 75
182 179
182 183
183 188
183 75
183 68
183 182
184 197
184 198
184 173
184 175
184 178
184 185
185 99
185 196
185 197
185 174
185 175
185 112
185 184
185 189
186 68
186 166
186 75
186 172
186 187
186 188
187 166
187 75
187 179
187 180
187 186
187 190
188 68
188 172
188 183
188 186
188 189
189 67
189 99
189 68
189 172
189 174
189 176
189 185
189 188
190 166
190 167
190 180
190 181
190 187
190 191
191 167
191 181
191 118
191 93
191 190
192 177
192 170
192 118
192 167
193 194
193 195
193 199
193 105
193 108
193 110
194 193
194 199
194 110
194 116
194 117
195 193
195 196
195 199
195 105
195 106
195 107
195 112
196 195
196 197
196 199
196 112
196 185
197 196
197 198
197 199
197 184
197 185
198 197
198 199
198 178
198 115
198 114
198 184
199 193
199 194
199 195
199 196
199 197
199 198
199 114
199 117
