0.349680 0.393110 -0.047723 -0.144066 -0.977474 0.154239
0.333970 0.405716 -0.039836 -0.859819 0.201304 0.469241
0.334081 0.402620 -0.059335 -0.853984 0.043482 -0.518478
0.351073 0.398657 -0.068598 0.006034 -0.157808 -0.987451
0.367937 0.397789 -0.058356 0.859894 -0.201294 -0.469108
0.367818 0.400877 -0.038857 0.853984 -0.043482 0.518478
0.350834 0.404848 -0.029594 -0.005999 0.157803 0.987452
0.352227 0.410387 -0.050469 0.144066 0.977474 -0.154239
0.350802 0.389664 0.035897 -0.133245 -0.976533 -0.169202
0.335403 0.398720 0.048121 -0.839281 0.019942 0.543333
0.334670 0.402166 0.028694 -0.876299 0.195345 -0.440387
0.351240 0.401784 0.017966 -0.037155 0.175433 -0.983790
0.368550 0.397916 0.026657 0.839099 -0.019869 -0.543616
0.369282 0.394431 0.046084 0.876252 -0.195354 0.440477
0.352704 0.394852 0.056820 0.036953 -0.175408 0.983802
0.353150 0.406941 0.038889 0.133245 0.976533 0.169202
0.348168 0.366449 -0.123520 -0.187964 -0.863754 0.467545
0.333182 0.381697 -0.120265 -0.843250 0.386008 0.374068
0.332896 0.372346 -0.137654 -0.857773 -0.087372 -0.506548
0.349545 0.364738 -0.145047 -0.014669 -0.473406 -0.880722
0.366488 0.366449 -0.135044 0.843069 -0.386124 -0.374356
0.366775 0.375800 -0.117654 0.857812 0.087332 0.506489
0.350126 0.383440 -0.110261 0.014669 0.473406 0.880722
0.351495 0.381729 -0.131789 0.187964 0.863754 -0.467545
0.351216 0.359580 0.092131 -0.077654 -0.600445 -0.795886
0.334376 0.358554 0.105677 -0.887746 -0.321302 0.329655
0.335379 0.374248 0.093731 -0.836750 0.473097 -0.275733
0.352919 0.380599 0.087229 0.050972 0.794335 -0.605338
0.369441 0.371256 0.092673 0.887839 0.321151 -0.329550
0.368430 0.355553 0.104610 0.836775 -0.473067 0.275709
0.350898 0.349203 0.111112 -0.051028 -0.794330 0.605340
0.352593 0.370221 0.106210 0.077654 0.600445 0.795886
0.240155 0.372545 0.093174 -0.077620 -0.600276 -0.796018
0.223291 0.371510 0.106711 -0.887936 -0.320705 0.329725
0.224326 0.387212 0.094774 -0.836324 0.473794 -0.275829
0.241866 0.393563 0.088272 0.051178 0.794302 -0.605363
0.258372 0.384212 0.093715 0.888029 0.320554 -0.329620
0.257362 0.368510 0.105653 0.836746 -0.473293 0.275409
0.239829 0.362159 0.112155 -0.051142 -0.794306 0.605362
0.241540 0.383185 0.107253 0.077620 0.600276 0.796018
0.239543 0.406814 0.035483 -0.147724 -0.973075 -0.176927
0.223618 0.416324 0.046609 -0.873713 0.044479 0.484404
0.224294 0.419739 0.027166 -0.838259 0.217930 -0.499828
0.241572 0.418871 0.017608 0.035862 0.173383 -0.984201
0.258118 0.414550 0.027485 0.874038 -0.044637 -0.483803
0.257401 0.411136 0.046919 0.838157 -0.217944 0.499994
0.240155 0.412003 0.056485 -0.035677 -0.173412 0.984203
0.242153 0.424028 0.038611 0.147724 0.973075 0.176927
0.240378 0.408231 -0.051169 -0.143697 -0.983221 0.112369
0.224612 0.420479 -0.042845 -0.863305 0.180316 0.471370
0.224875 0.418195 -0.062454 -0.850755 0.065226 -0.521499
0.241898 0.414645 -0.071774 0.012049 -0.115064 -0.993285
0.258707 0.413356 -0.061483 0.862937 -0.180338 -0.472036
0.258468 0.415648 -0.041866 0.850716 -0.065213 0.521564
0.241413 0.419190 -0.032546 -0.012296 0.115099 0.993278
0.242925 0.425604 -0.053151 0.143697 0.983221 -0.112369
0.241508 0.382405 -0.130316 -0.188035 -0.863864 0.467314
0.226515 0.397654 -0.127053 -0.843505 0.385437 0.374082
0.226228 0.388311 -0.144443 -0.858041 -0.087262 -0.506114
0.242861 0.380702 -0.151844 -0.014908 -0.473014 -0.880929
0.259813 0.382405 -0.141840 0.842973 -0.385779 -0.374928
0.260107 0.391757 -0.124443 0.857803 0.087509 0.506475
0.243442 0.399397 -0.117049 0.014595 0.473069 0.880904
0.244827 0.397686 -0.138577 0.188035 0.863864 -0.467314
0.032415 0.349425 -0.237820 0.133658 0.149627 -0.979667
0.189898 0.243912 -0.199770 -0.086683 -0.741315 -0.665536
0.017907 0.292403 -0.210124 -0.145486 -0.977454 0.153026
0.189898 0.310063 -0.212925 0.175277 0.234314 -0.956230
0.187701 0.360647 -0.178839 0.039158 0.915318 -0.400824
0.020191 0.389305 -0.210283 -0.012149 0.974603 -0.223608
0.009749 0.366035 -0.164196 -0.264481 0.242356 0.933441
0.149309 0.325892 -0.133492 -0.055405 0.822785 -0.565646
0.182257 0.246395 -0.122525 -0.467775 -0.883836 -0.004479
-0.015622 0.424156 -0.143002 0.084565 0.179054 -0.980198
-0.022618 0.362422 -0.110953 -0.243985 -0.969779 0.000841
0.185481 0.407228 -0.082239 -0.014630 0.986052 -0.165795
-0.022005 0.457358 -0.111025 0.036623 0.999278 -0.010106
-0.029295 0.425413 -0.068216 -0.172951 0.175573 0.969155
0.125259 0.338339 -0.050994 -0.106924 0.986591 -0.123312
0.181477 0.251202 -0.051718 -0.466050 -0.884727 0.007487
-0.036768 0.426090 -0.048487 -0.034222 0.188789 -0.981421
-0.037962 0.361809 -0.008742 -0.250770 -0.968046 -0.001253
0.184709 0.411422 -0.006347 -0.027532 0.999614 0.003634
0.174004 0.255420 0.036358 -0.449013 -0.892904 0.033310
-0.036967 0.426639 0.031918 -0.047180 0.195884 0.979491
-0.037381 0.460717 -0.009522 0.034266 0.999390 -0.006741
0.125712 0.338339 0.035897 -0.149905 0.961604 0.229883
-0.026390 0.404267 0.055546 -0.165512 0.184035 -0.968884
-0.021201 0.339597 0.096731 -0.189464 -0.981031 0.040997
0.183515 0.401108 0.071081 0.010099 0.999854 -0.013801
-0.019753 0.438473 0.096954 0.015290 0.999883 -0.000730
-0.014047 0.404140 0.139707 0.067981 0.175347 0.982157
0.171808 0.262033 0.101801 -0.297167 -0.674460 0.675866
0.184255 0.340400 0.118100 0.047199 0.125311 0.990994
0.315610 0.216702 0.172250 -0.291115 0.541526 0.788671
0.196121 0.119473 0.229654 -0.407022 0.906361 0.113322
0.220975 0.069438 0.269311 0.157557 0.084512 0.983887
0.288424 0.141749 0.119063 -0.646750 -0.276305 -0.710894
0.185608 0.066183 0.172568 -0.275501 -0.160428 -0.947820
0.305359 0.289888 -0.198592 0.170777 0.080371 -0.982026
0.306131 0.231759 -0.179253 0.092040 -0.713593 -0.694488
0.300178 0.212516 -0.107348 -0.174472 -0.983493 -0.047976
0.293485 0.227955 -0.034297 -0.249789 -0.967490 0.039597
0.287214 0.222503 0.038873 -0.420985 -0.823433 -0.380435
0.258030 0.203069 0.103265 -0.757358 -0.543943 0.361295
0.404275 0.197363 -0.020394 -0.165872 -0.956073 -0.241682
0.404793 0.202193 -0.094774 0.009665 -0.983368 -0.181369
0.406384 0.220283 -0.144554 0.169186 -0.804057 -0.569972
0.403758 0.140587 0.046999 -0.203652 -0.758519 -0.619011
0.375362 0.067090 0.149409 0.352602 -0.906596 -0.231851
0.446742 0.124439 0.093659 0.774534 -0.625162 0.096280
0.380694 0.148617 0.216674 0.404417 -0.016552 0.914425
0.405055 0.277632 -0.176499 0.389171 -0.207896 -0.897399
0.405541 0.313517 0.116707 0.188279 0.478517 0.857656
0.497692 0.340528 0.059255 0.702375 0.550634 0.451078
0.405477 0.369226 0.067460 0.377523 0.844777 0.379248
0.450236 0.213447 0.156571 0.747616 -0.075031 0.659879
0.496570 0.291718 0.089712 0.815511 0.197812 0.543886
0.298006 0.326600 0.117416 -0.005920 0.333411 0.942763
0.262129 0.275053 0.132441 -0.314871 -0.035776 0.948460
0.218874 0.008508 0.214231 0.288445 -0.895083 0.340039
-0.254250 0.407841 0.123862 -0.283492 0.958975 0.000116
-0.373882 0.311225 0.134542 -0.610789 0.785245 0.101626
-0.237935 0.365677 0.156277 0.046605 -0.137058 0.989466
-0.369664 0.282176 0.156022 0.104696 -0.218744 0.970149
-0.234553 0.319223 0.121864 0.301935 -0.953221 -0.014305
-0.369600 0.241492 0.132481 0.350002 -0.919763 -0.177580
-0.462380 0.228631 0.142039 -0.993981 -0.063667 0.089152
-0.374590 0.289848 0.106576 -0.081182 -0.202098 -0.975995
-0.242837 0.361713 0.086783 -0.167457 -0.116164 -0.979012
-0.183165 0.257744 -0.244863 0.309203 -0.923961 0.225143
-0.182679 0.293692 -0.276243 0.142726 -0.080329 -0.986497
-0.203284 0.304229 -0.214119 -0.215559 -0.127305 0.968157
-0.314790 0.231441 -0.236475 -0.169470 -0.186023 0.967820
-0.299351 0.188592 -0.264695 0.343178 -0.933856 0.100709
-0.295515 0.232762 -0.289908 0.164870 -0.207151 -0.964316
-0.203992 0.339692 -0.248890 -0.275203 0.923691 -0.266569
-0.312697 0.258906 -0.268269 -0.574734 0.783604 -0.235892
-0.390778 0.177793 -0.278766 -0.921626 -0.192074 -0.337215
-0.252443 0.330182 -0.141005 0.329521 -0.944020 0.015576
-0.252053 0.382986 -0.173388 0.100210 -0.096743 -0.990252
-0.267501 0.378633 -0.107396 -0.174107 -0.109273 0.978645
-0.380400 0.302844 -0.127491 -0.142011 -0.158423 0.977105
-0.388390 0.338825 -0.159118 -0.620662 0.777393 -0.102170
-0.369274 0.304587 -0.181497 0.120326 -0.180128 -0.976256
-0.270016 0.423288 -0.144856 -0.259351 0.965481 -0.024170
-0.367698 0.263259 -0.154152 0.364098 -0.930273 0.044987
-0.489296 0.236081 -0.169950 -0.941017 -0.270992 -0.202607
-0.288296 0.383018 -0.045343 -0.035471 -0.115371 -0.992689
-0.297417 0.427928 -0.010000 -0.250607 0.968069 -0.006141
-0.400965 0.346497 -0.009809 -0.628332 0.777945 0.000382
-0.278300 0.330731 -0.010382 0.308752 -0.951129 0.005050
-0.393643 0.317289 -0.039757 -0.025728 -0.166916 -0.985635
-0.384650 0.267994 -0.010151 0.338765 -0.940871 0.000732
-0.393683 0.317321 0.019598 -0.017876 -0.172316 0.984880
-0.287652 0.383536 0.024827 -0.042311 -0.125759 0.991158
-0.500000 0.250907 -0.009833 -0.979080 -0.203476 -0.000547
0.021774 0.000000 0.251532 -0.109779 -0.963240 -0.245186
0.009264 0.046677 0.289908 0.020219 -0.029772 0.999352
-0.054794 0.048133 0.258201 -0.503149 0.092173 0.859270
0.024321 0.085466 0.242722 -0.229667 0.949958 -0.211738
-0.051340 0.078272 0.206980 -0.086410 0.976311 -0.198370
-0.170336 0.049295 0.189909 -0.992866 0.063580 -0.100866
-0.056052 0.012248 0.211740 -0.117596 -0.960623 -0.251745
0.028738 0.047616 0.220351 0.024505 -0.103321 -0.994346
-0.048085 0.048650 0.192488 0.149978 -0.081726 -0.985306
0.304619 0.409035 -0.008305 0.060205 0.997595 0.034334
0.304046 0.392624 0.073922 0.094639 0.908329 0.407408
0.403917 0.395983 -0.009236 0.198679 0.979517 0.032762
0.403917 0.377638 0.072307 0.221966 0.798774 0.559188
0.304452 0.337050 0.122366 0.013460 0.557752 0.829898
0.403973 0.324866 0.121769 0.253791 0.554980 0.792204
0.304842 0.398108 -0.087372 0.103720 0.952539 -0.286202
0.403678 0.382700 -0.087587 0.265881 0.881510 -0.390188
0.304691 0.352848 -0.169488 0.082213 0.808563 -0.582638
0.403575 0.337726 -0.160352 0.357076 0.740836 -0.568910
0.298364 0.391820 -0.087356 -0.715237 0.643895 -0.271727
0.298117 0.401172 -0.008249 -0.753006 0.657657 0.021675
0.405477 0.383727 -0.008376 0.456137 0.889905 0.002684
0.189929 0.422675 -0.007286 -0.057392 0.998326 -0.007182
0.188767 0.408358 0.075673 0.071070 0.920032 0.385343
0.189508 0.350850 0.123002 -0.002611 0.590393 0.807112
0.190638 0.414327 -0.087134 -0.848949 0.501214 -0.167538
0.192635 0.369513 -0.180041 -0.720531 0.323517 -0.613328
0.405238 0.369735 -0.084388 0.410072 0.856305 -0.313979
0.405119 0.327380 -0.158720 0.383260 0.499095 -0.777185
0.292658 0.399588 -0.087340 0.069651 0.931667 -0.356574
0.292379 0.410196 -0.008169 0.110687 0.993774 0.012709
0.293605 0.354583 -0.169918 0.166426 0.777369 -0.606630
0.297974 0.344268 -0.168318 0.163991 0.482370 -0.860480
0.291726 0.394049 0.074153 0.113896 0.818299 0.563396
0.292180 0.338148 0.122445 0.137715 0.448878 0.882918
0.297512 0.384857 0.074018 -0.777788 0.502745 0.377218
0.495193 0.199909 -0.013629 0.633058 -0.724753 -0.271978
0.495886 0.225082 0.057361 0.945452 -0.233742 0.226906
0.495941 0.210287 -0.084834 0.595705 -0.685509 -0.418584
0.496705 0.280409 -0.118140 0.829597 0.067438 -0.554276
0.497668 0.337432 -0.077711 0.726391 0.563887 -0.392922
0.498631 0.358681 -0.014385 0.601675 0.798704 -0.007674
0.500000 0.270740 -0.010739 0.999839 -0.017863 0.001414
