0 1
0 2
0 3
0 4
0 5
0 6
1 0
1 2
1 3
1 7
2 0
2 1
2 6
2 7
3 0
3 1
3 4
3 7
4 0
4 3
4 5
4 7
5 0
5 4
5 6
5 7
6 0
6 2
6 5
6 7
7 1
7 2
7 3
7 4
7 5
7 6
8 9
8 10
8 11
8 12
8 13
8 14
9 8
9 10
9 11
9 15
10 8
10 9
10 14
10 15
11 8
11 9
11 12
11 15
12 8
12 11
12 13
12 15
13 8
13 12
13 14
13 15
14 8
14 10
14 13
14 15
15 9
15 10
15 11
15 12
15 13
15 14
16 17
16 18
16 19
16 20
16 21
16 22
17 16
17 18
17 19
17 23
18 16
18 17
18 22
18 23
19 16
19 17
19 20
19 23
20 16
20 19
20 21
20 23
21 16
21 20
21 22
21 23
22 16
22 18
22 21
22 23
23 17
23 18
23 19
23 20
23 21
23 22
24 25
24 26
24 27
24 28
24 29
24 30
25 24
25 26
25 27
25 31
26 24
26 25
26 30
26 31
27 24
27 25
27 28
27 31
28 24
28 27
28 29
28 31
29 24
29 28
29 30
29 31
30 24
30 26
30 29
30 31
31 25
31 26
31 27
31 28
31 29
31 30
32 33
32 34
32 35
32 36
32 37
32 38
33 32
33 34
33 35
33 39
34 32
34 33
34 38
34 39
35 32
35 33
35 36
35 39
36 32
36 35
36 37
36 39
37 32
37 36
37 38
37 39
38 32
38 34
38 37
38 39
39 33
39 34
39 35
39 36
39 37
39 38
40 41
40 42
40 49
40 53
40 54
40 55
41 40
41 42
41 43
41 44
41 48
41 49
42 40
42 41
42 43
42 46
42 47
42 54
43 41
43 42
43 44
43 45
43 46
44 41
44 43
44 45
44 47
44 48
44 54
45 43
45 44
45 46
45 47
46 42
46 43
46 45
46 47
47 42
47 44
47 45
47 46
47 54
48 41
48 44
48 49
48 50
48 54
48 55
48 56
49 40
49 41
49 48
49 50
49 51
49 52
49 53
50 48
50 49
50 113
50 51
50 116
50 117
50 56
51 112
51 49
51 50
51 113
51 52
52 110
52 111
52 112
52 49
52 51
52 53
52 55
52 57
52 63
53 40
53 49
53 52
53 55
54 40
54 42
54 44
54 47
54 48
54 55
55 40
55 48
55 52
55 53
55 54
55 56
55 57
56 71
56 48
56 50
56 116
56 55
56 57
56 58
56 59
57 52
57 55
57 56
57 58
57 63
58 103
58 56
58 57
58 59
58 60
58 61
58 63
59 64
59 68
59 69
59 71
59 56
59 58
59 60
60 64
60 65
60 58
60 59
60 61
60 62
61 68
61 69
61 103
61 58
61 60
61 62
62 65
62 67
62 68
62 104
62 60
62 61
63 69
63 70
63 103
63 74
63 109
63 110
63 52
63 57
63 58
64 65
64 66
64 67
64 68
64 59
64 60
65 64
65 66
65 104
65 60
65 62
66 64
66 65
66 67
66 104
67 64
67 66
67 68
67 104
67 62
68 64
68 67
68 69
68 59
68 61
68 62
69 68
69 70
69 71
69 103
69 59
69 61
69 63
70 69
70 71
70 72
70 74
70 63
71 69
71 70
71 72
71 73
71 115
71 116
71 85
71 56
71 59
72 70
72 71
72 73
72 74
72 75
72 80
72 86
73 71
73 72
73 75
73 76
73 77
73 83
73 85
74 70
74 72
74 108
74 109
74 83
74 84
74 86
74 89
74 63
75 72
75 73
75 76
75 78
75 79
75 80
76 73
76 75
76 77
76 78
76 81
76 82
77 73
77 76
77 79
77 80
77 81
77 83
78 105
78 75
78 76
78 79
78 82
79 105
79 75
79 77
79 78
79 80
79 81
80 72
80 75
80 77
80 79
80 83
80 86
81 105
81 76
81 77
81 79
81 82
82 81
82 76
82 78
82 105
83 73
83 74
83 77
83 80
83 84
83 85
83 86
84 74
84 83
84 85
84 87
84 89
85 100
85 71
85 73
85 114
85 83
85 84
85 115
85 87
85 88
86 80
86 72
86 74
86 83
87 84
87 85
87 88
87 89
87 90
87 91
87 92
88 99
88 100
88 85
88 87
88 92
88 93
88 94
89 99
89 102
89 74
89 106
89 108
89 84
89 87
89 90
90 99
90 89
90 91
90 87
91 98
91 99
91 87
91 90
91 92
91 94
92 98
92 87
92 88
92 91
92 93
92 95
93 96
93 97
93 88
93 92
93 94
93 95
94 97
94 98
94 99
94 88
94 91
94 93
95 96
95 98
95 101
95 92
95 93
96 97
96 101
96 93
96 95
97 96
97 98
97 101
97 93
97 94
98 97
98 101
98 91
98 92
98 94
98 95
99 100
99 102
99 88
99 89
99 90
99 91
99 94
100 99
100 102
100 107
100 114
100 85
100 88
101 96
101 97
101 98
101 95
102 99
102 100
102 106
102 107
102 89
103 58
103 69
103 61
103 63
104 65
104 66
104 67
104 62
105 81
105 82
105 78
105 79
106 131
106 132
106 102
106 107
106 108
106 89
107 131
107 100
107 133
107 102
107 106
107 114
108 129
108 132
108 106
108 74
108 109
108 89
109 129
109 74
109 108
109 110
109 63
110 128
110 129
110 109
110 111
110 52
110 63
111 112
111 52
111 128
111 110
112 128
112 111
112 113
112 178
112 51
112 52
113 112
113 50
113 51
113 178
113 117
113 127
114 100
114 133
114 134
114 135
114 107
114 115
114 85
115 134
115 71
115 114
115 116
115 85
115 118
116 71
116 50
116 115
116 117
116 118
116 56
116 126
117 113
117 50
117 116
117 125
117 126
117 127
118 134
118 176
118 115
118 116
118 182
118 126
119 139
119 145
119 120
119 121
119 122
119 127
120 175
120 176
120 119
120 121
120 122
120 123
120 124
121 138
121 139
121 119
121 120
121 123
122 175
122 177
122 178
122 179
122 119
122 120
122 127
123 138
123 146
123 120
123 121
123 124
123 125
124 176
124 120
124 123
124 125
124 126
125 145
125 146
125 117
125 123
125 124
125 126
125 127
126 176
126 116
126 117
126 118
126 124
126 125
127 113
127 145
127 178
127 117
127 119
127 122
127 125
128 129
128 130
128 110
128 111
128 112
128 178
129 128
129 130
129 132
129 108
129 109
129 110
129 180
130 128
130 129
130 178
130 179
130 180
130 181
131 132
131 133
131 106
131 107
131 183
132 129
132 131
132 106
132 108
132 180
132 183
133 131
133 135
133 107
133 114
133 183
134 135
134 114
134 115
134 182
134 183
134 118
135 114
135 133
135 134
135 183
136 137
136 138
136 140
136 144
136 146
136 147
137 136
137 138
137 139
137 140
137 141
137 145
138 136
138 137
138 139
138 146
138 121
138 123
139 137
139 138
139 145
139 119
139 121
140 136
140 137
140 141
140 142
140 143
140 144
141 137
141 140
141 142
141 145
141 146
141 147
142 140
142 141
142 143
142 147
142 148
143 144
143 148
143 140
143 142
144 136
144 140
144 143
144 147
144 148
145 137
145 139
145 141
145 146
145 119
145 125
145 127
146 136
146 138
146 141
146 145
146 147
146 123
146 125
147 136
147 141
147 142
147 144
147 146
147 148
148 144
148 147
148 142
148 143
149 150
149 151
149 152
149 153
149 154
149 155
150 152
150 156
150 149
150 151
151 155
151 156
151 149
151 150
152 153
152 156
152 149
152 150
153 152
153 154
153 156
153 149
154 153
154 155
154 156
154 149
155 154
155 156
155 149
155 151
156 150
156 151
156 152
156 153
156 154
156 155
157 160
157 161
157 162
157 163
157 158
157 159
158 160
158 164
158 157
158 159
159 163
159 164
159 157
159 158
160 161
160 164
160 157
160 158
161 160
161 162
161 164
161 157
162 161
162 163
162 164
162 157
163 162
163 164
163 157
163 159
164 160
164 161
164 162
164 163
164 158
164 159
165 166
165 167
165 168
165 169
165 170
165 171
166 168
166 172
166 165
166 167
167 171
167 172
167 165
167 166
168 169
168 172
168 165
168 166
169 168
169 170
169 172
169 165
170 169
170 171
170 172
170 165
171 170
171 172
171 165
171 167
172 166
172 167
172 168
172 169
172 170
172 171
173 177
173 179
173 174
173 183
174 175
174 177
174 173
174 183
175 174
175 176
175 177
175 183
175 120
175 122
176 175
176 118
176 183
176 120
176 182
176 124
176 126
177 173
177 174
177 175
177 179
177 122
178 128
178 130
178 112
178 113
178 179
178 122
178 127
179 130
179 173
179 177
179 178
179 181
179 183
179 122
180 129
180 130
180 132
180 181
180 183
181 130
181 179
181 180
181 183
182 176
182 118
182 134
182 183
183 131
183 132
183 133
183 134
183 135
183 173
183 174
183 175
183 176
183 179
183 180
183 181
183 182
