-0.232128 0.353344 0.100374 0.132993 -0.652987 -0.745601
-0.218152 0.365937 0.101281 0.853848 0.457047 -0.249102
-0.217993 0.352827 0.112808 0.862872 -0.293792 0.411264
-0.233225 0.371089 0.094102 -0.009353 0.750836 -0.660422
-0.248140 0.363067 0.098443 -0.862982 0.293634 -0.411145
-0.247973 0.349965 0.109970 -0.853788 -0.457119 0.249176
-0.232907 0.344813 0.117149 0.009160 -0.750855 0.660404
-0.233996 0.362558 0.110877 -0.132993 0.652987 0.745601
-0.235189 0.394049 0.024005 0.204983 -0.974665 -0.089502
-0.222246 0.404773 0.015523 0.824306 0.220444 -0.521464
-0.221443 0.403358 0.032918 0.869890 0.138326 0.473453
-0.237415 0.402356 0.007247 -0.045578 0.082180 -0.995575
-0.251805 0.398493 0.016357 -0.869414 -0.138141 -0.474380
-0.251034 0.397046 0.033752 -0.824306 -0.220444 0.521464
-0.235833 0.399494 0.042028 0.045615 -0.082172 0.995574
-0.238059 0.407770 0.025270 -0.204983 0.974665 0.089502
-0.244530 0.394438 -0.074870 0.137305 -0.983879 0.114581
-0.231230 0.402197 -0.085698 0.817728 0.047218 -0.573665
-0.229910 0.404392 -0.068423 0.893267 0.172958 0.414920
-0.246820 0.399168 -0.092957 -0.075315 -0.125780 -0.989195
-0.261114 0.398334 -0.082932 -0.893009 -0.172985 -0.415464
-0.259795 0.400560 -0.065648 -0.817254 -0.047072 0.574351
-0.244173 0.403549 -0.058398 0.075703 0.125830 0.989159
-0.246462 0.408287 -0.076484 -0.137305 0.983879 -0.114581
-0.255796 0.359235 -0.156240 0.156650 -0.887122 0.434138
-0.243115 0.362812 -0.169700 0.789112 -0.152415 -0.595039
-0.241016 0.370739 -0.154268 0.909210 0.301068 0.287567
-0.258992 0.357565 -0.174732 -0.119879 -0.453671 -0.883070
-0.272777 0.360205 -0.164333 -0.908965 -0.301290 -0.288109
-0.270678 0.368123 -0.148902 -0.789084 0.152435 0.595071
-0.254794 0.373410 -0.143870 0.119762 0.453660 0.883091
-0.257998 0.371732 -0.162362 -0.156650 0.887122 -0.434138
-0.336219 0.375405 0.026414 0.170496 -0.966611 -0.191298
-0.321988 0.386353 0.020690 0.883516 0.235388 -0.404958
-0.323102 0.382783 0.037751 0.819819 0.030898 0.571789
-0.336307 0.385804 0.010697 0.063720 0.204502 -0.976790
-0.351738 0.381686 0.017773 -0.819901 -0.030936 -0.571669
-0.352851 0.378109 0.034841 -0.883543 -0.235382 0.404903
-0.338533 0.378657 0.044827 -0.063415 -0.204454 0.976820
-0.338612 0.389024 0.029109 -0.170496 0.966611 0.191298
0.254508 0.407413 0.123732 0.283492 0.958975 0.000116
0.238210 0.365293 0.156113 -0.046622 -0.137076 0.989463
0.374014 0.310898 0.134401 0.610789 0.785245 0.101626
0.369801 0.281880 0.155858 -0.104696 -0.218744 0.970149
0.234831 0.318888 0.121736 -0.301997 -0.953201 -0.014309
0.369737 0.241239 0.132342 -0.350002 -0.919763 -0.177580
0.462420 0.228392 0.141890 0.993981 -0.063667 0.089152
0.374722 0.289544 0.106464 0.081182 -0.202098 -0.975995
0.021704 0.339272 0.096630 0.187150 -0.982331 0.001107
0.014557 0.403716 0.139561 -0.058422 0.184377 0.981118
-0.167398 0.261758 0.101694 0.368600 -0.750171 0.548978
-0.176223 0.331576 0.128065 -0.036343 0.236261 0.971010
-0.178902 0.402778 0.067461 -0.131212 0.962365 0.237987
0.020257 0.438013 0.096853 -0.010686 0.999943 -0.000054
0.243107 0.361334 0.086692 0.167438 -0.116180 -0.979013
0.026887 0.403843 0.055488 0.167209 0.180939 -0.969176
-0.174386 0.264684 0.034293 0.477545 -0.878449 0.016695
-0.125056 0.337078 0.035859 0.155228 0.968299 0.195705
0.037453 0.426191 0.031884 0.042963 0.194821 0.979898
0.038447 0.361429 -0.008733 0.232168 -0.972625 0.009916
0.287874 0.383133 0.024800 0.042311 -0.125759 0.991158
0.297629 0.427479 -0.009989 0.250607 0.968069 -0.006141
0.401068 0.346133 -0.009799 0.628332 0.777945 0.000382
-0.181088 0.410092 -0.006340 -0.072037 0.997352 0.009962
0.278533 0.330384 -0.010371 -0.308752 -0.951129 0.005050
0.393794 0.316988 0.019577 0.017876 -0.172316 0.984880
0.384771 0.267713 -0.010140 -0.338765 -0.940871 0.000732
0.393754 0.316956 -0.039715 0.025728 -0.166916 -0.985635
0.288518 0.382616 -0.045296 0.035471 -0.115371 -0.992689
0.037254 0.425642 -0.048436 0.031676 0.188693 -0.981525
-0.124602 0.337046 -0.050941 0.082980 0.991193 -0.103201
-0.183990 0.255247 -0.051664 0.450653 -0.892699 -0.000425
0.029821 0.424967 -0.068145 0.158666 0.190355 0.968809
0.023119 0.362041 -0.110837 0.238887 -0.971037 -0.004458
-0.190231 0.405870 -0.089014 -0.071361 0.986705 -0.146014
0.267745 0.378236 -0.107283 0.174112 -0.109296 0.978642
0.252703 0.329835 -0.140857 -0.329521 -0.944020 0.015576
0.252313 0.382584 -0.173206 -0.100210 -0.096743 -0.990252
0.380525 0.302527 -0.127357 0.142011 -0.158423 0.977105
0.388507 0.338469 -0.158951 0.620662 0.777393 -0.102170
0.270257 0.422844 -0.144704 0.259351 0.965479 -0.024227
0.369411 0.304268 -0.181307 -0.120326 -0.180128 -0.976256
0.367837 0.262983 -0.153990 -0.364098 -0.930273 0.044987
0.016131 0.423710 -0.142852 -0.072874 0.161910 -0.984111
-0.148628 0.325550 -0.133352 0.074132 0.819501 -0.568263
-0.195518 0.243560 -0.122396 0.398726 -0.917034 0.008118
0.022507 0.456878 -0.110908 -0.038021 0.999229 -0.009834
-0.009214 0.365651 -0.164023 0.256024 0.247533 0.934441
-0.017363 0.292096 -0.209896 0.142923 -0.981535 0.127126
-0.208977 0.359370 -0.180583 -0.081159 0.930420 -0.357395
-0.019645 0.388897 -0.210062 0.010513 0.974731 -0.223133
0.204303 0.339336 -0.248629 0.275203 0.923691 -0.266569
0.203595 0.303910 -0.213894 0.215576 -0.127273 0.968157
0.183497 0.257473 -0.244606 -0.309198 -0.923963 0.225142
0.183012 0.293384 -0.275953 -0.142741 -0.080366 -0.986492
0.314984 0.231198 -0.236226 0.169470 -0.186023 0.967820
0.299561 0.188394 -0.264418 -0.343178 -0.933856 0.100709
0.295729 0.232518 -0.289604 -0.164870 -0.207151 -0.964316
0.312894 0.258634 -0.267987 0.574734 0.783604 -0.235892
-0.031856 0.349059 -0.237570 -0.122809 0.147393 -0.981424
-0.211235 0.243656 -0.201627 0.058111 -0.678420 -0.732372
0.390892 0.177606 -0.278473 0.921626 -0.192074 -0.337215
-0.217444 0.308449 -0.212193 -0.148974 0.242345 -0.958684
0.037867 0.460233 -0.009512 -0.036346 0.999317 -0.006735
0.500000 0.250644 -0.009822 0.979080 -0.203476 -0.000547
0.489307 0.235833 -0.169771 0.941017 -0.270992 -0.202607
-0.309650 0.348868 -0.169747 -0.186871 0.782610 -0.593802
-0.314889 0.296182 -0.204394 -0.223460 0.046999 -0.973579
-0.297558 0.387768 -0.084800 -0.166958 0.951493 -0.258430
-0.290275 0.390312 -0.008622 -0.158274 0.987089 0.024593
-0.287596 0.383356 0.041321 -0.176234 0.974810 0.136704
-0.286912 0.379595 0.065036 -0.176461 0.785126 0.593666
-0.282341 0.320852 0.125545 -0.121882 0.545030 0.829510
-0.273986 0.246104 0.144577 0.223873 0.005274 0.974604
-0.307042 0.225299 -0.171751 -0.033169 -0.876059 -0.481062
-0.300173 0.230228 -0.084999 0.210610 -0.976757 -0.039876
-0.281093 0.222954 0.030843 0.385620 -0.911444 -0.143412
-0.268102 0.202856 0.113174 0.720046 -0.683360 0.120636
-0.352485 0.204430 -0.028275 0.315601 -0.890308 -0.328249
-0.366056 0.148175 0.219436 -0.306360 0.161823 0.938060
-0.402341 0.080320 0.150254 -0.597117 -0.797489 0.086392
-0.353217 0.053139 0.177523 -0.477632 -0.769836 0.423345
-0.416619 0.185819 0.182881 -0.463194 0.233396 0.854972
-0.309070 0.086402 0.125362 0.094838 -0.653183 -0.751238
-0.356492 0.109203 0.095326 0.261109 -0.691899 -0.673125
-0.287604 0.140670 0.118938 0.773037 0.138723 -0.619007
-0.315708 0.186304 0.055202 0.534126 -0.665838 -0.520931
-0.314762 0.215576 0.172069 0.338619 0.610334 0.716121
-0.309411 0.375723 0.064448 -0.165599 0.836672 0.522070
-0.361564 0.382068 -0.011301 -0.146892 0.988362 0.039547
-0.418074 0.357502 0.060250 -0.169417 0.845445 0.506479
-0.446019 0.326361 -0.143854 -0.599332 0.517948 -0.610353
-0.448650 0.357335 -0.088298 -0.432735 0.855101 -0.285556
-0.441193 0.283653 -0.165311 -0.613950 -0.235899 -0.753271
-0.427598 0.206393 -0.093291 -0.158037 -0.973813 -0.163437
-0.432042 0.222469 -0.134560 -0.602405 -0.598404 -0.528224
-0.021227 0.000000 0.251268 0.109779 -0.963240 -0.245186
-0.008729 0.046628 0.289604 -0.020219 -0.029772 0.999352
-0.218120 0.008499 0.214006 -0.129570 -0.988043 0.083562
-0.220219 0.069365 0.269029 -0.257432 -0.176078 0.950119
0.055261 0.048082 0.257930 0.503149 0.092173 0.859270
-0.023771 0.085377 0.242467 0.229667 0.949958 -0.211738
0.051811 0.078190 0.206763 0.086410 0.976311 -0.198370
0.170681 0.049243 0.189710 0.992866 0.063580 -0.100866
0.056518 0.012235 0.211517 0.117596 -0.960623 -0.251745
-0.195391 0.119347 0.229413 0.336708 0.889285 0.309514
-0.184888 0.066113 0.172387 0.345844 -0.050609 -0.936926
-0.028183 0.047566 0.220119 -0.024505 -0.103321 -0.994346
0.048559 0.048599 0.192286 -0.149978 -0.081726 -0.985306
-0.384620 0.334860 0.084872 0.171055 -0.697173 -0.696197
-0.381416 0.352247 0.078368 0.252190 0.713983 -0.653168
-0.369212 0.345036 0.088576 0.950945 0.301683 -0.068485
-0.398032 0.346968 0.079561 -0.698622 0.412361 -0.584710
-0.402436 0.334502 0.090969 -0.950950 -0.301672 0.068472
-0.390232 0.327291 0.101185 -0.252190 -0.713983 0.653168
-0.373617 0.332570 0.099985 0.698728 -0.412271 0.584646
-0.387029 0.344678 0.094674 -0.171055 0.697173 0.696197
-0.422987 0.261019 0.130513 0.261041 -0.546769 -0.795551
-0.417382 0.278923 0.128900 0.426083 0.805034 -0.412763
-0.408009 0.268389 0.139219 0.963142 0.202094 0.177523
-0.434213 0.275377 0.125799 -0.537038 0.602753 -0.590151
-0.441654 0.261337 0.133026 -0.963126 -0.202305 -0.177373
-0.432281 0.250803 0.143337 -0.426628 -0.804888 0.412485
-0.415450 0.254317 0.146430 0.536914 -0.602843 0.590173
-0.426668 0.268715 0.141723 -0.261041 0.546769 0.795551
-0.433473 0.169879 0.145953 0.791377 0.289548 -0.538409
-0.441543 0.184308 0.154944 -0.143792 0.943644 0.298092
-0.431303 0.173679 0.164270 0.442938 0.334818 0.831687
-0.449286 0.178473 0.140419 -0.586766 0.609227 -0.533431
-0.446790 0.161984 0.135220 -0.443141 -0.334385 -0.831753
-0.436550 0.151331 0.144545 0.143839 -0.943657 -0.298030
-0.428807 0.157190 0.159078 0.586848 -0.608872 0.533745
-0.444619 0.165784 0.153537 -0.791377 -0.289548 0.538409
-0.500000 0.280401 0.082717 -0.875978 0.401106 0.267910
-0.499857 0.216252 0.066141 -0.953134 -0.284017 0.104259
-0.452562 0.127719 0.100470 -0.822569 -0.568590 0.009250
-0.407222 0.141250 0.041408 -0.159941 -0.802969 -0.574160
-0.473892 0.235602 0.130068 -0.770020 -0.031915 0.637221
-0.359402 0.308513 0.118254 -0.119517 0.553498 0.824230
-0.451870 0.296985 0.102171 -0.415636 0.600769 0.682878
-0.447728 0.372893 -0.016882 -0.594022 0.803761 0.033244
-0.451123 0.352350 0.056800 -0.799346 0.518870 0.303019
-0.418630 0.189007 -0.020372 -0.432684 -0.835533 -0.338629
-0.498950 0.270461 -0.004055 -0.960220 -0.140563 -0.241289
