0 1
0 2
0 3
0 4
0 5
0 6
0 7
1 177
1 2
1 187
1 11
1 7
1 6
1 5
1 3
1 0
1 4
2 0
2 1
2 3
2 4
2 5
2 6
2 7
2 22
3 0
3 1
3 2
3 4
3 5
3 6
3 7
3 22
4 0
4 1
4 2
4 3
4 5
4 6
4 7
4 22
4 168
4 173
5 0
5 1
5 2
5 3
5 4
5 6
5 7
5 168
5 178
6 168
6 4
6 0
6 7
6 177
6 1
6 11
6 2
6 166
6 5
7 0
7 1
7 2
7 3
7 4
7 5
7 6
7 22
8 11
8 12
8 13
8 14
8 15
9 10
9 11
9 12
9 13
9 14
9 15
9 26
9 27
9 167
9 192
10 9
10 11
10 12
10 13
10 14
10 15
10 27
10 166
11 1
11 6
11 8
11 9
11 10
11 12
11 13
11 14
11 15
11 166
12 8
12 9
12 10
12 11
12 13
12 14
12 15
13 8
13 9
13 10
13 11
13 12
13 14
13 15
13 27
13 115
13 169
14 15
14 27
14 10
14 9
14 31
14 13
14 12
14 28
14 11
14 8
15 8
15 9
15 10
15 11
15 12
15 13
15 14
15 27
16 18
16 19
16 20
16 21
16 22
16 23
17 18
17 19
17 21
17 22
17 23
17 172
17 176
17 186
18 16
18 17
18 19
18 20
18 21
18 22
18 23
19 16
19 17
19 18
19 20
19 21
19 22
19 23
20 16
20 18
20 19
20 21
20 22
20 23
21 16
21 17
21 18
21 19
21 20
21 22
21 23
21 184
22 17
22 3
22 176
22 172
22 7
22 18
22 16
22 19
22 23
22 186
23 16
23 17
23 18
23 19
23 20
23 21
23 22
24 25
24 26
24 27
24 28
24 29
24 30
24 31
24 170
25 24
25 26
25 27
25 28
25 29
25 30
25 31
25 170
26 9
26 29
26 27
26 28
26 192
26 24
26 25
26 170
26 31
26 14
27 9
27 13
27 29
27 26
27 24
27 25
27 115
27 28
27 192
27 31
28 25
28 29
28 171
28 14
28 31
28 26
28 24
28 30
28 169
28 27
29 24
29 25
29 26
29 27
29 28
29 30
29 31
29 171
30 24
30 25
30 26
30 27
30 28
30 29
30 31
30 118
30 170
30 171
31 14
31 24
31 25
31 26
31 27
31 28
31 29
31 30
31 170
33 34
33 35
33 38
33 39
33 89
33 180
33 181
34 33
34 35
34 36
34 37
34 38
34 39
34 46
34 180
34 181
35 38
35 37
35 190
35 39
35 34
35 45
35 41
35 36
35 46
35 33
36 34
36 35
36 37
36 38
36 39
36 45
36 46
36 167
36 190
36 192
37 34
37 35
37 36
37 38
37 39
37 190
37 191
37 192
38 33
38 34
38 35
38 36
38 37
38 39
38 191
39 33
39 34
39 35
39 36
39 37
39 38
40 41
40 42
40 43
40 44
40 45
40 46
40 47
41 35
41 40
41 42
41 43
41 44
41 45
41 46
41 47
42 40
42 41
42 43
42 44
42 45
42 46
42 47
43 40
43 41
43 42
43 44
43 45
43 46
43 47
44 40
44 41
44 42
44 43
44 45
44 46
44 47
44 187
45 35
45 36
45 40
45 41
45 42
45 43
45 44
45 46
45 47
45 190
46 40
46 36
46 34
46 45
46 190
46 42
46 41
46 44
46 43
46 47
47 35
47 40
47 41
47 42
47 43
47 44
47 45
47 46
48 49
48 50
48 51
48 52
48 53
48 54
48 55
49 48
49 50
49 51
49 53
49 54
49 55
50 48
50 49
50 51
50 52
50 53
50 54
50 55
50 75
51 48
51 49
51 50
51 52
51 53
51 54
51 55
51 182
52 48
52 50
52 51
52 53
52 54
52 55
52 172
52 176
52 186
52 187
53 48
53 49
53 50
53 51
53 52
53 54
53 55
53 187
54 48
54 49
54 50
54 51
54 52
54 53
54 55
54 187
55 48
55 49
55 50
55 51
55 52
55 53
55 54
56 57
56 58
56 59
56 60
56 61
56 62
56 63
57 56
57 58
57 59
57 60
57 61
57 62
57 63
58 56
58 57
58 59
58 60
58 61
58 62
58 63
59 56
59 57
59 58
59 60
59 61
59 62
59 63
60 56
60 57
60 58
60 59
60 61
60 62
60 63
61 56
61 57
61 58
61 59
61 60
61 62
61 63
62 56
62 57
62 58
62 59
62 60
62 61
62 63
63 56
63 57
63 58
63 59
63 60
63 61
63 62
64 66
64 69
66 64
67 68
67 183
68 67
68 183
69 64
69 70
70 69
73 76
75 50
75 182
76 73
80 85
82 179
84 85
85 80
85 84
87 90
89 33
89 180
90 87
93 181
99 100
100 99
112 185
113 171
115 13
115 27
115 28
115 169
118 30
118 170
118 191
122 124
122 128
124 122
124 126
125 129
126 124
126 128
128 122
128 126
129 125
130 131
131 130
132 136
133 134
133 137
134 133
134 135
135 134
135 137
136 132
137 133
137 135
139 140
140 139
140 145
141 145
142 143
142 146
143 142
143 144
144 143
144 146
145 140
145 141
146 142
146 144
148 149
149 148
149 155
150 152
150 154
152 150
152 153
153 152
153 154
154 150
154 153
155 149
159 161
159 163
160 164
161 159
161 165
163 159
163 165
164 160
165 161
165 163
166 1
166 6
166 10
166 11
166 177
166 187
167 9
167 14
167 26
167 27
167 36
167 190
167 192
168 4
168 5
168 6
168 178
169 13
169 27
169 28
169 115
170 24
170 25
170 26
170 30
170 31
170 118
170 191
171 28
171 29
171 30
171 113
172 17
172 22
172 52
172 176
172 186
173 4
173 184
174 188
174 189
175 185
176 17
176 22
176 52
176 172
176 186
177 1
177 6
177 166
177 187
178 5
178 168
179 82
180 33
180 34
180 89
181 33
181 34
181 93
182 51
182 75
183 67
183 68
184 21
184 173
185 112
185 175
186 17
186 22
186 52
186 172
186 176
187 1
187 44
187 52
187 53
187 54
187 166
187 177
188 174
188 189
189 174
189 188
190 35
190 36
190 37
190 45
190 46
190 167
190 192
191 37
191 38
191 118
191 170
192 9
192 26
192 27
192 36
192 37
192 167
192 190
193 195
195 193
