 -0.498950   0.270461  -0.004055
 -0.401399   0.193837   0.085135
 -0.163167   0.349705   0.090147
 -0.164827   0.335102   0.003840
 -0.208508   0.303547  -0.065660
 -0.244625   0.295642  -0.148820
 -0.323358   0.132537   0.156488
  0.059763   0.385899   0.095364
  0.062652   0.409867  -0.013961
  0.026555   0.408655  -0.115407
 -0.002969   0.337712  -0.207006
 -0.115027   0.054917   0.232630
  0.262049   0.347138   0.113448
  0.278836   0.379242  -0.012991
  0.254371   0.376909  -0.142790
  0.187486   0.297556  -0.242331
  0.138055   0.046781   0.196005
  0.431845   0.245811   0.141411
  0.451843   0.279826   0.000964
  0.436969   0.257149  -0.150033
  0.347237   0.211062  -0.264364
