-0.045772 0.482965 0.095254 -0.050741 0.211268 -0.976110
0.001489 0.489359 0.114314 0.653629 0.306458 -0.691992
-0.037266 0.446259 0.155614 0.216260 -0.951838 -0.217340
-0.091045 0.468282 0.114562 -0.725213 -0.007630 -0.688483
-0.107808 0.453887 0.160922 -0.975014 -0.222127 0.002603
-0.086226 0.448214 0.207190 -0.653613 -0.306458 0.692007
-0.038966 0.454609 0.226264 0.050598 -0.211301 0.976111
0.006285 0.469291 0.206957 0.725402 0.007718 0.688282
0.023047 0.483694 0.160581 0.975026 0.222076 -0.002369
-0.047440 0.491036 0.165835 -0.216260 0.951838 0.217340
-0.048294 0.502436 -0.070933 -0.018863 0.065994 -0.997642
-0.002290 0.514193 -0.051331 0.666588 0.240911 -0.705424
-0.040541 0.475313 -0.005607 0.273997 -0.959263 -0.068846
-0.093568 0.488102 -0.051331 -0.693180 -0.147555 -0.705499
-0.111564 0.479566 -0.003985 -0.961530 -0.274700 0.000013
-0.091775 0.481832 0.043361 -0.666641 -0.240923 0.705369
-0.045772 0.493550 0.062971 0.018841 -0.066000 0.997642
-0.000490 0.507891 0.043361 0.693210 0.147566 0.705467
0.017498 0.516428 -0.003985 0.961530 0.274699 -0.000002
-0.053431 0.520432 -0.002379 -0.273997 0.959263 0.068846
-0.030429 0.470548 -0.258097 0.104740 -0.191504 -0.975887
0.012299 0.489895 -0.237168 0.741484 0.096656 -0.663972
-0.030049 0.461508 -0.187517 0.313298 -0.924873 0.215531
-0.077279 0.458737 -0.240668 -0.593280 -0.367476 -0.716226
-0.100816 0.461383 -0.195091 -0.943883 -0.328208 -0.036931
-0.087235 0.476951 -0.148063 -0.741517 -0.096676 0.663933
-0.044507 0.496297 -0.127118 -0.104891 0.191451 0.975881
0.002343 0.508108 -0.144548 0.593324 0.367482 0.716187
0.025880 0.505462 -0.190132 0.943884 0.328207 0.036925
-0.044794 0.505051 -0.197644 -0.313298 0.924873 -0.215531
-0.013822 0.398020 -0.419450 0.131977 -0.364202 -0.921922
0.027106 0.424048 -0.402556 0.741987 0.023445 -0.670004
-0.013791 0.402521 -0.348436 0.375952 -0.842081 0.386731
-0.059950 0.386294 -0.400104 -0.555298 -0.538481 -0.633784
-0.084240 0.395785 -0.355854 -0.917321 -0.397321 0.025658
-0.072490 0.420898 -0.312614 -0.742022 -0.023479 0.669964
-0.031562 0.446918 -0.295720 -0.131771 0.364291 0.921916
0.014565 0.458613 -0.315074 0.555232 0.538479 0.633844
0.038863 0.449161 -0.359316 0.917300 0.397379 -0.025510
-0.031469 0.442161 -0.366626 -0.375952 0.842081 -0.386731
0.236006 0.183191 -0.296139 0.344559 -0.808816 -0.476545
0.064829 0.178690 -0.335910 -0.144899 -0.955766 -0.255960
0.233865 0.260391 -0.394105 0.365215 -0.258183 -0.894405
0.036690 0.288716 -0.429570 0.090287 -0.081799 -0.992551
-0.117516 0.287893 -0.435056 -0.012512 -0.036192 -0.999267
-0.080841 0.223366 -0.333800 -0.153906 -0.979269 -0.131701
-0.096470 0.228317 -0.218132 -0.489396 -0.870414 0.053586
-0.119060 0.332888 -0.267286 -0.640936 0.307387 -0.703359
-0.166103 0.182624 -0.332271 0.593016 -0.794634 0.129954
-0.317027 0.152630 -0.278088 -0.147264 -0.173306 0.973796
-0.345763 0.080692 -0.339395 -0.776458 -0.597248 0.201014
-0.252849 0.089360 -0.334149 0.544417 -0.828143 -0.133379
-0.325315 0.119952 -0.407197 -0.176932 -0.429987 -0.885328
0.460110 0.334657 -0.253270 0.686984 -0.107691 -0.718649
0.459923 0.249045 -0.208043 0.609288 -0.693788 -0.383961
0.052979 0.198727 -0.086594 -0.262114 -0.961172 0.086285
0.280923 0.126951 -0.080991 0.070716 -0.996611 -0.042015
0.459900 0.208334 -0.076630 0.616047 -0.784838 0.067196
0.272907 0.173933 0.094928 0.121253 -0.992621 -0.000920
0.468134 0.249045 0.063274 0.706450 -0.683131 0.185098
0.148672 0.196143 0.169327 -0.484701 -0.781833 -0.392176
0.076516 0.062983 0.234211 0.105203 -0.866679 -0.487647
0.046739 0.216118 0.178888 -0.250978 -0.923348 0.290585
0.091447 0.284083 0.222377 -0.783779 0.234270 0.575159
0.282134 0.151808 0.278577 0.687765 -0.613838 0.387535
0.196281 0.082399 0.358423 0.548021 -0.729691 0.408930
-0.010547 0.007628 0.413537 0.416369 -0.698688 0.581784
-0.100125 0.250651 0.066207 -0.581253 -0.809362 0.084138
-0.083805 0.245987 -0.085026 -0.673158 -0.737903 0.048553
-0.101041 0.261648 -0.157725 -0.123717 -0.749606 0.650219
0.039173 0.305765 0.235080 -0.128104 -0.442134 0.887754
-0.077690 0.256673 0.151765 -0.009793 -0.995670 0.092444
-0.343179 0.107574 0.160247 0.560419 -0.808999 -0.177346
-0.273072 0.264923 0.246744 0.066438 -0.186218 0.980260
-0.394917 0.151559 0.251563 -0.226336 -0.242111 0.943480
-0.433486 0.084984 0.162086 -0.737014 -0.667643 0.105184
-0.427658 0.162866 0.093920 -0.242100 -0.179102 -0.953578
-0.437521 0.110531 -0.015998 0.270725 -0.962621 0.008280
-0.474569 0.206417 -0.086361 -0.051236 -0.233126 -0.971096
-0.263651 0.200776 -0.011862 0.486844 -0.873480 -0.003839
-0.500000 0.134231 -0.020569 -0.926163 -0.375859 0.030849
-0.470449 0.208901 0.067612 -0.059500 -0.308381 0.949400
-0.382376 0.112991 -0.171197 0.425449 -0.902916 0.061114
-0.296803 0.283835 -0.104644 -0.096534 0.036346 0.994666
-0.437987 0.176920 -0.103216 -0.305920 -0.089370 0.947853
-0.471481 0.116902 -0.176761 -0.753369 -0.621968 0.213519
-0.464458 0.158808 -0.249375 -0.171258 -0.326724 -0.929474
0.041354 0.394140 0.233311 -0.041386 0.433960 0.899981
-0.075921 0.351388 0.245200 -0.135602 0.151042 0.979183
0.142494 0.397958 0.231914 -0.069134 0.568685 0.819645
-0.010353 0.000000 0.335949 -0.492188 -0.622348 -0.608632
-0.061905 0.024259 0.408842 -0.854359 -0.421285 0.304287
-0.063007 0.068345 0.350306 -0.923056 0.227340 -0.310297
0.008489 0.129978 0.276893 -0.832525 0.429352 -0.350085
-0.020814 0.092798 0.435056 -0.413124 0.712691 0.566922
0.121068 0.174499 0.373494 -0.041538 0.440723 0.896681
-0.025665 0.457317 0.076179 -0.252008 0.934182 0.252577
-0.089664 0.437156 0.164360 -0.355604 0.844552 0.400347
0.038801 0.476252 0.154668 -0.086755 0.885769 0.455946
-0.102329 0.410406 0.070833 -0.760574 0.590402 0.270097
-0.424538 0.197966 0.163926 -0.794926 0.572233 0.201600
-0.301118 0.325236 0.169754 -0.532227 0.811730 0.240476
-0.302127 0.277626 0.092554 -0.046083 -0.094510 -0.994457
0.275018 0.488925 0.137959 0.140168 0.885546 0.442901
0.008993 0.509653 0.000462 -0.114789 0.984786 0.130460
-0.011680 0.476601 -0.087835 -0.281314 0.951145 -0.127223
-0.119029 0.476570 -0.003411 -0.401838 0.915637 -0.011673
-0.492946 0.247757 -0.008036 -0.736967 0.675104 0.033388
-0.319642 0.315217 -0.083777 -0.070934 0.017893 -0.997320
-0.024943 0.421938 -0.286539 -0.289169 0.883702 -0.368038
-0.119976 0.440555 -0.192445 -0.429000 0.859186 -0.278853
-0.478985 0.222862 -0.192018 -0.752076 0.658949 -0.012934
-0.303004 0.259979 -0.258097 0.035046 -0.157967 -0.986822
-0.095461 0.370859 -0.372112 -0.468078 0.837801 -0.281055
-0.240176 0.292526 -0.373827 -0.605042 0.774414 -0.184952
0.040818 0.429465 -0.369194 -0.012874 0.706956 -0.707140
-0.328186 0.177898 -0.362094 -0.856777 0.510554 -0.072579
-0.238826 0.218857 -0.427870 0.094946 -0.249288 -0.963764
0.278207 0.425934 -0.325023 0.214870 0.643146 -0.734979
0.049137 0.492355 -0.204621 -0.108176 0.943597 -0.312927
0.273955 0.480226 -0.211256 0.152415 0.926816 -0.343193
0.270656 0.522318 -0.082163 0.082025 0.996595 -0.008367
0.468506 0.435014 0.063274 0.574468 0.693224 0.435232
0.468576 0.471720 -0.072369 0.533023 0.841357 -0.089466
0.295226 0.304376 0.274774 0.422563 0.379442 0.823082
0.468320 0.334657 0.108501 0.828520 -0.019231 0.559629
0.460304 0.435014 -0.208051 0.622451 0.645407 -0.442723
-0.228644 0.257015 -0.276652 -0.287690 0.177518 0.941128
-0.103152 0.272675 -0.014042 -0.073712 -0.996830 -0.029942
-0.227007 0.198975 0.159068 0.479322 -0.862671 -0.161396
-0.304649 0.318430 0.065167 -0.025085 -0.043762 0.998727
-0.117702 0.400667 -0.093997 -0.715970 0.684808 -0.135734
-0.236086 0.200714 -0.159572 0.422435 -0.898116 -0.122214
-0.334387 0.381033 -0.003853 -0.488841 0.872211 0.016794
-0.325974 0.348269 -0.192647 -0.504335 0.841980 -0.191615
0.500000 0.343080 -0.069408 0.999490 -0.017687 -0.026571
