  0.500000   0.343080  -0.069408
  0.335707   0.279253   0.085397
 -0.047003   0.348062   0.146840
 -0.057885   0.355095  -0.008236
 -0.080690   0.345447  -0.171085
 -0.051153   0.319710  -0.314542
  0.204272   0.228192   0.209240
 -0.200706   0.295693   0.150178
 -0.231752   0.336330  -0.012779
 -0.236427   0.283371  -0.177847
 -0.178326   0.255163  -0.335977
  0.083655   0.114651   0.316646
 -0.332908   0.204131   0.156464
 -0.382949   0.243254  -0.012137
 -0.372053   0.211181  -0.183008
 -0.272902   0.171531  -0.352372
 -0.055288   0.027090   0.407134
 -0.429894   0.116882   0.162520
 -0.494627   0.184613  -0.012311
 -0.474972   0.167001  -0.187456
 -0.331839   0.159102  -0.362051
