 -0.500000   0.339271  -0.077545
 -0.328417   0.277754   0.089803
  0.123234   0.327648   0.141229
  0.073846   0.353724  -0.027025
  0.092201   0.339317  -0.182013
  0.078959   0.309926  -0.345090
 -0.191150   0.228541   0.223681
  0.255985   0.254579   0.145668
  0.242089   0.325851  -0.026652
  0.244747   0.288805  -0.181895
  0.196093   0.240317  -0.354111
 -0.066120   0.121520   0.327447
  0.361336   0.180099   0.150702
  0.388372   0.237374  -0.020746
  0.374646   0.204275  -0.178471
  0.275027   0.159382  -0.358594
  0.056910   0.090344   0.405472
  0.430017   0.116602   0.155166
  0.493602   0.174183  -0.016531
  0.467376   0.156613  -0.177032
  0.338260   0.112427  -0.363260
