0 2
0 3
0 101
1 4
1 5
1 6
1 102
2 0
3 0
3 4
3 102
4 1
4 3
4 5
4 102
5 1
5 4
5 6
6 1
6 5
7 8
8 7
8 100
10 12
10 13
10 19
10 108
12 10
12 18
12 107
13 10
13 109
14 15
14 109
15 14
16 17
17 16
17 18
17 107
18 12
18 17
18 107
19 10
20 23
22 28
23 20
24 116
25 26
26 25
27 28
28 22
28 27
30 32
30 33
32 30
32 38
32 121
33 30
33 34
34 33
34 35
34 119
35 34
35 36
36 35
36 37
36 115
37 36
37 38
38 32
38 37
38 121
79 82
82 79
100 8
101 0
102 1
102 3
102 4
107 12
107 17
107 18
108 10
109 13
109 14
115 36
116 24
119 34
121 32
121 38
