0 1
0 2
0 3
0 9
1 0
1 8
1 2
1 9
2 0
2 1
2 3
2 4
2 5
2 6
2 7
2 8
3 0
3 9
3 2
3 4
4 9
4 2
4 3
4 5
5 9
5 2
5 4
5 6
6 9
6 2
6 5
6 7
7 8
7 9
7 2
7 6
8 1
8 2
8 9
8 7
9 0
9 1
9 3
9 4
9 5
9 6
9 7
9 8
10 19
10 11
10 12
10 13
11 19
11 10
11 18
11 12
12 10
12 11
12 13
12 14
12 15
12 16
12 17
12 18
13 10
13 19
13 12
13 14
14 19
14 12
14 13
14 15
15 16
15 19
15 12
15 14
16 17
16 19
16 12
16 15
17 16
17 18
17 19
17 12
18 19
18 17
18 11
18 12
19 10
19 11
19 13
19 14
19 15
19 16
19 17
19 18
20 29
20 21
20 22
20 23
21 29
21 20
21 28
21 22
22 20
22 21
22 23
22 24
22 25
22 26
22 27
22 28
23 24
23 20
23 29
23 22
24 25
24 29
24 22
24 23
25 24
25 26
25 29
25 22
26 25
26 27
26 29
26 22
27 26
27 28
27 29
27 22
28 29
28 27
28 21
28 22
29 20
29 21
29 23
29 24
29 25
29 26
29 27
29 28
30 32
30 33
30 39
30 31
31 32
31 38
31 30
31 39
32 33
32 34
32 35
32 36
32 37
32 38
32 30
32 31
33 32
33 34
33 30
33 39
34 32
34 33
34 35
34 39
35 32
35 34
35 36
35 39
36 32
36 35
36 37
36 39
37 32
37 36
37 38
37 39
38 32
38 39
38 37
38 31
39 33
39 34
39 35
39 36
39 37
39 38
39 30
39 31
40 41
40 42
40 53
40 54
40 56
41 40
41 42
41 43
41 45
41 46
41 55
41 56
42 40
42 41
42 43
42 53
42 118
43 41
43 42
43 44
43 45
43 115
43 118
44 43
44 45
44 48
44 113
44 114
44 115
44 117
45 41
45 43
45 44
45 46
45 47
45 48
45 127
46 68
46 69
46 41
46 45
46 47
46 55
47 132
47 69
47 134
47 109
47 110
47 45
47 46
47 113
47 114
47 112
47 127
48 44
48 45
48 49
48 51
48 117
48 127
49 48
49 50
49 51
49 116
49 127
50 116
50 49
50 51
50 52
51 48
51 49
51 50
51 52
51 117
52 50
52 51
52 116
52 117
53 135
53 40
53 42
53 54
53 118
53 126
54 135
54 40
54 53
54 56
54 57
55 67
55 68
55 41
55 46
55 56
55 58
55 60
55 62
56 40
56 41
56 54
56 55
56 57
56 58
57 135
57 54
57 56
57 58
57 59
58 64
58 55
58 56
58 57
58 59
58 60
58 61
59 64
59 135
59 57
59 58
59 125
60 93
60 55
60 58
60 61
60 62
60 63
61 64
61 65
61 66
61 90
61 58
61 60
61 93
62 67
62 70
62 71
62 55
62 60
62 63
63 70
63 87
63 89
63 60
63 93
63 62
63 95
64 65
64 125
64 58
64 59
64 124
64 61
64 95
65 64
65 66
65 61
65 95
66 65
66 90
66 91
66 61
66 94
66 95
67 128
67 99
67 68
67 71
67 55
67 62
68 128
68 67
68 131
68 69
68 46
68 55
69 131
69 68
69 132
69 46
69 47
69 83
70 71
70 87
70 88
70 62
70 63
71 129
71 67
71 99
71 70
71 102
71 73
71 88
71 62
72 129
72 102
72 73
72 74
72 75
72 76
73 129
73 100
73 101
73 71
73 72
73 74
73 88
74 72
74 73
74 75
74 100
75 72
75 100
75 74
75 76
76 72
76 75
76 100
76 102
77 80
77 81
77 78
77 79
78 107
78 108
78 77
78 79
78 80
79 128
79 130
79 108
79 77
79 78
79 81
80 81
80 107
80 77
80 78
81 130
81 107
81 77
81 79
81 80
82 132
82 112
82 83
82 84
82 85
82 86
83 131
83 132
83 69
83 134
83 111
83 82
83 84
84 82
84 83
84 85
84 111
85 82
85 84
85 86
85 111
86 112
86 82
86 85
86 111
87 97
87 98
87 70
87 88
87 89
87 63
88 97
88 101
88 70
88 71
88 73
88 87
89 98
89 103
89 87
89 124
89 95
89 63
90 66
90 61
90 91
90 92
90 93
91 66
91 92
91 90
91 94
92 90
92 91
92 93
92 94
93 60
93 94
93 90
93 92
93 61
93 95
93 63
94 66
94 91
94 92
94 93
94 95
95 64
95 65
95 66
95 89
95 124
95 93
95 94
95 63
96 97
96 98
96 99
96 103
96 104
96 106
97 96
97 98
97 99
97 101
97 87
97 88
98 96
98 97
98 103
98 87
98 89
99 96
99 97
99 128
99 67
99 130
99 101
99 102
99 71
99 133
99 106
100 101
100 102
100 73
100 74
100 75
100 76
101 97
101 99
101 100
101 102
101 73
101 88
102 129
102 99
102 100
102 101
102 71
102 72
102 76
103 96
103 121
103 98
103 104
103 89
103 122
103 124
104 96
104 103
104 105
104 106
104 121
105 131
105 104
105 106
105 110
105 119
105 121
106 96
106 131
106 99
106 133
106 104
106 105
107 130
107 133
107 108
107 78
107 80
107 81
108 128
108 131
108 133
108 107
108 78
108 79
109 110
109 47
109 113
109 115
109 118
109 119
110 131
110 134
110 105
110 109
110 47
110 119
111 134
111 112
111 83
111 84
111 85
111 86
112 132
112 134
112 47
112 111
112 82
112 86
113 44
113 109
113 47
113 114
113 115
114 44
114 47
114 113
114 116
114 117
114 127
115 43
115 44
115 109
115 113
115 118
116 49
116 50
116 114
116 52
116 117
116 127
117 44
117 48
117 114
117 51
117 116
117 52
118 42
118 43
118 109
118 115
118 53
118 119
118 120
118 126
119 105
119 109
119 110
119 118
119 120
119 121
120 118
120 119
120 121
120 123
120 126
121 103
121 104
121 105
121 119
121 120
121 122
121 123
122 103
122 135
122 121
122 123
122 124
122 125
123 135
123 120
123 121
123 122
123 126
124 64
124 103
124 89
124 122
124 125
124 95
125 64
125 135
125 122
125 59
125 124
126 135
126 53
126 118
126 120
126 123
127 45
127 47
127 48
127 49
127 114
127 116
128 130
128 99
128 67
128 68
128 131
128 108
128 79
129 72
129 73
129 102
129 71
130 128
130 99
130 133
130 107
130 79
130 81
131 128
131 68
131 69
131 133
131 134
131 105
131 106
131 108
131 110
131 83
132 69
132 47
132 112
132 82
132 83
133 130
133 99
133 131
133 106
133 107
133 108
134 131
134 110
134 47
134 112
134 111
134 83
135 59
135 53
135 54
135 57
135 122
135 123
135 125
135 126
