0.045772 0.479155 0.085515 0.050741 0.211268 -0.976110
0.037266 0.442448 0.145875 -0.216260 -0.951838 -0.217340
-0.001489 0.485549 0.104575 -0.653629 0.306458 -0.691992
0.091045 0.464472 0.104823 0.725213 -0.007630 -0.688483
0.107808 0.450077 0.151183 0.975014 -0.222127 0.002603
0.086226 0.444404 0.197450 0.653613 -0.306458 0.692007
0.038966 0.450798 0.216525 -0.050598 -0.211301 0.976111
-0.006285 0.465481 0.197218 -0.725402 0.007718 0.688282
-0.023047 0.479884 0.150842 -0.975026 0.222076 -0.002369
0.047440 0.487225 0.156095 0.216260 0.951838 0.217340
0.048294 0.498625 -0.080673 0.018863 0.065994 -0.997642
0.040541 0.471503 -0.015346 -0.273997 -0.959263 -0.068846
0.002290 0.510382 -0.061070 -0.666588 0.240911 -0.705424
0.093567 0.484292 -0.061070 0.693180 -0.147555 -0.705499
0.111564 0.475756 -0.013724 0.961530 -0.274700 0.000013
0.091775 0.478022 0.033622 0.666641 -0.240923 0.705369
0.045772 0.489740 0.053232 -0.018841 -0.066000 0.997642
0.000490 0.504081 0.033622 -0.693210 0.147566 0.705467
-0.017499 0.512617 -0.013724 -0.961530 0.274699 -0.000002
0.053431 0.516622 -0.012118 0.273997 0.959263 0.068846
0.030429 0.466738 -0.267837 -0.104740 -0.191504 -0.975887
0.030049 0.457697 -0.197256 -0.313298 -0.924873 0.215531
-0.012299 0.486085 -0.246907 -0.741484 0.096656 -0.663972
0.077279 0.454927 -0.250407 0.593280 -0.367476 -0.716226
0.100816 0.457573 -0.204830 0.943883 -0.328208 -0.036931
0.087235 0.473140 -0.157803 0.741517 -0.096676 0.663933
0.044507 0.492487 -0.136858 0.104891 0.191451 0.975881
-0.002343 0.504298 -0.154287 -0.593324 0.367482 0.716187
-0.025880 0.501652 -0.199872 -0.943884 0.328207 0.036925
0.044794 0.501241 -0.207384 0.313298 0.924873 -0.215531
0.013853 0.394210 -0.429190 -0.131977 -0.364202 -0.921922
0.013791 0.398711 -0.358175 -0.375958 -0.842096 0.386690
-0.027106 0.420238 -0.412295 -0.741853 0.023315 -0.670157
0.059950 0.382484 -0.409843 0.555433 -0.538485 -0.633662
0.084240 0.391975 -0.365594 0.917321 -0.397321 0.025658
0.072490 0.417087 -0.322353 0.742022 -0.023479 0.669964
0.031562 0.443108 -0.305459 0.131771 0.364291 0.921916
-0.014565 0.454803 -0.324813 -0.555232 0.538479 0.633844
-0.038863 0.445351 -0.369055 -0.917300 0.397379 -0.025510
0.031469 0.438351 -0.376365 0.375958 0.842096 -0.386690
-0.468320 0.330847 0.098762 -0.855006 -0.215743 0.471613
-0.468134 0.245235 0.053535 -0.688215 -0.688779 0.227911
-0.468507 0.431204 0.053535 -0.588308 0.725123 0.357898
-0.459900 0.204524 -0.086369 -0.702792 -0.711077 -0.021267
-0.036690 0.284906 -0.439309 -0.090287 -0.081799 -0.992551
-0.064829 0.174879 -0.345650 0.144852 -0.955771 -0.255969
-0.233865 0.256580 -0.403844 -0.365228 -0.258206 -0.894393
-0.236007 0.179411 -0.305878 -0.344559 -0.808816 -0.476545
0.080841 0.219556 -0.343539 0.153906 -0.979269 -0.131701
0.096470 0.224507 -0.227871 0.489396 -0.870414 0.053586
0.119060 0.329077 -0.277025 0.640936 0.307387 -0.703359
0.252849 0.085550 -0.343888 -0.544417 -0.828143 -0.133379
0.317027 0.148820 -0.287827 0.147264 -0.173306 0.973796
0.166103 0.178814 -0.342010 -0.593016 -0.794634 0.129954
0.238826 0.215047 -0.437610 -0.094946 -0.249288 -0.963764
0.325315 0.116141 -0.416936 0.176932 -0.429987 -0.885328
0.345763 0.076882 -0.349134 0.776458 -0.597248 0.201014
-0.460110 0.330847 -0.263010 -0.688154 -0.107539 -0.717551
-0.280923 0.123141 -0.090730 -0.116818 -0.992752 -0.028228
-0.459924 0.245235 -0.217782 -0.610288 -0.693096 -0.383622
-0.298850 0.159056 0.177010 -0.391251 -0.889040 0.237762
-0.052979 0.194917 -0.096333 0.274248 -0.958181 0.081717
-0.148672 0.192332 0.159588 0.287582 -0.895073 -0.340795
-0.157744 0.068881 0.286578 -0.269503 -0.921181 -0.280703
-0.008489 0.126168 0.267154 0.633990 -0.150327 -0.758590
-0.010879 0.000000 0.365004 -0.013703 -0.912392 -0.409088
-0.046740 0.212308 0.169148 0.250978 -0.923348 0.290585
-0.091447 0.280273 0.212637 0.921872 0.167577 0.349384
0.100125 0.246841 0.056468 0.581253 -0.809362 0.084138
0.083805 0.242177 -0.094765 0.673158 -0.737903 0.048553
0.101041 0.257837 -0.167464 0.123717 -0.749606 0.650219
-0.039173 0.301955 0.225341 0.105803 -0.458193 0.882533
0.077690 0.252863 0.142026 0.006231 -0.995909 0.090151
0.075920 0.347578 0.242794 0.146739 0.162873 0.975674
0.343179 0.103764 0.150508 -0.560468 -0.808988 -0.177242
0.302127 0.273816 0.082815 0.033950 -0.112680 -0.993051
0.427658 0.159056 0.084180 0.242100 -0.179102 -0.953578
0.433486 0.081173 0.152347 0.737014 -0.667643 0.105184
0.394917 0.147749 0.241824 0.226310 -0.242088 0.943492
0.437521 0.106720 -0.025737 -0.270725 -0.962621 0.008280
0.470449 0.205090 0.057873 0.059500 -0.308381 0.949400
0.263651 0.196965 -0.021601 -0.486844 -0.873480 -0.003839
0.500000 0.130420 -0.030308 0.926163 -0.375859 0.030849
0.474569 0.202607 -0.096100 0.051236 -0.233126 -0.971096
0.382376 0.109180 -0.180936 -0.425449 -0.902916 0.061114
0.296803 0.280024 -0.114384 0.096534 0.036346 0.994666
0.236086 0.196903 -0.169311 -0.422435 -0.898116 -0.122214
0.437987 0.173110 -0.112956 0.305920 -0.089370 0.947853
0.464458 0.154997 -0.259114 0.171258 -0.326724 -0.929474
0.303004 0.256169 -0.267837 -0.035046 -0.157967 -0.986822
0.471481 0.113091 -0.186500 0.753369 -0.621968 0.213519
-0.041354 0.390330 0.223572 0.025705 0.446422 0.894453
-0.142494 0.394148 0.222175 0.167973 0.629768 0.758405
-0.177183 0.136908 0.396138 -0.554919 -0.209415 0.805115
-0.018127 0.052367 0.444796 -0.265582 -0.159021 0.950883
-0.064953 0.204431 0.331386 0.346557 0.645678 0.680440
0.059794 0.125562 0.405816 0.671226 0.656904 0.343414
0.061905 0.020487 0.399103 0.691821 -0.543799 0.475044
-0.330900 0.326090 0.306700 -0.455708 0.332607 0.825653
-0.275018 0.485115 0.128220 -0.109535 0.913793 0.391132
-0.038801 0.472442 0.144928 0.086755 0.885769 0.455946
0.025664 0.453507 0.066440 0.252008 0.934182 0.252577
0.089664 0.433345 0.154621 0.355955 0.849145 0.390192
0.102329 0.406595 0.061093 0.762826 0.584987 0.275476
0.424538 0.194156 0.154186 0.793452 0.574334 0.201431
0.301118 0.321426 0.154186 0.535205 0.810956 0.236445
0.273072 0.261151 0.237005 -0.051046 -0.182173 0.981941
-0.008993 0.505843 -0.009277 0.114789 0.984786 0.130460
0.011680 0.472791 -0.097575 0.281314 0.951145 -0.127223
0.119029 0.472760 -0.013150 0.401838 0.915637 -0.011673
0.117702 0.396856 -0.103736 0.715970 0.684808 -0.135734
0.492946 0.243946 -0.017775 0.736967 0.675104 0.033388
0.319642 0.311407 -0.093516 0.070934 0.017893 -0.997320
0.334386 0.377223 -0.013592 0.488841 0.872211 0.016794
0.304649 0.314620 0.055428 0.025085 -0.043762 0.998727
0.024943 0.418127 -0.296278 0.289169 0.883702 -0.368038
0.119976 0.436744 -0.202184 0.429000 0.859186 -0.278853
0.478985 0.219051 -0.201757 0.752076 0.658949 -0.012934
0.325974 0.344458 -0.202386 0.504335 0.841980 -0.191615
0.095461 0.367049 -0.381852 0.468078 0.837801 -0.281055
0.117516 0.284083 -0.444796 0.012512 -0.036192 -0.999267
-0.040818 0.425655 -0.378934 0.012874 0.706956 -0.707140
0.240176 0.288716 -0.383567 0.605042 0.774414 -0.184952
0.328186 0.174088 -0.371833 0.856777 0.510554 -0.072579
0.228644 0.253205 -0.286392 0.287690 0.177518 0.941128
-0.278207 0.422124 -0.334762 -0.202040 0.721390 -0.662402
-0.049137 0.488545 -0.214360 0.094183 0.945056 -0.313046
-0.270657 0.518507 -0.091902 -0.102565 0.989769 -0.099187
-0.468576 0.467910 -0.082108 -0.616393 0.787218 -0.018635
-0.460304 0.431204 -0.217790 -0.538015 0.729659 -0.422063
0.063007 0.064535 0.340567 0.765744 -0.236623 -0.598035
0.103152 0.268865 -0.023782 0.073712 -0.996830 -0.029942
0.227007 0.195165 0.149328 -0.479344 -0.862698 -0.161185
-0.500000 0.339271 -0.077545 -0.999490 -0.017687 -0.026571
