0 1
0 2
0 3
0 9
1 0
1 2
1 3
1 4
1 5
1 6
1 7
1 8
2 0
2 1
2 8
2 9
3 0
3 1
3 4
3 9
4 1
4 3
4 5
4 9
5 1
5 4
5 6
5 9
6 1
6 5
6 9
6 7
7 8
7 1
7 6
7 9
8 1
8 2
8 9
8 7
9 0
9 2
9 3
9 4
9 5
9 6
9 7
9 8
10 19
10 11
10 12
10 13
11 10
11 12
11 13
11 14
11 15
11 16
11 17
11 18
12 18
12 19
12 10
12 11
13 19
13 10
13 11
13 14
14 19
14 11
14 13
14 15
15 16
15 19
15 11
15 14
16 19
16 17
16 11
16 15
17 16
17 19
17 18
17 11
18 19
18 17
18 11
18 12
19 10
19 12
19 13
19 14
19 15
19 16
19 17
19 18
20 29
20 21
20 22
20 23
21 20
21 22
21 23
21 24
21 25
21 26
21 27
21 28
22 28
22 29
22 20
22 21
23 24
23 29
23 20
23 21
24 25
24 29
24 21
24 23
25 24
25 26
25 29
25 21
26 25
26 29
26 27
26 21
27 26
27 29
27 28
27 21
28 29
28 27
28 21
28 22
29 20
29 22
29 23
29 24
29 25
29 26
29 27
29 28
30 32
30 33
30 39
30 31
31 32
31 33
31 34
31 35
31 36
31 37
31 38
31 30
32 38
32 39
32 30
32 31
33 34
33 39
33 30
33 31
34 33
34 35
34 39
34 31
35 34
35 36
35 39
35 31
36 39
36 35
36 37
36 31
37 36
37 39
37 38
37 31
38 32
38 39
38 37
38 31
39 32
39 33
39 34
39 35
39 36
39 37
39 38
39 30
40 98
40 133
40 41
40 42
40 60
41 133
41 40
41 43
41 58
41 60
42 128
42 98
42 99
42 133
42 40
42 127
43 41
43 58
43 59
43 133
44 45
44 46
44 48
44 120
44 121
44 125
45 44
45 46
45 47
45 48
45 49
45 58
45 61
46 44
46 45
46 47
46 57
46 125
47 45
47 46
47 57
47 58
47 59
48 44
48 45
48 49
48 50
48 53
48 120
48 124
49 69
49 70
49 45
49 48
49 50
49 61
50 70
50 48
50 49
50 115
50 116
50 86
50 119
50 118
50 89
50 122
50 124
51 52
51 53
51 54
51 55
51 56
52 51
52 53
52 56
52 123
52 124
53 48
53 51
53 52
53 54
53 120
53 124
54 51
54 53
54 55
54 120
54 122
54 123
55 56
55 123
55 51
55 54
56 123
56 51
56 52
56 55
57 129
57 133
57 46
57 47
57 59
57 125
58 41
58 43
58 45
58 47
58 59
58 60
58 61
59 133
59 43
59 47
59 57
59 58
60 98
60 40
60 41
60 93
60 58
60 61
60 62
60 63
61 66
61 68
61 69
61 45
61 49
61 58
61 60
61 62
62 64
62 66
62 67
62 60
62 61
62 63
63 64
63 65
63 94
63 60
63 93
63 62
64 96
64 65
64 130
64 67
64 63
64 62
64 95
65 64
65 97
65 130
65 94
65 63
66 67
66 68
66 71
66 72
66 61
66 62
67 64
67 66
67 71
67 91
67 92
67 62
67 95
68 66
68 131
68 69
68 103
68 72
68 61
69 131
69 68
69 70
69 110
69 49
69 61
70 69
70 110
70 49
70 50
70 85
70 86
71 66
71 67
71 72
71 73
71 91
72 66
72 68
72 132
72 71
72 103
72 73
72 106
72 75
73 102
73 71
73 72
73 105
73 106
73 91
74 132
74 106
74 75
74 76
74 77
74 78
75 132
75 103
75 104
75 105
75 74
75 72
75 76
76 104
76 74
76 75
76 77
77 104
77 74
77 76
77 78
78 104
78 74
78 77
78 106
79 80
79 81
79 82
79 83
80 111
80 79
80 81
80 82
80 114
81 131
81 79
81 80
81 112
81 114
81 83
82 80
82 83
82 111
82 79
83 111
83 112
83 81
83 82
83 79
84 85
84 86
84 87
84 88
84 89
84 90
85 70
85 110
85 84
85 117
85 86
85 87
85 118
86 70
86 50
86 84
86 85
86 89
87 90
87 117
87 84
87 85
88 89
88 90
88 84
88 117
89 50
89 84
89 117
89 86
89 118
89 88
90 88
90 84
90 117
90 87
91 67
91 100
91 102
91 71
91 73
91 92
92 98
92 99
92 67
92 100
92 91
92 95
93 98
93 60
93 63
93 94
93 95
94 96
94 65
94 97
94 63
94 93
94 95
95 96
95 64
95 98
95 67
95 92
95 93
95 94
96 64
96 97
96 130
96 94
96 95
97 96
97 65
97 130
97 94
98 99
98 40
98 42
98 60
98 92
98 93
98 95
99 98
99 100
99 101
99 42
99 107
99 92
99 127
100 99
100 101
100 102
100 91
100 92
101 99
101 100
101 102
101 103
101 107
101 109
102 100
102 101
102 103
102 105
102 73
102 91
103 131
103 68
103 101
103 102
103 72
103 105
103 75
103 109
103 113
103 114
104 105
104 106
104 75
104 76
104 77
104 78
105 102
105 103
105 104
105 73
105 106
105 75
106 132
106 104
106 105
106 72
106 73
106 74
106 78
107 99
107 101
107 108
107 109
107 127
108 107
108 109
108 110
108 116
108 126
108 127
109 101
109 103
109 107
109 108
109 110
109 113
110 131
110 69
110 70
110 108
110 109
110 112
110 113
110 116
110 85
110 118
111 112
111 113
111 114
111 80
111 83
111 82
112 131
112 110
112 111
112 81
112 113
112 83
113 103
113 109
113 110
113 111
113 112
113 114
114 131
114 103
114 111
114 80
114 113
114 81
115 50
115 116
115 119
115 121
115 125
115 126
116 108
116 110
116 50
116 115
116 118
116 126
117 85
117 118
117 87
117 88
117 89
117 90
118 110
118 50
118 116
118 117
118 85
118 89
119 50
119 115
119 120
119 121
119 122
120 44
120 48
120 53
120 54
120 119
120 121
120 122
121 44
121 115
121 119
121 120
121 125
122 50
122 54
122 119
122 120
122 123
122 124
123 52
123 54
123 55
123 56
123 122
123 124
124 48
124 50
124 52
124 53
124 122
124 123
125 129
125 44
125 46
125 115
125 121
125 57
125 126
125 127
126 108
126 115
126 116
126 125
126 127
127 128
127 129
127 99
127 42
127 107
127 108
127 125
127 126
128 129
128 42
128 133
128 127
129 128
129 133
129 57
129 125
129 127
130 64
130 65
130 96
130 97
131 68
131 69
131 103
131 110
131 112
131 81
131 114
132 72
132 106
132 75
132 74
133 128
133 129
133 40
133 41
133 42
133 43
133 57
133 59
