-0.082949 0.223931 0.036533 -0.011224 0.131652 0.991232
-0.026094 0.309952 -0.024354 0.167801 0.977778 0.125670
-0.122884 0.338762 -0.033530 0.083350 0.991956 0.095265
-0.106242 0.230570 0.028537 0.752491 0.212311 0.623443
-0.148070 0.327653 -0.035986 0.241528 0.949072 0.202301
-0.078830 0.194495 -0.039593 -0.049428 -0.988643 -0.141925
-0.011747 0.220135 0.030792 -0.096948 -0.227261 0.968996
-0.074941 0.236835 -0.100026 0.154360 0.337897 -0.928439
-0.005828 0.236052 -0.088647 0.075012 0.230922 -0.970076
-0.102393 0.203688 -0.039576 0.371420 -0.925920 -0.068697
-0.098757 0.240752 -0.093692 0.768473 0.121281 -0.628284
-0.109504 0.222890 -0.238241 0.509711 0.414168 0.754095
-0.116677 0.250406 -0.320667 -0.040795 0.850243 -0.524808
-0.197095 0.275039 -0.288808 -0.126409 0.871500 -0.473824
-0.128096 0.224691 -0.237666 0.651828 -0.343023 0.676355
-0.209774 0.263269 -0.280196 0.003023 0.771543 -0.636170
-0.148266 0.172191 -0.275818 0.075449 -0.908254 0.411560
-0.163982 0.179589 -0.270865 0.204870 -0.951824 0.228165
-0.185261 0.164534 -0.329445 -0.332034 -0.096642 -0.938304
-0.198222 0.172007 -0.318020 -0.394736 -0.096387 -0.913725
-0.363217 0.251257 0.069237 -0.433810 0.607553 0.665348
-0.347915 0.330599 -0.056115 -0.282407 0.953161 0.108306
-0.372301 0.162423 -0.232126 -0.482853 -0.470086 -0.738832
-0.473813 0.169206 -0.178309 -0.689924 0.248815 -0.679776
-0.498982 0.135425 -0.113436 -0.302851 -0.952757 -0.023159
-0.359921 0.278617 -0.216812 -0.433423 0.707474 -0.558233
-0.238198 0.171714 -0.318210 -0.129071 -0.647789 -0.750807
-0.170747 0.322534 -0.156184 0.130098 0.947273 -0.292829
-0.213807 0.268256 0.125436 -0.149269 0.741833 0.653760
-0.101806 0.237985 -0.115322 0.364128 -0.583796 0.725668
-0.125813 0.227584 -0.221743 0.467809 0.238664 -0.850996
-0.389145 0.111500 -0.112906 -0.147530 -0.984966 -0.089873
-0.399517 0.143088 0.024452 -0.171049 -0.932315 0.318638
-0.294604 0.104723 -0.112446 0.208320 -0.977071 -0.043997
-0.180671 0.164632 0.008557 0.289746 -0.957102 0.001760
-0.213599 0.141172 0.131217 -0.289449 -0.629087 0.721435
-0.182730 0.182241 -0.107924 0.521729 -0.847424 -0.098346
-0.184353 0.184571 -0.189567 0.477724 -0.876540 -0.058800
-0.105943 0.207870 0.051174 0.629335 -0.030906 -0.776519
-0.146114 0.157378 0.074006 0.156245 -0.889869 -0.428627
-0.113381 0.211592 -0.166637 0.334561 -0.942110 0.022313
-0.185181 0.149059 0.126816 0.031907 -0.762633 0.646044
-0.183795 0.263597 0.117307 0.447836 0.673710 0.587841
-0.077720 0.230202 -0.106009 0.274568 0.315425 0.908361
-0.042846 0.308853 -0.186858 0.146118 0.977244 -0.153766
-0.156089 0.340580 -0.158980 0.008326 0.994423 -0.105139
-0.091670 0.197325 -0.169295 -0.071878 -0.989434 0.125911
-0.005661 0.230605 -0.132955 0.222817 0.127782 0.966449
-0.106650 0.216568 -0.237275 -0.144061 0.224579 -0.963748
-0.170051 0.136380 0.141969 -0.364100 -0.271898 0.890788
-0.073848 0.241017 0.156719 0.011600 0.786752 0.617160
-0.167198 0.278531 0.131447 -0.036364 0.879387 0.474717
-0.124984 0.146045 0.077705 0.044410 -0.875664 -0.480874
-0.081470 0.137870 0.161902 -0.337718 -0.473300 0.813593
-0.078634 0.206029 0.049183 0.404482 0.522449 -0.750628
-0.050515 0.144820 0.102557 0.043511 -0.874872 -0.482396
-0.018679 0.193914 0.073011 0.302572 0.578897 -0.757185
0.187430 0.204522 -0.072626 0.101870 0.213537 -0.971609
0.111937 0.228269 -0.083050 0.297311 0.351829 -0.887594
0.193954 0.260553 -0.011836 0.299275 0.936871 0.180849
0.122263 0.280469 -0.011342 0.352626 0.871512 0.340767
0.305718 0.229730 -0.008868 0.319324 0.931371 0.174873
0.305131 0.160634 -0.074576 0.057353 -0.083429 -0.994862
0.326986 0.211114 -0.011175 0.543937 0.823272 0.162344
0.327728 0.159109 -0.058940 0.295683 0.221619 -0.929223
0.185026 0.163602 -0.028899 -0.333996 -0.925523 -0.178475
0.182483 0.186401 0.028220 -0.054496 -0.098513 0.993643
0.109849 0.185411 -0.031315 -0.175041 -0.966330 -0.188594
0.107640 0.206161 0.034283 0.150256 -0.106430 0.982902
0.299172 0.142173 0.036976 -0.087591 -0.390340 0.916495
0.302238 0.119548 -0.025649 -0.198905 -0.965102 -0.170337
0.323132 0.145930 0.022680 0.216956 -0.036462 0.975500
0.325496 0.120589 -0.024556 -0.292377 -0.938174 -0.185322
0.413599 0.166973 -0.013447 0.617985 0.766396 0.175305
0.397791 0.127061 -0.049620 0.179659 -0.067239 -0.981428
0.500000 0.059259 -0.017227 0.967615 -0.245702 0.057889
0.394684 0.089829 -0.024711 -0.318398 -0.928677 -0.190216
0.391400 0.116528 0.012504 0.036272 -0.333956 0.941891
0.077438 0.200800 0.045639 0.013151 -0.040547 0.999091
0.085693 0.302997 -0.012521 0.124249 0.986118 0.110147
0.080377 0.181373 -0.032794 -0.066213 -0.996191 -0.056733
-0.008704 0.196203 -0.035889 -0.096833 -0.961940 -0.255528
0.083150 0.225479 -0.096666 0.009909 -0.129813 -0.991489
0.143986 0.124978 -0.412141 -0.024306 -0.310898 -0.950133
0.124139 0.120451 -0.417555 -0.304757 -0.651881 -0.694387
0.152327 0.179002 -0.405704 0.205205 0.579911 -0.788413
0.063367 0.143289 -0.400595 -0.277390 -0.301639 -0.912178
0.219024 0.151924 -0.413907 0.399167 0.773776 -0.491869
0.206627 0.116453 -0.414989 -0.120092 -0.599452 -0.791351
0.283979 0.093919 -0.410013 0.929973 -0.249514 -0.269987
0.133895 0.194984 -0.408166 0.374721 0.912248 -0.165494
0.068740 0.216108 -0.390482 0.163539 0.880698 -0.444552
0.018645 0.155595 -0.394451 -0.123655 -0.342200 -0.931455
0.020785 0.222137 -0.377314 0.261899 0.813379 -0.519445
0.155203 0.116136 -0.380668 -0.089271 -0.979172 0.182351
0.139061 0.115751 -0.376664 -0.071642 -0.911166 0.405763
0.166956 0.144026 -0.363904 0.408671 0.328506 0.851512
0.213617 0.105408 -0.389544 -0.022848 -0.846474 0.531940
0.220946 0.130990 -0.379103 0.472427 0.365201 0.802148
0.154709 0.147989 -0.350029 0.396070 0.147894 0.906232
0.077472 0.139884 -0.360407 -0.201656 -0.859905 0.468933
0.092257 0.173480 -0.334508 0.390695 0.406833 0.825738
0.032146 0.154967 -0.348591 -0.056761 -0.892626 0.447211
0.046292 0.191469 -0.316743 0.496733 0.446166 0.744441
0.030248 0.194535 -0.297385 0.500582 0.436822 0.747398
-0.010136 0.249957 -0.368846 -0.057933 0.877516 -0.476035
-0.062446 0.210999 -0.270514 0.362949 0.374372 0.853296
0.009227 0.151993 -0.339783 0.053916 -0.903529 0.425122
-0.087517 0.170759 -0.301280 0.114938 -0.855904 0.504199
-0.111436 0.167813 -0.346105 -0.395101 -0.447192 -0.802443
-0.010832 0.146856 -0.395717 -0.322341 -0.259509 -0.910358
-0.500000 0.208434 0.024412 -0.736036 0.138197 0.662685
-0.398826 0.128683 0.071947 0.351314 -0.892721 -0.282184
-0.362739 0.245493 0.102724 0.101682 0.987324 0.121868
-0.345711 0.237168 0.151018 0.799404 0.421368 -0.428254
-0.391515 0.107910 0.140439 0.021063 -0.873998 -0.485472
-0.382362 0.136593 0.300411 -0.658868 0.246540 0.710712
-0.327745 0.071248 0.261178 0.352892 -0.864093 -0.358902
-0.317299 0.094500 0.369467 -0.651966 -0.218854 0.725977
-0.274907 0.047874 0.337453 0.405298 -0.809013 -0.425712
-0.375073 0.081079 0.160740 0.344174 -0.854887 -0.388217
-0.471535 0.179900 0.200072 -0.827457 0.233030 0.510893
-0.468590 0.185883 0.168069 -0.971148 0.210582 0.111922
-0.209964 0.047966 0.417555 0.451321 -0.188538 0.872217
-0.256555 0.136674 0.347152 0.771354 0.629282 0.094962
-0.290209 0.185457 0.269467 0.959010 0.207813 -0.192650
-0.319916 0.247276 0.175473 0.355083 0.893788 0.273969
-0.480446 0.199200 0.083234 -0.969993 0.174402 0.169404
0.137197 0.187062 -0.263398 -0.187141 -0.080157 -0.979057
0.072766 0.205247 -0.259268 0.027640 -0.014009 -0.999520
0.151919 0.263171 -0.225677 0.304850 0.929741 -0.206515
0.085946 0.283743 -0.215340 0.374557 0.902114 -0.214236
0.229207 0.237491 -0.240266 0.322331 0.919243 -0.226042
0.212673 0.154122 -0.280961 -0.220111 -0.326431 -0.919236
0.247966 0.221941 -0.241946 0.564480 0.793452 -0.227588
0.233901 0.154323 -0.274932 0.078146 -0.018125 -0.996777
0.145792 0.173888 -0.214891 -0.327358 -0.921205 0.210279
0.153794 0.202911 -0.169720 0.240814 0.127479 0.962163
0.082299 0.193010 -0.203224 -0.151469 -0.970441 0.187887
0.091170 0.222902 -0.151041 0.401477 0.216165 0.889994
0.227164 0.172697 -0.178885 0.183401 -0.126927 0.974810
0.220175 0.142363 -0.228099 -0.223718 -0.952882 0.204858
0.245257 0.169723 -0.191903 0.459119 0.152603 0.875170
0.239786 0.140919 -0.231936 -0.280466 -0.938439 0.201673
0.316344 0.174964 -0.250920 0.623136 0.754122 -0.207369
0.296807 0.130058 -0.274093 -0.074266 -0.331115 -0.940663
0.392803 0.089421 -0.260338 0.963322 -0.248649 -0.100918
0.305126 0.138664 -0.215892 0.305983 -0.192674 0.932336
0.301116 0.113139 -0.243948 -0.283631 -0.941922 0.179821
0.068924 0.218806 -0.135187 0.233630 -0.034711 0.971706
0.052022 0.308008 -0.209449 0.084456 0.982586 -0.165502
0.057775 0.187655 -0.198220 -0.050500 -0.995563 0.079396
-0.015826 0.202272 -0.185034 -0.059029 -0.974089 0.218325
-0.026745 0.216182 -0.240974 -0.222564 -0.204915 -0.953140
0.045792 0.198539 -0.265918 -0.114739 0.023012 -0.993129
0.245918 0.124386 0.132535 0.387000 0.406197 -0.827789
0.156193 0.154277 0.120730 0.334464 0.665690 -0.667076
0.236162 0.154519 0.238172 0.203574 0.753031 0.625701
0.136386 0.186913 0.213413 0.176797 0.809049 0.560520
0.264126 0.131669 0.230205 0.358684 0.440449 0.823013
0.268153 0.110510 0.151680 0.485952 0.645401 -0.589328
0.095041 0.174648 0.106371 0.453055 0.650329 -0.609765
0.068389 0.208986 0.202862 0.313379 0.870348 0.379854
0.136150 0.105523 0.149080 -0.211762 -0.766394 -0.606462
0.116666 0.098895 0.207251 -0.354274 -0.520651 0.776796
0.207726 0.059512 0.221541 -0.260618 -0.762910 0.591647
0.226555 0.070822 0.162144 -0.101861 -0.779717 -0.617791
0.240770 0.060415 0.215058 -0.118733 -0.745981 0.655297
0.254266 0.064437 0.168294 -0.125848 -0.784423 -0.607325
0.074544 0.129172 0.139841 -0.149357 -0.834194 -0.530860
0.054617 0.125726 0.202994 -0.113197 -0.434196 0.893678
0.363027 0.081919 0.233628 0.513915 0.798260 0.314123
0.361969 0.069930 0.169220 0.423680 0.424879 -0.799983
0.468130 0.000000 0.201873 0.945767 -0.304904 0.112066
0.345429 0.037755 0.221259 -0.185172 -0.684234 0.705362
0.353581 0.032940 0.180087 -0.158800 -0.816394 -0.555233
0.016919 0.117972 0.204490 -0.265868 -0.781989 0.563743
0.032054 0.227153 0.202758 -0.043389 0.813165 0.580414
0.044998 0.128223 0.131212 0.070856 -0.843772 -0.532004
0.073877 0.180711 0.087330 0.356600 0.669219 -0.651907
-0.499837 0.215487 -0.083263 -0.595896 0.780337 -0.189687
