0 98
0 3
0 5
0 110
0 114
0 149
1 2
1 3
1 4
1 42
1 181
1 182
2 1
2 179
2 3
2 181
3 0
3 1
3 98
3 2
3 4
3 5
3 179
4 1
4 3
4 5
4 6
4 7
4 8
4 42
4 43
5 0
5 3
5 4
5 6
5 180
5 149
6 180
6 4
6 5
6 7
7 4
7 6
7 8
7 9
7 142
7 180
7 149
8 4
8 7
8 9
8 10
8 11
8 43
8 45
9 133
9 7
9 8
9 10
9 142
9 183
9 184
10 163
10 164
10 8
10 9
10 11
10 183
10 25
10 27
11 8
11 10
11 45
11 46
11 47
11 25
12 36
12 13
12 14
12 15
12 16
12 30
13 96
13 136
13 12
13 14
13 16
13 187
13 188
14 33
14 12
14 13
14 182
14 187
14 30
15 36
15 37
15 12
15 16
15 17
15 18
15 19
15 152
15 154
15 189
16 136
16 12
16 13
16 15
16 17
17 16
17 136
17 189
17 15
18 192
18 193
18 15
18 19
18 20
18 152
19 192
19 162
19 15
19 18
19 189
19 190
20 193
20 194
20 50
20 18
20 23
20 21
20 54
20 22
20 152
20 153
21 198
21 201
21 20
21 22
21 23
21 24
22 201
22 194
22 20
22 21
23 48
23 50
23 20
23 21
23 24
23 25
24 161
24 198
24 199
24 21
24 23
24 25
24 26
25 10
25 11
25 47
25 48
25 23
25 24
25 26
25 27
26 24
26 25
26 27
26 161
27 161
27 164
27 135
27 10
27 25
27 26
28 211
28 29
28 30
28 31
29 32
29 33
29 34
29 35
29 211
29 28
29 30
30 33
30 36
30 12
30 14
30 28
30 29
30 31
31 66
31 36
31 38
31 211
31 28
31 30
32 35
32 41
32 44
32 211
32 29
33 34
33 75
33 76
33 14
33 182
33 29
33 30
34 33
34 75
34 35
34 29
35 32
35 34
35 71
35 72
35 75
35 44
35 29
36 37
36 38
36 12
36 15
36 30
36 31
37 65
37 36
37 38
37 15
37 154
37 156
38 64
38 65
38 66
38 36
38 37
38 31
38 62
38 63
39 40
39 42
39 211
40 39
40 41
40 42
40 44
40 211
40 182
41 40
41 32
41 211
41 44
42 1
42 4
42 39
42 40
42 43
42 211
42 182
43 4
43 8
43 42
43 45
43 211
44 32
44 35
44 71
44 40
44 41
44 182
45 8
45 11
45 43
45 46
45 211
46 11
46 45
46 47
46 49
46 211
47 11
47 46
47 48
47 49
47 25
48 47
48 49
48 50
48 23
48 25
49 46
49 47
49 48
49 50
49 211
49 51
50 48
50 49
50 51
50 20
50 52
50 54
50 23
51 49
51 50
51 211
51 52
51 53
52 50
52 51
52 53
52 54
52 55
52 56
53 51
53 52
53 211
53 56
53 57
54 50
54 52
54 20
54 55
54 153
54 155
55 52
55 54
55 56
55 58
55 155
56 52
56 53
56 55
56 57
56 58
56 59
56 60
57 56
57 211
57 60
57 53
58 155
58 55
58 56
58 59
58 61
58 159
59 56
59 58
59 60
59 61
59 62
59 63
60 64
60 211
60 56
60 57
60 59
60 63
61 62
61 58
61 59
61 158
61 159
62 65
62 38
62 157
62 59
62 61
62 158
62 63
63 64
63 38
63 59
63 60
63 62
64 66
64 38
64 211
64 60
64 63
65 37
65 38
65 156
65 157
65 62
66 64
66 211
66 38
66 31
67 68
67 69
67 70
67 71
67 81
67 90
68 67
68 69
68 77
68 81
68 82
68 83
69 67
69 68
69 71
69 76
69 77
69 182
70 67
70 71
70 72
70 73
70 89
70 90
71 67
71 35
71 69
71 70
71 72
71 44
71 182
72 35
72 70
72 71
72 73
72 75
73 70
73 72
73 74
73 75
73 84
73 89
74 73
74 75
74 76
74 77
74 83
74 84
75 33
75 34
75 35
75 72
75 73
75 74
75 76
76 33
76 69
76 74
76 75
76 77
76 182
77 68
77 69
77 74
77 76
77 83
78 79
78 80
78 85
78 86
78 87
78 88
79 78
79 80
79 81
79 82
79 83
79 86
80 88
80 81
80 78
80 79
81 67
81 68
81 79
81 80
81 82
81 88
81 90
82 81
82 83
82 68
82 79
83 68
83 74
83 77
83 79
83 82
83 84
83 85
83 86
84 73
84 74
84 83
84 85
84 89
85 78
85 83
85 84
85 86
85 87
85 89
86 83
86 85
86 78
86 79
87 88
87 89
87 85
87 78
88 78
88 80
88 81
88 87
88 89
88 90
89 70
89 73
89 84
89 85
89 87
89 88
89 90
90 67
90 70
90 81
90 88
90 89
91 97
91 98
91 100
91 101
91 92
91 93
92 101
92 102
92 104
92 91
92 93
92 94
93 96
93 97
93 91
93 92
93 94
93 95
94 99
94 104
94 105
94 92
94 93
94 95
95 96
95 99
95 106
95 185
95 186
95 188
95 93
95 94
96 97
96 136
96 13
96 188
96 93
96 95
97 96
97 98
97 136
97 189
97 91
97 93
97 191
98 0
98 97
98 3
98 100
98 106
98 107
98 108
98 110
98 179
98 181
98 91
98 191
99 100
99 105
99 106
99 94
99 95
100 98
100 99
100 101
100 103
100 105
100 106
100 91
101 100
101 102
101 103
101 91
101 92
102 101
102 103
102 104
102 105
102 92
103 105
103 100
103 101
103 102
104 94
104 92
104 102
104 105
105 99
105 100
105 102
105 103
105 104
105 94
106 98
106 99
106 100
106 181
106 185
106 95
107 98
107 108
107 109
107 110
107 111
107 112
108 162
108 98
108 107
108 109
108 191
109 162
109 197
109 107
109 108
109 112
109 149
110 0
110 98
110 107
110 111
110 114
110 117
110 119
111 107
111 110
111 112
111 115
111 116
111 117
112 107
112 109
112 111
112 113
112 115
112 149
113 112
113 114
113 115
113 149
113 118
113 119
114 0
114 110
114 113
114 149
114 119
115 111
115 112
115 113
115 116
115 118
116 111
116 115
116 117
116 118
116 119
117 116
117 119
117 110
117 111
118 113
118 115
118 116
118 119
119 110
119 113
119 114
119 116
119 117
119 118
120 129
120 121
120 122
120 123
120 124
121 120
121 129
121 122
121 128
122 128
122 130
122 120
122 121
122 123
123 130
123 131
123 120
123 122
123 124
123 125
124 129
124 120
124 123
124 125
124 126
125 131
125 134
125 123
125 124
125 126
125 127
126 128
126 129
126 124
126 125
126 127
127 128
127 163
127 133
127 134
127 183
127 125
127 126
128 129
128 130
128 133
128 121
128 122
128 126
128 127
129 128
129 120
129 121
129 124
129 126
130 128
130 131
130 132
130 133
130 122
130 123
131 130
131 132
131 134
131 135
131 123
131 125
132 161
132 130
132 131
132 133
132 135
132 199
132 200
133 128
133 130
133 132
133 200
133 9
133 140
133 142
133 147
133 150
133 151
133 184
133 183
133 127
134 163
134 131
134 164
134 135
134 125
134 127
135 161
135 131
135 132
135 164
135 134
135 27
136 96
136 97
136 13
136 16
136 17
136 189
137 138
137 139
137 143
137 144
137 145
138 137
138 139
138 140
138 145
138 150
139 137
139 138
139 140
139 141
139 143
140 133
140 138
140 139
140 141
140 142
140 150
141 139
141 140
141 142
141 143
141 146
141 149
142 133
142 7
142 9
142 140
142 141
142 149
143 137
143 139
143 141
143 144
143 146
143 147
144 137
144 143
144 145
144 147
144 150
145 144
145 137
145 138
145 150
146 141
146 143
146 147
146 148
146 149
147 133
147 143
147 144
147 146
147 148
147 150
147 151
148 197
148 201
148 146
148 147
148 149
148 151
149 0
149 5
149 197
149 7
149 109
149 141
149 142
149 112
149 113
149 114
149 146
149 148
149 180
150 133
150 138
150 140
150 144
150 145
150 147
151 133
151 200
151 201
151 147
151 148
152 160
152 15
152 18
152 20
152 153
152 154
153 160
153 20
153 54
153 152
153 155
154 160
154 37
154 15
154 152
154 156
155 160
155 54
155 55
155 153
155 58
155 159
156 160
156 65
156 37
156 154
156 157
157 160
157 65
157 62
157 156
157 158
158 160
158 157
158 61
158 62
158 159
159 160
159 58
159 155
159 61
159 158
160 152
160 153
160 154
160 155
160 156
160 157
160 158
160 159
161 132
161 199
161 135
161 24
161 26
161 27
162 192
162 193
162 196
162 197
162 108
162 109
162 19
162 190
162 191
163 164
163 134
163 10
163 183
163 127
164 163
164 134
164 135
164 10
164 27
165 168
165 211
165 166
165 167
166 168
166 211
166 165
166 167
167 168
167 165
167 166
168 211
168 165
168 166
168 167
169 170
169 211
169 171
169 173
170 169
170 171
170 172
170 173
170 174
170 211
171 169
171 170
171 172
171 173
171 174
172 170
172 171
172 174
173 169
173 170
173 171
173 174
173 211
174 170
174 171
174 172
174 173
175 176
175 177
175 211
176 177
176 178
176 211
176 175
177 176
177 178
177 211
177 175
178 176
178 177
178 211
179 2
179 98
179 3
179 181
180 7
180 5
180 149
180 6
181 1
181 98
181 2
181 106
181 179
181 182
181 185
182 1
182 33
182 69
182 71
182 40
182 42
182 44
182 76
182 14
182 181
182 185
182 186
182 187
183 163
183 133
183 9
183 10
183 184
183 127
184 9
184 133
184 183
185 106
185 181
185 182
185 186
185 95
186 182
186 185
186 187
186 188
186 95
187 13
187 14
187 182
187 186
187 188
188 96
188 13
188 186
188 187
188 95
189 97
189 136
189 15
189 17
189 19
189 190
189 191
190 162
190 19
190 189
190 191
191 97
191 162
191 98
191 108
191 189
191 190
192 162
192 193
192 18
192 19
193 192
193 194
193 195
193 196
193 162
193 18
193 20
194 193
194 195
194 201
194 20
194 22
195 193
195 194
195 196
195 197
195 201
196 193
196 162
196 195
196 197
197 162
197 195
197 196
197 201
197 109
197 148
197 149
198 199
198 200
198 201
198 21
198 24
199 161
199 132
199 198
199 200
199 24
200 132
200 133
200 198
200 199
200 201
200 151
201 194
201 195
201 197
201 198
201 200
201 148
201 21
201 22
201 151
202 210
202 203
202 204
203 202
203 204
203 205
203 206
203 207
203 208
203 209
203 210
204 202
204 203
204 205
205 203
205 204
205 206
206 203
206 205
206 207
207 208
207 203
207 206
208 209
208 203
208 207
209 208
209 210
209 203
210 209
210 202
210 203
211 28
211 29
211 31
211 32
211 165
211 166
211 39
211 40
211 41
211 42
211 43
211 168
211 45
211 46
211 169
211 170
211 49
211 173
211 51
211 175
211 53
211 176
211 178
211 177
211 57
211 60
211 64
211 66
