0 1
0 2
0 3
0 4
0 7
0 9
1 0
1 2
1 3
1 6
1 8
1 80
2 0
2 1
2 7
2 80
2 81
2 82
2 83
3 0
3 1
3 4
3 5
3 6
3 10
4 0
4 3
4 5
4 37
4 9
4 41
4 45
5 3
5 4
5 10
5 45
5 23
5 29
5 30
6 1
6 3
6 7
6 8
6 10
7 0
7 2
7 6
7 8
7 9
7 10
7 83
8 1
8 6
8 7
8 80
8 83
8 84
9 0
9 4
9 37
9 39
9 7
9 10
10 32
10 3
10 5
10 6
10 7
10 39
10 9
10 29
11 12
11 13
11 14
11 15
11 17
11 18
12 106
12 11
12 13
12 14
12 19
12 20
13 106
13 107
13 108
13 11
13 12
13 18
14 11
14 12
14 15
14 16
14 19
14 22
15 33
15 40
15 11
15 14
15 16
15 17
15 21
16 33
16 14
16 15
16 22
16 27
16 28
16 29
17 11
17 15
17 18
17 19
17 20
17 21
18 11
18 108
18 13
18 17
18 20
19 12
19 14
19 17
19 20
19 21
19 22
20 106
20 108
20 12
20 109
20 17
20 18
20 19
21 40
21 15
21 17
21 19
21 22
21 28
22 14
22 16
22 19
22 21
22 28
23 5
23 180
23 27
23 29
23 30
23 31
24 25
24 26
24 180
25 34
25 36
25 180
25 24
25 26
25 27
25 28
26 34
26 35
26 110
26 180
26 24
26 25
27 16
27 180
27 23
27 25
27 28
27 29
28 36
28 40
28 16
28 21
28 22
28 25
28 27
29 32
29 33
29 5
29 10
29 16
29 49
29 23
29 27
30 5
30 38
30 44
30 45
30 23
30 31
31 35
31 38
31 110
31 111
31 112
31 180
31 23
31 126
31 30
32 39
32 10
32 43
32 46
32 49
32 51
32 29
33 40
33 43
33 15
33 16
33 49
33 50
33 51
33 29
34 25
34 26
34 35
34 36
35 34
35 36
35 37
35 38
35 110
35 111
35 26
35 126
35 31
36 34
36 35
36 37
36 39
36 40
36 25
36 28
37 35
37 36
37 4
37 38
37 39
37 9
37 41
37 42
37 44
38 35
38 37
38 44
38 30
38 31
39 32
39 36
39 37
39 40
39 9
39 10
39 43
40 33
40 36
40 39
40 43
40 15
40 21
40 28
41 4
41 37
41 42
41 45
41 56
41 57
41 58
42 37
42 41
42 44
42 53
42 58
43 32
43 33
43 39
43 40
43 51
44 37
44 38
44 42
44 45
44 53
44 30
45 4
45 5
45 41
45 44
45 53
45 56
45 30
46 32
46 47
46 48
46 49
46 51
47 46
47 48
47 49
47 50
47 148
47 52
48 46
48 47
48 51
48 148
48 149
48 151
49 32
49 33
49 46
49 47
49 50
49 29
50 33
50 47
50 49
50 51
50 52
51 32
51 33
51 43
51 46
51 48
51 50
51 52
51 151
52 47
52 50
52 51
52 148
52 150
52 151
52 152
53 42
53 44
53 45
53 54
53 55
53 56
53 58
54 175
54 178
54 53
54 55
54 56
54 57
55 174
55 175
55 177
55 53
55 54
55 58
56 41
56 45
56 53
56 54
56 57
57 41
57 177
57 178
57 54
57 56
57 58
58 41
58 42
58 177
58 53
58 55
58 57
59 68
59 80
59 81
59 60
59 61
60 67
60 80
60 82
60 84
60 59
60 61
60 62
61 68
61 69
61 59
61 60
61 62
61 63
62 64
62 67
62 70
62 60
62 61
62 63
63 64
63 65
63 69
63 71
63 61
63 62
64 65
64 66
64 70
64 72
64 62
64 63
65 64
65 66
65 71
65 73
65 75
65 63
66 64
66 65
66 72
66 74
66 75
66 76
67 68
67 69
67 70
67 82
67 60
67 62
68 67
68 69
68 81
68 82
68 59
68 61
69 67
69 68
69 70
69 71
69 61
69 63
70 64
70 67
70 69
70 71
70 72
70 62
71 65
71 69
71 70
71 72
71 73
71 63
72 64
72 66
72 70
72 71
72 73
72 74
73 65
73 71
73 72
73 74
73 75
73 79
74 66
74 72
74 73
74 76
74 78
74 79
75 65
75 66
75 73
75 76
75 77
75 79
76 66
76 74
76 75
76 77
76 78
77 75
77 76
77 78
77 79
78 74
78 76
78 77
78 79
79 73
79 74
79 75
79 77
79 78
80 1
80 2
80 8
80 81
80 84
80 59
80 60
81 2
81 68
81 80
81 82
81 59
82 2
82 67
82 68
82 81
82 83
82 84
82 60
83 2
83 7
83 8
83 82
83 84
84 8
84 80
84 82
84 83
84 60
85 96
85 97
85 86
85 87
85 89
85 90
86 98
86 101
86 85
86 87
86 88
86 89
86 92
87 97
87 102
87 85
87 86
87 88
88 102
88 104
88 86
88 87
88 92
88 93
88 94
89 98
89 100
89 85
89 86
89 90
89 91
90 96
90 99
90 85
90 89
90 91
91 89
91 90
91 99
91 100
92 101
92 103
92 86
92 88
92 93
93 103
93 105
93 88
93 92
93 94
93 95
94 104
94 108
94 109
94 88
94 93
94 95
95 105
95 106
95 107
95 109
95 93
95 94
96 97
96 98
96 99
96 85
96 90
97 96
97 98
97 101
97 102
97 85
97 87
98 96
98 97
98 99
98 100
98 101
98 86
98 89
99 96
99 98
99 100
99 90
99 91
100 99
100 89
100 98
100 91
101 97
101 98
101 102
101 103
101 86
101 92
102 97
102 101
102 103
102 104
102 87
102 88
103 101
103 102
103 104
103 105
103 92
103 93
104 102
104 103
104 105
104 108
104 88
104 94
105 103
105 104
105 107
105 108
105 93
105 95
106 107
106 12
106 13
106 109
106 20
106 95
107 105
107 106
107 108
107 13
107 95
108 104
108 105
108 107
108 13
108 109
108 18
108 20
108 94
109 106
109 108
109 20
109 94
109 95
110 35
110 180
110 26
110 126
110 31
111 35
111 112
111 113
111 114
111 121
111 126
111 31
112 111
112 113
112 121
112 126
112 31
113 111
113 112
113 114
113 119
113 120
113 121
113 125
114 111
114 113
114 119
114 120
114 121
115 116
115 117
115 119
115 120
115 123
115 124
115 125
116 115
116 117
116 118
116 122
116 123
117 115
117 116
117 118
117 119
117 123
117 124
118 122
118 123
118 116
118 117
119 113
119 114
119 115
119 117
119 120
119 124
119 125
120 113
120 114
120 115
120 119
120 121
120 125
121 111
121 112
121 113
121 114
121 120
121 126
122 123
122 116
122 118
123 115
123 116
123 117
123 118
123 122
123 124
124 115
124 117
124 119
124 123
124 125
125 113
125 115
125 119
125 120
125 124
126 35
126 110
126 111
126 112
126 121
126 31
127 128
127 129
127 136
127 148
127 149
127 152
128 129
128 130
128 135
128 150
128 152
128 127
129 128
129 130
129 131
129 136
129 137
129 127
130 128
130 129
130 131
130 132
130 135
130 138
131 129
131 130
131 132
131 133
131 137
131 139
132 130
132 131
132 133
132 134
132 138
132 140
133 131
133 132
133 134
133 139
133 141
133 143
134 132
134 133
134 140
134 142
134 143
134 144
135 128
135 130
135 136
135 137
135 138
135 150
136 129
136 135
136 137
136 149
136 150
136 127
137 129
137 131
137 135
137 136
137 138
137 139
138 130
138 132
138 135
138 137
138 139
138 140
139 131
139 133
139 137
139 138
139 140
139 141
140 132
140 134
140 138
140 139
140 141
140 142
141 133
141 139
141 140
141 142
141 143
141 146
142 134
142 140
142 141
142 144
142 146
142 147
143 133
143 134
143 141
143 144
143 145
143 146
144 134
144 142
144 143
144 145
144 147
145 144
145 146
145 147
145 143
146 141
146 142
146 143
146 145
146 147
147 144
147 145
147 146
147 142
148 47
148 48
148 52
148 149
148 152
148 127
149 136
149 48
149 148
149 150
149 151
149 127
150 128
150 135
150 136
150 52
150 149
150 151
150 152
151 48
151 51
151 52
151 149
151 150
152 128
152 148
152 52
152 150
152 127
153 160
153 161
153 168
153 154
153 155
153 159
154 163
154 167
154 153
154 155
154 156
154 159
155 161
155 162
155 153
155 154
155 156
155 157
156 163
156 164
156 154
156 155
156 157
156 158
157 162
157 165
157 169
157 172
157 155
157 156
157 158
158 164
158 166
158 169
158 170
158 156
158 157
159 160
159 167
159 176
159 179
159 153
159 154
160 168
160 175
160 179
160 153
160 159
161 162
161 163
161 167
161 168
161 153
161 155
162 161
162 163
162 164
162 165
162 155
162 157
163 161
163 162
163 164
163 167
163 154
163 156
164 162
164 163
164 165
164 166
164 156
164 158
165 162
165 164
165 166
165 172
165 157
166 164
166 165
166 170
166 172
166 173
166 158
167 161
167 163
167 168
167 176
167 154
167 159
168 160
168 161
168 167
168 174
168 175
168 176
168 153
169 170
169 171
169 172
169 157
169 158
170 166
170 169
170 171
170 173
170 158
171 169
171 170
171 172
171 173
172 165
172 166
172 169
172 171
172 173
172 157
173 170
173 171
173 172
173 166
174 168
174 175
174 176
174 177
174 55
175 160
175 168
175 174
175 178
175 179
175 54
175 55
176 167
176 168
176 174
176 177
176 178
176 179
176 159
177 174
177 176
177 178
177 55
177 57
177 58
178 175
178 176
178 177
178 179
178 54
178 57
179 160
179 175
179 176
179 178
179 159
180 110
180 23
180 24
180 25
180 26
180 27
180 31
