0.008771 0.301909 -0.050731 -0.129038 -0.991619 0.006468
0.007641 0.328694 -0.002687 0.830182 -0.184456 -0.526093
0.007319 0.334528 -0.105443 0.121282 -0.989410 0.079735
-0.170309 0.268589 0.010044 0.201781 -0.951177 -0.233551
-0.080503 0.278942 -0.021052 0.227340 -0.962066 0.150817
-0.082436 0.287133 0.002375 0.305724 -0.928823 -0.209333
-0.174695 0.264325 -0.116574 0.268582 -0.957693 0.103383
-0.080120 0.280982 -0.076684 0.294880 -0.920484 -0.256425
-0.081638 0.291356 -0.112621 0.378640 -0.920076 -0.100457
-0.081096 0.287291 -0.138149 0.261288 -0.938415 0.226067
-0.173330 0.242207 -0.214565 0.332004 -0.941796 -0.052863
-0.082165 0.290681 -0.201885 0.331789 -0.932035 -0.145693
-0.083274 0.297460 -0.317612 0.374339 -0.769731 -0.517092
-0.199717 0.261538 -0.339873 0.199508 -0.519531 -0.830833
-0.171316 0.375977 0.098924 0.094132 0.785256 0.611974
-0.163248 0.297236 0.158943 0.165291 0.308899 0.936622
-0.103868 0.377276 0.096838 0.048184 0.609753 0.791126
-0.174056 0.408259 0.020622 0.383152 0.798475 0.464362
-0.150890 0.386146 0.074618 -0.094640 0.898433 0.428790
-0.151059 0.399752 0.036022 -0.011097 0.996186 0.086545
-0.137914 0.400580 -0.045828 0.139936 0.984365 0.106972
-0.154981 0.407364 -0.072957 0.615415 0.783654 0.084561
-0.145865 0.410171 -0.182697 0.513982 0.789078 -0.336420
-0.118317 0.404174 -0.177809 0.063488 0.997406 -0.033909
-0.112504 0.396541 -0.198853 0.267522 0.952552 -0.145176
-0.133241 0.403320 -0.262543 0.166783 0.929972 -0.327623
-0.102375 0.391152 -0.270406 0.185068 0.939120 -0.289486
-0.152434 0.351640 -0.327700 0.174157 0.460424 -0.870447
-0.107785 0.368722 -0.298619 0.102729 0.638943 -0.762364
-0.072154 0.341333 -0.308087 0.199624 0.299110 -0.933104
-0.393726 0.349953 0.112366 -0.653047 0.460131 0.601506
-0.383634 0.259810 0.176311 -0.532255 0.519809 0.668209
-0.263090 0.369193 0.120613 -0.046031 0.666429 0.744146
-0.404887 0.403995 0.042940 -0.471430 0.437305 0.765844
-0.434419 0.189627 0.188495 -0.912120 -0.169228 0.373363
-0.253084 0.273482 0.180938 0.115007 0.625248 0.771906
-0.323804 0.234487 0.220061 -0.229383 0.613598 0.755567
-0.365703 0.168210 0.232240 -0.568833 -0.212137 0.794624
-0.270841 0.413198 0.051999 0.034492 0.538772 0.841745
-0.176551 0.454218 0.040961 0.286537 0.043169 0.957096
-0.276000 0.505657 0.036354 -0.056692 0.360052 0.931208
-0.466762 0.227344 -0.038635 -0.042141 -0.704373 -0.708578
-0.300106 0.184484 0.042832 0.062014 -0.850305 -0.522624
-0.394508 0.128514 0.132653 -0.450770 -0.804268 -0.387246
-0.279768 0.242703 -0.016251 0.085600 -0.957705 -0.274724
-0.307188 0.204781 -0.173985 -0.172243 -0.976162 0.132065
-0.302065 0.103682 0.166893 -0.015299 -0.948591 -0.316136
-0.329443 0.215268 -0.327424 -0.393866 -0.848650 -0.353077
-0.369543 0.325233 -0.340564 -0.619134 0.040154 -0.784258
-0.231636 0.351165 -0.342588 -0.021318 0.482315 -0.875738
-0.243012 0.407564 -0.276695 0.006647 0.844942 -0.534816
-0.369665 0.393376 -0.272886 -0.446105 0.735648 -0.509718
-0.248120 0.425280 -0.218450 0.083808 0.687479 -0.721352
-0.368853 0.406935 -0.228742 -0.423230 0.369827 -0.827106
-0.247644 0.505253 -0.203981 0.044039 0.294495 -0.954638
-0.377703 0.489874 -0.212382 -0.464593 0.280104 -0.840056
-0.147107 0.472987 -0.201803 0.321197 0.029651 -0.946548
-0.150154 0.518362 -0.193142 0.126775 0.435252 -0.891338
-0.260748 0.575503 -0.165630 -0.029123 0.720470 -0.692875
-0.386246 0.559249 -0.173545 -0.690764 0.470882 -0.548740
-0.157956 0.586030 -0.153912 0.124245 0.827998 -0.546794
-0.272998 0.609048 -0.087022 -0.083929 0.996469 0.002264
-0.401825 0.594451 -0.092278 -0.654485 0.753898 -0.057333
-0.172047 0.613986 -0.082190 0.168647 0.985217 0.030090
-0.176398 0.585023 -0.012539 0.046494 0.759560 0.648773
-0.276511 0.572900 -0.009359 -0.108912 0.796556 0.594673
-0.404427 0.555456 -0.014768 -0.669153 0.532916 0.517914
-0.175104 0.517355 0.028741 0.258863 0.365510 0.894087
-0.404713 0.488862 0.026308 -0.656243 0.270391 0.704438
-0.111026 0.094929 0.188055 0.119197 -0.534148 -0.836946
-0.133456 0.169130 0.149300 0.436550 -0.046603 -0.898472
-0.097222 0.152693 0.182278 0.518716 0.367537 -0.771914
-0.142654 0.053459 0.227444 -0.247209 -0.949475 0.193352
-0.280509 0.132354 0.278362 -0.402753 -0.519536 0.753573
-0.253964 0.076605 0.193444 -0.195463 -0.883229 -0.426264
-0.174399 0.110599 0.302162 -0.229613 -0.244109 0.942172
-0.150532 0.168476 0.285729 0.147422 0.708971 0.689657
-0.179113 0.235923 0.201180 0.465850 0.859986 0.208346
-0.241049 0.207389 0.262170 -0.087637 0.556633 0.826123
-0.112933 0.188773 0.224739 0.478651 0.877775 0.020100
0.188188 0.000000 0.203680 0.936581 -0.337182 -0.095523
0.021732 0.058332 0.228553 -0.175527 -0.299915 -0.937679
0.047214 0.094857 0.232204 0.227885 0.510572 -0.829087
-0.013378 0.069805 0.219084 0.182576 -0.349305 -0.919050
0.006092 0.104582 0.224933 0.439748 0.407154 -0.800529
0.005356 0.138888 0.264511 0.358675 0.932393 0.044683
-0.013746 0.116029 0.313159 -0.024483 0.461655 0.886722
0.051253 0.096048 0.342588 0.482776 0.411759 0.772905
0.054617 0.120947 0.274599 0.598163 0.800793 -0.030530
0.033404 0.041178 0.335011 0.132323 -0.732050 0.668276
0.018526 0.017000 0.262476 -0.204959 -0.973169 -0.104564
-0.034795 0.059702 0.313231 -0.322154 -0.611806 0.722434
-0.035368 0.035498 0.250165 -0.125521 -0.936535 -0.327333
0.211788 0.308867 0.051621 0.404025 0.693268 -0.596777
0.207903 0.299010 0.097636 0.213532 0.493218 0.843291
0.357927 0.208197 0.095371 0.458628 0.454484 0.763613
0.198250 0.216525 0.114053 -0.093940 -0.373321 0.922934
-0.021313 0.257341 0.121553 0.018102 -0.400633 0.916060
0.002743 0.379704 0.092932 0.166837 0.521034 0.837072
0.011634 0.393130 0.040818 0.315818 0.905631 -0.283003
0.200070 0.209567 0.060267 -0.303960 -0.929951 -0.206879
0.205459 0.232646 0.020285 -0.014336 -0.258301 -0.965958
0.360800 0.215268 0.057603 0.529917 0.474548 -0.702846
0.465269 0.023125 0.066397 0.970543 -0.240833 0.006783
0.345692 0.151527 0.034232 0.103756 -0.089351 -0.990581
0.345666 0.150090 0.105898 -0.127169 -0.399306 0.907955
0.340528 0.138730 0.062383 -0.517148 -0.851918 -0.082430
-0.002227 0.270767 0.058498 -0.118337 -0.859833 -0.496672
0.219064 0.332125 -0.024539 0.235523 0.663386 0.710245
0.026032 0.393084 -0.034437 0.168014 0.771818 0.613244
0.030306 0.389086 -0.079240 0.274339 0.814147 -0.511764
0.210285 0.246767 0.007483 -0.156551 -0.312731 0.936852
0.367176 0.245735 -0.019247 0.467768 0.534470 0.703943
0.222070 0.326762 -0.065175 0.321479 0.567977 -0.757663
0.216641 0.257162 -0.082129 -0.012530 -0.225327 -0.974203
0.210643 0.236082 -0.043011 -0.346234 -0.906744 -0.240700
0.368883 0.240346 -0.054903 0.487407 0.386346 -0.783052
0.500000 0.031750 -0.022197 0.975414 -0.205670 0.079167
0.350539 0.168680 0.009630 -0.038641 -0.187545 0.981496
0.359092 0.177955 -0.068120 0.023004 -0.229774 -0.972972
0.349460 0.159856 -0.036354 -0.529418 -0.834679 -0.151750
0.448831 0.028739 -0.191128 0.967140 -0.250315 -0.044537
0.354849 0.219936 -0.210204 0.371390 0.425359 0.825311
0.338125 0.138305 -0.185616 -0.040341 -0.046862 0.998086
0.353034 0.211740 -0.243748 0.489986 0.279659 -0.825654
0.333610 0.137876 -0.247414 -0.034074 -0.485354 -0.873654
0.216078 0.200809 -0.269624 -0.028134 -0.405427 -0.913695
0.214258 0.192368 -0.229560 -0.400613 -0.916218 -0.007344
0.020091 0.264100 -0.249086 -0.349978 -0.909412 0.224691
0.217269 0.202378 -0.192334 -0.137245 -0.172065 0.975478
0.331770 0.131454 -0.215291 -0.553414 -0.827045 0.098634
0.228671 0.301167 -0.222259 0.248102 0.604899 0.756665
0.228671 0.289853 -0.263862 0.277295 0.411374 -0.868262
0.041518 0.367239 -0.236795 0.284351 0.923635 0.256989
0.024973 0.274540 -0.294094 0.043451 -0.248104 -0.967758
0.045056 0.350920 -0.282544 0.248865 0.439547 -0.863055
-0.101164 0.405386 0.063043 0.020861 0.977574 0.209556
0.482039 0.034982 -0.113675 0.957311 -0.284675 0.050165
0.337654 0.163629 -0.097181 -0.172114 -0.357725 0.917829
0.333186 0.156420 -0.134345 -0.495935 -0.834319 -0.240752
0.208869 0.218075 -0.144065 -0.369269 -0.918828 -0.139268
0.211543 0.231521 -0.097779 -0.130145 -0.249327 0.959635
0.012549 0.288416 -0.154674 -0.217481 -0.962501 0.162155
0.357456 0.239155 -0.115183 0.416104 0.472733 0.776776
0.359634 0.235407 -0.149873 0.478595 0.326300 -0.815154
0.343064 0.173844 -0.160789 0.077729 -0.217303 -0.973004
0.224632 0.321214 -0.120618 0.201388 0.532206 0.822313
0.228267 0.316275 -0.163463 0.326174 0.610631 -0.721624
0.029830 0.382465 -0.131830 0.238106 0.898591 0.368564
0.215649 0.235427 -0.179721 0.039591 -0.195516 -0.979901
0.007810 0.317871 -0.206323 0.114870 -0.941952 0.315485
0.035281 0.375660 -0.175611 0.297324 0.729296 -0.616219
-0.154418 0.417150 -0.072977 0.609869 0.788299 0.081516
-0.148646 0.424088 -0.173658 0.716350 0.522628 0.462280
-0.172052 0.423505 0.010642 0.797020 0.514134 -0.316899
-0.150456 0.508868 -0.183029 0.706336 -0.086229 0.702605
-0.175611 0.502825 0.016384 0.778249 -0.125366 -0.615315
-0.174199 0.573662 -0.021778 0.771575 -0.475400 -0.422690
-0.169920 0.598919 -0.082661 0.769187 -0.629179 0.111740
-0.157322 0.571888 -0.146453 0.710787 -0.447605 0.542616
-0.280980 0.490477 -0.081837 0.989677 0.065631 0.127408
-0.054413 0.387404 -0.284518 0.189819 0.837551 -0.512326
-0.077369 0.412257 -0.064377 0.072037 0.997239 -0.018011
-0.062823 0.292097 -0.291425 -0.226487 -0.958548 -0.172887
-0.047040 0.297777 -0.309100 0.185033 -0.052580 -0.981325
-0.437691 0.641284 -0.095642 -0.990956 -0.123495 -0.052495
-0.478772 0.521798 -0.070431 -0.674803 -0.037786 -0.737030
-0.341453 0.560078 -0.089583 -0.637670 -0.763391 -0.103015
-0.476328 0.527928 -0.130986 -0.796595 -0.025787 0.603963
-0.465341 0.440163 -0.300209 0.458144 -0.875019 -0.156349
-0.400639 0.453522 -0.300904 0.066556 0.779433 -0.622940
-0.444199 0.381519 -0.251683 -0.392008 0.459859 0.796780
-0.312280 0.382036 -0.251167 0.701762 0.570857 -0.426206
-0.462309 0.425551 -0.325067 -0.480656 0.871840 0.094154
-0.444061 0.349907 -0.293797 0.177392 -0.282145 -0.942829
-0.500000 0.409047 0.106200 -0.689531 0.721763 -0.060043
-0.407607 0.422493 0.107815 0.294027 0.951739 -0.087986
-0.484493 0.345960 0.070784 -0.330525 -0.514091 0.791494
-0.298061 0.342432 0.060466 0.566008 0.820686 -0.078159
-0.051386 0.309854 0.000631 0.403192 -0.896314 -0.184548
-0.049504 0.315130 -0.110029 0.440914 -0.892120 -0.098577
-0.088755 0.264703 0.030076 0.196178 -0.838943 -0.507631
-0.169603 0.204470 0.124984 0.486780 -0.782838 -0.387569
-0.067005 0.291872 -0.239520 -0.115896 -0.926056 0.359150
-0.043492 0.312078 -0.212980 0.292117 -0.952370 0.087519
-0.102212 0.247483 0.080508 0.262887 -0.947186 -0.183654
-0.081541 0.250628 0.111696 0.293463 -0.681201 0.670704
-0.105244 0.299863 0.146596 0.276515 -0.056747 0.959333
-0.070180 0.301883 0.135521 0.178905 0.202340 0.962835
-0.099487 0.392006 0.013766 0.169353 0.963792 -0.205974
-0.093126 0.392072 -0.025168 0.221034 0.927062 0.302819
-0.055813 0.367623 -0.004860 0.271827 0.944600 0.183959
-0.138359 0.402492 -0.069991 -0.060364 0.997910 -0.023046
-0.135072 0.399752 -0.089138 0.244351 0.965086 -0.094351
-0.118772 0.398448 -0.154495 0.192749 0.964438 0.180854
-0.081889 0.386346 -0.131564 0.178904 0.955577 0.234236
-0.084435 0.385226 -0.103188 0.170886 0.915380 -0.364524
-0.024426 0.370854 -0.109835 0.198717 0.976842 -0.079317
-0.073964 0.385717 -0.208133 0.259491 0.942389 -0.211108
-0.071136 0.383922 -0.250303 0.173286 0.972394 0.156278
-0.019324 0.365782 -0.214652 0.392838 0.902591 -0.176092
-0.069045 0.405636 -0.172262 0.147381 0.988572 -0.031700
-0.233911 0.436103 -0.009170 0.499334 -0.595678 0.629153
-0.233911 0.407114 -0.074102 0.493562 -0.869385 0.023790
-0.066632 0.501930 -0.079608 1.000000 0.000000 0.000000
-0.233911 0.432509 -0.140522 0.483073 -0.635897 -0.601894
-0.233911 0.497436 -0.169526 0.473830 -0.024086 -0.880287
-0.233911 0.563871 -0.144116 0.471463 0.606232 -0.640472
-0.233911 0.592881 -0.079184 0.477483 0.878312 -0.024034
-0.233911 0.567465 -0.012764 0.488086 0.633789 0.600069
-0.233911 0.502533 0.016241 0.497083 0.023733 0.867379
-0.485685 0.331275 -0.092051 -0.983608 -0.041825 -0.175401
