  0.499837   0.215486  -0.081506
  0.456014   0.206088  -0.005149
  0.227870   0.207627   0.095708
  0.205098   0.253222  -0.035497
  0.195583   0.241682  -0.163434
  0.230763   0.218500  -0.274784
  0.420956   0.198570   0.055936
 -0.019179   0.174850   0.141389
 -0.054833   0.238178  -0.025867
 -0.017878   0.241402  -0.194234
  0.037660   0.194430  -0.327217
  0.354155   0.145691   0.235057
 -0.232659   0.104378   0.180297
 -0.276412   0.176518  -0.019855
 -0.199712   0.191903  -0.224810
 -0.107857   0.160788  -0.368504
  0.231204   0.051973   0.400258
 -0.435626   0.016592   0.216980
 -0.479815   0.080491  -0.016106
 -0.362188   0.109998  -0.255444
 -0.241066   0.113715  -0.408158
