 -0.485685   0.331275  -0.092051
 -0.342539   0.242289   0.056133
 -0.041141   0.324043   0.056779
 -0.036424   0.328292  -0.050654
 -0.023213   0.316814  -0.153509
 -0.047411   0.322676  -0.254610
 -0.228021   0.171100   0.174680
  0.149909   0.269432   0.060935
  0.168277   0.283653  -0.041772
  0.168338   0.274761  -0.141160
  0.161293   0.266179  -0.234739
 -0.030888   0.089053   0.256503
  0.319401   0.190339   0.065189
  0.344927   0.200249  -0.032704
  0.336669   0.193147  -0.128493
  0.313847   0.188577  -0.218188
  0.170100   0.012959   0.213517
  0.435727   0.058360   0.069653
  0.475948   0.056319  -0.023449
  0.462085   0.061258  -0.116156
  0.423017   0.072092  -0.203001
