2 110
2 197
4 5
4 179
5 4
5 179
5 181
7 8
7 9
8 7
8 9
9 7
9 8
9 180
11 183
11 184
12 29
12 163
12 164
14 18
16 18
16 136
17 19
17 39
17 154
18 14
18 16
19 17
19 154
19 189
20 21
20 152
20 192
20 193
21 20
21 152
21 192
21 193
22 23
22 24
22 153
22 194
23 22
23 24
23 153
23 194
23 195
23 198
23 201
24 22
24 23
24 153
24 194
24 198
24 201
25 26
26 25
26 28
26 199
27 28
28 26
28 27
28 29
29 12
29 28
29 161
29 164
39 17
39 154
50 52
51 53
52 50
53 51
54 206
56 57
56 155
57 56
57 155
58 207
60 159
61 208
63 158
64 157
65 209
67 156
70 71
71 70
71 79
79 71
81 82
81 83
81 84
82 81
82 84
83 81
83 84
83 92
84 81
84 82
84 83
85 86
85 88
86 85
88 85
92 83
93 94
94 93
95 102
98 99
99 98
100 101
101 100
102 95
104 106
106 104
108 113
110 2
111 115
112 116
113 108
114 115
115 111
115 114
116 112
118 120
119 120
120 118
120 119
122 124
123 130
124 122
125 130
126 127
127 126
127 129
128 134
129 127
130 123
130 125
131 132
132 131
133 135
134 128
135 133
136 16
136 189
138 139
139 138
139 145
140 141
140 149
141 140
143 144
144 143
145 139
148 151
149 140
151 148
152 20
152 21
152 192
152 193
153 22
153 23
153 24
153 194
154 17
154 19
154 39
155 56
155 57
156 67
157 64
158 63
159 60
161 29
161 199
162 190
162 192
162 196
163 12
163 164
164 12
164 29
164 163
166 168
168 166
171 174
174 171
179 4
179 5
180 9
181 5
181 185
183 11
183 184
184 11
184 183
185 181
185 186
186 185
187 188
188 187
189 19
189 136
189 190
189 191
190 162
190 189
190 191
191 189
191 190
192 20
192 21
192 152
192 162
192 193
193 20
193 21
193 152
193 192
193 196
194 22
194 23
194 24
194 153
194 195
194 196
194 201
195 23
195 194
195 196
195 201
196 162
196 193
196 194
196 195
197 2
198 23
198 24
198 199
198 200
198 201
199 26
199 161
199 198
199 200
200 198
200 199
201 23
201 24
201 194
201 195
201 198
206 54
206 207
207 58
207 206
208 61
209 65
