  0.485685   0.331275  -0.091397
  0.342082   0.241970   0.052671
  0.031812   0.319315   0.057844
  0.033531   0.333595  -0.049413
  0.022167   0.319822  -0.156439
  0.037355   0.327614  -0.255355
  0.227200   0.170526   0.167925
 -0.159490   0.267232   0.060262
 -0.170166   0.279296  -0.041330
 -0.160948   0.273187  -0.144177
 -0.167005   0.261626  -0.234113
  0.031767   0.090200   0.256888
 -0.319798   0.189203   0.063022
 -0.346341   0.192066  -0.032910
 -0.329885   0.194302  -0.131133
 -0.320317   0.180066  -0.216005
 -0.165821   0.005225   0.212702
 -0.432986   0.064572   0.066501
 -0.476588   0.056182  -0.024167
 -0.453934   0.066963  -0.118210
 -0.426688   0.054908  -0.198971
