0 1
0 2
0 4
0 7
0 111
0 115
1 0
1 99
1 4
1 101
1 107
1 108
1 109
1 111
1 179
1 181
1 93
1 191
2 0
2 197
2 7
2 9
2 141
2 110
2 142
2 113
2 114
2 115
2 146
2 148
2 180
3 4
3 5
3 6
3 44
3 181
3 182
4 0
4 1
4 3
4 5
4 6
4 7
4 179
5 3
5 4
5 179
5 181
6 3
6 4
6 7
6 8
6 9
6 10
6 44
6 45
7 0
7 2
7 4
7 6
7 8
7 180
8 9
8 180
8 6
8 7
9 2
9 6
9 8
9 10
9 11
9 142
9 180
10 6
10 9
10 11
10 12
10 13
10 45
10 47
11 9
11 10
11 12
11 142
11 150
11 183
11 184
12 163
12 164
12 10
12 11
12 13
12 183
12 27
12 29
13 10
13 12
13 47
13 48
13 49
13 27
14 32
14 38
14 15
14 16
14 17
14 18
15 32
15 35
15 14
15 16
15 182
15 187
16 98
16 136
16 14
16 15
16 18
16 187
16 188
17 38
17 39
17 14
17 18
17 19
17 20
17 21
17 152
17 154
17 189
18 136
18 14
18 16
18 17
18 19
19 136
19 17
19 18
19 189
20 192
20 162
20 17
20 21
20 189
20 190
21 192
21 193
21 17
21 20
21 22
21 152
22 193
22 153
22 194
22 52
22 21
22 23
22 24
22 25
22 56
22 152
23 24
23 201
23 194
23 22
24 198
24 201
24 22
24 23
24 25
24 26
25 50
25 52
25 22
25 24
25 26
25 27
26 161
26 198
26 199
26 24
26 25
26 27
26 28
27 12
27 13
27 49
27 50
27 25
27 26
27 28
27 29
28 161
28 26
28 27
28 29
29 161
29 164
29 135
29 12
29 27
29 28
30 32
30 33
30 211
30 31
31 32
31 34
31 35
31 36
31 37
31 211
31 30
32 33
32 35
32 38
32 14
32 15
32 30
32 31
33 32
33 68
33 38
33 40
33 211
33 30
34 37
34 43
34 46
34 211
34 31
35 32
35 36
35 77
35 78
35 15
35 182
35 31
36 35
36 37
36 78
36 31
37 34
37 36
37 73
37 74
37 46
37 78
37 31
38 32
38 33
38 39
38 40
38 14
38 17
39 67
39 38
39 40
39 17
39 154
39 156
40 64
40 65
40 33
40 66
40 67
40 68
40 38
40 39
41 42
41 211
41 44
42 41
42 43
42 44
42 46
42 211
42 182
43 42
43 211
43 34
43 46
44 3
44 6
44 41
44 42
44 45
44 211
44 182
45 6
45 10
45 44
45 47
45 211
46 34
46 37
46 42
46 43
46 74
46 182
47 10
47 13
47 45
47 48
47 211
48 13
48 47
48 49
48 211
48 51
49 13
49 48
49 50
49 51
49 27
50 49
50 51
50 52
50 25
50 27
51 48
51 49
51 50
51 211
51 52
51 53
52 50
52 51
52 53
52 22
52 54
52 56
52 25
53 51
53 52
53 211
53 54
53 55
54 52
54 53
54 55
54 56
54 57
54 58
55 211
55 53
55 54
55 58
55 59
56 153
56 52
56 54
56 22
56 57
56 155
57 54
57 56
57 58
57 155
57 60
58 54
58 55
58 57
58 59
58 60
58 61
58 62
59 58
59 211
59 62
59 55
60 159
60 57
60 58
60 155
60 61
60 63
61 64
61 65
61 58
61 60
61 62
61 63
62 65
62 66
62 211
62 58
62 59
62 61
63 64
63 60
63 61
63 158
63 159
64 65
64 67
64 40
64 157
64 61
64 158
64 63
65 64
65 66
65 40
65 61
65 62
66 65
66 68
66 40
66 211
66 62
67 64
67 39
67 40
67 156
67 157
68 40
68 33
68 66
68 211
69 70
69 71
69 72
69 74
69 83
69 92
70 69
70 71
70 74
70 77
70 79
70 182
71 69
71 70
71 79
71 83
71 84
71 85
72 69
72 73
72 74
72 75
72 91
72 92
73 37
73 72
73 74
73 75
73 78
74 69
74 70
74 37
74 72
74 73
74 46
74 182
75 72
75 73
75 76
75 78
75 86
75 91
76 75
76 77
76 78
76 79
76 85
76 86
77 35
77 70
77 76
77 78
77 79
77 182
78 35
78 36
78 37
78 73
78 75
78 76
78 77
79 70
79 71
79 76
79 77
79 85
80 81
80 82
80 87
80 88
80 89
80 90
81 80
81 82
81 83
81 90
82 80
82 81
82 83
82 84
82 85
82 88
83 69
83 71
83 81
83 82
83 84
83 90
83 92
84 82
84 83
84 85
84 71
85 71
85 76
85 79
85 82
85 84
85 86
85 87
85 88
86 75
86 76
86 85
86 87
86 91
87 80
87 85
87 86
87 88
87 89
87 91
88 80
88 82
88 85
88 87
89 80
89 90
89 91
89 87
90 80
90 81
90 83
90 89
90 91
90 92
91 72
91 75
91 86
91 87
91 89
91 90
91 92
92 69
92 72
92 83
92 90
92 91
93 1
93 99
93 101
93 102
93 94
93 95
94 96
94 97
94 98
94 99
94 93
94 95
95 96
95 102
95 103
95 105
95 93
95 94
96 97
96 100
96 105
96 106
96 94
96 95
97 96
97 98
97 100
97 107
97 185
97 186
97 188
97 94
98 97
98 99
98 136
98 16
98 188
98 94
99 1
99 98
99 136
99 189
99 93
99 94
99 191
100 96
100 97
100 101
100 106
100 107
101 1
101 100
101 102
101 104
101 106
101 107
101 93
102 101
102 103
102 104
102 93
102 95
103 102
103 104
103 105
103 106
103 95
104 106
104 101
104 102
104 103
105 96
105 106
105 103
105 95
106 96
106 100
106 101
106 103
106 104
106 105
107 97
107 1
107 100
107 101
107 181
107 185
108 1
108 109
108 110
108 111
108 112
108 113
109 1
109 162
109 108
109 110
109 191
110 162
110 2
110 197
110 108
110 109
110 113
111 0
111 1
111 108
111 112
111 115
111 118
111 120
112 108
112 111
112 113
112 116
112 117
112 118
113 2
113 108
113 110
113 112
113 114
113 116
114 2
114 113
114 115
114 116
114 119
114 120
115 0
115 2
115 111
115 114
115 120
116 112
116 113
116 114
116 117
116 119
117 112
117 116
117 118
117 119
117 120
118 112
118 120
118 117
118 111
119 120
119 114
119 116
119 117
120 111
120 114
120 115
120 117
120 118
120 119
121 130
121 122
121 123
121 124
121 125
122 129
122 131
122 121
122 123
122 124
123 121
123 122
123 129
123 130
124 131
124 132
124 121
124 122
124 125
124 126
125 130
125 121
125 124
125 126
125 127
126 128
126 132
126 134
126 124
126 125
126 127
127 128
127 129
127 130
127 125
127 126
128 129
128 163
128 134
128 150
128 183
128 126
128 127
129 128
129 130
129 131
129 150
129 122
129 123
129 127
130 129
130 121
130 123
130 125
130 127
131 129
131 132
131 133
131 150
131 122
131 124
132 131
132 133
132 134
132 135
132 124
132 126
133 161
133 131
133 132
133 135
133 199
133 200
133 150
134 128
134 163
134 132
134 164
134 135
134 126
135 161
135 132
135 133
135 134
135 164
135 29
136 98
136 99
136 16
136 18
136 19
136 189
137 138
137 139
137 143
137 144
137 145
138 137
138 139
138 140
138 141
138 143
139 137
139 138
139 140
139 145
139 149
140 138
140 139
140 141
140 142
140 149
140 150
141 2
141 138
141 140
141 142
141 143
141 146
142 2
142 9
142 11
142 140
142 141
142 150
143 137
143 138
143 141
143 144
143 146
143 147
144 137
144 143
144 145
144 147
144 149
145 144
145 137
145 139
145 149
146 2
146 141
146 143
146 147
146 148
147 143
147 144
147 146
147 148
147 149
147 150
147 151
148 2
148 197
148 201
148 146
148 147
148 151
149 139
149 140
149 144
149 145
149 147
149 150
150 128
150 129
150 131
150 133
150 200
150 11
150 140
150 142
150 147
150 149
150 151
150 184
150 183
151 200
151 201
151 147
151 148
151 150
152 160
152 17
152 21
152 22
152 153
152 154
153 160
153 22
153 152
153 56
153 155
154 160
154 39
154 17
154 152
154 156
155 160
155 57
155 56
155 153
155 60
155 159
156 160
156 67
156 39
156 154
156 157
157 64
157 160
157 67
157 156
157 158
158 64
158 160
158 63
158 157
158 159
159 160
159 155
159 60
159 158
159 63
160 152
160 153
160 154
160 155
160 156
160 157
160 158
160 159
161 133
161 199
161 135
161 26
161 28
161 29
162 192
162 193
162 196
162 197
162 109
162 110
162 20
162 190
162 191
163 128
163 164
163 134
163 12
163 183
164 163
164 134
164 135
164 12
164 29
165 168
165 211
165 166
165 167
166 168
166 211
166 165
166 167
167 168
167 165
167 166
168 211
168 165
168 166
168 167
169 170
169 211
169 171
169 173
170 169
170 171
170 172
170 173
170 174
170 211
171 169
171 170
171 172
171 173
171 174
172 170
172 171
172 174
173 169
173 170
173 171
173 174
173 211
174 170
174 171
174 172
174 173
175 176
175 177
175 211
176 177
176 178
176 211
176 175
177 176
177 178
177 211
177 175
178 176
178 177
178 211
179 1
179 4
179 5
179 181
180 8
180 9
180 2
180 7
181 1
181 3
181 5
181 107
181 179
181 182
181 185
182 3
182 35
182 70
182 42
182 74
182 44
182 77
182 46
182 15
182 181
182 185
182 186
182 187
183 128
183 163
183 11
183 12
183 150
183 184
184 11
184 150
184 183
185 97
185 107
185 181
185 182
185 186
186 97
186 182
186 185
186 187
186 188
187 15
187 16
187 182
187 186
187 188
188 97
188 98
188 16
188 186
188 187
189 99
189 136
189 17
189 19
189 20
189 190
189 191
190 162
190 20
190 189
190 191
191 1
191 162
191 99
191 109
191 189
191 190
192 193
192 162
192 20
192 21
193 192
193 194
193 195
193 196
193 162
193 21
193 22
194 193
194 195
194 201
194 22
194 23
195 193
195 194
195 196
195 197
195 201
196 193
196 162
196 195
196 197
197 162
197 2
197 195
197 196
197 201
197 110
197 148
198 199
198 200
198 201
198 24
198 26
199 161
199 133
199 198
199 200
199 26
200 133
200 198
200 199
200 201
200 150
200 151
201 194
201 195
201 197
201 198
201 200
201 148
201 23
201 151
201 24
202 210
202 203
202 204
203 202
203 204
203 205
204 202
204 203
204 205
204 206
204 207
204 208
204 209
204 210
205 203
205 204
205 206
206 204
206 205
206 207
207 208
207 204
207 206
208 209
208 204
208 207
209 208
209 210
209 204
210 209
210 202
210 204
211 30
211 31
211 33
211 34
211 165
211 166
211 168
211 41
211 42
211 43
211 44
211 45
211 169
211 47
211 48
211 170
211 173
211 51
211 175
211 53
211 176
211 55
211 178
211 177
211 59
211 62
211 66
211 68
