0 1
0 2
0 3
0 5
0 6
0 9
1 0
1 2
1 6
1 7
1 8
1 79
2 0
2 1
2 3
2 4
2 7
2 10
3 0
3 2
3 34
3 4
3 38
3 9
3 42
4 2
4 3
4 10
4 42
4 21
4 27
4 28
5 0
5 6
5 7
5 8
5 9
5 10
5 81
6 0
6 1
6 5
6 78
6 79
6 80
6 81
7 1
7 2
7 5
7 8
7 10
8 1
8 5
8 7
8 79
8 81
8 82
9 0
9 34
9 3
9 36
9 5
9 10
10 2
10 4
10 5
10 36
10 7
10 9
10 27
10 29
11 106
11 12
11 13
11 14
11 108
11 16
12 105
12 106
12 11
12 109
12 13
12 18
13 11
13 12
13 14
13 15
13 18
13 19
14 37
14 11
14 13
14 15
14 16
14 17
14 30
15 13
15 14
15 19
15 25
15 26
15 27
15 30
16 11
16 108
16 109
16 14
16 17
16 18
17 37
17 14
17 16
17 18
17 19
17 26
18 12
18 109
18 13
18 16
18 17
18 19
19 13
19 15
19 17
19 18
19 26
20 32
20 35
20 111
20 112
20 113
20 180
20 21
20 28
20 127
21 4
21 180
21 20
21 25
21 27
21 28
22 33
22 180
22 23
22 24
22 25
22 26
22 31
23 24
23 180
23 22
24 32
24 111
24 180
24 22
24 23
24 31
25 15
25 180
25 21
25 22
25 26
25 27
26 33
26 37
26 15
26 17
26 19
26 22
26 25
27 4
27 10
27 45
27 15
27 21
27 25
27 29
27 30
28 35
28 4
28 41
28 42
28 20
28 21
29 36
29 40
29 10
29 43
29 45
29 46
29 27
30 37
30 40
30 45
30 14
30 15
30 48
30 46
30 27
31 32
31 24
31 22
31 33
32 33
32 34
32 35
32 111
32 112
32 20
32 24
32 127
32 31
33 32
33 34
33 36
33 37
33 22
33 26
33 31
34 32
34 33
34 35
34 36
34 3
34 38
34 39
34 9
34 41
35 32
35 34
35 41
35 20
35 28
36 33
36 34
36 37
36 40
36 9
36 10
36 29
37 33
37 36
37 40
37 14
37 17
37 26
37 30
38 34
38 3
38 39
38 42
38 51
38 52
38 54
39 34
39 38
39 41
39 49
39 52
40 36
40 37
40 46
40 29
40 30
41 34
41 35
41 39
41 42
41 49
41 28
42 3
42 4
42 38
42 41
42 49
42 51
42 28
43 44
43 45
43 46
43 47
43 29
44 43
44 45
44 47
44 48
44 150
44 153
45 43
45 44
45 48
45 27
45 29
45 30
46 40
46 43
46 47
46 48
46 152
46 153
46 29
46 30
47 43
47 44
47 46
47 149
47 150
47 152
48 44
48 45
48 46
48 153
48 30
49 39
49 41
49 42
49 50
49 51
49 52
49 53
50 49
50 177
50 51
50 53
50 54
50 56
51 38
51 42
51 49
51 50
51 54
52 38
52 39
52 49
52 53
52 54
52 55
53 176
53 49
53 50
53 177
53 52
53 55
54 38
54 50
54 51
54 52
54 55
54 56
55 176
55 178
55 52
55 53
55 54
55 56
56 177
56 178
56 50
56 179
56 54
56 55
57 65
57 67
57 58
57 59
57 61
57 62
58 67
58 79
58 80
58 82
58 57
58 59
58 60
59 66
59 68
59 57
59 58
59 60
59 61
60 68
60 78
60 79
60 58
60 59
61 66
61 69
61 57
61 59
61 62
61 63
62 64
62 65
62 70
62 57
62 61
62 63
63 64
63 69
63 71
63 73
63 61
63 62
64 70
64 72
64 73
64 74
64 62
64 63
65 66
65 67
65 69
65 70
65 57
65 62
66 65
66 67
66 68
66 69
66 59
66 61
67 65
67 66
67 68
67 80
67 57
67 58
68 66
68 67
68 78
68 80
68 59
68 60
69 65
69 66
69 70
69 71
69 61
69 63
70 64
70 65
70 69
70 71
70 72
70 62
71 69
71 70
71 72
71 73
71 77
71 63
72 64
72 70
72 71
72 74
72 76
72 77
73 64
73 71
73 74
73 75
73 77
73 63
74 64
74 72
74 73
74 75
74 76
75 73
75 74
75 76
75 77
76 72
76 74
76 75
76 77
77 71
77 72
77 73
77 75
77 76
78 68
78 6
78 79
78 80
78 60
79 1
79 6
79 8
79 78
79 82
79 58
79 60
80 67
80 68
80 6
80 78
80 81
80 82
80 58
81 5
81 6
81 8
81 80
81 82
82 8
82 79
82 80
82 81
82 58
83 84
83 85
83 87
83 88
83 94
83 95
84 100
84 83
84 85
84 86
84 95
85 96
85 99
85 83
85 84
85 86
85 87
85 90
86 100
86 102
86 84
86 85
86 90
86 91
86 92
87 96
87 98
87 83
87 85
87 88
87 89
88 97
88 83
88 87
88 89
88 94
89 88
89 97
89 98
89 87
90 99
90 101
90 85
90 86
90 91
91 101
91 103
91 86
91 90
91 92
91 93
92 102
92 107
92 110
92 86
92 91
92 93
93 103
93 104
93 105
93 110
93 91
93 92
94 96
94 97
94 83
94 88
94 95
95 96
95 99
95 100
95 83
95 84
95 94
96 97
96 98
96 99
96 85
96 87
96 94
96 95
97 96
97 98
97 88
97 89
97 94
98 89
98 97
98 96
98 87
99 96
99 100
99 101
99 85
99 90
99 95
100 99
100 101
100 102
100 84
100 86
100 95
101 99
101 100
101 102
101 103
101 90
101 91
102 100
102 101
102 103
102 107
102 86
102 92
103 101
103 102
103 104
103 107
103 91
103 93
104 103
104 105
104 106
104 107
104 93
105 104
105 106
105 12
105 109
105 110
105 93
106 104
106 105
106 11
106 12
106 107
106 108
107 102
107 103
107 104
107 106
107 108
107 109
107 110
107 92
108 106
108 11
108 107
108 109
108 16
109 105
109 107
109 108
109 12
109 110
109 16
109 18
110 105
110 107
110 109
110 92
110 93
111 32
111 180
111 20
111 24
111 127
112 32
112 113
112 114
112 115
112 20
112 122
112 127
113 112
113 114
113 20
113 122
113 127
114 112
114 113
114 115
114 120
114 121
114 122
114 126
115 112
115 114
115 120
115 121
115 122
116 117
116 118
116 120
116 121
116 124
116 125
116 126
117 116
117 118
117 119
117 120
117 124
117 125
118 116
118 117
118 119
118 123
118 124
119 123
119 124
119 117
119 118
120 114
120 115
120 116
120 117
120 121
120 125
120 126
121 114
121 115
121 116
121 120
121 122
121 126
122 112
122 113
122 114
122 115
122 121
122 127
123 124
123 118
123 119
124 116
124 117
124 118
124 119
124 123
124 125
125 116
125 117
125 120
125 124
125 126
126 114
126 116
126 120
126 121
126 125
127 32
127 111
127 112
127 113
127 20
127 122
128 129
128 130
128 132
128 133
128 136
128 138
129 128
129 130
129 131
129 138
129 151
129 154
130 128
130 129
130 131
130 132
130 137
130 139
131 129
131 130
131 139
131 149
131 150
131 154
132 128
132 130
132 133
132 134
132 137
132 140
133 128
133 132
133 134
133 135
133 136
133 141
134 132
134 133
134 135
134 140
134 142
134 144
135 133
135 134
135 141
135 143
135 144
135 145
136 128
136 133
136 137
136 138
136 140
136 141
137 130
137 132
137 136
137 138
137 139
137 140
138 128
138 129
138 136
138 137
138 139
138 151
139 130
139 131
139 137
139 138
139 149
139 151
140 132
140 134
140 136
140 137
140 141
140 142
141 133
141 135
141 136
141 140
141 142
141 143
142 134
142 140
142 141
142 143
142 144
142 147
143 135
143 141
143 142
143 145
143 147
143 148
144 134
144 135
144 142
144 145
144 146
144 147
145 135
145 143
145 144
145 146
145 148
146 144
146 145
146 147
146 148
147 142
147 143
147 144
147 146
147 148
148 145
148 146
148 147
148 143
149 131
149 139
149 47
149 150
149 151
149 152
150 131
150 44
150 47
150 149
150 153
150 154
151 129
151 138
151 139
151 149
151 152
151 153
151 154
152 46
152 47
152 149
152 151
152 153
153 44
153 46
153 48
153 150
153 151
153 152
153 154
154 129
154 131
154 150
154 151
154 153
155 160
155 163
155 166
155 156
155 157
155 159
156 161
156 163
156 169
156 155
156 157
156 158
157 164
157 165
157 155
157 156
157 158
157 159
158 161
158 162
158 164
158 170
158 156
158 157
159 160
159 165
159 167
159 171
159 174
159 155
159 157
160 166
160 168
160 171
160 172
160 155
160 159
161 162
161 169
161 178
161 179
161 156
161 158
162 161
162 170
162 177
162 179
162 158
163 164
163 165
163 166
163 169
163 155
163 156
164 163
164 165
164 169
164 170
164 157
164 158
165 163
165 164
165 166
165 167
165 157
165 159
166 160
166 163
166 165
166 167
166 168
166 155
167 165
167 166
167 168
167 174
167 159
168 160
168 166
168 167
168 172
168 174
168 175
169 161
169 163
169 164
169 170
169 178
169 156
170 162
170 164
170 169
170 176
170 177
170 178
170 158
171 160
171 172
171 173
171 174
171 159
172 160
172 168
172 171
172 173
172 175
173 171
173 172
173 174
173 175
174 167
174 168
174 171
174 173
174 175
174 159
175 168
175 172
175 173
175 174
176 170
176 177
176 178
176 53
176 55
177 162
177 170
177 176
177 50
177 179
177 53
177 56
178 161
178 169
178 170
178 176
178 179
178 55
178 56
179 161
179 162
179 177
179 178
179 56
180 111
180 20
180 21
180 22
180 23
180 24
180 25
