0 4
3 5
4 0
4 41
5 3
6 10
7 9
9 7
10 6
10 32
10 46
11 15
11 50
14 16
15 11
15 33
15 50
16 14
17 18
17 21
18 17
18 20
19 22
20 18
21 17
22 19
22 28
28 22
29 49
30 45
31 112
32 10
32 46
33 15
38 44
41 4
41 57
42 58
43 51
44 38
44 53
45 30
45 56
46 10
46 32
48 151
49 29
50 11
50 15
51 43
53 44
56 45
57 41
58 42
59 80
60 84
63 65
64 66
65 63
66 64
67 82
68 81
71 72
71 73
72 71
72 74
73 71
73 74
74 72
74 73
74 79
75 76
76 75
76 78
78 76
78 79
79 74
79 78
80 59
81 68
82 67
84 60
85 87
85 96
85 97
85 98
86 92
87 85
87 96
87 97
88 94
88 102
89 90
89 100
90 89
90 99
90 100
92 86
94 88
94 104
94 109
95 106
96 85
96 87
96 97
96 98
96 99
96 101
97 85
97 87
97 96
97 98
97 101
98 85
98 96
98 97
98 101
99 90
99 96
99 100
100 89
100 90
100 99
101 96
101 97
101 98
102 88
102 103
103 102
103 105
104 94
104 105
104 108
105 103
105 104
105 107
106 95
107 105
108 104
109 94
110 126
112 31
112 113
113 112
113 125
114 119
119 114
120 121
121 120
125 113
126 110
127 148
128 152
130 138
131 133
132 134
132 140
133 131
134 132
134 140
134 142
135 136
135 150
136 135
136 149
138 130
139 141
139 142
140 132
140 134
140 142
141 139
141 142
142 134
142 139
142 140
142 141
143 144
143 146
144 143
144 147
146 143
146 147
147 144
147 146
148 127
149 136
150 135
151 48
152 128
155 157
156 158
157 155
158 156
158 166
159 167
159 179
160 175
162 165
164 165
164 166
165 162
165 164
165 166
166 158
166 164
166 165
167 159
167 176
168 174
169 172
170 173
172 169
172 173
173 170
173 172
174 168
175 160
176 167
179 159
