0 98
2 3
2 179
2 181
3 2
3 179
5 6
6 5
6 7
7 6
7 9
7 180
9 7
9 183
9 184
10 27
10 163
10 164
12 16
13 136
14 187
15 17
15 37
15 154
16 12
16 17
16 136
17 15
17 16
17 136
17 189
18 19
18 152
18 192
18 193
19 18
19 152
19 192
19 193
20 21
20 22
20 54
20 153
20 194
21 20
21 22
21 194
21 198
21 201
22 20
22 21
22 153
22 194
23 24
24 23
24 26
24 199
26 24
26 27
27 10
27 26
37 15
37 154
37 156
38 210
48 50
49 172
50 48
54 20
54 55
54 153
54 155
55 54
55 155
58 159
60 165
61 158
62 157
62 209
63 209
65 156
68 69
68 77
69 68
77 68
79 80
79 82
79 86
80 79
80 81
80 82
81 80
81 82
82 79
82 80
82 81
82 83
83 82
83 84
83 86
84 83
86 79
86 83
88 90
90 88
91 93
92 101
92 104
93 91
95 186
98 0
101 92
103 105
104 92
104 105
105 103
105 104
107 112
108 109
109 108
111 115
112 107
113 114
114 113
115 111
115 118
117 119
118 115
118 119
119 117
119 118
121 124
121 129
122 123
123 122
124 121
124 129
125 126
126 125
126 128
127 134
128 126
129 121
129 124
130 131
131 130
132 135
133 142
134 127
135 132
136 13
136 16
136 17
136 189
138 139
138 145
139 138
140 141
140 150
141 140
142 133
143 144
144 143
145 138
146 147
147 146
148 151
149 180
150 140
151 148
152 18
152 19
152 192
152 193
153 20
153 22
153 54
153 194
154 15
154 37
155 54
155 55
156 37
156 65
157 62
158 61
159 58
161 199
162 195
162 196
163 10
163 164
164 10
164 163
165 60
166 168
168 166
171 174
172 49
174 171
179 2
179 3
180 7
180 149
181 2
183 9
183 184
184 9
184 183
185 186
186 95
186 185
187 14
187 188
188 187
189 17
189 136
189 190
190 189
190 191
191 190
192 18
192 19
192 152
192 193
192 196
193 18
193 19
193 152
193 192
193 196
194 20
194 21
194 22
194 153
194 195
195 162
195 194
195 196
196 162
196 192
196 193
196 195
198 21
198 199
198 200
199 24
199 161
199 198
200 198
201 21
204 205
205 204
209 62
209 63
210 38
