0 3
2 4
3 0
3 38
3 54
4 2
5 9
7 10
7 29
9 5
10 7
10 29
10 43
11 14
11 30
11 106
13 15
14 11
14 30
14 48
15 13
16 17
17 16
17 18
17 19
18 17
18 19
19 17
19 18
20 113
27 45
28 42
29 7
29 10
29 43
30 11
30 14
30 48
35 41
38 3
38 54
39 52
40 46
41 35
41 49
42 28
42 51
43 10
43 29
45 27
46 40
47 152
48 14
48 30
49 41
51 42
52 39
54 3
54 38
58 82
60 79
61 63
62 64
62 70
63 61
64 62
64 72
65 66
66 65
67 80
68 78
69 71
70 62
70 72
71 69
71 72
72 64
72 70
72 71
73 74
74 73
74 76
76 74
76 77
77 76
78 68
79 60
80 67
82 58
83 84
83 85
83 94
83 95
84 83
84 94
84 95
85 83
85 90
85 96
86 92
86 102
87 88
87 98
88 87
88 97
88 98
90 85
91 93
92 86
92 102
92 107
92 110
93 91
93 105
94 83
94 84
94 95
94 96
94 99
95 83
95 84
95 94
95 96
95 99
96 85
96 94
96 95
96 99
97 88
97 98
98 87
98 88
98 97
99 94
99 95
99 96
100 101
101 100
101 103
102 86
102 92
102 103
102 107
103 101
103 102
103 104
103 107
104 103
105 93
106 11
107 92
107 102
107 103
110 92
113 20
114 126
115 120
120 115
121 122
122 121
126 114
128 136
129 138
129 154
131 150
132 134
133 135
134 132
135 133
135 143
136 128
138 129
138 151
139 149
140 141
140 142
141 140
141 142
141 143
142 140
142 141
142 143
143 135
143 141
143 142
144 147
145 148
147 144
147 148
148 145
148 147
149 139
150 131
151 138
152 47
154 129
155 160
156 163
157 159
159 157
160 155
160 168
161 179
162 177
163 156
165 167
166 168
167 165
168 160
168 166
169 178
170 176
171 174
172 175
174 171
174 175
175 172
175 174
176 170
177 162
178 169
179 161
