 -0.499837   0.215487  -0.083263
 -0.454165   0.208979  -0.009109
 -0.211047   0.197475   0.101140
 -0.197946   0.256840  -0.033175
 -0.197463   0.232053  -0.166118
 -0.220764   0.216251  -0.272088
 -0.417628   0.203773   0.050215
  0.031523   0.172470   0.144547
  0.055652   0.236984  -0.023749
  0.016978   0.240825  -0.195420
 -0.034607   0.194982  -0.325179
 -0.357657   0.150190   0.229434
  0.238461   0.102994   0.180629
  0.273928   0.179853  -0.017520
  0.201136   0.191073  -0.225643
  0.110704   0.160578  -0.368695
 -0.232299   0.068088   0.400295
  0.431109   0.014408   0.213766
  0.466347   0.074015  -0.014641
  0.368849   0.101838  -0.257037
  0.241998   0.112703  -0.409967
