  0.500000   0.255350  -0.110912
  0.372734   0.217662   0.059403
  0.018463   0.314615   0.082343
  0.015192   0.317897  -0.061082
 -0.001331   0.315936  -0.217496
  0.008760   0.309557  -0.355299
  0.270921   0.187513   0.195656
 -0.152213   0.298883   0.095060
 -0.168277   0.316385  -0.064982
 -0.138596   0.301141  -0.222514
 -0.135036   0.290701  -0.363497
  0.177782   0.110736   0.333750
 -0.305162   0.258942   0.108376
 -0.348470   0.289169  -0.067080
 -0.295966   0.254213  -0.226522
 -0.247162   0.231220  -0.366999
  0.072625   0.062170   0.414097
 -0.408117   0.227376   0.117607
 -0.493847   0.258144  -0.068163
 -0.413371   0.203829  -0.228618
 -0.325984   0.208664  -0.370040
