0.215857 0.382950 -0.388796 0.152712 0.644728 -0.749002
0.041361 0.416879 -0.359952 -0.052197 0.880043 -0.472017
0.153778 0.436327 -0.244040 0.005982 0.990667 -0.136173
0.032398 0.407113 -0.275935 -0.376604 0.915638 -0.140631
0.033345 0.433357 -0.233806 -0.137936 0.989513 -0.042859
0.026640 0.411617 -0.153408 -0.236682 0.971031 -0.032864
0.152621 0.436208 -0.073182 -0.047839 0.997053 0.059968
0.086295 0.206168 -0.411352 -0.161907 -0.736895 -0.656333
-0.020962 0.241386 -0.403906 -0.154066 -0.937722 -0.311354
-0.030005 0.311720 -0.432088 -0.033197 0.135336 -0.990243
0.246451 0.259357 -0.424095 0.155008 -0.064258 -0.985821
0.070559 0.292785 -0.433428 0.051889 0.073892 -0.995915
0.294019 0.143759 -0.369605 -0.007141 -0.806839 -0.590729
0.028704 0.439629 -0.069573 -0.078327 0.996679 0.022250
0.028652 0.408093 0.011514 -0.206182 0.962822 0.174533
0.159793 0.414747 0.079243 0.025855 0.895698 0.443912
0.122528 0.094965 0.440019 -0.084707 0.517253 0.851630
0.167342 0.201675 0.318707 -0.528046 0.758123 0.382645
0.084767 0.122081 0.395673 -0.690903 0.682776 0.237633
0.139108 0.033593 0.433559 0.411181 -0.414642 0.811789
0.246947 0.176520 0.367518 0.268148 0.523835 0.808513
0.295290 0.096208 0.359952 0.677072 -0.412605 0.609369
0.132192 0.152858 0.267280 -0.866446 0.192039 -0.460861
0.055341 0.079833 0.357911 -0.918804 0.139353 -0.369298
0.058488 0.044552 0.409784 -0.759306 -0.344534 0.552043
0.124951 0.000000 0.385011 0.072583 -0.976996 -0.200528
0.355254 0.279837 0.244342 0.202101 0.701561 0.683350
0.423820 0.338529 0.137524 0.414657 0.681551 0.602949
0.488926 0.236431 0.100994 0.962626 0.000393 0.270834
0.488926 0.119955 0.026965 0.794911 -0.604731 0.049156
0.488926 0.392545 0.026965 0.863185 0.418813 0.281970
0.368253 0.404119 0.047599 0.112353 0.933841 0.339585
0.488926 0.430107 -0.111012 0.609020 0.792796 0.023868
0.488926 0.393629 -0.279293 0.773407 0.497755 -0.392532
0.488926 0.135936 -0.261749 0.796281 -0.573629 -0.192060
0.488926 0.259357 -0.334843 0.885340 -0.077752 -0.458397
0.367825 0.391895 -0.336907 0.196684 0.796747 -0.571411
0.358589 0.423653 -0.227010 0.088631 0.978698 -0.185189
0.388585 0.262470 -0.380723 0.360709 0.065870 -0.930350
0.351388 0.437496 -0.095196 0.042911 0.996741 0.068309
0.488926 0.129539 -0.146299 0.729368 -0.683076 -0.037811
0.292109 0.138462 -0.093309 -0.238811 -0.957925 -0.159211
0.296767 0.136449 -0.156328 -0.220825 -0.970201 0.099733
0.386344 0.135332 -0.135129 0.003786 -0.997407 -0.071869
0.285176 0.103591 0.011828 -0.215248 -0.971172 -0.102436
0.398642 0.105957 0.019451 0.088821 -0.987829 -0.127693
0.193792 0.157482 -0.044355 -0.372958 -0.923254 -0.092222
0.102755 0.193630 -0.131435 -0.321680 -0.946013 0.039774
0.097630 0.199634 0.006491 -0.325515 -0.945535 0.001740
0.131833 0.187353 0.048483 -0.472908 -0.879368 -0.055402
0.214329 0.128746 0.158112 -0.375245 -0.915750 -0.143506
0.073826 0.210963 0.165541 -0.395256 -0.831478 0.390405
0.176202 0.090506 0.254525 -0.350203 -0.712389 -0.608161
0.257147 0.057774 0.308057 0.195445 -0.966207 -0.168064
0.091403 0.025788 0.342825 -0.553023 -0.530387 -0.642538
-0.023197 0.226870 0.138830 -0.162852 -0.891407 0.422934
-0.023733 0.242281 0.056243 -0.337435 -0.816018 -0.469311
-0.024589 0.242281 -0.015534 -0.281571 -0.925101 0.254766
0.111125 0.174285 -0.256726 -0.317592 -0.947923 -0.024046
0.295513 0.123592 -0.257564 -0.133768 -0.990680 -0.025680
0.406225 0.133507 -0.312652 0.316686 -0.674013 -0.667395
-0.028836 0.242281 -0.267034 -0.234730 -0.915858 -0.325740
-0.028118 0.242281 -0.315389 -0.383178 -0.872759 0.302436
-0.413205 0.287734 -0.227015 -0.680068 0.712850 -0.171325
-0.386140 0.242777 -0.290947 -0.344367 0.244865 -0.906340
-0.418639 0.199993 -0.225624 -0.756825 -0.653364 0.018214
-0.315612 0.174781 -0.261880 0.105171 -0.747821 -0.655517
-0.318075 0.171377 -0.189944 0.014444 -0.582844 0.812456
-0.235631 0.374540 -0.225812 -0.336202 0.930741 -0.143839
-0.215801 0.317325 -0.293529 -0.070870 0.254009 -0.964602
-0.168735 0.228210 -0.263688 0.117471 -0.594397 -0.795545
-0.228630 0.167044 -0.340972 0.159310 -0.756592 0.634184
-0.182048 0.308505 -0.304442 -0.165171 0.325334 0.931062
-0.308463 0.231978 -0.314591 -0.511419 0.215348 0.831911
-0.329632 0.171702 -0.381333 -0.618460 -0.785360 0.026786
-0.325003 0.248365 -0.382610 -0.794113 0.601998 -0.083568
-0.197608 0.346203 -0.378859 -0.444530 0.879841 -0.168146
-0.395975 0.264289 -0.162400 -0.382376 0.261209 0.886317
-0.222044 0.333648 -0.156835 -0.068651 0.248592 0.966172
-0.168701 0.225821 -0.188444 0.152995 -0.723651 0.672995
-0.471623 0.304325 -0.125613 -0.306627 0.354208 -0.883469
-0.252553 0.403327 -0.064003 -0.208590 0.977979 -0.006810
-0.243699 0.361763 -0.132222 -0.072896 0.289661 -0.954349
-0.400599 0.213198 -0.105156 -0.003035 -0.748390 -0.663252
-0.197060 0.250223 -0.108971 -0.013190 -0.731632 -0.681572
-0.483802 0.337964 -0.063615 -0.522015 0.852920 -0.005261
-0.500000 0.251894 -0.061939 -0.817524 -0.575855 0.006724
-0.226777 0.170174 -0.420890 0.144790 -0.702461 -0.696839
-0.129976 0.223928 -0.413342 0.324263 -0.747329 -0.579959
-0.131988 0.221887 -0.330646 0.147805 -0.691445 0.707147
-0.305053 0.219065 -0.440019 -0.377771 0.216945 -0.900124
-0.166363 0.286628 -0.438970 -0.044005 0.284983 -0.957522
-0.390969 0.266353 0.188370 -0.310224 0.326218 0.892941
-0.415925 0.221659 0.124633 -0.806743 -0.590866 0.006590
-0.332916 0.184496 0.160912 0.016401 -0.679088 0.733874
-0.415235 0.293612 0.126030 -0.615580 0.782668 0.092151
-0.217112 0.317291 0.181072 0.018819 0.305043 0.952153
-0.239930 0.361249 0.114712 -0.251771 0.960853 0.115645
-0.336286 0.186874 0.072167 -0.004284 -0.732238 -0.681036
-0.176010 0.229949 0.152644 0.181020 -0.768087 0.614226
-0.398347 0.275829 0.058603 -0.462330 0.375487 -0.803281
-0.224610 0.334475 0.041658 -0.149860 0.370610 -0.916619
-0.180309 0.238427 0.063113 0.028497 -0.681406 -0.731350
-0.471162 0.305392 0.001411 -0.309908 0.390086 0.867058
-0.401683 0.215313 -0.016047 -0.054444 -0.584492 0.809571
-0.243214 0.362777 0.005545 -0.058666 0.322908 0.944610
-0.198161 0.252356 -0.013766 0.048033 -0.712571 0.699954
0.058164 0.337086 -0.420930 0.003659 0.510121 -0.860095
-0.040120 0.387665 -0.372433 -0.296848 0.933787 -0.199806
0.037575 0.410174 0.089717 -0.068435 0.855567 0.513150
0.059914 0.311925 0.187646 -0.133105 0.339101 0.931286
-0.045929 0.384552 0.097904 -0.173251 0.971044 0.164493
-0.037543 0.328004 0.168364 -0.020799 0.233862 0.972047
0.200052 0.288800 0.215373 -0.199191 0.681159 0.704518
0.157097 0.197325 0.188462 -0.881542 -0.152120 0.446927
0.419242 0.180990 0.232420 0.767405 -0.068906 0.637449
0.359900 0.097354 0.178894 0.237135 -0.970536 0.042733
0.434414 0.110405 0.091142 0.534726 -0.810257 0.239901
0.456975 0.207832 0.170576 0.891009 -0.050358 0.451184
0.400244 0.126283 -0.259925 0.064057 -0.997794 0.017429
-0.023990 0.239995 -0.113327 -0.345199 -0.869849 -0.352421
-0.026670 0.239995 -0.188444 -0.367266 -0.878601 0.305248
-0.045211 0.409365 -0.226120 -0.254943 0.962704 -0.090579
-0.043763 0.347041 -0.298034 -0.651797 0.594963 -0.470298
-0.045536 0.358325 -0.152753 -0.772671 0.564120 -0.291117
-0.045741 0.420471 -0.066585 -0.173328 0.984864 -0.000369
-0.044846 0.359271 0.019206 -0.671307 0.592832 0.444857
0.500000 0.255350 -0.110912 1.000000 0.000000 0.000000
