0 1
0 37
0 38
0 39
0 110
0 48
1 0
1 2
1 110
1 48
1 49
1 50
2 1
2 110
2 47
2 50
2 51
2 52
3 4
3 5
3 7
3 71
3 11
3 110
3 16
3 24
4 3
4 5
4 71
4 73
4 76
4 78
5 3
5 4
5 110
5 76
6 7
6 8
6 9
6 10
6 72
6 77
6 110
6 23
7 3
7 6
7 71
7 8
7 72
7 11
7 21
8 32
8 33
8 35
8 6
8 7
8 9
8 15
8 17
8 18
8 21
9 32
9 33
9 6
9 8
9 10
9 22
9 28
9 29
9 30
10 6
10 9
10 23
10 28
10 29
11 3
11 7
11 21
11 24
11 25
12 80
12 81
12 13
12 14
13 74
13 12
13 14
13 79
13 81
14 74
14 75
14 12
14 13
14 80
15 8
15 16
15 17
15 18
15 19
15 20
15 21
16 3
16 110
16 15
16 17
16 21
16 24
17 32
17 8
17 110
17 15
17 16
17 22
18 8
18 15
18 82
18 19
18 84
18 21
18 20
19 18
19 20
19 82
19 15
20 15
20 82
20 83
20 19
20 21
20 18
20 84
21 7
21 8
21 11
21 15
21 16
21 18
21 20
21 24
21 25
21 27
22 32
22 9
22 110
22 17
22 23
22 29
23 6
23 10
23 110
23 22
23 29
24 3
24 11
24 16
24 21
24 25
24 26
24 27
25 90
25 11
25 21
25 24
25 89
25 26
25 27
26 24
26 25
26 27
26 89
27 90
27 21
27 24
27 89
27 26
27 91
27 25
28 96
28 97
28 98
28 9
28 10
28 29
28 30
28 31
29 9
29 10
29 22
29 23
29 28
29 30
29 31
30 96
30 98
30 9
30 28
30 29
30 31
31 98
31 28
31 29
31 30
32 33
32 34
32 35
32 8
32 9
32 17
32 22
33 32
33 34
33 35
33 103
33 8
33 9
33 105
34 32
34 33
34 35
34 103
35 32
35 33
35 34
35 103
35 8
35 104
35 105
36 37
36 41
36 42
36 43
36 110
37 0
37 36
37 38
37 40
37 41
37 110
38 0
38 37
38 39
38 40
38 57
38 58
38 59
39 0
39 57
39 48
39 38
40 41
40 59
40 37
40 38
41 36
41 37
41 40
41 42
41 59
41 60
41 61
42 41
42 43
42 36
42 61
43 65
43 36
43 70
43 42
43 44
43 110
43 61
44 65
44 43
44 45
44 110
45 65
45 66
45 44
45 46
45 110
45 63
46 54
46 45
46 110
46 63
47 2
47 110
47 52
47 53
47 54
48 0
48 1
48 39
48 49
48 55
48 56
48 57
49 48
49 1
49 50
49 55
50 1
50 2
50 68
50 69
50 49
50 51
50 55
51 50
51 2
51 52
51 68
52 64
52 2
52 67
52 68
52 47
52 51
52 53
53 64
53 52
53 54
53 47
54 64
54 46
54 110
54 47
54 53
54 62
54 63
55 69
55 110
55 48
55 49
55 50
55 56
56 48
56 57
56 110
56 55
57 38
57 39
57 110
57 48
57 56
57 58
58 57
58 110
58 59
58 38
59 38
59 40
59 41
59 110
59 58
59 60
60 41
60 59
60 61
60 110
61 70
61 41
61 42
61 43
61 110
61 60
62 64
62 54
62 110
62 63
63 66
63 45
63 46
63 110
63 54
63 62
64 67
64 110
64 52
64 53
64 54
64 62
65 66
65 70
65 43
65 44
65 45
65 110
66 65
66 45
66 110
66 63
67 64
67 68
67 110
67 52
68 67
68 69
68 110
68 50
68 51
68 52
69 50
69 68
69 110
69 55
70 65
70 43
70 61
70 110
71 3
71 4
71 7
71 72
71 73
71 74
71 78
71 79
72 6
72 7
72 71
72 73
72 76
72 77
72 110
73 4
73 71
73 72
73 74
73 75
73 76
73 78
74 71
74 73
74 75
74 13
74 14
74 79
75 73
75 74
75 78
75 79
75 80
75 14
76 4
76 5
76 72
76 73
76 110
77 72
77 110
77 6
78 4
78 71
78 73
78 75
78 79
79 71
79 74
79 75
79 13
79 78
79 80
79 81
80 75
80 12
80 14
80 79
80 81
81 80
81 12
81 13
81 79
82 18
82 83
82 19
82 20
82 84
82 86
82 87
83 82
83 20
83 85
83 84
83 87
84 18
84 83
84 20
84 85
84 82
84 86
85 83
85 84
85 86
85 87
85 88
86 82
86 84
86 85
86 87
86 88
87 82
87 83
87 85
87 86
87 88
88 85
88 86
88 87
89 90
89 27
89 25
89 26
89 91
89 92
89 94
90 91
90 94
90 89
90 27
90 93
90 25
91 89
91 90
91 27
91 92
91 93
92 89
92 91
92 93
92 94
92 95
93 90
93 91
93 92
93 94
93 95
94 89
94 90
94 92
94 93
94 95
95 92
95 93
95 94
96 97
96 98
96 99
96 101
96 28
96 30
97 96
97 98
97 99
97 100
97 28
98 96
98 97
98 100
98 101
98 28
98 30
98 31
99 96
99 97
99 100
99 101
99 102
100 97
100 98
100 99
100 101
100 102
101 96
101 98
101 99
101 100
101 102
102 99
102 100
102 101
103 33
103 34
103 35
103 104
103 105
103 107
103 108
104 35
104 103
104 105
104 106
104 108
105 33
105 35
105 103
105 104
105 106
105 107
106 104
106 105
106 107
106 108
106 109
107 103
107 105
107 106
107 108
107 109
108 103
108 104
108 106
108 107
108 109
109 106
109 107
109 108
110 0
110 1
110 2
110 3
110 5
110 6
110 16
110 17
110 22
110 23
110 36
110 37
110 43
110 44
110 45
110 46
110 47
110 54
110 55
110 56
110 57
110 58
110 59
110 60
110 61
110 62
110 63
110 64
110 65
110 66
110 67
110 68
110 69
110 70
110 72
110 76
110 77
