-0.484465 0.461938 0.246515 -0.866218 0.191034 0.461706
-0.493756 0.211852 -0.006240 -0.824714 -0.565173 -0.020650
-0.489982 0.291633 0.171488 -0.826967 -0.390032 0.404970
-0.491168 0.618666 -0.148553 -0.796912 0.563082 -0.218791
-0.490279 0.302118 -0.206799 -0.806738 -0.402225 -0.432883
-0.492659 0.463102 -0.250601 -0.801092 0.079500 -0.593239
-0.221678 0.490115 0.221044 -0.256501 0.663805 0.702546
-0.458860 0.347936 0.199866 -0.628033 0.247805 0.737677
-0.216294 0.330555 0.283887 -0.134435 -0.212541 0.967860
-0.211074 0.444786 -0.291918 0.281894 -0.856527 -0.432317
-0.045885 0.498235 -0.083054 0.467186 -0.879845 -0.087236
-0.110991 0.460633 0.172682 0.569411 -0.816555 -0.094919
-0.082680 0.483679 -0.198494 0.516242 -0.845538 -0.136235
-0.107580 0.466780 -0.298874 0.057095 -0.471547 -0.879991
-0.062236 0.493282 0.158993 0.312312 -0.130872 0.940922
0.218452 0.333484 0.292934 0.985717 -0.105540 0.131241
0.167035 0.331341 0.243415 0.323560 -0.146708 -0.934765
0.167947 0.364465 0.264408 0.179450 0.969626 0.166200
-0.082287 0.617360 -0.031696 0.231768 0.972757 -0.005274
-0.171662 0.621387 -0.089513 -0.249693 0.953733 -0.167474
-0.165404 0.634860 0.044562 -0.282085 0.913808 0.292205
0.132703 0.527199 -0.084507 0.101089 -0.319889 -0.942047
0.125465 0.614876 -0.032134 0.180891 0.983024 0.030708
0.132539 0.523773 0.026120 0.020768 -0.093318 0.995420
-0.051840 0.495403 0.039838 0.543753 -0.839243 -0.001877
-0.189614 0.583859 -0.209587 -0.278939 0.913883 -0.294977
-0.211437 0.540324 -0.286223 -0.539753 0.467328 -0.700194
-0.084986 0.609374 0.099234 0.119899 0.947145 0.297559
0.125191 0.516032 0.149746 0.102732 -0.344263 0.933236
0.147392 0.600832 0.108073 0.189845 0.975441 0.111687
0.134527 0.526420 0.043145 0.028376 -0.083093 -0.996138
0.047131 0.483827 -0.322587 -0.069916 -0.577162 -0.813631
-0.112207 0.565684 -0.263236 0.071986 0.959909 -0.270910
0.060530 0.501001 -0.225448 0.176413 0.188879 0.966024
0.049319 0.566729 -0.285252 0.141844 0.971233 -0.191274
-0.094106 0.596672 -0.141241 0.126413 0.970478 -0.205408
0.095137 0.529194 -0.212034 0.077894 -0.391266 -0.916975
0.093239 0.606838 -0.165185 0.080062 0.991477 -0.102780
0.104391 0.539961 -0.100962 0.135375 -0.046228 0.989715
-0.252436 0.105096 0.145757 -0.587069 -0.738456 0.331712
-0.305492 0.000000 -0.007790 -0.728291 -0.684793 -0.025500
-0.315606 0.151196 0.322409 -0.743766 -0.468390 0.476888
-0.259295 0.332446 0.358358 -0.592841 -0.293422 0.749962
-0.323392 0.488936 0.449988 -0.761392 -0.010660 0.648204
-0.259873 0.618139 0.362377 -0.791048 0.444245 0.420583
-0.319966 0.771834 0.325287 -0.925796 0.306361 0.221461
-0.252621 0.801458 0.139098 -0.823339 0.547478 0.149600
-0.304498 0.891048 -0.033550 -0.906595 0.418268 -0.056001
-0.243404 0.106786 -0.157599 -0.573096 -0.736947 -0.358427
-0.292634 0.154118 -0.336387 -0.680853 -0.488337 -0.545863
-0.237220 0.325001 -0.360531 -0.516400 -0.268369 -0.813209
-0.288385 0.475671 -0.449988 -0.679233 0.046306 -0.732460
-0.237746 0.589865 -0.343298 -0.544869 0.430092 -0.719818
-0.293605 0.735677 -0.300928 -0.674612 0.511498 -0.532230
-0.243538 0.782304 -0.151014 -0.718089 0.691351 -0.079893
-0.294680 0.163305 -0.326584 0.911677 0.265988 0.313203
-0.245851 0.116337 -0.153610 0.828376 0.494076 0.263973
-0.306359 0.012613 -0.007886 0.921627 0.386901 0.030192
-0.255580 0.115655 0.141078 0.834970 0.509600 -0.207684
-0.316718 0.160213 0.312636 0.925274 0.273718 -0.262576
-0.262528 0.336324 0.347021 0.841748 0.207918 -0.498227
-0.327100 0.487750 0.431784 0.932629 0.010458 -0.360686
-0.245421 0.774036 -0.147448 0.815469 -0.493092 0.303101
-0.302118 0.876322 -0.032408 0.916759 -0.395267 0.057584
-0.295978 0.727002 -0.291844 0.898778 -0.297652 0.321873
-0.324304 0.758924 0.311405 0.930259 -0.299124 -0.212468
-0.257990 0.789045 0.133670 0.832706 -0.538227 -0.130047
-0.242403 0.585579 -0.332398 0.815080 -0.275405 0.509703
-0.289527 0.475218 -0.438205 0.908763 -0.024090 0.416616
-0.240379 0.328827 -0.350535 0.825030 0.178265 0.536234
-0.268000 0.610961 0.345552 0.855794 -0.217238 -0.469494
-0.107632 0.403676 0.184813 0.782688 0.471598 -0.406196
-0.138968 0.249129 0.187705 0.327186 -0.882183 -0.338679
-0.396016 0.284418 -0.033246 0.309546 -0.869031 -0.385962
0.029105 0.382217 0.218656 0.261760 0.399694 -0.878480
0.023684 0.273821 0.229964 0.142401 -0.985952 -0.087294
-0.425003 0.233431 0.134167 -0.464555 -0.863482 0.196436
-0.397611 0.330941 -0.226153 -0.686148 -0.286951 -0.668476
-0.105622 0.338007 0.300802 -0.101233 -0.211273 0.972171
0.040695 0.343724 0.311398 -0.032749 0.403445 0.914418
0.159509 0.298247 0.274537 0.130528 -0.907713 0.398772
0.159331 0.335872 0.304924 0.110127 0.136561 0.984491
0.300887 0.546760 -0.028797 0.485202 0.873969 0.027515
0.267088 0.488618 0.016288 -0.231875 -0.406398 0.883784
0.270321 0.489063 -0.074326 -0.295814 -0.632343 -0.715986
0.404974 0.352652 -0.027611 -0.490969 -0.870544 -0.033203
0.459261 0.395720 -0.063381 0.388560 0.272119 -0.880325
0.461092 0.391100 -0.003563 0.425503 0.307188 0.851224
0.500000 0.339698 -0.031607 0.586536 -0.805943 -0.080200
0.306167 0.533272 0.099012 0.521278 0.844269 0.124416
0.266317 0.478963 0.145075 -0.331758 -0.705903 0.625810
0.274993 0.487127 0.059014 -0.283565 -0.464924 -0.838711
0.432410 0.388572 0.072636 0.477589 0.253676 -0.841164
0.393770 0.347121 0.106760 -0.572774 -0.811459 -0.116041
0.430490 0.382677 0.131453 0.467818 0.305905 0.829197
0.463866 0.322954 0.103564 0.711021 -0.701591 -0.047102
0.157284 0.465972 -0.245751 -0.216159 -0.561485 0.798756
0.148794 0.456777 -0.321045 -0.275674 -0.482715 -0.831258
0.186708 0.516477 -0.291429 0.550751 0.821817 -0.145908
0.236812 0.363961 -0.278289 -0.588735 -0.805152 0.071558
0.275393 0.387341 -0.302915 0.442151 0.126989 -0.887906
0.277069 0.382877 -0.259039 0.515734 0.281040 0.809342
0.292693 0.336176 -0.280343 0.464347 -0.879144 -0.107181
0.247913 0.566040 -0.170316 0.447468 0.875164 -0.184014
0.217473 0.530135 -0.119930 -0.220043 -0.335783 0.915877
0.214240 0.510693 -0.201616 -0.290342 -0.792423 -0.536439
0.360097 0.381549 -0.147833 -0.520438 -0.832327 0.190726
0.388208 0.420442 -0.185206 0.394615 0.201052 -0.896581
0.392124 0.429029 -0.126426 0.506707 0.448971 0.735984
0.423527 0.374928 -0.155137 0.822778 -0.567667 0.028123
-0.500000 0.451961 0.001566 0.321910 0.932697 0.162637
