  0.500000   0.451961  -0.000322
  0.310754   0.396694   0.112277
  0.101338   0.538073   0.093940
  0.079557   0.542580  -0.027082
  0.069798   0.534427  -0.143831
  0.158649   0.502388  -0.240886
  0.159357   0.352479   0.202357
 -0.110975   0.543074   0.089414
 -0.125048   0.542234  -0.032204
 -0.117708   0.545871  -0.151110
 -0.028196   0.514767  -0.263575
 -0.023772   0.334248   0.251958
 -0.303004   0.474024   0.093444
 -0.309868   0.478961  -0.029980
 -0.273202   0.496952  -0.150942
 -0.176208   0.467245  -0.277184
 -0.201830   0.334366   0.290462
 -0.446720   0.342190   0.105312
 -0.467607   0.384227  -0.023646
 -0.395373   0.397338  -0.144311
 -0.278878   0.360030  -0.281012
