 -0.500000   0.255350  -0.111306
 -0.365742   0.221261   0.054895
 -0.021362   0.317861   0.079838
 -0.008575   0.312271  -0.064582
  0.001093   0.294782  -0.231459
 -0.018849   0.305253  -0.347578
 -0.258335   0.193990   0.187855
  0.151085   0.298776   0.095932
  0.160699   0.319760  -0.066505
  0.143226   0.299978  -0.228353
  0.137014   0.283593  -0.364466
 -0.175813   0.117092   0.325956
  0.305650   0.261938   0.111386
  0.344709   0.288609  -0.066171
  0.295947   0.253077  -0.222046
  0.247370   0.226423  -0.373778
 -0.076973   0.097474   0.401490
  0.413959   0.228700   0.122622
  0.489066   0.250768  -0.065118
  0.409123   0.206407  -0.216393
  0.327130   0.193500  -0.380995
