0 1
0 2
0 36
0 38
0 10
0 11
0 107
1 0
1 2
1 3
1 9
1 107
1 108
2 0
2 1
2 3
2 4
2 5
2 6
2 36
2 37
2 39
3 1
3 2
3 4
3 108
3 122
3 123
4 2
4 3
4 5
4 122
5 2
5 4
5 6
5 13
5 122
5 124
5 125
6 2
6 5
6 39
6 13
6 14
6 15
7 8
7 9
7 10
7 11
7 12
7 58
8 7
8 9
8 88
8 89
8 58
8 62
9 1
9 7
9 8
9 107
9 108
9 11
9 88
9 91
10 0
10 38
10 7
10 11
10 12
11 0
11 7
11 9
11 10
11 107
12 38
12 7
12 10
12 58
12 59
12 60
13 125
13 5
13 6
13 14
14 6
14 109
14 13
14 15
14 111
14 125
14 126
15 6
15 39
15 109
15 14
15 110
15 113
15 26
15 27
15 31
16 17
16 18
16 19
16 20
16 24
17 16
17 113
17 18
17 114
17 20
17 22
18 16
18 17
18 22
18 23
18 24
19 16
19 20
19 21
19 53
19 24
19 25
20 16
20 113
20 17
20 19
20 115
20 21
20 26
21 115
21 116
21 19
21 20
21 53
22 17
22 18
22 114
22 52
22 54
22 23
23 24
23 54
23 18
23 22
24 16
24 18
24 19
24 54
24 23
24 25
25 19
25 52
25 53
25 54
25 24
26 15
26 113
26 115
26 20
26 27
27 15
27 115
27 118
27 26
27 28
27 30
27 31
28 117
28 118
28 27
28 29
28 30
28 127
29 40
29 43
29 45
29 117
29 28
29 127
30 32
30 127
30 27
30 28
30 31
31 32
31 39
31 15
31 27
31 30
32 33
32 37
32 39
32 127
32 30
32 31
33 32
33 35
33 36
33 37
33 38
33 127
34 35
34 40
34 43
34 119
34 60
34 127
35 33
35 34
35 38
35 60
35 127
36 0
36 33
36 2
36 37
36 38
37 32
37 33
37 2
37 36
37 39
38 0
38 33
38 35
38 36
38 10
38 12
38 60
39 32
39 2
39 37
39 6
39 15
39 31
40 34
40 43
40 29
40 127
41 42
41 43
41 44
41 46
41 47
42 41
42 43
42 47
42 58
42 59
43 34
43 40
43 41
43 42
43 44
43 45
43 119
43 59
43 29
44 41
44 43
44 45
44 46
44 49
44 50
44 116
44 117
45 29
45 43
45 44
45 117
46 41
46 44
46 47
46 48
46 49
47 121
47 41
47 42
47 46
47 48
47 120
47 57
47 58
48 46
48 47
48 49
48 51
48 55
48 56
48 57
49 44
49 46
49 48
49 50
49 51
50 44
50 49
50 114
50 51
50 116
50 53
50 52
51 110
51 48
51 49
51 50
51 114
51 55
52 50
52 114
52 53
52 54
52 22
52 25
53 50
53 19
53 116
53 52
53 21
53 25
54 52
54 22
54 23
54 24
54 25
55 99
55 102
55 110
55 48
55 112
55 51
55 56
56 102
56 48
56 55
56 57
56 126
57 106
57 47
57 48
57 84
57 56
57 120
57 126
58 7
58 8
58 42
58 12
58 47
58 121
58 59
58 61
58 62
59 42
59 43
59 12
59 119
59 58
59 60
60 34
60 35
60 38
60 12
60 119
60 59
61 70
61 79
61 121
61 58
61 123
61 62
62 8
62 89
62 58
62 123
62 61
63 64
63 65
63 68
63 77
64 65
64 66
64 68
64 69
64 63
65 64
65 66
65 67
65 77
65 63
66 64
66 65
66 67
66 69
66 70
66 79
67 65
67 66
67 77
67 78
67 79
68 64
68 69
68 77
68 78
68 122
68 63
69 64
69 66
69 68
69 70
69 122
69 123
70 66
70 69
70 79
70 123
70 61
71 72
71 73
71 74
71 87
71 88
71 89
72 71
72 73
72 76
72 108
72 89
72 123
73 71
73 72
73 74
73 75
73 76
74 71
74 73
74 75
74 87
74 90
75 73
75 74
75 76
75 90
76 72
76 73
76 75
76 108
76 90
76 91
77 65
77 67
77 68
77 78
77 63
78 67
78 68
78 77
78 79
78 122
78 124
79 66
79 67
79 70
79 78
79 121
79 124
79 61
80 81
80 82
80 83
80 85
80 86
81 103
81 105
81 80
81 82
81 85
81 125
82 80
82 81
82 83
82 84
82 124
82 125
83 104
83 106
83 80
83 82
83 84
83 86
84 106
84 82
84 83
84 120
84 57
84 124
85 80
85 81
85 86
85 103
86 103
86 104
86 80
86 83
86 85
87 71
87 74
87 88
87 90
87 91
88 71
88 8
88 9
88 87
88 89
88 91
89 71
89 72
89 8
89 88
89 123
89 62
90 74
90 75
90 76
90 87
90 91
91 9
91 108
91 76
91 87
91 88
91 90
92 96
92 97
92 93
92 94
92 95
93 98
93 100
93 92
93 94
93 95
94 96
94 98
94 99
94 92
94 93
95 100
95 97
95 92
95 93
96 97
96 99
96 111
96 112
96 92
96 94
97 96
97 100
97 101
97 111
97 92
97 95
98 99
98 100
98 101
98 102
98 93
98 94
99 96
99 98
99 102
99 112
99 55
99 94
100 97
100 98
100 101
100 93
100 95
101 97
101 98
101 100
101 102
101 111
101 126
102 98
102 99
102 101
102 55
102 56
102 126
103 104
103 105
103 81
103 85
103 86
104 103
104 105
104 106
104 83
104 86
105 103
105 104
105 106
105 81
105 125
105 126
106 104
106 105
106 83
106 84
106 57
106 126
107 0
107 1
107 11
107 9
108 1
108 3
108 72
108 9
108 91
108 76
108 123
109 110
109 111
109 112
109 14
109 15
110 109
110 15
110 112
110 113
110 114
110 51
110 55
111 96
111 97
111 101
111 109
111 14
111 112
111 126
112 96
112 99
112 109
112 110
112 111
112 55
113 110
113 15
113 17
113 114
113 20
113 26
114 110
114 113
114 17
114 50
114 52
114 51
114 22
115 116
115 20
115 21
115 117
115 118
115 26
115 27
116 44
116 50
116 115
116 53
116 117
116 21
117 44
117 45
117 115
117 116
117 118
117 28
117 29
118 27
118 115
118 28
118 117
119 59
119 34
119 43
119 60
120 121
120 47
120 84
120 57
120 124
121 79
121 47
121 120
121 58
121 124
121 61
122 3
122 4
122 69
122 5
122 68
122 78
122 123
122 124
123 3
123 69
123 70
123 72
123 108
123 89
123 122
123 61
123 62
124 5
124 78
124 79
124 82
124 84
124 120
124 121
124 122
124 125
125 5
125 105
125 13
125 14
125 81
125 82
125 124
125 126
126 101
126 102
126 105
126 106
126 14
126 111
126 56
126 57
126 125
127 32
127 33
127 34
127 35
127 40
127 28
127 29
127 30
