 -0.500000   0.451961   0.001566
 -0.319867   0.398432   0.108059
 -0.125853   0.530688   0.100000
 -0.096263   0.547582  -0.019721
  0.090114   0.550858  -0.165032
 -0.154518   0.498464  -0.243516
 -0.175760   0.355609   0.193254
  0.093952   0.544343   0.092293
  0.127188   0.540532  -0.029777
  0.219967   0.529672  -0.160536
  0.032414   0.512634  -0.266318
  0.006416   0.333163   0.248378
  0.296144   0.480077   0.093758
  0.318693   0.470130  -0.031641
  0.312910   0.465046  -0.150817
  0.177110   0.466757  -0.279204
  0.195880   0.325554   0.284588
  0.444169   0.343875   0.104703
  0.477853   0.356685  -0.027430
  0.388608   0.407790  -0.141552
  0.269856   0.361776  -0.281147
