0.493756 0.211852 -0.006240 0.824691 -0.565206 -0.020651
0.490279 0.302118 -0.206799 0.806085 -0.402836 -0.433532
0.492659 0.463102 -0.250601 0.800159 0.079673 -0.594473
0.221678 0.490115 0.221044 0.258217 0.664708 0.701062
0.216294 0.330555 0.283887 0.134427 -0.212550 0.967860
0.458860 0.347936 0.199866 0.629785 0.249973 0.735449
0.211074 0.444786 -0.291918 -0.283160 -0.856512 -0.431517
0.110991 0.460625 0.172682 -0.569409 -0.816555 -0.094923
0.045885 0.498235 -0.083054 -0.467186 -0.879844 -0.087246
0.082680 0.483679 -0.198494 -0.516256 -0.845529 -0.136236
0.107580 0.466780 -0.298874 -0.057095 -0.471547 -0.879991
0.062228 0.493282 0.158993 -0.312315 -0.130857 0.940923
-0.218452 0.333484 0.292934 -0.985718 -0.105528 0.131240
-0.167947 0.364465 0.264408 -0.179445 0.969626 0.166209
-0.167035 0.331341 0.243415 -0.323552 -0.146711 -0.934767
0.082287 0.617360 -0.031696 -0.231769 0.972757 -0.005284
0.165404 0.634860 0.044562 0.283337 0.913520 0.291893
0.171655 0.621379 -0.089513 0.249061 0.953886 -0.167540
-0.132703 0.527199 -0.084507 -0.101087 -0.319881 -0.942050
-0.125465 0.614869 -0.032134 -0.180873 0.983027 0.030708
-0.132539 0.523773 0.026120 -0.020763 -0.093304 0.995421
0.051832 0.495403 0.039838 -0.543762 -0.839237 -0.001935
0.189614 0.583866 -0.209587 0.277810 0.914141 -0.295243
0.211437 0.540324 -0.286223 0.537759 0.467703 -0.701477
0.084986 0.609382 0.099234 -0.119901 0.947136 0.297584
-0.125191 0.516024 0.149746 -0.102737 -0.344241 0.933243
-0.147392 0.600832 0.108073 -0.189861 0.975430 0.111755
-0.134527 0.526420 0.043145 -0.028400 -0.083084 -0.996138
-0.047131 0.483827 -0.322587 0.069930 -0.577149 -0.813639
0.112207 0.565684 -0.263236 -0.071997 0.959904 -0.270926
-0.060530 0.501001 -0.225448 -0.176402 0.188869 0.966028
-0.049326 0.566729 -0.285252 -0.141844 0.971233 -0.191274
0.094106 0.596672 -0.141241 -0.126413 0.970481 -0.205395
-0.095137 0.529194 -0.212034 -0.077894 -0.391273 -0.916972
-0.093239 0.606838 -0.165185 -0.080062 0.991477 -0.102780
-0.104391 0.539961 -0.100962 -0.135379 -0.046247 0.989714
0.484465 0.461938 0.246515 0.866641 0.192691 0.460221
0.489982 0.291633 0.171488 0.827585 -0.389364 0.404350
0.252436 0.105096 0.145757 0.587073 -0.738453 0.331712
0.305492 0.000000 -0.007790 0.728304 -0.684780 -0.025500
0.315606 0.151196 0.322409 0.743766 -0.468390 0.476888
0.259295 0.332446 0.358358 0.592843 -0.293413 0.749964
0.323385 0.488936 0.449988 0.761392 -0.010660 0.648204
0.259873 0.618139 0.362377 0.791790 0.444531 0.418881
0.319966 0.771834 0.325287 0.926132 0.305728 0.220931
0.252621 0.801458 0.139098 0.823712 0.546972 0.149403
0.304498 0.891041 -0.033550 0.906501 0.418473 -0.056011
0.491168 0.618658 -0.148553 0.796859 0.562803 -0.219701
0.243404 0.106786 -0.157599 0.573100 -0.736944 -0.358428
0.292634 0.154118 -0.336387 0.680853 -0.488337 -0.545863
0.237220 0.325001 -0.360531 0.516400 -0.268369 -0.813209
0.288385 0.475671 -0.449988 0.679233 0.046306 -0.732460
0.237746 0.589865 -0.343298 0.544865 0.430103 -0.719815
0.293605 0.735670 -0.300928 0.674622 0.511491 -0.532224
0.243538 0.782304 -0.151014 0.717552 0.691864 -0.080264
0.294680 0.163305 -0.326584 -0.911197 0.266716 0.313977
0.245851 0.116337 -0.153610 -0.827767 0.494895 0.264350
0.306359 0.012606 -0.007886 -0.921582 0.387009 0.030190
0.255580 0.115655 0.141078 -0.835449 0.508940 -0.207376
0.316718 0.160213 0.312636 -0.925655 0.273089 -0.261887
0.262528 0.336324 0.347021 -0.842878 0.207345 -0.496553
0.327100 0.487750 0.431784 -0.933112 0.010496 -0.359433
0.245421 0.774036 -0.147448 -0.814722 -0.494012 0.303613
0.302118 0.876322 -0.032408 -0.916663 -0.395490 0.057591
0.295978 0.727002 -0.291844 -0.898215 -0.298451 0.322703
0.324304 0.758924 0.311405 -0.930543 -0.298581 -0.211987
0.257990 0.789045 0.133670 -0.833006 -0.537802 -0.129882
0.242403 0.585571 -0.332398 -0.813838 -0.276306 0.511197
0.289527 0.475218 -0.438205 -0.908122 -0.024201 0.418007
0.240379 0.328827 -0.350535 -0.823794 0.178890 0.537924
0.268000 0.610961 0.345552 -0.856777 -0.216585 -0.468000
0.107632 0.403669 0.184813 -0.782689 0.471618 -0.406170
0.396016 0.284418 -0.033246 -0.310079 -0.868911 -0.385803
0.138968 0.249136 0.187705 -0.327159 -0.882206 -0.338645
-0.029105 0.382217 0.218656 -0.261752 0.399719 -0.878471
-0.023677 0.273821 0.229964 -0.142378 -0.985951 -0.087341
0.425010 0.233438 0.134167 0.464862 -0.863367 0.196216
0.397611 0.330933 -0.226153 0.682917 -0.292285 -0.669473
0.105622 0.338007 0.300802 0.101247 -0.211283 0.972167
-0.040687 0.343724 0.311398 0.032771 0.403439 0.914419
-0.159509 0.298240 0.274537 -0.130522 -0.907713 0.398775
-0.159331 0.335872 0.304924 -0.110122 0.136547 0.984494
-0.300887 0.546768 -0.028797 -0.485190 0.873976 0.027511
-0.267088 0.488618 0.016288 0.231851 -0.406374 0.883802
-0.270314 0.489063 -0.074326 0.295795 -0.632310 -0.716023
-0.404974 0.352652 -0.027611 0.490949 -0.870555 -0.033214
-0.459268 0.395720 -0.063381 -0.388545 0.272102 -0.880337
-0.461092 0.391100 -0.003563 -0.425486 0.307169 0.851240
-0.500000 0.339705 -0.031607 -0.586519 -0.805962 -0.080129
-0.306167 0.533272 0.099012 -0.521268 0.844267 0.124470
-0.266317 0.478963 0.145075 0.331755 -0.705942 0.625767
-0.274993 0.487135 0.059014 0.283565 -0.464924 -0.838711
-0.432410 0.388572 0.072636 -0.477590 0.253691 -0.841159
-0.393770 0.347121 0.106760 0.572757 -0.811465 -0.116080
-0.430490 0.382677 0.131453 -0.467808 0.305917 0.829199
-0.463873 0.322969 0.103564 -0.711021 -0.701591 -0.047102
-0.157284 0.465964 -0.245751 0.216160 -0.561479 0.798759
-0.148794 0.456777 -0.321045 0.275649 -0.482693 -0.831279
-0.186708 0.516477 -0.291429 -0.550758 0.821816 -0.145889
-0.236812 0.363961 -0.278289 0.588700 -0.805178 0.071562
-0.275393 0.387341 -0.302915 -0.442139 0.126987 -0.887912
-0.277069 0.382884 -0.259039 -0.515722 0.281041 0.809349
-0.292693 0.336183 -0.280343 -0.464426 -0.879120 -0.107033
-0.247913 0.566040 -0.170316 -0.447444 0.875168 -0.184052
-0.217481 0.530143 -0.119930 0.220053 -0.335797 0.915870
-0.214248 0.510693 -0.201616 0.290338 -0.792465 -0.536380
-0.360105 0.381549 -0.147833 0.520448 -0.832312 0.190764
-0.388208 0.420450 -0.185206 -0.394629 0.201074 -0.896569
-0.392124 0.429036 -0.126426 -0.506733 0.448996 0.735951
-0.423527 0.374928 -0.155137 -0.822887 -0.567510 0.028093
0.500000 0.451961 -0.000322 -0.321917 0.932696 0.162628
