0 2
0 42
0 43
0 44
0 110
1 2
1 4
1 39
1 40
1 110
1 48
2 0
2 1
2 39
2 41
2 42
2 110
3 5
3 110
3 52
3 53
3 54
4 1
4 5
4 110
4 48
4 49
4 50
5 3
5 4
5 110
5 50
5 51
5 52
6 7
6 8
6 71
6 11
6 14
6 110
6 20
6 27
7 8
7 110
7 76
7 6
8 6
8 7
8 72
8 71
8 76
8 78
9 73
9 10
9 11
9 12
9 13
9 110
9 77
9 26
10 35
10 36
10 38
10 9
10 11
10 12
10 18
10 19
10 21
10 24
11 6
11 71
11 73
11 9
11 10
11 14
11 24
12 32
12 33
12 35
12 36
12 9
12 10
12 13
12 25
12 31
13 32
13 9
13 12
13 26
13 31
14 6
14 11
14 24
14 27
14 28
15 16
15 17
15 80
15 81
16 74
16 75
16 15
16 80
16 17
17 74
17 79
17 16
17 81
17 15
18 10
18 19
18 20
18 21
18 22
18 23
18 24
19 35
19 10
19 110
19 18
19 20
19 25
20 6
20 110
20 18
20 19
20 24
20 27
21 10
21 18
21 82
21 84
21 22
21 23
21 24
22 18
22 82
22 21
22 23
23 18
23 83
23 82
23 21
23 22
23 84
23 24
24 10
24 11
24 14
24 18
24 20
24 21
24 23
24 27
24 28
24 30
25 32
25 35
25 12
25 110
25 19
25 26
26 32
26 9
26 13
26 110
26 25
27 6
27 14
27 20
27 24
27 28
27 29
27 30
28 14
28 24
28 89
28 90
28 27
28 29
28 30
29 89
29 27
29 28
29 30
30 27
30 24
30 89
30 90
30 91
30 28
30 29
31 32
31 33
31 96
31 97
31 34
31 98
31 12
31 13
32 33
32 34
32 12
32 13
32 25
32 26
32 31
33 32
33 96
33 34
33 98
33 12
33 31
34 32
34 33
34 98
34 31
35 36
35 37
35 38
35 10
35 12
35 19
35 25
36 35
36 37
36 38
36 103
36 105
36 10
36 12
37 35
37 36
37 38
37 103
38 35
38 36
38 37
38 103
38 104
38 105
38 10
39 1
39 2
39 40
39 41
39 57
39 58
39 59
40 48
40 1
40 57
40 39
41 2
41 59
41 42
41 39
42 0
42 2
42 41
42 43
42 59
42 60
42 61
43 0
43 42
43 44
43 61
44 0
44 65
44 70
44 43
44 45
44 110
44 61
45 46
45 65
45 44
45 110
46 65
46 66
46 45
46 110
46 47
46 63
47 46
47 54
47 110
47 63
48 1
48 4
48 40
48 49
48 55
48 56
48 57
49 48
49 50
49 4
49 55
50 4
50 5
50 68
50 69
50 49
50 51
50 55
51 50
51 52
51 5
51 68
52 64
52 3
52 67
52 5
52 68
52 51
52 53
53 64
53 3
53 52
53 54
54 64
54 3
54 110
54 47
54 53
54 62
54 63
55 69
55 110
55 48
55 49
55 50
55 56
56 48
56 57
56 110
56 55
57 39
57 40
57 110
57 48
57 56
57 58
58 57
58 59
58 110
58 39
59 39
59 41
59 42
59 110
59 58
59 60
60 42
60 59
60 61
60 110
61 70
61 42
61 43
61 44
61 110
61 60
62 64
62 54
62 110
62 63
63 66
63 110
63 47
63 46
63 54
63 62
64 67
64 110
64 52
64 53
64 54
64 62
65 66
65 70
65 44
65 45
65 46
65 110
66 46
66 65
66 110
66 63
67 64
67 68
67 110
67 52
68 67
68 69
68 110
68 50
68 51
68 52
69 50
69 68
69 110
69 55
70 65
70 44
70 61
70 110
71 6
71 72
71 73
71 74
71 11
71 8
71 78
71 79
72 71
72 8
72 73
72 74
72 75
72 76
72 78
73 71
73 72
73 9
73 11
73 76
73 77
73 110
74 71
74 72
74 75
74 79
74 16
74 17
75 72
75 74
75 78
75 79
75 80
75 16
76 7
76 72
76 73
76 8
76 110
77 73
77 110
77 9
78 71
78 72
78 8
78 75
78 79
79 71
79 74
79 75
79 78
79 80
79 81
79 17
80 75
80 15
80 16
80 81
80 79
81 80
81 17
81 15
81 79
82 83
82 84
82 21
82 22
82 23
82 86
82 87
83 82
83 84
83 85
83 23
83 87
84 82
84 83
84 85
84 21
84 23
84 86
85 83
85 84
85 86
85 87
85 88
86 82
86 84
86 85
86 87
86 88
87 82
87 83
87 85
87 86
87 88
88 85
88 86
88 87
89 92
89 94
89 90
89 91
89 28
89 29
89 30
90 94
90 89
90 91
90 28
90 93
90 30
91 89
91 90
91 92
91 93
91 30
92 89
92 91
92 93
92 94
92 95
93 90
93 91
93 92
93 94
93 95
94 89
94 90
94 92
94 93
94 95
95 92
95 93
95 94
96 33
96 98
96 99
96 97
96 101
96 31
97 96
97 98
97 99
97 100
97 31
98 96
98 97
98 34
98 33
98 100
98 101
98 31
99 96
99 97
99 100
99 101
99 102
100 97
100 98
100 99
100 101
100 102
101 96
101 98
101 99
101 100
101 102
102 99
102 100
102 101
103 36
103 37
103 38
103 104
103 105
103 107
103 108
104 38
104 103
104 105
104 106
104 108
105 36
105 38
105 103
105 104
105 106
105 107
106 104
106 105
106 107
106 108
106 109
107 103
107 105
107 106
107 108
107 109
108 103
108 104
108 106
108 107
108 109
109 106
109 107
109 108
110 0
110 1
110 2
110 3
110 4
110 5
110 6
110 7
110 9
110 19
110 20
110 25
110 26
110 44
110 45
110 46
110 47
110 54
110 55
110 56
110 57
110 58
110 59
110 60
110 61
110 62
110 63
110 64
110 65
110 66
110 67
110 68
110 69
110 70
110 73
110 76
110 77
