0 1
0 2
0 36
0 38
0 10
0 11
0 107
1 0
1 2
1 3
1 4
1 5
1 6
1 36
1 37
1 39
2 0
2 1
2 3
2 8
2 107
2 108
3 1
3 2
3 5
3 108
3 122
3 123
4 1
4 5
4 6
4 14
4 122
4 124
4 125
5 1
5 122
5 3
5 4
6 1
6 4
6 39
6 13
6 14
6 15
7 8
7 9
7 10
7 11
7 12
7 58
8 2
8 7
8 9
8 11
8 107
8 108
8 89
8 91
9 7
9 8
9 88
9 89
9 58
9 61
10 0
10 38
10 7
10 11
10 12
11 0
11 7
11 8
11 10
11 107
12 38
12 7
12 10
12 58
12 59
12 60
13 6
13 109
13 14
13 15
13 111
13 125
13 126
14 125
14 4
14 13
14 6
15 6
15 39
15 13
15 109
15 110
15 113
15 26
15 27
15 31
16 17
16 18
16 19
16 20
16 25
17 16
17 18
17 22
17 23
17 25
18 16
18 17
18 114
18 113
18 20
18 23
19 16
19 20
19 21
19 52
19 24
19 25
20 16
20 113
20 18
20 19
20 115
20 21
20 27
21 115
21 116
21 19
21 52
21 20
22 54
22 17
22 25
22 23
23 17
23 18
23 114
23 53
23 54
23 22
24 19
24 52
24 53
24 54
24 25
25 16
25 17
25 19
25 22
25 54
25 24
26 15
26 115
26 118
26 27
26 29
26 30
26 31
27 15
27 113
27 115
27 20
27 26
28 40
28 42
28 45
28 117
28 29
28 127
29 117
29 118
29 26
29 28
29 30
29 127
30 32
30 26
30 127
30 29
30 31
31 32
31 39
31 15
31 26
31 30
32 33
32 37
32 39
32 127
32 30
32 31
33 32
33 34
33 36
33 37
33 38
33 127
34 33
34 35
34 38
34 60
34 127
35 34
35 40
35 42
35 119
35 60
35 127
36 0
36 1
36 33
36 37
36 38
37 32
37 1
37 33
37 36
37 39
38 0
38 33
38 34
38 36
38 10
38 12
38 60
39 32
39 1
39 37
39 6
39 15
39 31
40 42
40 35
40 28
40 127
41 42
41 43
41 44
41 46
41 47
42 35
42 40
42 41
42 43
42 44
42 45
42 119
42 59
42 28
43 41
43 42
43 47
43 58
43 59
44 41
44 42
44 45
44 46
44 49
44 50
44 116
44 117
45 28
45 42
45 44
45 117
46 41
46 44
46 47
46 48
46 49
47 121
47 41
47 43
47 46
47 48
47 120
47 57
47 58
48 46
48 47
48 49
48 51
48 55
48 56
48 57
49 44
49 46
49 48
49 50
49 51
50 44
50 49
50 114
50 51
50 116
50 52
50 53
51 110
51 48
51 49
51 50
51 114
51 55
52 50
52 19
52 116
52 53
52 21
52 24
53 50
53 114
53 52
53 54
53 23
53 24
54 53
54 22
54 23
54 24
54 25
55 99
55 102
55 110
55 48
55 112
55 51
55 56
56 102
56 48
56 55
56 57
56 126
57 106
57 47
57 48
57 84
57 56
57 120
57 126
58 7
58 9
58 43
58 12
58 47
58 121
58 59
58 61
58 62
59 42
59 43
59 12
59 119
59 58
59 60
60 34
60 35
60 38
60 12
60 119
60 59
61 9
61 88
61 58
61 123
61 62
62 70
62 79
62 121
62 58
62 123
62 61
63 64
63 65
63 69
63 77
64 65
64 66
64 67
64 77
64 63
65 64
65 66
65 68
65 69
65 63
66 64
66 65
66 67
66 68
66 70
66 79
67 64
67 66
67 77
67 78
67 79
68 65
68 66
68 69
68 70
68 122
68 123
69 65
69 68
69 77
69 78
69 122
69 63
70 66
70 68
70 79
70 123
70 62
71 72
71 73
71 74
71 87
71 88
71 89
72 71
72 73
72 74
72 75
72 76
73 71
73 72
73 76
73 108
73 88
73 123
74 71
74 72
74 75
74 87
74 90
75 72
75 74
75 76
75 90
76 72
76 73
76 75
76 108
76 90
76 91
77 64
77 67
77 69
77 78
77 63
78 67
78 69
78 77
78 79
78 122
78 124
79 66
79 67
79 70
79 78
79 121
79 124
79 62
80 81
80 82
80 83
80 85
80 86
81 80
81 82
81 83
81 84
81 124
81 125
82 103
82 105
82 80
82 81
82 85
82 125
83 104
83 106
83 80
83 81
83 84
83 86
84 106
84 81
84 83
84 120
84 57
84 124
85 80
85 82
85 86
85 103
86 103
86 104
86 80
86 83
86 85
87 71
87 74
87 89
87 90
87 91
88 71
88 73
88 9
88 89
88 123
88 61
89 71
89 8
89 9
89 87
89 88
89 91
90 74
90 75
90 76
90 87
90 91
91 8
91 108
91 76
91 87
91 89
91 90
92 96
92 97
92 93
92 94
92 95
93 96
93 98
93 99
93 92
93 94
94 98
94 100
94 92
94 93
94 95
95 100
95 97
95 92
95 94
96 97
96 99
96 111
96 112
96 92
96 93
97 96
97 100
97 101
97 111
97 92
97 95
98 99
98 100
98 101
98 102
98 93
98 94
99 96
99 98
99 102
99 112
99 55
99 93
100 97
100 98
100 101
100 94
100 95
101 97
101 98
101 100
101 102
101 111
101 126
102 98
102 99
102 101
102 55
102 56
102 126
103 104
103 105
103 82
103 85
103 86
104 103
104 105
104 106
104 83
104 86
105 103
105 104
105 106
105 82
105 125
105 126
106 104
106 105
106 83
106 84
106 57
106 126
107 0
107 8
107 2
107 11
108 2
108 3
108 8
108 73
108 91
108 76
108 123
109 13
109 110
109 111
109 112
109 15
110 109
110 15
110 112
110 113
110 114
110 51
110 55
111 96
111 97
111 101
111 109
111 13
111 112
111 126
112 96
112 99
112 109
112 110
112 111
112 55
113 110
113 15
113 114
113 18
113 20
113 27
114 110
114 113
114 18
114 50
114 51
114 53
114 23
115 116
115 20
115 21
115 117
115 118
115 26
115 27
116 44
116 50
116 115
116 52
116 117
116 21
117 44
117 45
117 115
117 116
117 118
117 28
117 29
118 29
118 26
118 115
118 117
119 59
119 42
119 35
119 60
120 121
120 47
120 84
120 57
120 124
121 79
121 47
121 120
121 58
121 124
121 62
122 3
122 4
122 69
122 5
122 68
122 78
122 123
122 124
123 3
123 68
123 70
123 73
123 108
123 88
123 122
123 61
123 62
124 4
124 78
124 79
124 81
124 84
124 120
124 121
124 122
124 125
125 4
125 105
125 13
125 14
125 81
125 82
125 124
125 126
126 101
126 102
126 105
126 106
126 13
126 111
126 56
126 57
126 125
127 32
127 33
127 34
127 35
127 40
127 28
127 29
127 30
