0 1
0 2
0 3
0 4
0 6
0 191
1 0
1 2
1 5
1 191
2 0
2 1
2 3
2 5
2 61
2 159
3 0
3 64
3 2
3 4
3 61
4 0
4 64
4 3
4 6
4 9
4 10
5 160
5 1
5 2
5 191
5 51
5 159
6 0
6 4
6 37
6 7
6 9
6 16
6 191
7 8
7 37
7 6
7 191
8 65
8 36
8 37
8 7
8 191
9 4
9 6
9 10
9 11
9 14
9 16
10 64
10 4
10 9
10 11
10 12
10 13
10 108
11 9
11 10
11 12
11 14
11 15
11 127
12 10
12 11
12 13
12 142
12 127
13 10
13 12
13 141
13 142
13 108
13 126
14 128
14 9
14 11
14 43
14 15
14 16
14 17
14 18
14 19
15 38
15 41
15 11
15 43
15 14
15 127
16 37
16 6
16 9
16 14
16 17
17 32
17 35
17 37
17 14
17 16
17 18
18 32
18 14
18 17
18 19
18 20
18 21
19 128
19 131
19 14
19 18
19 20
20 131
20 132
20 18
20 19
20 21
20 22
21 32
21 18
21 20
21 22
21 23
21 25
21 30
22 132
22 133
22 20
22 21
22 23
22 24
22 31
23 24
23 25
23 21
23 22
24 22
24 23
24 25
24 26
24 31
25 21
25 23
25 24
25 26
25 27
25 28
25 29
25 30
26 134
26 24
26 25
26 27
26 31
27 25
27 26
27 28
27 134
28 133
28 134
28 25
28 27
28 29
29 32
29 33
29 131
29 132
29 133
29 25
29 28
29 30
30 32
30 25
30 29
30 21
31 133
31 134
31 22
31 24
31 26
32 33
32 34
32 35
32 17
32 18
32 21
32 29
32 30
33 32
33 34
33 131
33 29
34 32
34 33
34 129
34 35
34 36
34 130
34 131
35 32
35 34
35 36
35 37
35 17
36 129
36 34
36 35
36 65
36 37
36 8
37 35
37 36
37 6
37 7
37 8
37 16
37 17
38 39
38 40
38 41
38 42
38 43
38 15
39 38
39 40
39 41
39 170
39 108
40 38
40 39
40 42
40 107
40 170
40 171
40 158
40 63
41 38
41 39
41 108
41 15
41 123
41 125
41 126
41 127
42 38
42 40
42 105
42 43
42 44
42 45
42 46
42 107
43 128
43 129
43 38
43 42
43 44
43 14
43 15
43 52
44 42
44 43
44 45
44 47
44 52
45 42
45 44
45 46
45 47
45 48
46 104
46 105
46 42
46 45
46 48
46 53
47 65
47 44
47 45
47 48
47 49
47 50
47 52
48 45
48 46
48 47
48 49
48 53
48 54
48 55
49 160
49 47
49 48
49 50
49 51
49 55
50 65
50 47
50 49
50 51
50 191
51 160
51 5
51 49
51 50
51 191
52 65
52 129
52 43
52 44
52 47
53 104
53 106
53 46
53 48
53 54
53 88
53 60
54 48
54 53
54 55
54 56
54 57
54 59
54 60
55 160
55 48
55 49
55 54
55 56
55 159
56 54
56 55
56 57
56 58
56 61
56 159
57 81
57 54
57 56
57 58
57 59
58 104
58 105
58 106
58 80
58 81
58 56
58 57
58 61
58 62
59 81
59 82
59 54
59 57
59 60
60 82
60 84
60 53
60 54
60 87
60 88
60 59
61 64
61 159
61 2
61 3
61 56
61 58
61 62
61 63
62 66
62 80
62 58
62 61
62 63
63 64
63 66
63 67
63 40
63 107
63 143
63 158
63 61
63 62
64 3
64 4
64 10
64 108
64 143
64 61
64 63
65 129
65 36
65 8
65 47
65 50
65 52
65 191
66 67
66 68
66 72
66 80
66 62
66 63
67 66
67 68
67 69
67 107
67 179
67 180
67 63
68 66
68 67
68 69
68 70
68 71
68 72
69 67
69 68
69 179
69 70
70 68
70 69
70 71
70 78
70 178
70 179
71 68
71 70
71 72
71 73
71 74
71 75
71 78
72 66
72 68
72 71
72 73
72 172
72 80
72 182
73 72
73 74
73 172
73 71
74 71
74 73
74 75
74 76
74 77
74 172
74 173
74 174
75 74
75 76
75 78
75 71
76 74
76 75
76 77
76 78
76 79
76 177
77 177
77 74
77 76
77 174
78 70
78 71
78 75
78 76
78 79
78 175
78 176
78 178
79 177
79 76
79 78
79 175
80 66
80 72
80 105
80 181
80 182
80 58
80 62
81 89
81 106
81 82
81 83
81 57
81 58
81 59
82 81
82 83
82 84
82 85
82 86
82 59
82 60
82 94
83 89
83 81
83 82
83 94
84 82
84 60
84 85
84 87
85 103
85 82
85 84
85 86
85 87
85 90
85 91
86 82
86 85
86 94
86 103
87 84
87 85
87 88
87 89
87 90
87 60
88 106
88 53
88 87
88 89
88 60
89 106
89 81
89 83
89 87
89 88
89 90
89 93
89 94
90 85
90 87
90 89
90 91
90 92
90 93
91 102
91 103
91 85
91 90
91 92
92 97
92 98
92 102
92 90
92 91
92 93
92 95
93 89
93 90
93 92
93 94
93 95
94 96
94 103
94 82
94 83
94 86
94 89
94 93
94 95
95 96
95 97
95 92
95 93
95 94
96 97
96 100
96 103
96 94
96 95
97 96
97 98
97 99
97 100
97 92
97 95
98 97
98 99
98 92
98 102
99 97
99 98
99 100
99 101
99 102
100 96
100 97
100 99
100 101
100 103
101 99
101 100
101 102
101 103
102 98
102 99
102 101
102 103
102 91
102 92
103 96
103 100
103 101
103 102
103 85
103 86
103 91
103 94
104 105
104 106
104 46
104 53
104 58
105 104
105 42
105 107
105 46
105 80
105 181
105 58
106 104
106 81
106 53
106 88
106 89
106 58
107 67
107 40
107 105
107 42
107 180
107 181
107 63
108 64
108 39
108 41
108 10
108 170
108 13
108 143
108 144
108 145
108 126
109 114
109 115
109 110
109 111
110 109
110 111
110 112
110 113
110 114
111 135
111 136
111 109
111 110
111 112
111 115
112 136
112 110
112 111
112 113
112 122
113 110
113 112
113 114
113 116
113 122
114 109
114 110
114 113
114 115
114 116
115 135
115 109
115 111
115 114
115 116
115 117
116 113
116 114
116 115
116 117
116 118
116 121
116 122
117 135
117 138
117 115
117 116
117 118
117 119
118 116
118 117
118 119
118 120
118 121
118 124
119 138
119 140
119 117
119 118
119 120
119 123
119 126
120 123
120 124
120 118
120 119
121 136
121 137
121 116
121 118
121 122
121 124
122 136
122 112
122 113
122 116
122 121
123 41
123 119
123 120
123 124
123 125
123 126
124 137
124 139
124 142
124 118
124 120
124 121
124 123
124 125
125 41
125 142
125 123
125 124
125 127
126 41
126 108
126 140
126 141
126 13
126 119
126 123
127 41
127 11
127 12
127 142
127 15
127 125
128 129
128 130
128 131
128 43
128 14
128 19
129 128
129 65
129 130
129 34
129 36
129 43
129 52
130 128
130 129
130 34
130 131
131 128
131 33
131 130
131 34
131 132
131 19
131 20
131 29
132 131
132 133
132 20
132 22
132 29
133 132
133 134
133 22
133 28
133 29
133 31
134 133
134 26
134 27
134 28
134 31
135 136
135 137
135 138
135 111
135 115
135 117
136 135
136 137
136 111
136 112
136 121
136 122
137 135
137 136
137 138
137 139
137 121
137 124
138 135
138 137
138 139
138 140
138 117
138 119
139 137
139 138
139 140
139 141
139 142
139 124
140 138
140 139
140 141
140 119
140 126
141 139
141 140
141 13
141 142
141 126
142 139
142 12
142 13
142 141
142 124
142 125
142 127
143 64
143 108
143 144
143 158
143 63
144 108
144 143
144 145
144 146
144 157
144 158
145 169
145 170
145 108
145 144
145 146
145 147
146 144
146 145
146 147
146 148
146 149
146 156
146 157
147 167
147 169
147 145
147 146
147 148
148 167
148 146
148 147
148 149
148 150
148 151
149 156
149 146
149 148
149 150
150 148
150 149
150 151
150 152
150 153
150 156
151 164
151 165
151 167
151 148
151 150
151 152
151 155
152 166
152 150
152 151
152 153
152 154
152 155
153 161
153 162
153 163
153 150
153 152
153 154
153 156
154 152
154 153
154 163
154 166
155 152
155 164
155 166
155 151
156 161
156 168
156 146
156 149
156 150
156 153
156 157
157 168
157 144
157 146
157 156
157 158
158 168
158 40
158 171
158 143
158 144
158 157
158 63
159 160
159 2
159 5
159 55
159 56
159 61
160 5
160 49
160 51
160 55
160 159
161 162
161 167
161 168
161 153
161 156
162 161
162 163
162 164
162 165
162 167
162 153
163 162
163 164
163 166
163 153
163 154
164 162
164 163
164 165
164 166
164 151
164 155
165 167
165 162
165 164
165 151
166 163
166 164
166 152
166 154
166 155
167 161
167 162
167 165
167 168
167 169
167 147
167 148
167 151
168 161
168 167
168 169
168 171
168 156
168 157
168 158
169 167
169 168
169 170
169 171
169 145
169 147
170 39
170 40
170 169
170 171
170 108
170 145
171 168
171 169
171 170
171 40
171 158
172 72
172 73
172 74
172 173
172 178
172 179
172 182
173 74
173 172
173 174
173 175
173 176
173 178
174 74
174 77
174 173
174 175
174 177
175 173
175 78
175 174
175 176
175 79
175 177
176 178
176 173
176 78
176 175
177 76
177 77
177 174
177 79
177 175
178 70
178 172
178 173
178 78
178 176
178 179
179 67
179 69
179 70
179 172
179 178
179 180
179 181
179 182
180 107
180 67
180 179
180 181
181 105
181 107
181 80
181 179
181 180
181 182
182 72
182 172
182 80
182 179
182 181
183 184
183 189
183 191
184 191
184 185
184 183
185 184
185 186
185 191
186 185
186 187
186 191
187 186
187 190
187 191
188 189
188 190
188 191
189 183
189 188
189 191
190 187
190 188
190 191
191 0
191 1
191 65
191 5
191 6
191 7
191 8
191 50
191 51
191 183
191 184
191 185
191 186
191 187
191 188
191 189
191 190
