-0.404989 0.413864 -0.023356 -0.292638 0.952912 0.079509
-0.257476 0.407443 -0.024708 0.068741 0.997543 -0.013515
-0.253759 0.396977 -0.178990 0.061265 0.978258 -0.198134
-0.406940 0.400009 -0.178903 -0.421850 0.887310 -0.186342
-0.243727 0.389619 0.098706 0.005384 0.936823 0.349762
-0.404236 0.360065 -0.281239 -0.507075 0.588321 -0.629884
-0.421413 0.242560 -0.281210 -0.662449 -0.222998 -0.715146
-0.427090 0.360074 0.100289 -0.473412 0.644326 0.600604
-0.447376 0.271236 0.108767 -0.892286 0.004467 0.451448
-0.457726 0.182060 0.041498 -0.873639 -0.428453 0.230616
-0.241014 0.332779 0.151820 0.033371 0.513376 0.857515
-0.068194 0.374972 0.089089 0.151050 0.905183 0.397276
-0.063173 0.330095 0.154069 0.053517 0.152156 0.986907
0.014494 0.323404 0.146847 0.093130 0.469478 0.878019
0.012978 0.361861 0.085584 0.030052 0.986066 0.163616
-0.176014 0.227140 0.139644 0.542165 -0.167135 0.823482
-0.032720 0.234440 0.130395 0.222449 -0.826707 0.516790
-0.254058 0.265008 0.193781 0.031933 0.543192 0.839001
-0.189860 0.224804 0.210244 0.132820 0.601287 0.787917
-0.148526 0.193569 0.223510 0.395517 0.834992 0.382563
-0.124967 0.182427 0.156164 0.629825 0.473900 -0.615418
-0.033193 0.136429 0.187254 0.548655 0.518717 -0.655675
-0.066707 0.149184 0.250477 0.153332 0.766517 0.623652
0.009753 0.117978 0.208148 0.662247 0.565584 -0.491471
-0.031040 0.133359 0.268088 0.189882 0.821834 0.537154
0.038864 0.080699 0.317939 0.286153 0.718538 0.633892
-0.063048 0.082186 0.288645 -0.425466 -0.033810 0.904343
0.033766 0.033668 0.328183 0.296078 -0.260489 0.918958
0.019727 0.000000 0.301592 -0.364473 -0.740975 0.564018
-0.057187 0.020382 0.251954 -0.358934 -0.914553 0.186437
-0.089609 0.030636 0.238051 -0.418338 -0.879676 0.226195
-0.090324 0.093019 0.278487 -0.319440 -0.037539 0.946863
0.071180 0.071961 0.270242 0.941231 0.112021 -0.318647
-0.179973 0.133697 0.251240 -0.258307 -0.061871 0.964080
-0.189097 0.064420 0.211769 -0.316484 -0.923688 0.215960
-0.257833 0.075582 0.183759 -0.340961 -0.900532 0.269791
-0.242501 0.171767 0.240890 -0.374267 -0.148855 0.915296
-0.382531 0.137366 0.136033 -0.593937 -0.740159 0.315284
-0.359725 0.225325 0.195964 -0.510893 0.090065 0.854913
-0.008437 0.222911 0.018799 0.402301 -0.912496 0.074198
0.023860 0.257709 -0.089041 0.261151 -0.844850 -0.466934
0.019447 0.262064 0.016231 0.239341 -0.822965 0.515213
0.020635 0.260490 0.029825 0.210825 -0.778991 -0.590530
-0.023442 0.217379 -0.106420 0.305539 -0.951463 0.036943
-0.128732 0.205319 0.028947 0.292675 -0.954049 -0.064285
-0.120467 0.200695 -0.098619 0.040827 -0.996781 0.068992
-0.118884 0.188828 -0.226841 0.112825 -0.993016 -0.034490
-0.034227 0.212097 -0.229014 0.251828 -0.967055 -0.037240
-0.236031 0.192488 -0.229120 0.015379 -0.999816 -0.011439
-0.127612 0.211315 -0.317601 0.073927 -0.820562 -0.566757
-0.426347 0.192970 -0.194428 -0.441234 -0.868978 -0.224030
-0.252668 0.201824 -0.316915 -0.128793 -0.680089 -0.721728
-0.248757 0.205339 -0.065048 0.144430 -0.963467 -0.225547
0.000378 0.215602 -0.308930 0.055268 -0.832647 -0.551039
-0.002113 0.283711 -0.324340 0.053465 0.283207 -0.957568
-0.103580 0.281055 -0.328183 0.027976 0.209901 -0.977322
-0.070453 0.329747 -0.286926 0.197437 0.838144 -0.508463
0.000204 0.325170 -0.280051 0.078328 0.995925 0.044697
-0.003619 0.302732 -0.230906 0.346552 0.893457 -0.285720
0.105862 0.323413 -0.277203 0.023340 0.970752 -0.238949
0.103998 0.286829 -0.319107 0.011108 0.132279 -0.991150
-0.059388 0.374557 -0.172984 0.186428 0.955546 -0.228422
0.029508 0.363425 -0.173071 0.037374 0.904596 -0.424628
-0.000124 0.334613 -0.109230 0.295096 0.954892 -0.033170
-0.060933 0.395413 -0.029690 0.181682 0.983028 0.025436
-0.430981 0.186192 -0.087264 -0.317576 -0.930559 -0.182222
0.139848 0.365607 -0.173998 0.027120 0.999599 -0.008168
0.135716 0.322245 -0.114763 0.054803 0.245213 0.967919
0.178981 0.364574 -0.174046 0.034636 0.984137 0.173996
0.178441 0.321550 -0.113874 0.018541 0.327379 0.944711
0.276200 0.319889 -0.116703 0.032368 0.352220 0.935357
0.281086 0.359900 -0.174365 0.035839 0.959467 -0.279532
0.178701 0.310021 -0.222245 0.028740 0.284205 -0.958333
0.274771 0.313478 -0.219822 0.021852 0.222369 -0.974718
0.294043 0.313584 -0.218847 0.092563 0.273587 -0.957383
0.303071 0.358056 -0.174500 0.071333 0.995831 -0.056856
0.439558 0.349116 -0.164439 0.203021 0.977051 -0.064447
0.420412 0.310137 -0.207424 0.324557 0.228015 -0.917972
0.304288 0.318682 -0.116703 0.043774 0.372850 0.926859
0.423212 0.313797 -0.122574 0.298040 0.265886 0.916775
0.137724 0.307115 -0.223249 0.018727 0.211534 -0.977191
0.107793 0.284483 -0.233667 0.019865 0.502837 0.864153
0.139424 0.321376 -0.278120 0.043284 0.998712 -0.026463
0.145651 0.291049 -0.232441 -0.004159 0.395556 0.918432
0.138922 0.287090 -0.321878 0.010155 0.268515 -0.963222
0.224699 0.282369 -0.319078 0.045929 0.328406 -0.943419
0.226311 0.314289 -0.275243 0.056253 0.997289 -0.047438
0.136479 0.215052 -0.307791 0.016598 -0.598681 -0.800815
0.106123 0.216037 -0.305580 -0.012951 -0.840254 -0.542038
0.151473 0.214791 -0.232161 0.020845 -0.709121 0.704778
0.224487 0.221087 -0.306014 0.065836 -0.864152 -0.498906
0.248374 0.282774 -0.319146 0.084432 0.269525 -0.959285
0.243585 0.225364 -0.305078 0.115678 -0.788910 -0.603523
0.228233 0.216471 -0.239982 0.102466 -0.803340 0.586639
0.235445 0.285825 -0.233667 0.052074 0.380633 0.923259
0.249156 0.216896 -0.242019 0.114963 -0.738273 0.664632
0.250276 0.283431 -0.232393 0.047306 0.187167 0.981188
0.341827 0.231978 -0.244810 0.261646 -0.792434 0.550990
0.345293 0.231611 -0.299970 0.381058 -0.784649 -0.488999
0.377195 0.269894 -0.272414 0.960607 -0.277646 -0.012083
0.356339 0.275146 -0.235116 0.229733 0.462849 0.856151
0.366796 0.308621 -0.273061 0.341064 0.939735 0.023955
0.353780 0.277966 -0.309288 0.220477 0.287475 -0.932067
0.252632 0.315158 -0.274596 0.065788 0.997819 -0.005316
0.006528 0.226271 -0.237105 0.187827 -0.795818 0.575669
0.019061 0.239798 -0.210408 0.258298 -0.817324 -0.515037
0.109888 0.218171 -0.235821 -0.039745 -0.692548 0.720276
0.019843 0.248623 -0.115400 0.149763 -0.758447 0.634294
-0.001601 0.344162 0.026349 0.207855 0.802773 0.558885
0.424515 0.327410 0.027527 0.322315 0.379160 -0.867382
0.444106 0.356203 0.077725 0.191994 0.979567 0.059886
0.458280 0.324890 0.078478 0.982098 -0.187691 0.015983
0.423897 0.327188 0.123800 0.243550 -0.046753 0.968761
0.422024 0.274220 0.101960 0.302686 -0.933023 0.194548
0.424785 0.280940 0.037646 0.256888 -0.613498 -0.746745
0.302019 0.340880 0.027402 0.060376 0.444696 -0.893644
0.298147 0.279105 0.036709 0.064071 -0.818044 -0.571576
0.286377 0.347127 0.027286 0.006624 0.458229 -0.888809
0.286647 0.279144 0.036265 0.031853 -0.630441 -0.775584
0.171904 0.348691 0.028599 0.004553 0.397697 -0.917505
0.165966 0.273293 0.034218 0.042452 -0.617474 -0.785445
0.285286 0.253866 0.103225 0.102227 -0.908215 0.405826
0.304616 0.258433 0.104180 0.125966 -0.767516 0.628532
0.131255 0.271101 0.034189 0.071391 -0.622236 -0.779568
0.164132 0.246045 0.108873 0.072673 -0.901073 0.427535
0.132742 0.243825 0.113652 0.035066 -0.966216 0.255337
0.129015 0.346383 0.026851 0.002639 0.515037 -0.857164
0.019660 0.254600 0.124852 0.084627 -0.666180 0.740974
-0.194041 0.135299 0.085353 0.726453 -0.475424 -0.496224
-0.320090 0.110514 0.005146 0.013606 -0.911712 -0.410604
-0.222871 0.094805 0.095037 0.214233 -0.890454 -0.401493
-0.145311 0.094429 0.134083 0.226140 -0.619174 -0.751987
-0.069304 0.044704 0.173525 0.202550 -0.402420 -0.892767
-0.009953 0.025084 0.195210 0.403388 -0.519637 -0.753163
0.051377 0.003766 0.259563 0.499636 -0.836289 -0.225799
0.307599 0.368986 0.078015 0.062841 0.990115 0.125394
0.298514 0.327913 0.135377 0.087246 0.402786 0.911127
0.285160 0.322515 0.136786 0.037577 0.023971 0.999006
0.286618 0.366292 0.078922 0.002848 0.977450 0.211150
0.171045 0.325904 0.139036 0.030053 0.461967 0.886388
0.173893 0.365761 0.081577 0.005124 0.990914 0.134402
0.131033 0.367325 0.082369 -0.017862 0.968530 0.248257
0.129488 0.323326 0.142029 0.047032 0.247953 0.967630
0.020857 0.384406 -0.036458 0.054115 0.965513 -0.254667
0.152014 0.385246 -0.035609 0.032372 0.992972 0.113838
0.149967 0.332180 0.018326 0.043694 0.299724 0.953025
0.195415 0.382977 -0.035087 0.004612 0.996979 0.077539
0.193348 0.335463 0.018818 0.047226 0.171633 0.984028
0.313518 0.337848 0.009549 0.042515 0.474078 0.879456
0.317071 0.381577 -0.038669 -0.004512 0.999618 0.027255
0.338892 0.383730 -0.038959 0.071313 0.997339 -0.015169
0.332655 0.338292 0.009810 0.064631 0.330657 0.941535
0.492295 0.369536 -0.043111 0.201849 0.979409 -0.003966
0.334006 0.336457 -0.097190 0.057943 0.347265 -0.935975
0.469499 0.331784 -0.089755 0.312268 0.276143 -0.908974
0.469856 0.331475 0.004210 0.291854 0.289904 0.911470
0.313615 0.340754 -0.097026 -0.013123 0.333700 -0.942588
0.199199 0.333851 -0.098223 -0.003358 0.346853 -0.937914
0.148915 0.331437 -0.097789 0.051381 0.288701 -0.956039
-0.260894 0.352311 -0.300376 0.074072 0.827303 -0.556851
-0.259291 0.292951 -0.323722 -0.150633 0.078611 -0.985459
0.338583 0.269711 -0.078797 0.148804 -0.908162 -0.391278
0.306045 0.259833 -0.079878 0.077674 -0.735290 -0.673287
0.457845 0.284193 -0.080873 0.306758 -0.684714 -0.661110
0.458106 0.284290 -0.005050 0.291021 -0.800591 0.523795
0.335802 0.263126 -0.001680 0.156088 -0.776023 0.611085
0.500000 0.331591 -0.041643 0.942591 -0.333921 -0.004247
0.307174 0.257931 0.000029 0.123423 -0.749957 0.649871
0.191292 0.248459 -0.073650 0.040537 -0.731943 -0.680159
0.188376 0.248546 0.005899 0.047459 -0.725445 0.686641
0.152622 0.249628 0.005726 -0.019360 -0.753980 0.656612
0.152207 0.249550 -0.074471 0.008863 -0.827235 -0.561786
0.305050 0.245138 -0.200830 0.158140 -0.898511 -0.409475
0.274047 0.238746 -0.202162 0.102527 -0.742501 -0.661952
0.412600 0.259833 -0.196147 0.345474 -0.628437 -0.696932
0.412832 0.260789 -0.130134 0.288868 -0.753298 0.590845
0.305118 0.245012 -0.132412 0.126964 -0.746208 0.653494
0.453828 0.310823 -0.163039 0.966985 -0.254471 -0.013572
0.276142 0.238910 -0.128560 0.116155 -0.731683 0.671675
0.182747 0.230288 -0.127585 0.033889 -0.707213 0.706188
0.140698 0.235685 -0.125943 -0.027508 -0.711210 0.702441
0.141355 0.231852 -0.206063 -0.066123 -0.941473 -0.330540
0.187227 0.230365 -0.206324 0.057055 -0.693884 -0.717823
-0.500000 0.300269 -0.082031 -0.987438 0.140326 -0.072630
