0.344049 0.550531 0.013514 0.271816 0.958629 0.084537
0.346366 0.534069 -0.171297 0.373109 0.908016 -0.190519
0.164355 0.530467 -0.171400 -0.061265 0.978258 -0.198134
0.168783 0.542903 0.011908 -0.068742 0.997543 -0.013512
0.152447 0.521726 0.158540 -0.005384 0.936823 0.349762
0.343154 0.486611 -0.292886 0.468337 0.593045 -0.654949
0.370308 0.486622 0.160422 0.452055 0.650244 0.610598
0.394410 0.381070 0.170494 0.851021 -0.026744 0.524450
0.406708 0.275117 0.090570 0.826745 -0.499714 0.258414
0.149223 0.454191 0.221647 -0.033371 0.513376 0.857515
-0.056110 0.504323 0.147114 -0.151050 0.905183 0.397276
-0.062076 0.451002 0.224319 -0.053517 0.152156 0.986907
-0.154355 0.443052 0.215739 -0.146431 0.475647 0.867362
-0.152554 0.488744 0.142950 -0.242596 0.960183 0.138552
0.071995 0.328678 0.207181 -0.542165 -0.167135 0.823482
-0.098258 0.337351 0.196191 -0.222449 -0.826707 0.516790
0.164722 0.373671 0.271503 -0.031933 0.543192 0.839001
0.088446 0.325902 0.291062 -0.132820 0.601287 0.787917
0.039335 0.288791 0.306825 -0.476495 0.795730 0.373853
0.011344 0.275552 0.226809 -0.641717 0.453117 -0.618776
-0.054734 0.220993 0.222404 -0.358474 0.540182 -0.761380
-0.074959 0.236285 0.304966 -0.339486 0.794856 0.502945
-0.109317 0.198898 0.207100 -0.169475 0.563218 -0.808742
-0.120502 0.217333 0.292485 -0.500799 0.821327 0.273170
-0.221775 0.154514 0.281667 -0.636854 0.717681 0.281694
-0.108181 0.156670 0.336147 -0.283280 -0.032087 0.958500
-0.225193 0.098657 0.294905 -0.831497 -0.261165 0.490312
-0.191650 0.058701 0.282527 -0.101045 -0.739557 0.665466
-0.084216 0.083205 0.299139 0.146401 -0.913324 0.380008
-0.044501 0.095514 0.312365 0.306783 -0.814040 0.493176
-0.075968 0.169645 0.348662 -0.034430 0.045029 0.998392
-0.212758 0.143994 0.213834 -0.491564 0.108718 -0.864029
0.076699 0.217654 0.339772 0.127309 -0.047434 0.990728
0.087539 0.135344 0.292875 0.287223 -0.930594 0.226932
0.169207 0.148606 0.259595 0.340961 -0.900532 0.269791
0.150990 0.262888 0.327474 0.374267 -0.148855 0.915296
0.317365 0.222014 0.202890 0.593937 -0.740159 0.315284
0.290269 0.326522 0.274096 0.510893 0.090065 0.854913
-0.127109 0.323654 0.063600 -0.402301 -0.912496 0.074198
-0.160240 0.370172 0.060548 -0.094204 -0.892049 0.442012
-0.165482 0.364998 -0.064529 -0.116021 -0.856392 -0.503122
-0.161651 0.368302 0.076700 -0.115300 -0.774088 -0.622489
-0.109282 0.317080 -0.085178 -0.305539 -0.951463 0.036943
0.015818 0.302752 0.075656 -0.292675 -0.954049 -0.064285
0.005998 0.297257 -0.075909 -0.040827 -0.996781 0.068992
0.004117 0.283158 -0.228254 -0.112825 -0.993016 -0.034490
-0.096468 0.310805 -0.230835 -0.251828 -0.967055 -0.037240
0.143304 0.287506 -0.230962 -0.015379 -0.999816 -0.011439
0.014487 0.309876 -0.336089 -0.073927 -0.820562 -0.566757
0.163070 0.298599 -0.335275 0.128793 -0.680089 -0.721728
0.369424 0.288080 -0.189743 0.402543 -0.885764 -0.231046
0.363562 0.346999 -0.292852 0.615791 -0.249369 -0.747406
0.158424 0.302775 -0.036021 -0.144430 -0.963467 -0.225547
-0.137583 0.314970 -0.325787 -0.026770 -0.818034 -0.574546
-0.134623 0.395892 -0.344096 -0.092753 0.278496 -0.955948
-0.014066 0.392737 -0.348662 -0.027976 0.209901 -0.977322
-0.053426 0.450589 -0.299643 -0.197437 0.838144 -0.508463
-0.137377 0.445152 -0.291475 -0.218750 0.975605 0.018531
-0.132834 0.418491 -0.233084 -0.403590 0.808057 -0.429137
-0.253919 0.418193 -0.288091 -0.279938 0.940215 -0.193986
-0.230252 0.381678 -0.337879 -0.086867 0.177551 -0.980270
-0.066573 0.503830 -0.164265 -0.186431 0.955545 -0.228422
-0.172193 0.490603 -0.164368 -0.235470 0.888466 -0.393931
-0.136987 0.456371 -0.088516 -0.430704 0.902360 -0.015547
-0.064737 0.528609 0.005988 -0.181682 0.983028 0.025436
0.374931 0.280026 -0.062418 0.297204 -0.938864 -0.173795
-0.313985 0.441366 -0.165469 -0.384351 0.923148 0.008464
-0.283929 0.399241 -0.095090 -0.161630 0.252227 0.954074
-0.353608 0.417034 -0.165527 -0.771336 0.616571 0.157736
-0.327464 0.373097 -0.094034 -0.280303 0.216065 0.935279
-0.397798 0.261500 -0.097396 -0.398591 0.232933 0.887056
-0.442343 0.279063 -0.165905 -0.830435 0.503860 -0.237704
-0.320868 0.361098 -0.222794 -0.287280 0.221653 -0.931848
-0.390295 0.259354 -0.219914 -0.199849 0.099683 -0.974743
-0.401320 0.239290 -0.218756 -0.365464 -0.071468 -0.928078
-0.452885 0.255064 -0.166066 -0.995828 0.001085 -0.091239
-0.443651 0.070529 -0.154112 -0.977916 -0.194041 -0.077637
-0.398704 0.095847 -0.205185 -0.209304 -0.336993 -0.917948
-0.412447 0.231478 -0.097396 -0.456317 -0.009552 0.889766
-0.402857 0.092291 -0.104370 -0.249934 -0.309710 0.917395
-0.277000 0.382481 -0.223987 -0.105348 0.249211 -0.962702
-0.232742 0.377009 -0.236365 -0.164543 0.479606 0.861919
-0.287233 0.396121 -0.289181 -0.680522 0.732512 -0.017801
-0.275589 0.361224 -0.234908 -0.268274 0.309411 0.912301
-0.266308 0.361178 -0.341171 -0.180619 0.203998 -0.962165
-0.329437 0.294022 -0.337844 -0.357999 0.247867 -0.900221
-0.363681 0.310427 -0.285762 -0.773951 0.633039 -0.016180
-0.220960 0.288527 -0.324434 0.315924 -0.455912 -0.832067
-0.190319 0.307593 -0.321807 0.340885 -0.808914 -0.479015
-0.236229 0.279338 -0.234575 0.365318 -0.524208 0.769252
-0.265310 0.259538 -0.322323 0.533569 -0.643144 -0.549245
-0.343272 0.269530 -0.337925 -0.291926 -0.011143 -0.956376
-0.280602 0.242020 -0.321210 0.623884 -0.485424 -0.612481
-0.262614 0.253010 -0.243867 0.600382 -0.625651 0.498098
-0.339131 0.284764 -0.236365 -0.390177 0.272494 0.879494
-0.274912 0.231398 -0.246288 0.541070 -0.477594 0.692204
-0.345039 0.267912 -0.234851 -0.269263 0.006976 0.963041
-0.311243 0.194309 -0.249603 0.633467 -0.578026 0.514398
-0.310578 0.190214 -0.315142 0.671353 -0.668260 -0.320489
-0.353861 0.149810 -0.282401 0.331287 -0.943454 -0.012021
-0.361490 0.174199 -0.238086 -0.490386 -0.163507 0.856030
-0.400494 0.159561 -0.283170 -0.981664 -0.187735 0.033042
-0.365000 0.177044 -0.326212 -0.374848 -0.210176 -0.902948
-0.379500 0.283422 -0.284994 -0.973718 0.227634 -0.007454
-0.144891 0.327646 -0.240449 -0.260376 -0.878046 0.401548
-0.159781 0.343718 -0.208729 -0.203906 -0.845646 -0.493259
-0.195470 0.307559 -0.238923 0.233096 -0.567831 0.789452
-0.160710 0.354203 -0.095847 -0.011624 -0.719310 0.694592
-0.135231 0.467717 0.072571 -0.339960 0.802597 0.490169
-0.418917 0.089824 0.073970 -0.374717 -0.309377 -0.873998
-0.413663 0.049948 0.134507 0.242805 -0.969943 0.016016
-0.451750 0.064655 0.133612 -0.983311 -0.173296 0.055385
-0.418699 0.090581 0.188355 0.007533 -0.262489 0.964905
-0.355995 0.096340 0.162406 0.930271 -0.295889 0.216900
-0.363772 0.092623 0.085993 0.617136 -0.260046 -0.742643
-0.434335 0.246426 0.073821 -0.521828 -0.044095 -0.851910
-0.367638 0.215475 0.084880 0.826514 -0.082737 -0.556802
-0.432007 0.266306 0.073683 -0.382956 0.248560 -0.889698
-0.361168 0.227509 0.084352 0.475898 -0.342420 -0.810105
-0.336883 0.404908 0.075243 -0.364932 0.281592 -0.887429
-0.285925 0.330892 0.081920 0.450277 -0.430909 -0.782028
-0.333992 0.214603 0.163909 0.712967 -0.571962 0.405632
-0.349708 0.197017 0.165045 0.732895 -0.144351 0.664852
-0.248917 0.349282 0.081886 0.179567 -0.600747 -0.779012
-0.267834 0.303968 0.170620 0.627637 -0.619888 0.470968
-0.234233 0.320350 0.176299 0.317517 -0.911592 0.261119
-0.291397 0.428047 0.073167 -0.193863 0.548611 -0.813291
-0.160492 0.361304 0.189606 0.023354 -0.618864 0.785151
0.093413 0.219559 0.142675 -0.726453 -0.475424 -0.496224
0.243177 0.190111 0.047379 -0.013606 -0.911712 -0.410604
0.127668 0.171446 0.154181 -0.214233 -0.890454 -0.401493
0.035515 0.170999 0.200573 -0.143709 -0.704323 -0.695181
-0.011577 0.112137 0.239003 0.304731 -0.405940 -0.861598
-0.081348 0.088597 0.211448 0.200424 -0.521189 -0.829573
-0.186556 0.063049 0.220201 -0.221149 -0.838029 -0.498799
-0.466858 0.256521 0.133956 -0.991712 0.030320 0.124855
-0.418814 0.242732 0.202110 -0.481786 -0.085262 0.872131
-0.405622 0.253630 0.203785 -0.089200 0.014218 0.995912
-0.452163 0.276906 0.135034 -0.808944 0.555589 0.192172
-0.322451 0.381988 0.206458 -0.391773 0.303232 0.868656
-0.349089 0.421279 0.138189 -0.730858 0.668417 0.138076
-0.305932 0.448387 0.139130 -0.336117 0.910009 0.242711
-0.278158 0.404048 0.210014 -0.144236 0.299811 0.943032
-0.161915 0.515531 -0.002053 -0.279153 0.932159 -0.230551
-0.338167 0.454329 -0.001044 -0.387593 0.913789 0.121494
-0.304509 0.400985 0.063038 -0.150525 0.259315 0.953991
-0.381462 0.426177 -0.000424 -0.813517 0.576603 0.075624
-0.351073 0.378546 0.063623 -0.197450 0.097691 0.975433
-0.437685 0.232694 0.052610 -0.451010 0.226360 0.863337
-0.485373 0.253756 -0.004680 -0.853272 0.520753 0.027241
-0.500000 0.232189 -0.005025 -0.999005 -0.043998 -0.007354
-0.449008 0.212962 0.052919 -0.410136 -0.088670 0.907704
-0.464346 0.006608 -0.009958 -0.964209 -0.265142 0.000697
-0.447849 0.210507 -0.074211 -0.431725 -0.085316 -0.897962
-0.421086 0.036171 -0.065378 -0.261466 -0.321403 -0.910129
-0.420707 0.035769 0.046266 -0.276608 -0.301180 0.912567
-0.440783 0.234243 -0.074016 -0.354057 0.226824 -0.907301
-0.356132 0.373407 -0.075439 -0.255914 0.244128 -0.935366
-0.302972 0.400836 -0.074922 -0.164228 0.326094 -0.930963
0.172844 0.477399 -0.315623 -0.074073 0.827300 -0.556855
0.170939 0.406870 -0.343362 0.150633 0.078611 -0.985459
-0.351979 0.196294 -0.053642 0.622464 -0.385709 -0.681005
-0.380728 0.167924 -0.052357 0.926617 -0.091572 -0.364685
-0.365424 0.053183 -0.054824 0.720835 -0.215323 -0.658811
-0.365516 0.052862 0.035264 0.826526 -0.164253 0.538401
-0.372273 0.167098 0.039268 0.811720 -0.110116 0.573572
-0.418814 0.000000 -0.008214 0.386484 -0.922286 -0.004229
-0.350626 0.194057 0.041298 0.582573 -0.424674 0.693008
-0.297202 0.290282 -0.046243 0.558407 -0.396105 -0.728892
-0.294253 0.292106 0.048273 0.526715 -0.513793 0.677191
-0.258117 0.314488 0.048067 0.313832 -0.653916 0.688406
-0.257647 0.314660 -0.047218 0.360207 -0.756865 -0.545350
-0.311828 0.217769 -0.198932 0.573528 -0.391747 -0.719444
-0.336068 0.189021 -0.197349 0.886782 -0.257539 -0.383784
-0.339544 0.108489 -0.191785 0.632403 -0.378268 -0.676003
-0.340668 0.108156 -0.113353 0.733519 -0.289427 0.614965
-0.335976 0.188872 -0.116060 0.735960 -0.199284 0.647030
-0.397282 0.056166 -0.152449 0.308618 -0.951091 -0.013475
-0.313193 0.215693 -0.111483 0.594577 -0.445544 0.669305
-0.277608 0.276677 -0.110324 0.488701 -0.437195 0.755004
-0.237571 0.307249 -0.108374 0.329795 -0.628780 0.704181
-0.235965 0.302913 -0.203567 0.476238 -0.811764 -0.337988
-0.282254 0.274096 -0.203877 0.480319 -0.487931 -0.728846
0.477672 0.358058 -0.263932 -0.997567 0.031174 0.062348
0.489511 0.488056 -0.279648 0.000000 -1.000000 0.000000
0.482054 0.575322 -0.178283 0.999133 -0.041631 0.000000
0.481114 0.585165 -0.024286 0.991801 0.123975 -0.030994
0.485244 0.502235 0.149684 0.000000 0.000000 0.000000
0.494777 0.285762 0.080543 0.000000 0.000000 -1.000000
0.486964 0.273006 -0.108558 -0.995634 0.000000 0.093341
0.489844 0.370505 0.157565 -0.998053 -0.062378 0.000000
0.500000 0.415567 -0.061693 0.987438 0.140326 -0.072630
