22 24
24 22
24 26
25 32
26 24
26 31
27 28
28 27
29 30
30 29
31 26
32 25
39 42
40 107
41 42
42 39
42 41
47 104
54 57
57 54
59 60
59 82
59 84
60 59
60 84
66 68
67 69
68 66
69 67
70 78
71 73
71 75
72 80
73 71
73 74
73 75
74 73
75 71
75 73
76 77
76 177
77 76
77 174
77 177
78 70
79 175
79 177
80 72
81 83
82 59
82 83
82 84
83 81
83 82
84 59
84 60
84 82
85 86
85 91
86 85
86 91
86 94
86 103
87 88
88 87
88 106
89 106
90 92
90 93
91 85
91 86
92 90
92 93
93 90
93 92
93 95
94 86
94 96
94 103
95 93
96 94
96 103
97 98
97 99
97 100
98 97
98 99
98 102
99 97
99 98
99 100
99 101
99 102
100 97
100 99
100 101
101 99
101 100
101 102
102 98
102 99
102 101
103 86
103 94
103 96
104 47
104 105
105 104
106 88
106 89
107 40
109 111
109 114
110 111
110 112
111 109
111 110
111 112
111 113
111 114
112 110
112 111
113 111
114 109
114 111
115 117
115 138
116 118
117 115
117 138
118 116
119 140
120 123
121 122
122 121
123 120
124 125
125 124
128 130
130 128
135 138
136 137
137 136
138 115
138 117
138 135
139 142
140 119
140 141
141 140
142 139
144 146
146 144
148 151
149 150
150 149
151 148
152 155
152 166
153 156
154 163
155 152
155 166
156 153
157 158
158 157
161 162
162 161
163 154
165 167
166 152
166 155
167 165
168 171
169 170
170 169
171 168
172 173
173 172
174 77
175 79
176 178
177 76
177 77
177 79
178 176
179 180
180 179
181 182
182 181
