21 23
23 21
24 26
25 30
26 24
26 27
27 26
28 29
29 28
30 25
38 39
38 41
39 38
39 41
40 107
41 38
41 39
42 107
46 104
59 82
60 84
66 68
68 66
70 78
71 75
72 80
73 74
74 73
75 71
76 177
78 70
80 72
81 83
82 59
82 84
83 81
84 60
84 82
85 91
85 92
86 94
86 103
87 88
87 90
88 87
89 93
89 95
90 87
90 92
91 85
92 85
92 90
93 89
93 95
94 86
94 96
95 89
95 93
96 94
96 103
98 102
99 100
99 101
99 102
100 99
100 101
101 99
101 100
101 102
102 98
102 99
102 101
103 86
103 96
104 46
107 40
107 42
109 114
110 111
110 112
111 110
112 110
114 109
115 117
116 118
117 115
118 116
119 126
119 147
120 123
121 122
122 121
123 120
124 125
125 124
126 119
126 145
135 138
136 137
137 136
138 135
145 126
147 119
148 151
149 150
150 149
151 148
152 166
153 156
154 163
155 164
155 166
156 153
163 154
164 155
165 167
166 152
166 155
167 165
168 171
171 168
172 173
173 172
176 178
177 76
178 176
179 180
180 179
