0 1
0 2
0 3
0 4
0 7
0 183
1 0
1 64
1 2
1 4
1 61
2 0
2 1
2 3
2 5
2 61
2 159
3 0
3 2
3 5
3 183
4 0
4 1
4 64
4 7
4 10
4 11
5 160
5 2
5 3
5 6
5 183
5 159
6 160
6 5
6 50
6 51
6 183
7 0
7 4
7 38
7 8
7 10
7 17
7 183
8 38
8 183
8 9
8 7
9 65
9 37
9 38
9 8
9 183
10 4
10 7
10 11
10 12
10 15
10 17
11 64
11 4
11 10
11 12
11 13
11 14
11 108
12 10
12 11
12 13
12 15
12 16
12 127
13 11
13 12
13 142
13 14
13 127
14 11
14 108
14 13
14 142
14 141
14 126
15 128
15 10
15 12
15 44
15 16
15 17
15 18
15 19
15 20
16 39
16 42
16 12
16 44
16 15
16 127
17 38
17 7
17 10
17 15
17 18
18 33
18 36
18 38
18 15
18 17
18 19
19 33
19 15
19 18
19 20
19 21
19 22
20 128
20 131
20 15
20 19
20 21
21 131
21 132
21 19
21 20
21 22
21 23
22 33
22 19
22 21
22 23
22 24
22 26
22 31
23 32
23 132
23 133
23 21
23 22
23 24
23 25
24 25
24 26
24 22
24 23
25 32
25 23
25 24
25 26
25 27
26 22
26 24
26 25
26 27
26 28
26 29
26 30
26 31
27 32
27 134
27 25
27 26
27 28
28 26
28 27
28 29
28 134
29 133
29 134
29 26
29 28
29 30
30 33
30 34
30 131
30 132
30 133
30 26
30 29
30 31
31 33
31 26
31 30
31 22
32 133
32 134
32 23
32 25
32 27
33 34
33 35
33 36
33 18
33 19
33 22
33 30
33 31
34 33
34 35
34 131
34 30
35 33
35 34
35 129
35 36
35 37
35 130
35 131
36 33
36 35
36 37
36 38
36 18
37 129
37 65
37 35
37 36
37 38
37 9
38 36
38 37
38 7
38 8
38 9
38 17
38 18
39 40
39 41
39 42
39 43
39 44
39 16
40 39
40 41
40 170
40 107
40 43
40 171
40 158
40 63
41 39
41 40
41 170
41 42
41 108
42 39
42 41
42 108
42 16
42 123
42 125
42 126
42 127
43 39
43 40
43 105
43 107
43 44
43 45
43 46
43 47
44 128
44 129
44 39
44 43
44 45
44 15
44 16
44 52
45 43
45 44
45 46
45 48
45 52
46 43
46 45
46 47
46 48
46 49
47 104
47 105
47 43
47 46
47 49
47 53
48 65
48 45
48 46
48 49
48 50
48 51
48 52
49 46
49 47
49 48
49 51
49 53
49 54
49 55
50 65
50 6
50 48
50 51
50 183
51 160
51 6
51 48
51 49
51 50
51 55
52 65
52 129
52 44
52 45
52 48
53 104
53 106
53 47
53 49
53 54
53 88
53 60
54 49
54 53
54 55
54 56
54 57
54 59
54 60
55 160
55 49
55 51
55 54
55 56
55 159
56 54
56 55
56 57
56 58
56 61
56 159
57 81
57 54
57 56
57 58
57 59
58 104
58 105
58 106
58 80
58 81
58 56
58 57
58 61
58 62
59 81
59 82
59 54
59 57
59 60
60 82
60 84
60 53
60 54
60 87
60 88
60 59
61 64
61 1
61 2
61 159
61 56
61 58
61 62
61 63
62 66
62 80
62 58
62 61
62 63
63 64
63 66
63 67
63 40
63 107
63 143
63 158
63 61
63 62
64 1
64 4
64 11
64 108
64 143
64 61
64 63
65 129
65 37
65 9
65 48
65 50
65 52
65 183
66 67
66 68
66 72
66 80
66 62
66 63
67 66
67 68
67 69
67 107
67 179
67 180
67 63
68 66
68 67
68 69
68 70
68 71
68 72
69 67
69 68
69 179
69 70
70 68
70 69
70 71
70 78
70 178
70 179
71 68
71 70
71 72
71 73
71 74
71 75
71 78
72 66
72 68
72 71
72 73
72 173
72 80
72 182
73 72
73 74
73 173
73 71
74 71
74 73
74 75
74 76
74 77
74 172
74 173
74 174
75 74
75 76
75 78
75 71
76 74
76 75
76 77
76 78
76 79
76 177
77 177
77 74
77 76
77 174
78 70
78 71
78 75
78 76
78 79
78 176
78 175
78 178
79 177
79 76
79 78
79 175
80 66
80 72
80 105
80 181
80 182
80 58
80 62
81 89
81 106
81 82
81 83
81 57
81 58
81 59
82 81
82 83
82 84
82 85
82 86
82 59
82 60
82 94
83 89
83 81
83 82
83 94
84 82
84 60
84 85
84 87
85 103
85 82
85 84
85 86
85 87
85 90
85 91
86 82
86 85
86 94
86 103
87 84
87 85
87 88
87 89
87 90
87 60
88 106
88 53
88 87
88 89
88 60
89 106
89 81
89 83
89 87
89 88
89 90
89 93
89 94
90 85
90 87
90 89
90 91
90 92
90 93
91 102
91 103
91 85
91 90
91 92
92 97
92 98
92 102
92 90
92 91
92 93
92 95
93 89
93 90
93 92
93 94
93 95
94 96
94 103
94 82
94 83
94 86
94 89
94 93
94 95
95 96
95 97
95 92
95 93
95 94
96 97
96 100
96 103
96 94
96 95
97 96
97 98
97 99
97 100
97 92
97 95
98 97
98 99
98 92
98 102
99 97
99 98
99 100
99 101
99 102
100 96
100 97
100 99
100 101
100 103
101 99
101 100
101 102
101 103
102 98
102 99
102 101
102 103
102 91
102 92
103 96
103 100
103 101
103 102
103 85
103 86
103 91
103 94
104 105
104 106
104 47
104 53
104 58
105 104
105 107
105 43
105 47
105 80
105 181
105 58
106 104
106 81
106 53
106 88
106 89
106 58
107 67
107 40
107 105
107 43
107 180
107 181
107 63
108 64
108 41
108 42
108 11
108 170
108 14
108 143
108 144
108 145
108 126
109 114
109 115
109 110
109 111
110 135
110 136
110 109
110 111
110 112
110 115
111 109
111 110
111 112
111 113
111 114
112 136
112 110
112 111
112 113
112 122
113 111
113 112
113 114
113 116
113 122
114 109
114 111
114 113
114 115
114 116
115 135
115 109
115 110
115 114
115 116
115 117
116 113
116 114
116 115
116 117
116 118
116 121
116 122
117 135
117 138
117 115
117 116
117 118
117 119
118 116
118 117
118 119
118 120
118 121
118 124
119 138
119 140
119 117
119 118
119 120
119 123
119 126
120 123
120 124
120 118
120 119
121 136
121 137
121 116
121 118
121 122
121 124
122 136
122 112
122 113
122 116
122 121
123 42
123 119
123 120
123 124
123 125
123 126
124 137
124 139
124 142
124 118
124 120
124 121
124 123
124 125
125 42
125 142
125 123
125 124
125 127
126 42
126 140
126 108
126 141
126 14
126 119
126 123
127 42
127 12
127 13
127 142
127 16
127 125
128 129
128 130
128 131
128 44
128 15
128 20
129 128
129 65
129 130
129 35
129 37
129 44
129 52
130 128
130 129
130 35
130 131
131 128
131 130
131 35
131 132
131 34
131 20
131 21
131 30
132 131
132 133
132 21
132 23
132 30
133 32
133 132
133 134
133 23
133 29
133 30
134 32
134 133
134 27
134 28
134 29
135 136
135 137
135 138
135 110
135 115
135 117
136 135
136 137
136 110
136 112
136 121
136 122
137 135
137 136
137 138
137 139
137 121
137 124
138 135
138 137
138 139
138 140
138 117
138 119
139 137
139 138
139 140
139 141
139 142
139 124
140 138
140 139
140 141
140 119
140 126
141 139
141 140
141 142
141 14
141 126
142 139
142 13
142 141
142 14
142 124
142 125
142 127
143 64
143 108
143 144
143 158
143 63
144 108
144 143
144 145
144 146
144 157
144 158
145 169
145 170
145 108
145 144
145 146
145 147
146 144
146 145
146 147
146 148
146 149
146 156
146 157
147 167
147 169
147 145
147 146
147 148
148 167
148 146
148 147
148 149
148 150
148 151
149 156
149 146
149 148
149 150
150 148
150 149
150 151
150 152
150 153
150 156
151 164
151 165
151 167
151 148
151 150
151 152
151 155
152 166
152 150
152 151
152 153
152 154
152 155
153 161
153 162
153 163
153 150
153 152
153 154
153 156
154 152
154 153
154 163
154 166
155 152
155 164
155 166
155 151
156 162
156 168
156 146
156 149
156 150
156 153
156 157
157 168
157 144
157 146
157 156
157 158
158 168
158 40
158 171
158 143
158 144
158 157
158 63
159 160
159 2
159 5
159 55
159 56
159 61
160 5
160 6
160 51
160 55
160 159
161 162
161 163
161 164
161 165
161 167
161 153
162 161
162 167
162 168
162 153
162 156
163 161
163 164
163 166
163 153
163 154
164 161
164 163
164 165
164 166
164 151
164 155
165 161
165 164
165 167
165 151
166 163
166 164
166 152
166 154
166 155
167 161
167 162
167 165
167 168
167 169
167 147
167 148
167 151
168 162
168 167
168 169
168 171
168 156
168 157
168 158
169 167
169 168
169 170
169 171
169 145
169 147
170 40
170 169
170 41
170 171
170 108
170 145
171 168
171 169
171 170
171 40
171 158
172 74
172 173
172 174
172 175
172 176
172 178
173 72
173 73
173 74
173 172
173 178
173 179
173 182
174 74
174 172
174 77
174 175
174 177
175 172
175 78
175 174
175 176
175 79
175 177
176 178
176 172
176 78
176 175
177 76
177 77
177 174
177 79
177 175
178 70
178 172
178 173
178 78
178 176
178 179
179 67
179 69
179 70
179 173
179 178
179 180
179 181
179 182
180 107
180 67
180 179
180 181
181 105
181 107
181 80
181 179
181 180
181 182
182 72
182 173
182 80
182 179
182 181
183 0
183 65
183 3
183 5
183 6
183 7
183 8
183 9
183 50
