 -0.500000   0.300269  -0.082031
 -0.340529   0.222513   0.047283
  0.128908   0.309595   0.068409
  0.115243   0.312395  -0.028460
  0.021619   0.294337  -0.165500
 -0.044041   0.264444  -0.274911
 -0.212951   0.160307   0.150734
  0.242518   0.306738   0.074635
  0.245382   0.309799  -0.037827
  0.177833   0.292461  -0.160795
  0.119118   0.273917  -0.272131
 -0.066763   0.090299   0.225239
  0.357273   0.312505   0.079883
  0.380169   0.318904  -0.048915
  0.319423   0.295850  -0.157063
  0.251163   0.262255  -0.267703
  0.059067   0.067196   0.270936
  0.436257   0.294476   0.086036
  0.480929   0.319060  -0.056423
  0.436150   0.287928  -0.152728
  0.365064   0.276823  -0.266627
