  0.500000   0.415567  -0.061693
  0.286477   0.322423   0.090901
 -0.334093   0.330916   0.127627
 -0.327765   0.338802   0.004743
 -0.193515   0.408748  -0.147958
 -0.095364   0.366032  -0.271169
  0.115659   0.247908   0.212976
 -0.391357   0.241328   0.124787
 -0.399353   0.229556  -0.005728
 -0.317984   0.313125  -0.160536
 -0.236271   0.343229  -0.284398
 -0.067127   0.162168   0.263680
 -0.406652   0.139019   0.128899
 -0.415739   0.101736  -0.006486
 -0.382022   0.189159  -0.162770
 -0.324268   0.255185  -0.282082
 -0.218941   0.126614   0.247269
 -0.448507   0.086462   0.125934
 -0.456044   0.014122  -0.011917
 -0.440771   0.105696  -0.167292
 -0.390648   0.181386  -0.277651
