0 1
0 2
0 59
0 60
0 27
0 28
1 0
1 2
1 3
1 4
1 5
1 27
2 0
2 1
2 3
2 58
2 59
3 1
3 2
3 4
3 57
3 58
4 1
4 3
4 5
4 6
4 57
5 1
5 4
5 6
5 7
5 8
5 27
6 4
6 5
6 7
6 56
6 57
7 5
7 6
7 8
7 9
7 10
7 179
7 56
8 5
8 7
8 9
8 27
8 28
9 7
9 8
9 10
9 176
9 25
9 28
10 7
10 9
10 176
10 179
10 55
11 12
11 13
11 176
11 53
11 55
11 23
11 24
12 11
12 13
12 14
12 178
12 52
12 53
12 155
13 11
13 12
13 14
13 15
13 21
13 23
14 12
14 13
14 15
14 16
14 50
14 52
15 13
15 14
15 16
15 17
15 18
15 19
15 20
15 21
16 65
16 103
16 14
16 15
16 17
16 49
16 50
17 65
17 66
17 68
17 15
17 16
17 18
17 84
18 96
18 98
18 100
18 165
18 15
18 17
18 19
18 84
18 86
19 163
19 165
19 15
19 18
19 20
20 163
20 164
20 172
20 15
20 19
20 21
20 22
21 13
21 15
21 20
21 22
21 23
22 64
22 172
22 20
22 21
22 182
22 23
22 184
23 64
23 11
23 13
23 21
23 22
23 24
24 64
24 11
24 176
24 23
24 25
24 62
25 9
25 60
25 176
25 24
25 26
25 28
25 62
26 180
26 181
26 25
26 60
26 61
26 62
27 0
27 1
27 5
27 8
27 28
28 0
28 8
28 9
28 25
28 27
28 60
29 66
29 67
29 146
29 147
29 30
29 31
30 32
30 146
30 154
30 29
30 31
31 32
31 33
31 34
31 65
31 66
31 29
31 30
32 33
32 49
32 50
32 51
32 154
32 30
32 31
33 32
33 34
33 35
33 48
33 49
33 31
34 65
34 33
34 35
34 36
34 103
34 104
34 31
35 33
35 34
35 36
35 37
35 48
35 177
36 34
36 35
36 37
36 38
36 104
37 35
37 36
37 38
37 46
37 177
38 161
38 36
38 37
38 104
38 105
38 46
39 160
39 161
39 40
39 41
39 46
39 159
40 39
40 41
40 42
40 44
40 45
40 46
41 39
41 40
41 42
41 43
41 159
42 40
42 41
42 43
42 44
43 41
43 42
43 44
43 159
44 40
44 42
44 43
44 45
44 159
45 160
45 40
45 44
45 46
45 47
45 159
46 161
46 37
46 38
46 39
46 40
46 45
46 47
46 177
47 160
47 162
47 105
47 45
47 46
47 177
48 33
48 35
48 103
48 104
48 105
48 49
48 177
49 32
49 33
49 103
49 48
49 16
49 50
50 32
50 14
50 16
50 49
50 51
50 52
51 32
51 50
51 52
51 154
51 155
52 12
52 14
52 50
52 51
52 155
53 11
53 12
53 178
53 54
53 55
54 178
54 179
54 180
54 53
54 55
54 61
55 10
55 11
55 176
55 179
55 53
55 54
56 6
56 7
56 179
56 57
56 59
56 61
57 3
57 4
57 6
57 56
57 58
57 59
58 57
58 2
58 3
58 59
59 0
59 2
59 56
59 57
59 58
59 60
59 61
60 0
60 25
60 26
60 59
60 28
60 61
61 179
61 180
61 54
61 56
61 26
61 59
61 60
62 64
62 181
62 24
62 25
62 26
62 63
63 64
63 173
63 174
63 181
63 182
63 154
63 155
63 62
64 22
64 23
64 24
64 182
64 62
64 63
65 34
65 66
65 103
65 16
65 17
65 31
66 65
66 67
66 68
66 17
66 29
66 31
67 66
67 68
67 69
67 147
67 148
67 29
68 66
68 67
68 69
68 70
68 17
68 83
68 84
69 67
69 68
69 70
69 71
69 148
69 149
70 68
70 69
70 71
70 81
70 82
70 83
70 183
71 69
71 70
71 149
71 150
71 183
71 153
72 73
72 74
72 78
72 79
72 80
72 153
73 72
73 74
73 75
73 76
73 77
73 78
74 72
74 73
74 75
74 150
74 151
74 153
75 73
75 74
75 76
75 151
75 152
76 152
76 73
76 75
76 77
77 73
77 76
77 78
77 151
77 152
78 72
78 73
78 77
78 79
78 150
78 151
79 72
79 78
79 80
79 81
79 150
79 183
80 72
80 183
80 153
80 79
81 70
81 79
81 82
81 149
81 150
81 183
82 70
82 81
82 83
82 147
82 148
82 149
83 68
83 70
83 82
83 147
83 84
83 85
84 68
84 17
84 18
84 83
84 85
84 86
85 106
85 146
85 83
85 84
85 147
85 86
85 87
86 96
86 18
86 84
86 85
86 87
86 88
87 106
87 107
87 85
87 86
87 88
88 96
88 107
88 108
88 86
88 87
88 89
88 90
89 96
89 88
89 90
89 91
89 92
89 95
90 108
90 109
90 88
90 89
90 91
91 109
91 110
91 89
91 90
91 92
91 93
92 158
92 118
92 89
92 91
92 93
92 94
92 95
93 110
93 111
93 91
93 92
93 157
93 158
94 109
94 110
94 118
94 92
94 95
95 96
95 97
95 107
95 108
95 109
95 89
95 92
95 94
96 97
96 98
96 18
96 86
96 88
96 89
96 95
97 96
97 98
97 99
97 107
97 95
98 96
98 97
98 99
98 100
98 18
99 97
99 98
99 100
99 101
99 106
99 107
99 119
100 98
100 99
100 101
100 102
100 165
100 166
100 18
101 99
101 100
101 102
101 119
101 120
102 100
102 101
102 166
102 167
102 120
102 121
102 122
103 65
103 34
103 104
103 16
103 48
103 49
104 34
104 36
104 38
104 103
104 105
104 48
105 161
105 162
105 38
105 104
105 47
105 48
105 177
106 99
106 107
106 145
106 146
106 85
106 87
106 119
107 97
107 99
107 106
107 108
107 87
107 88
107 95
108 107
108 109
108 88
108 90
108 95
109 108
109 110
109 90
109 91
109 94
109 95
110 109
110 111
110 112
110 117
110 118
110 91
110 93
110 94
111 110
111 112
111 113
111 157
111 156
111 93
112 110
112 111
112 113
112 114
112 116
112 117
113 111
113 112
113 114
113 115
113 156
114 112
114 113
114 115
114 116
115 113
115 114
115 116
115 156
116 112
116 114
116 115
116 117
116 156
117 110
117 112
117 116
117 118
117 156
117 157
118 110
118 117
118 158
118 92
118 157
118 94
119 99
119 101
119 137
119 106
119 138
119 139
119 145
119 120
120 101
120 102
120 136
120 137
120 119
120 121
121 102
121 136
121 120
121 122
121 123
121 124
122 121
122 123
122 102
122 167
123 167
123 168
123 121
123 122
123 124
123 125
124 135
124 136
124 121
124 123
124 125
124 127
125 168
125 169
125 170
125 123
125 124
125 126
125 127
126 128
126 129
126 170
126 171
126 125
126 127
127 128
127 134
127 135
127 124
127 125
127 126
128 129
128 131
128 132
128 133
128 134
128 126
128 127
129 128
129 130
129 131
129 171
129 126
130 129
130 131
130 132
130 171
131 128
131 129
131 130
131 132
132 128
132 130
132 131
132 133
132 171
133 128
133 132
133 134
133 170
133 171
134 128
134 133
134 135
134 168
134 169
134 170
134 127
135 134
135 136
135 168
135 124
135 127
136 166
136 135
136 168
136 137
136 167
136 120
136 121
136 124
137 165
137 166
137 136
137 138
137 119
137 120
138 163
138 165
138 137
138 139
138 140
138 119
139 138
139 140
139 141
139 142
139 144
139 145
139 119
140 163
140 164
140 138
140 139
140 141
141 164
141 139
141 140
141 172
141 142
141 143
142 144
142 139
142 141
142 143
143 172
143 141
143 174
143 142
143 144
143 184
144 139
144 173
144 142
144 143
144 174
144 145
145 106
145 139
145 173
145 175
145 144
145 146
145 119
146 106
146 175
146 145
146 147
146 85
146 154
146 29
146 30
147 67
147 82
147 83
147 148
147 85
147 146
147 29
148 67
148 69
148 82
148 147
148 149
149 69
149 71
149 81
149 82
149 148
149 150
150 71
150 74
150 78
150 79
150 81
150 149
150 151
150 153
151 74
151 75
151 77
151 78
151 150
151 152
152 75
152 76
152 77
152 151
153 71
153 72
153 74
153 80
153 150
153 183
154 32
154 173
154 175
154 146
154 51
154 155
154 30
154 63
155 12
155 178
155 51
155 52
155 181
155 154
155 63
156 111
156 113
156 115
156 116
156 117
156 157
157 111
157 117
157 118
157 156
157 93
157 158
158 118
158 92
158 93
158 157
159 160
159 39
159 41
159 43
159 44
159 45
160 161
160 162
160 39
160 45
160 47
160 159
161 160
161 162
161 38
161 39
161 105
161 46
162 160
162 105
162 161
162 47
163 164
163 165
163 138
163 140
163 19
163 20
164 163
164 140
164 172
164 141
164 20
165 163
165 100
165 166
165 137
165 138
165 18
165 19
166 100
166 165
166 102
166 167
166 136
166 137
167 102
167 166
167 168
167 136
167 122
167 123
168 134
168 167
168 135
168 169
168 136
168 123
168 125
169 168
169 170
169 125
169 134
170 133
170 134
170 169
170 171
170 125
170 126
171 129
171 130
171 132
171 133
171 170
171 126
172 164
172 141
172 143
172 20
172 22
172 184
173 174
173 175
173 144
173 145
173 154
173 63
174 173
174 143
174 144
174 182
174 184
174 63
175 145
175 146
175 173
175 154
176 9
176 10
176 11
176 55
176 24
176 25
177 35
177 37
177 105
177 46
177 47
177 48
178 12
178 180
178 53
178 54
178 181
178 155
179 7
179 10
179 54
179 55
179 56
179 61
180 178
180 181
180 54
180 26
180 61
181 178
181 180
181 26
181 155
181 62
181 63
182 64
182 174
182 22
182 184
182 63
183 70
183 71
183 79
183 80
183 81
183 153
184 172
184 174
184 143
184 182
184 22
