1 3
1 4
2 58
3 1
3 4
4 1
4 3
4 5
5 4
8 27
9 176
10 55
12 52
12 53
24 25
25 24
26 60
27 8
29 31
29 34
31 29
32 33
33 32
34 29
34 36
34 65
35 37
36 34
36 38
37 35
38 36
38 161
39 161
40 46
43 44
43 159
44 43
45 47
46 40
47 45
48 49
48 177
49 48
52 12
53 12
54 178
55 10
56 179
57 58
58 2
58 57
60 26
61 180
65 34
65 66
66 65
67 69
68 70
69 67
69 71
70 68
70 183
71 69
72 80
73 76
74 153
76 73
78 79
79 78
80 72
81 82
81 83
82 81
82 83
83 81
83 82
84 85
84 86
84 88
85 84
85 87
85 88
86 84
86 88
87 85
87 88
88 84
88 85
88 86
88 87
88 90
89 92
89 96
90 88
90 91
91 90
92 89
94 95
94 97
95 94
95 97
96 89
97 94
97 95
98 100
98 102
99 101
99 102
99 122
100 98
100 102
100 122
101 99
101 102
101 120
101 122
101 123
102 98
102 99
102 100
102 101
102 122
102 123
103 104
104 103
104 105
105 104
107 108
107 109
108 107
108 109
109 107
109 108
110 112
112 110
113 115
115 113
115 156
117 118
118 117
120 101
120 121
120 124
121 120
121 124
122 99
122 100
122 101
122 102
122 123
122 125
123 101
123 102
123 122
123 125
124 120
124 121
124 127
125 122
125 123
125 126
126 125
127 124
127 128
128 127
130 171
133 134
134 133
134 135
135 134
135 136
136 135
136 137
137 136
147 148
148 147
148 149
149 148
150 151
151 150
153 74
156 115
157 158
158 157
159 43
160 162
161 38
161 39
162 160
166 167
166 168
167 166
167 168
168 166
168 167
168 169
169 168
169 170
170 169
171 130
176 9
177 48
178 54
179 56
180 61
180 181
181 180
183 70
