  0.500000   0.133486  -0.165228
  0.355050   0.124294  -0.033129
 -0.041673   0.113383   0.061822
 -0.064734   0.119869  -0.094231
 -0.086526   0.112981  -0.248636
 -0.022180   0.119466  -0.378162
  0.239090   0.116942   0.072550
 -0.174071   0.114273   0.061717
 -0.221923   0.118395  -0.095873
 -0.211949   0.118594  -0.254257
 -0.134541   0.112979  -0.381711
  0.227942   0.090062   0.264961
 -0.300969   0.107850   0.061590
 -0.372794   0.112454  -0.097463
 -0.327099   0.113148  -0.259424
 -0.229140   0.102448  -0.384678
  0.186334   0.078684   0.417729
 -0.397820   0.103070   0.061489
 -0.488093   0.103463  -0.098683
 -0.402765   0.099369  -0.262870
 -0.297895   0.106659  -0.386832
