-0.314829 0.084242 0.300562 -0.954547 0.266893 0.132695
-0.305015 0.044521 0.397742 -0.934168 -0.246991 0.257538
-0.261773 0.103498 0.435788 -0.644828 0.583331 0.493884
-0.256450 0.055633 0.435215 -0.183705 -0.544467 0.818418
-0.208005 0.067909 0.439278 0.267868 -0.368790 0.890079
-0.211727 0.105142 0.435530 0.527556 0.738670 0.419585
-0.165443 0.051211 0.398265 0.922387 -0.271290 0.274961
-0.154797 0.087852 0.303598 0.972349 0.199818 0.120875
-0.211324 0.146697 0.325632 0.422619 0.867764 0.261496
-0.194859 0.159748 0.247739 0.473999 0.838433 0.268991
-0.156259 0.094189 0.242599 0.991068 0.105820 0.081159
-0.184510 0.192925 0.157317 0.513261 0.799165 0.312888
-0.128871 0.109438 0.120840 0.694999 -0.000140 0.719010
-0.180547 0.215702 0.080476 0.143203 0.944916 0.294325
-0.097023 0.200799 0.057062 0.107279 0.803716 0.585263
0.000032 0.123794 0.123605 -0.065502 0.250193 0.965978
0.039658 0.190449 0.060678 0.139803 0.911611 0.386550
0.102384 0.117514 0.124946 -0.074319 0.207975 0.975307
0.113268 0.190701 0.066460 0.130584 0.963296 0.234538
0.128801 0.117142 0.126685 0.123633 0.103576 0.986908
0.139188 0.189442 0.066952 0.056438 0.945272 -0.321366
0.170375 0.184831 0.067336 -0.005392 0.990726 0.135767
0.161896 0.115152 0.128549 -0.046273 -0.309427 0.949797
0.216496 0.116241 0.130987 -0.049104 0.297168 0.953562
0.245496 0.117337 0.132436 0.115401 0.126238 0.985265
0.262000 0.191697 0.066656 0.164300 0.985870 0.032657
0.399783 0.150646 0.066530 0.412544 0.909344 0.053862
0.369504 0.090951 0.117117 0.250698 -0.412088 0.875976
0.403777 0.113501 0.065698 0.903417 -0.426169 0.047094
0.375979 0.093187 0.013133 0.265647 -0.389348 -0.881952
0.256204 0.120739 -0.001764 0.121943 0.168529 -0.978125
0.224905 0.119183 -0.000271 -0.048332 0.336873 -0.940309
0.228968 0.186865 0.066908 -0.074584 0.997060 0.017567
0.170192 0.117929 0.001184 -0.007059 -0.055268 -0.998447
0.139390 0.120014 0.002721 -0.059735 -0.172274 -0.983236
0.113873 0.119914 0.004340 0.337969 -0.210211 -0.917381
0.099826 0.152127 0.001978 0.688351 0.723769 -0.048285
0.086894 0.214927 -0.087253 0.318074 0.943242 0.095521
-0.079783 0.231764 -0.086894 0.089166 0.994301 0.058430
0.074958 0.214279 -0.244394 0.279167 0.951843 -0.126728
-0.083449 0.230051 -0.249175 0.032983 0.985396 -0.167053
-0.347785 0.236949 -0.196276 -0.080325 0.985936 -0.146554
-0.246517 0.248180 -0.063840 -0.079131 0.990104 0.115898
-0.446175 0.204465 -0.097691 -0.597989 0.735130 0.319364
-0.317084 0.205643 0.047740 -0.453354 0.811516 0.368662
-0.271580 0.195942 0.150231 -0.413584 0.860586 0.297221
-0.269325 0.179382 0.201214 -0.523076 0.795630 0.305555
-0.191394 0.176951 0.204490 0.665956 0.680063 0.306620
-0.257811 0.147018 0.324460 -0.454633 0.845604 0.279754
-0.269766 0.158608 0.245118 -0.500008 0.838246 0.217568
-0.316290 0.089351 0.236419 -0.998096 0.005058 0.061473
-0.327251 0.107429 0.137148 -0.915136 0.216269 0.340225
-0.150489 0.190953 -0.363942 -0.103102 0.814197 -0.571361
-0.372351 0.195199 -0.303944 -0.251102 0.655586 -0.712148
0.007496 0.182418 -0.385680 0.091144 0.871456 -0.481931
0.074303 0.152706 -0.326803 0.706807 0.701002 -0.094976
0.083745 0.181096 -0.386165 0.179283 0.936075 -0.302689
0.106635 0.117299 -0.335213 0.073873 0.082073 0.993885
0.124890 0.115700 -0.336523 0.006175 0.091921 0.995747
0.106925 0.181423 -0.387507 0.103112 0.934259 0.341362
0.127031 0.176724 -0.388647 -0.017837 0.986695 -0.161599
0.162249 0.115448 -0.331969 -0.059830 0.236814 0.969711
0.156208 0.112720 -0.438560 -0.035272 0.084822 -0.995772
0.116172 0.113193 -0.434636 -0.058671 -0.284309 -0.956936
0.095618 0.114660 -0.436595 0.008009 -0.094023 -0.995538
0.069881 0.114818 -0.437338 -0.027071 -0.027304 -0.999261
-0.036188 0.117218 -0.427461 -0.087436 -0.027670 -0.995786
-0.178400 0.092041 -0.406227 -0.245497 0.054385 -0.967871
-0.371041 0.095965 -0.342362 -0.425281 -0.154293 -0.891813
-0.460953 0.192799 -0.248154 -0.668585 0.616435 -0.415936
-0.449262 0.089534 -0.266516 -0.744075 -0.490717 -0.453375
0.118144 0.152435 -0.188402 0.716200 0.510137 0.476254
0.120077 0.152523 -0.170274 0.655965 0.619224 -0.431592
0.164542 0.197637 -0.094541 0.350901 0.926641 0.134929
0.106402 0.153185 -0.014261 0.493995 0.485219 0.721479
0.093817 0.082006 0.000435 0.632302 -0.774271 -0.026414
0.100632 0.082649 -0.017933 0.466670 -0.705772 0.533015
0.157399 0.120972 -0.030462 0.380414 -0.134747 0.914947
0.186047 0.120638 -0.029221 -0.046309 -0.036326 0.998266
0.192597 0.197819 -0.094680 0.029058 0.993777 -0.107528
0.224659 0.118824 -0.027407 -0.009965 -0.078564 0.996859
0.288984 0.120846 -0.025070 -0.043920 0.312383 0.948940
0.228760 0.192818 -0.094390 -0.020862 0.999663 0.015444
0.324983 0.122950 -0.023558 0.111194 0.150890 0.982277
0.335320 0.201907 -0.096551 0.136325 0.990629 0.008321
0.495194 0.159358 -0.096154 0.381542 0.924352 -0.000274
0.464845 0.095322 -0.040137 0.247725 -0.402155 0.881421
0.500000 0.119384 -0.096103 0.894287 -0.447166 -0.017117
0.463290 0.096488 -0.151868 0.243870 -0.403082 -0.882073
0.321204 0.124424 -0.168813 0.105184 0.143305 -0.984073
0.286175 0.122295 -0.165852 -0.078289 0.318165 -0.944797
0.296782 0.195766 -0.095751 -0.084744 0.996331 0.011944
0.223311 0.120285 -0.161783 -0.027191 -0.082196 -0.996245
0.188144 0.122288 -0.159868 -0.053686 -0.290849 -0.955262
0.160970 0.122112 -0.157745 0.395501 0.123817 -0.910081
0.122887 0.090113 -0.170148 0.674363 -0.602336 -0.427114
0.121646 0.090119 -0.188018 0.656373 -0.574060 0.489520
0.137116 0.119762 -0.199489 0.446929 0.026532 0.894176
0.168145 0.190683 -0.253628 0.009661 0.920528 0.390558
0.163578 0.120336 -0.196667 -0.069421 -0.154033 0.985624
0.195356 0.119359 -0.194500 -0.044819 -0.114036 0.992465
0.269798 0.123347 -0.187023 -0.057935 0.334031 0.940780
0.305255 0.125280 -0.186727 0.137768 0.080489 0.987189
0.328580 0.192642 -0.253956 0.212343 0.977123 0.011910
0.412356 0.157985 -0.253011 0.564542 0.824734 0.033271
0.384187 0.099127 -0.200616 0.363149 -0.377307 0.851917
0.416016 0.121243 -0.252293 0.912697 -0.406407 0.042627
0.389138 0.099436 -0.303680 0.380469 -0.419499 -0.824175
0.312486 0.125772 -0.319761 0.157811 0.044566 -0.986463
0.276027 0.123762 -0.320215 -0.050805 0.282584 -0.957896
0.283057 0.195829 -0.255285 -0.038738 0.999249 0.001307
0.195489 0.118824 -0.311289 -0.086577 -0.246611 -0.965239
0.199848 0.187653 -0.255310 -0.102383 0.989218 -0.104713
0.164208 0.119914 -0.306703 -0.075521 -0.016803 -0.997003
0.141362 0.119819 -0.303863 0.295029 -0.010705 -0.955428
0.143812 0.191495 -0.252954 0.403199 0.871291 -0.279791
0.077622 0.154986 -0.314105 0.342268 0.506193 -0.791594
0.079940 0.093256 -0.313525 0.472066 -0.595526 -0.650001
0.077036 0.093779 -0.324347 0.490084 -0.731259 0.474424
-0.271221 0.000000 0.373983 -0.302476 -0.894092 0.330315
-0.273432 0.006765 0.287391 -0.567005 -0.818989 -0.088107
-0.209838 0.007067 0.383519 0.232917 -0.916529 0.325152
-0.193725 0.005203 0.286351 0.537160 -0.839433 -0.082527
-0.272072 0.020516 0.230013 -0.410179 -0.903814 -0.121958
-0.192453 0.022670 0.230524 0.714346 -0.694542 -0.085558
-0.077660 0.020680 -0.043866 0.057104 -0.997850 -0.032171
-0.359697 0.034663 -0.155150 -0.040590 -0.999032 -0.016928
-0.058769 0.025013 -0.141280 0.022931 -0.999380 0.026733
-0.071084 0.014412 -0.283813 0.088225 -0.995851 0.022288
-0.350569 0.021291 -0.240577 -0.173501 -0.984790 -0.009265
-0.136555 0.008082 -0.356283 -0.070756 -0.838425 -0.540405
-0.336989 0.030663 -0.317071 -0.350650 -0.787334 -0.507100
-0.326873 0.006948 0.008302 -0.236295 -0.966396 0.101211
-0.454188 0.054776 -0.158684 -0.557642 -0.829717 -0.024608
0.030437 0.029794 -0.018141 0.310289 -0.938334 0.152483
0.036068 0.057346 0.078044 0.097361 -0.852146 0.514167
0.094579 0.046354 -0.107769 0.241288 -0.970442 0.004800
0.079525 0.047349 -0.243172 0.370989 -0.916538 -0.149419
0.007489 0.057944 -0.382984 0.231997 -0.869643 -0.435774
0.089345 0.052483 0.095209 0.156908 -0.966921 0.201107
0.132310 0.053592 0.063676 -0.052408 -0.998522 0.014385
0.213340 0.049913 0.063947 -0.014432 -0.999450 -0.029844
0.242183 0.049126 0.063783 -0.044051 -0.998748 -0.023692
0.352900 0.051034 0.064483 0.370059 -0.929003 0.003067
0.162646 0.050442 0.064105 -0.056084 -0.980873 -0.186394
0.156278 0.051261 -0.094459 0.310983 -0.949483 -0.042080
0.185221 0.051450 -0.094623 -0.045915 -0.982323 0.181473
0.220382 0.048433 -0.094302 -0.051788 -0.998655 0.002432
0.279271 0.048521 -0.095253 -0.009796 -0.999943 -0.004194
0.313009 0.048137 -0.095814 -0.029703 -0.999488 -0.011899
0.441243 0.051437 -0.095518 0.355993 -0.934373 -0.014702
0.136782 0.054058 -0.250227 0.301299 -0.910436 -0.283417
0.162003 0.055733 -0.250460 -0.029303 -0.972850 0.229574
0.192440 0.053428 -0.252116 -0.049976 -0.998730 0.006425
0.263921 0.053837 -0.252375 -0.020200 -0.999642 -0.017565
0.297992 0.051305 -0.251543 -0.040092 -0.999189 -0.003724
0.367810 0.058133 -0.251203 0.509769 -0.860032 0.021913
0.071204 0.056842 -0.374405 0.124782 -0.967298 -0.220824
0.083858 0.117772 -0.333644 0.549416 0.070648 0.832557
0.095404 0.055481 -0.376250 -0.001778 -0.921004 0.389548
0.115278 0.055759 -0.377863 -0.082680 -0.983943 0.158180
0.152794 0.050902 -0.378575 -0.069526 -0.997122 0.030231
0.199010 0.117218 -0.330608 0.102090 0.135015 0.985570
0.275316 0.089584 -0.338223 0.303559 -0.336077 0.891574
0.253490 0.051286 -0.380836 0.444089 -0.895978 -0.002906
0.302332 0.108323 -0.382146 0.894460 -0.445331 -0.040262
0.270226 0.087348 -0.426560 0.304672 -0.405817 -0.861677
0.185826 0.050568 -0.379205 -0.076198 -0.993579 -0.083632
0.193007 0.114496 -0.439278 0.144024 0.104713 -0.984018
0.299264 0.143428 -0.383066 0.553884 0.830991 -0.051626
0.214946 0.178028 -0.387557 0.199416 0.979248 -0.036155
-0.151314 0.100330 0.199665 0.985243 -0.099794 0.139062
-0.142388 0.108097 0.154980 0.971262 -0.022687 0.236929
-0.093326 0.106673 0.105376 -0.009818 -0.196965 0.980361
-0.322476 0.096929 0.189593 -0.980346 -0.183693 0.071962
-0.364244 0.106598 0.066278 -0.823368 -0.048859 0.565401
-0.445256 0.076910 -0.054820 -0.832266 -0.297843 0.467571
0.168516 0.180182 -0.389825 -0.014518 0.999588 -0.024755
-0.189164 0.022960 0.185921 0.543002 -0.839618 0.013810
-0.274560 0.022185 0.183974 -0.388119 -0.918987 -0.069478
-0.184963 0.027174 0.137998 0.472325 -0.878194 0.075394
-0.276915 0.030115 0.132285 -0.479085 -0.850629 0.216581
-0.174141 0.020522 0.068167 0.138991 -0.967909 0.209365
-0.092368 0.023571 0.057415 0.143411 -0.832278 0.535487
-0.500000 0.136900 -0.165823 -0.998706 -0.012093 0.049394
