2 3
2 4
2 5
3 2
3 4
4 2
4 3
4 5
5 2
5 4
6 121
8 48
9 47
10 171
11 47
12 172
12 173
17 19
17 22
18 20
19 17
19 22
20 18
20 21
21 20
21 32
22 17
22 19
22 23
23 22
23 24
24 23
25 32
26 28
28 26
30 31
31 30
31 33
32 21
32 25
33 31
33 34
33 35
34 33
34 35
34 36
35 33
35 34
35 36
35 74
35 75
36 34
36 35
36 74
45 46
46 45
47 9
47 11
48 8
50 174
51 174
55 57
55 116
55 158
56 59
56 60
57 55
57 58
57 117
57 158
58 57
58 61
59 56
59 60
60 56
60 59
60 177
61 58
61 162
62 63
62 64
62 168
63 62
63 64
63 65
64 62
64 63
64 65
65 63
65 64
71 72
71 97
72 71
73 79
74 35
74 36
75 35
75 76
76 75
77 78
77 80
78 77
78 80
79 73
79 82
80 77
80 78
81 83
82 79
83 81
84 91
85 87
87 85
89 90
90 89
91 84
92 93
93 92
93 94
94 93
94 95
95 94
95 96
95 97
96 95
96 97
96 151
97 71
97 95
97 96
97 99
98 112
98 115
99 97
99 100
100 99
101 102
102 101
103 110
104 106
106 104
110 103
111 113
112 98
113 111
113 114
114 113
114 117
115 98
116 55
116 117
116 158
117 57
117 114
117 116
117 158
118 158
120 123
121 6
122 124
123 120
123 179
124 122
124 178
135 139
136 145
139 135
139 140
140 139
140 144
141 142
141 144
142 141
144 140
144 141
145 136
145 146
146 145
146 147
147 146
148 149
149 148
151 96
151 152
151 153
152 151
152 153
153 151
153 152
154 155
155 154
157 159
157 160
158 55
158 57
158 116
158 117
158 118
159 157
159 160
160 157
160 159
160 161
161 160
161 167
162 61
163 164
163 165
164 163
165 163
165 166
165 169
166 165
167 161
168 62
169 165
170 177
171 10
172 12
173 12
174 50
174 51
177 60
177 170
178 124
179 123
179 181
181 179
