 -0.500000   0.136900  -0.165823
 -0.360596   0.124922  -0.032694
  0.037570   0.114799   0.058753
  0.062846   0.123379  -0.093960
  0.070530   0.124218  -0.250095
  0.005907   0.109577  -0.373204
 -0.249074   0.115340   0.073809
  0.173341   0.118602   0.062243
  0.219956   0.122173  -0.097470
  0.197156   0.119270  -0.247932
  0.126633   0.119285  -0.380273
 -0.232919   0.083642   0.261730
  0.302341   0.112205   0.065412
  0.372323   0.116334  -0.100953
  0.318176   0.120669  -0.245739
  0.221114   0.105213  -0.385789
 -0.213443   0.069494   0.439938
  0.399910   0.114547   0.067908
  0.491642   0.116000  -0.103642
  0.403241   0.112596  -0.244272
  0.288871   0.092949  -0.389891
