0.311875 0.072438 0.299390 0.990993 0.067812 0.115477
0.266100 0.104141 0.434938 0.758491 0.446203 0.474967
0.295743 0.037006 0.397390 0.868042 -0.429126 0.249707
0.251096 0.058373 0.435284 0.081872 -0.558345 0.825559
0.206254 0.080375 0.439757 -0.322956 -0.292927 0.899941
0.217453 0.115996 0.435303 -0.358389 0.837158 0.413187
0.160510 0.072136 0.399613 -0.953737 -0.072615 0.291742
0.156032 0.108777 0.304455 -0.908825 0.396418 0.129959
0.223752 0.155119 0.324699 -0.231904 0.939661 0.251511
0.209031 0.170123 0.246806 -0.288102 0.921579 0.260171
0.157758 0.113778 0.243336 -0.947027 0.307659 0.092117
0.204194 0.203356 0.155950 -0.292132 0.922305 0.253009
0.132089 0.132562 0.121690 -0.745084 0.215883 0.631066
0.180592 0.212326 0.079997 -0.134123 0.952738 0.272583
0.097029 0.197385 0.056584 -0.121772 0.818091 0.562048
0.079783 0.228350 -0.087373 -0.089170 0.994302 0.058411
-0.039658 0.187035 0.060206 -0.139801 0.911612 0.386549
-0.086894 0.211513 -0.087732 -0.318087 0.943238 0.095513
-0.074958 0.210864 -0.244873 -0.279180 0.951838 -0.126740
0.083449 0.226637 -0.249654 -0.032969 0.985393 -0.167076
0.347791 0.233528 -0.196755 0.080328 0.985935 -0.146562
0.246517 0.244759 -0.064319 0.079194 0.990108 0.115820
0.446175 0.201051 -0.098170 0.597257 0.735647 0.319542
0.317122 0.202216 0.047255 0.400191 0.855937 0.327443
0.289910 0.188390 0.147673 0.661746 0.670848 0.334746
0.285154 0.173404 0.198972 0.738395 0.616493 0.273332
0.320133 0.081660 0.188125 0.923136 -0.379366 0.062469
0.269294 0.145903 0.322911 0.622472 0.738651 0.258697
0.282062 0.153632 0.243229 0.664351 0.721238 0.196093
-0.100632 0.079228 -0.018412 -0.466669 -0.705781 0.533005
-0.030437 0.026380 -0.018620 -0.310278 -0.938340 0.152464
-0.093817 0.078592 -0.000044 -0.632287 -0.774284 -0.026403
-0.036062 0.053926 0.077566 -0.124207 -0.888758 0.441227
-0.089345 0.049069 0.094730 -0.156895 -0.966916 0.201141
-0.113873 0.116493 0.003861 -0.338091 -0.210234 -0.917331
-0.132310 0.050178 0.063204 0.052422 -0.998520 0.014476
-0.139384 0.116594 0.002242 0.059731 -0.172258 -0.983239
-0.162646 0.047022 0.063626 0.056083 -0.980870 -0.186410
-0.170192 0.114515 0.000712 0.007082 -0.055219 -0.998449
-0.256205 0.117325 -0.002236 -0.121951 0.168524 -0.978125
-0.242183 0.045712 0.063305 0.044069 -0.998748 -0.023673
-0.375980 0.089767 0.012655 -0.265623 -0.389311 -0.881976
-0.352894 0.047614 0.064004 -0.370058 -0.929003 0.003123
-0.403777 0.110087 0.065220 -0.903404 -0.426194 0.047118
-0.369504 0.087537 0.116638 -0.250693 -0.412080 0.875981
-0.245496 0.113923 0.131957 -0.115412 0.126237 0.985264
-0.213340 0.046493 0.063468 0.014394 -0.999451 -0.029842
-0.216496 0.112827 0.130508 0.049082 0.297149 0.953569
-0.128801 0.113728 0.126213 -0.123571 0.103582 0.986915
-0.102377 0.114100 0.124468 0.074327 0.207941 0.975313
-0.000032 0.120380 0.123126 0.054831 0.077936 0.995449
0.092368 0.020157 0.056936 -0.061824 -0.818100 0.571742
0.093326 0.103240 0.104897 -0.016765 -0.134635 0.990753
0.145582 0.128877 0.155667 -0.969307 0.070906 0.235406
0.174469 0.036490 0.187514 -0.702809 -0.710468 0.035976
0.153474 0.120166 0.200370 -0.958955 0.215901 0.183828
0.176951 0.019665 0.288178 -0.698726 -0.712820 -0.060576
0.194695 0.019621 0.385081 -0.410054 -0.844520 0.344444
0.253175 0.000000 0.374871 0.118680 -0.932093 0.342225
0.255304 0.004888 0.288153 0.386025 -0.918933 -0.080914
0.313298 0.076192 0.235160 0.978925 -0.198421 0.048323
0.255839 0.017782 0.230561 0.214677 -0.970335 -0.111189
0.326098 0.090195 0.135447 0.891489 -0.268110 0.365190
0.326873 0.003540 0.007823 0.243642 -0.961102 0.130081
0.364244 0.103152 0.065799 0.834203 0.074235 0.546438
-0.099826 0.148712 0.001499 -0.688364 0.723756 -0.048291
-0.106402 0.149771 -0.014740 -0.494007 0.485195 0.721486
-0.157399 0.117551 -0.030941 -0.380408 -0.134758 0.914948
-0.164542 0.194223 -0.095020 -0.350890 0.926644 0.134936
-0.186047 0.117224 -0.029700 0.046308 -0.036270 0.998269
-0.192597 0.194405 -0.095159 -0.029054 0.993779 -0.107514
-0.224659 0.115403 -0.027886 0.009967 -0.078559 0.996860
-0.335320 0.198493 -0.097023 -0.136300 0.990633 0.008321
-0.495194 0.155944 -0.096633 -0.381542 0.924351 -0.000247
-0.324983 0.119536 -0.024031 -0.111183 0.150913 0.982275
-0.464845 0.091902 -0.040609 -0.247757 -0.402163 0.881409
-0.500000 0.115970 -0.096582 -0.894287 -0.447166 -0.017141
-0.463290 0.093074 -0.152347 -0.243839 -0.403075 -0.882084
-0.321204 0.121010 -0.169285 -0.105175 0.143305 -0.984074
-0.286175 0.118881 -0.166331 0.078231 0.318144 -0.944809
-0.296783 0.192345 -0.096229 0.084744 0.996331 0.011944
-0.223311 0.116871 -0.162262 0.027193 -0.082238 -0.996242
-0.188144 0.118874 -0.160340 0.053780 -0.290852 -0.955255
-0.160970 0.118698 -0.158218 -0.395499 0.123819 -0.910082
-0.120077 0.149103 -0.170746 -0.655985 0.619207 -0.431587
-0.122887 0.086699 -0.170627 -0.674385 -0.602322 -0.427098
-0.118144 0.149021 -0.188881 -0.716181 0.510172 0.476245
-0.121646 0.086699 -0.188490 -0.656345 -0.574080 0.489534
-0.137116 0.116348 -0.199961 -0.446861 0.026550 0.894210
-0.168145 0.187268 -0.254101 -0.009673 0.920542 0.390524
-0.163578 0.116922 -0.197139 0.069336 -0.154021 0.985632
-0.195356 0.115939 -0.194978 0.044759 -0.114041 0.992467
-0.199848 0.184239 -0.255782 0.102399 0.989217 -0.104715
-0.269798 0.119932 -0.187502 0.057915 0.334003 0.940791
-0.195489 0.115410 -0.311768 0.086600 -0.246613 -0.965237
-0.164208 0.116493 -0.307182 0.075485 -0.016805 -0.997005
-0.143812 0.188075 -0.253433 -0.403175 0.871299 -0.279801
-0.141362 0.116405 -0.304341 -0.294964 -0.010704 -0.955448
-0.077622 0.151572 -0.314577 -0.342288 0.506182 -0.791592
-0.079940 0.089842 -0.313998 -0.472063 -0.595536 -0.649995
-0.074303 0.149292 -0.327282 -0.706807 0.701001 -0.094978
-0.077037 0.090359 -0.324819 -0.490130 -0.731224 0.474429
-0.083858 0.114358 -0.334123 -0.549414 0.070637 0.832559
-0.113268 0.187287 0.065982 -0.130639 0.963289 0.234535
-0.139188 0.186021 0.066479 -0.056437 0.945262 -0.321396
-0.170375 0.181417 0.066864 0.005389 0.990727 0.135761
-0.079525 0.043935 -0.243644 -0.370986 -0.916541 -0.149408
-0.136782 0.050644 -0.250705 -0.301271 -0.910444 -0.283421
-0.162003 0.052319 -0.250932 0.029299 -0.972843 0.229602
-0.192440 0.050014 -0.252589 0.049948 -0.998731 0.006398
-0.263921 0.050423 -0.252853 0.020197 -0.999642 -0.017562
-0.305255 0.121860 -0.187205 -0.137705 0.080531 0.987194
-0.297992 0.047891 -0.252016 0.040096 -0.999189 -0.003775
-0.384187 0.095707 -0.201088 -0.363176 -0.377330 0.851895
-0.367810 0.054719 -0.251682 -0.509770 -0.860033 0.021860
-0.416016 0.117829 -0.252772 -0.912697 -0.406410 0.042602
-0.389138 0.096022 -0.304152 -0.380453 -0.419489 -0.824187
-0.312486 0.122358 -0.320240 -0.157874 0.044522 -0.986455
-0.276027 0.120342 -0.320693 0.050823 0.282603 -0.957890
-0.007490 0.054524 -0.383463 -0.231989 -0.869650 -0.435763
-0.071204 0.053422 -0.374883 -0.124892 -0.967280 -0.220845
-0.095404 0.052067 -0.376729 0.001773 -0.920975 0.389617
-0.106635 0.113885 -0.335685 -0.073871 0.082023 0.993889
-0.124890 0.112286 -0.337001 -0.006308 0.091899 0.995748
-0.115278 0.052338 -0.378342 0.082681 -0.983940 0.158197
-0.162249 0.112034 -0.332447 0.059856 0.236805 0.969712
-0.199010 0.113804 -0.331087 -0.102087 0.135011 0.985571
-0.152794 0.047488 -0.379053 0.069475 -0.997126 0.030207
-0.185826 0.047154 -0.379677 0.076202 -0.993583 -0.083581
-0.275316 0.086170 -0.338702 -0.303585 -0.336056 0.891573
-0.302332 0.104909 -0.382625 -0.894462 -0.445331 -0.040233
-0.253490 0.047872 -0.381315 -0.444090 -0.895978 -0.002842
-0.270226 0.083928 -0.427033 -0.304660 -0.405853 -0.861664
-0.193007 0.111076 -0.439757 -0.144029 0.104685 -0.984021
-0.156208 0.109306 -0.439038 0.035246 0.084817 -0.995773
-0.116172 0.109779 -0.435114 0.058702 -0.284305 -0.956935
-0.095618 0.111240 -0.437067 -0.008039 -0.093998 -0.995540
-0.069881 0.111404 -0.437816 0.027070 -0.027276 -0.999261
0.036181 0.113804 -0.427940 0.087433 -0.027648 -0.995787
0.136555 0.004668 -0.356761 0.070758 -0.838423 -0.540408
0.178399 0.088627 -0.406706 0.245493 0.054386 -0.967871
0.371041 0.092551 -0.342841 0.425275 -0.154293 -0.891815
0.336989 0.027243 -0.317550 0.350650 -0.787334 -0.507100
0.449262 0.086120 -0.266995 0.745194 -0.489860 -0.452463
0.350569 0.017876 -0.241055 0.173495 -0.984791 -0.009243
0.071084 0.010998 -0.284292 -0.088220 -0.995851 0.022296
-0.094579 0.042940 -0.108248 -0.241284 -0.970443 0.004792
-0.156271 0.047847 -0.094938 -0.310998 -0.949477 -0.042122
-0.185221 0.048036 -0.095096 0.045955 -0.982324 0.181461
-0.220376 0.045012 -0.094781 0.051838 -0.998653 0.002399
-0.279271 0.045107 -0.095726 0.009747 -0.999944 -0.004211
-0.313009 0.044723 -0.096286 0.029726 -0.999487 -0.011917
-0.441243 0.048023 -0.095996 -0.355992 -0.934372 -0.014754
-0.288984 0.117432 -0.025549 0.043981 0.312417 0.948926
0.077660 0.017265 -0.044345 -0.053832 -0.998412 -0.016628
0.165644 0.027930 0.068350 -0.177144 -0.940905 0.288650
-0.412356 0.154571 -0.253483 -0.564542 0.824732 0.033317
-0.328580 0.189227 -0.254434 -0.212343 0.977122 0.011942
-0.283057 0.192415 -0.255764 0.038737 0.999249 0.001260
-0.399783 0.147232 0.066051 -0.412548 0.909344 0.053836
-0.262000 0.188283 0.066177 -0.164284 0.985872 0.032656
-0.224905 0.115769 -0.000750 0.048354 0.336863 -0.940311
-0.228968 0.183445 0.066429 0.074583 0.997060 0.017567
0.150489 0.187533 -0.364421 0.103100 0.814200 -0.571357
0.372351 0.191779 -0.304423 0.251088 0.655601 -0.712139
-0.007496 0.178998 -0.386152 -0.091131 0.871456 -0.481933
-0.083745 0.177681 -0.386644 -0.179271 0.936072 -0.302706
-0.106925 0.178009 -0.387979 -0.103199 0.934271 0.341302
-0.127031 0.173304 -0.389125 0.017901 0.986694 -0.161602
-0.168517 0.176768 -0.390303 0.014588 0.999587 -0.024751
-0.214946 0.174614 -0.388029 -0.199433 0.979242 -0.036203
-0.299264 0.140014 -0.383545 -0.553901 0.830977 -0.051682
0.460953 0.189385 -0.248633 0.669661 0.615645 -0.415374
0.359697 0.031249 -0.155629 0.040595 -0.999033 -0.016913
0.454187 0.051362 -0.159162 0.557744 -0.829648 -0.024596
0.058769 0.021599 -0.141752 -0.022931 -0.999380 0.026733
0.208446 0.187023 0.203306 -0.307229 0.897034 0.317711
-0.161896 0.111737 0.128071 0.046225 -0.309443 0.949794
0.170431 0.040767 0.139579 -0.640679 -0.761502 0.098204
0.178362 0.036194 0.232067 -0.842569 -0.534791 -0.063846
0.257861 0.018223 0.184465 0.190868 -0.979895 -0.058094
0.260941 0.024736 0.132619 0.252211 -0.951899 0.174004
0.445255 0.073496 -0.055299 0.831501 -0.298580 0.468461
-0.228760 0.189404 -0.094869 0.020842 0.999663 0.015470
0.500000 0.133486 -0.165228 0.998706 -0.012093 0.049394
