0 1
0 2
0 48
0 49
0 50
0 120
1 0
1 2
1 3
1 119
1 120
2 0
2 1
2 3
2 4
2 5
2 48
3 1
3 2
3 4
3 119
3 121
4 2
4 3
4 5
4 6
4 121
5 2
5 4
5 6
5 7
5 8
5 48
6 4
6 5
6 7
6 121
6 122
7 5
7 6
7 8
7 9
7 10
7 122
7 124
8 5
8 7
8 9
8 48
8 49
9 7
9 8
9 10
9 46
9 47
9 49
10 7
10 9
10 171
10 47
10 124
11 12
11 45
11 13
11 46
11 47
11 172
12 11
12 172
12 13
12 14
12 173
12 180
12 182
12 183
13 38
13 42
13 11
13 12
13 44
13 14
13 45
14 38
14 12
14 13
14 173
14 15
14 16
15 135
15 173
15 14
15 16
15 17
16 36
16 37
16 38
16 14
16 15
16 17
16 18
17 135
17 139
17 15
17 16
17 18
17 19
18 35
18 36
18 16
18 17
18 19
18 20
19 139
19 140
19 17
19 18
19 20
19 21
19 22
20 33
20 34
20 35
20 18
20 19
20 21
21 32
21 33
21 19
21 20
21 22
21 23
21 31
22 140
22 141
22 144
22 19
22 21
22 23
23 32
23 141
23 21
23 22
23 24
23 25
24 141
24 142
24 23
24 25
24 26
24 27
25 32
25 23
25 24
25 26
25 30
25 31
26 24
26 25
26 27
26 28
26 29
26 30
27 142
27 143
27 24
27 26
27 28
28 26
28 27
28 29
28 143
29 142
29 143
29 26
29 28
29 30
30 141
30 142
30 25
30 26
30 29
30 31
31 32
31 33
31 141
31 21
31 25
31 30
32 25
32 23
32 21
32 31
33 34
33 141
33 144
33 20
33 21
33 31
34 33
34 35
34 140
34 144
34 20
35 34
35 36
35 75
35 139
35 140
35 18
35 20
36 35
36 37
36 74
36 75
36 16
36 18
37 36
37 38
37 39
37 72
37 73
37 74
37 16
38 37
38 39
38 40
38 41
38 42
38 13
38 14
38 16
39 37
39 38
39 71
39 40
39 72
39 115
39 116
39 54
39 55
40 38
40 39
40 41
40 52
40 54
41 69
41 38
41 40
41 42
41 43
41 52
41 53
42 38
42 41
42 43
42 44
42 13
43 69
43 41
43 42
43 44
43 175
43 176
43 184
44 42
44 43
44 45
44 13
44 175
44 51
45 11
45 44
45 13
45 46
45 51
46 9
46 11
46 45
46 174
46 47
46 49
46 50
46 51
47 9
47 10
47 11
47 171
47 172
47 46
48 0
48 2
48 5
48 8
48 49
49 0
49 8
49 9
49 46
49 48
49 50
50 0
50 174
50 46
50 49
50 120
50 123
51 44
51 45
51 174
51 46
51 175
51 181
52 66
52 67
52 40
52 41
52 53
52 54
53 67
53 68
53 69
53 41
53 52
54 65
54 66
54 39
54 40
54 52
54 55
54 56
55 39
55 116
55 117
55 54
55 118
55 56
55 158
56 64
56 65
56 54
56 55
56 59
56 158
57 58
57 59
57 158
57 159
58 160
58 57
58 59
58 60
58 61
58 159
59 64
59 56
59 57
59 58
59 60
59 158
60 64
60 177
60 58
60 59
60 61
60 62
60 63
61 160
61 161
61 162
61 170
61 177
61 58
61 60
62 161
62 167
62 168
62 170
62 177
62 60
62 63
63 64
63 161
63 160
63 60
63 62
64 160
64 65
64 159
64 56
64 59
64 60
64 157
64 63
65 64
65 66
65 138
65 54
65 56
65 157
66 65
66 130
66 67
66 138
66 52
66 54
67 66
67 130
67 68
67 52
67 53
68 130
68 67
68 131
68 69
68 70
68 53
69 68
69 70
69 41
69 43
69 53
69 184
70 129
70 131
70 68
70 69
70 133
70 184
71 96
71 97
71 39
71 72
71 115
71 95
72 37
72 71
72 39
72 73
72 94
72 95
73 37
73 72
73 74
73 77
73 78
73 79
73 94
74 36
74 37
74 73
74 75
74 76
74 77
75 35
75 36
75 134
75 135
75 74
75 139
75 76
76 134
76 136
76 74
76 75
76 77
76 145
77 73
77 74
77 76
77 78
77 145
77 146
78 73
78 77
78 79
78 80
78 146
78 147
79 73
79 78
79 80
79 82
79 92
79 93
79 94
80 78
80 79
80 81
80 82
80 147
80 148
81 80
81 82
81 83
81 148
81 84
81 91
82 79
82 80
82 81
82 90
82 91
82 92
83 81
83 84
83 85
83 86
83 148
83 149
84 81
84 83
84 85
84 89
84 90
84 91
85 83
85 84
85 86
85 87
85 88
85 89
86 83
86 85
86 150
86 149
86 87
87 88
87 150
87 85
87 86
88 149
88 85
88 150
88 87
88 89
89 84
89 85
89 149
89 148
89 88
89 90
90 82
90 84
90 148
90 89
90 91
90 92
91 81
91 90
91 84
91 82
92 79
92 82
92 147
92 148
92 90
92 93
93 79
93 145
93 146
93 147
93 92
93 94
94 72
94 73
94 79
94 145
94 93
94 95
95 96
95 71
95 72
95 136
95 137
95 145
95 94
96 97
96 71
96 137
96 151
96 95
97 96
97 98
97 99
97 71
97 115
97 151
97 152
98 97
98 99
98 100
98 112
98 113
98 115
99 97
99 98
99 100
99 152
99 153
100 98
100 99
100 101
100 112
100 153
100 154
101 100
101 102
101 103
101 110
101 112
101 154
102 101
102 103
102 104
102 105
102 154
102 155
103 101
103 102
103 104
103 108
103 109
103 110
104 102
104 103
104 105
104 106
104 107
104 108
105 102
105 104
105 106
105 155
105 156
106 104
106 105
106 107
106 156
107 104
107 106
107 108
107 155
107 156
108 103
108 104
108 107
108 109
108 154
108 155
109 103
109 108
109 110
109 111
109 112
109 154
110 112
110 101
110 109
110 103
111 109
111 112
111 113
111 153
111 154
112 98
112 100
112 101
112 109
112 110
112 111
112 113
113 98
113 111
113 112
113 114
113 115
113 151
113 152
113 153
114 113
114 115
114 116
114 117
114 151
115 97
115 98
115 71
115 39
115 113
115 114
115 116
116 39
116 114
116 115
116 117
116 55
117 137
117 138
117 114
117 116
117 118
117 55
117 151
118 138
118 117
118 55
118 157
118 158
119 120
119 121
119 3
119 1
120 0
120 1
120 50
120 119
120 121
120 122
120 123
121 3
121 4
121 6
121 119
121 120
121 122
122 6
122 7
122 120
122 121
122 123
122 124
123 174
123 178
123 179
123 50
123 120
123 122
123 124
124 7
124 10
124 171
124 178
124 122
124 123
125 132
125 134
125 135
125 136
125 182
125 183
125 126
125 127
126 128
126 129
126 132
126 133
126 125
126 127
127 128
127 136
127 125
127 126
128 129
128 130
128 136
128 137
128 138
128 126
128 127
129 128
129 130
129 131
129 133
129 70
129 126
130 128
130 129
130 66
130 131
130 68
130 67
130 138
131 129
131 130
131 68
131 70
132 133
132 175
132 176
132 181
132 182
132 125
132 126
133 129
133 132
133 70
133 176
133 184
133 126
134 135
134 136
134 75
134 76
134 125
135 134
135 75
135 139
135 173
135 15
135 17
135 183
135 125
136 128
136 134
136 137
136 76
136 145
136 125
136 95
136 127
137 96
137 128
137 136
137 138
137 117
137 151
137 95
138 128
138 65
138 130
138 66
138 137
138 117
138 118
138 157
139 35
139 135
139 75
139 140
139 17
139 19
140 34
140 35
140 139
140 144
140 19
140 22
141 33
141 142
141 144
141 22
141 23
141 24
141 30
141 31
142 141
142 143
142 24
142 27
142 29
142 30
143 27
143 28
143 29
143 142
144 33
144 34
144 140
144 141
144 22
145 136
145 76
145 77
145 146
145 93
145 94
145 95
146 77
146 78
146 145
146 147
146 93
147 78
147 80
147 146
147 148
147 92
147 93
148 80
148 81
148 83
148 147
148 149
148 89
148 90
148 92
149 83
149 148
149 150
149 86
149 88
149 89
150 88
150 149
150 86
150 87
151 96
151 97
151 137
151 113
151 114
151 117
151 152
152 97
152 99
152 113
152 151
152 153
153 99
153 100
153 111
153 113
153 152
153 154
154 100
154 101
154 102
154 108
154 109
154 111
154 153
154 155
155 102
155 105
155 107
155 108
155 154
155 156
156 107
156 105
156 106
156 155
157 64
157 65
157 138
157 118
157 158
157 159
158 118
158 55
158 56
158 57
158 59
158 157
158 159
159 160
159 64
159 57
159 58
159 157
159 158
160 159
160 161
160 64
160 58
160 61
160 63
161 160
161 162
161 167
161 61
161 62
161 63
162 161
162 163
162 167
162 169
162 170
162 61
163 162
163 164
163 165
163 167
163 169
164 163
164 165
164 166
164 167
165 169
165 163
165 164
165 166
166 164
166 165
166 167
166 168
166 169
167 161
167 162
167 163
167 164
167 166
167 168
167 62
168 166
168 167
168 169
168 170
168 62
169 162
169 163
169 165
169 166
169 168
169 170
170 162
170 168
170 169
170 177
170 61
170 62
171 10
171 172
171 47
171 178
171 124
172 11
172 12
172 171
172 47
172 178
172 180
173 135
173 12
173 14
173 15
173 183
174 46
174 50
174 179
174 51
174 181
174 123
175 132
175 43
175 44
175 176
175 51
175 181
176 132
176 133
176 43
176 175
176 184
177 170
177 60
177 61
177 62
178 171
178 172
178 179
178 180
178 123
178 124
179 174
179 178
179 180
179 181
179 123
180 172
180 12
180 178
180 179
180 181
180 182
181 132
181 174
181 175
181 179
181 180
181 51
181 182
182 132
182 12
182 180
182 181
182 183
182 125
183 135
183 12
183 173
183 182
183 125
184 69
184 70
184 133
184 43
184 176
