0 1
0 2
0 3
0 77
0 17
0 18
1 0
1 77
1 110
1 16
1 17
1 86
1 87
1 57
2 0
2 97
2 3
2 4
2 68
2 77
3 0
3 2
3 4
3 5
3 6
3 18
4 2
4 67
4 3
4 68
4 5
5 3
5 4
5 67
5 6
5 7
5 42
5 43
6 3
6 5
6 7
6 8
6 18
7 5
7 6
7 8
7 9
7 10
7 42
8 6
8 7
8 9
8 18
8 19
9 165
9 7
9 8
9 10
9 11
9 19
10 165
10 7
10 9
10 42
10 41
11 165
11 9
11 15
11 17
11 18
11 19
12 165
12 13
12 14
12 15
12 20
13 12
13 14
13 20
13 21
13 22
14 12
14 13
14 15
14 16
14 22
14 23
14 24
15 165
15 11
15 12
15 14
15 16
15 17
16 1
16 14
16 15
16 17
16 52
16 87
16 23
17 0
17 1
17 11
17 15
17 16
17 18
18 0
18 3
18 6
18 8
18 11
18 17
18 19
19 8
19 9
19 18
19 11
20 165
20 40
20 41
20 12
20 13
20 21
21 40
21 13
21 20
21 22
21 27
21 29
22 101
22 13
22 14
22 21
22 24
22 29
22 30
23 14
23 16
23 52
23 24
23 25
23 26
24 101
24 14
24 22
24 23
24 26
25 99
25 52
25 23
25 26
25 27
25 28
26 99
26 101
26 103
26 23
26 24
26 25
27 40
27 52
27 21
27 25
27 28
27 29
28 99
28 37
28 25
28 27
28 29
28 31
29 21
29 22
29 27
29 28
29 30
29 31
30 32
30 100
30 101
30 22
30 29
30 31
31 32
31 37
31 28
31 29
31 30
32 33
32 100
32 37
32 38
32 107
32 30
32 31
33 32
33 34
33 35
33 100
33 107
33 108
34 33
34 35
34 36
34 105
34 106
34 107
35 108
35 33
35 34
35 36
36 34
36 35
36 102
36 105
36 108
37 32
37 99
37 38
37 39
37 28
37 31
38 32
38 37
38 39
38 107
38 109
39 99
39 37
39 38
39 103
39 104
39 109
40 41
40 44
40 45
40 20
40 21
40 52
40 27
41 165
41 40
41 10
41 42
41 43
41 44
41 20
42 5
42 7
42 41
42 10
42 43
43 65
43 67
43 5
43 41
43 42
43 44
43 63
44 40
44 41
44 43
44 45
44 47
44 62
44 63
45 40
45 44
45 46
45 47
45 50
45 51
45 52
46 45
46 47
46 48
46 49
46 82
46 50
47 64
47 44
47 45
47 46
47 48
47 61
47 62
48 46
48 47
48 110
48 49
48 85
48 61
49 46
49 48
49 82
49 85
49 151
50 45
50 110
50 46
50 82
50 51
50 87
51 50
51 52
51 45
51 87
52 40
52 45
52 16
52 51
52 87
52 23
52 25
52 27
53 78
53 79
53 54
53 55
53 124
53 125
54 79
54 111
54 81
54 53
54 55
54 56
54 57
55 111
55 114
55 53
55 54
55 124
56 66
56 81
56 86
56 54
56 57
56 58
56 63
57 1
57 76
57 77
57 78
57 79
57 80
57 54
57 86
57 56
58 64
58 86
58 56
58 59
58 60
58 63
59 86
59 88
59 89
59 58
59 155
59 60
60 64
60 154
60 88
60 58
60 59
60 61
61 64
61 110
61 47
61 48
61 86
61 154
61 60
62 64
62 44
62 63
62 47
63 64
63 65
63 66
63 43
63 44
63 56
63 58
63 62
64 47
64 58
64 60
64 61
64 62
64 63
65 67
65 66
65 43
65 63
66 65
66 67
66 80
66 81
66 56
66 63
67 65
67 66
67 4
67 5
67 68
67 43
67 76
67 80
68 97
68 2
68 67
68 4
68 69
68 70
68 76
69 98
69 68
69 70
69 76
69 77
69 126
70 97
70 68
70 69
70 126
70 127
71 131
71 134
71 135
71 72
71 73
72 134
72 71
72 136
72 73
72 74
72 75
73 72
73 135
73 136
73 71
74 129
74 130
74 131
74 132
74 72
74 136
74 75
75 132
75 133
75 134
75 72
75 74
76 67
76 68
76 69
76 77
76 80
76 57
77 0
77 1
77 2
77 97
77 98
77 69
77 76
77 57
78 79
78 80
78 81
78 53
78 57
78 125
79 54
79 57
79 53
79 78
80 66
80 67
80 76
80 78
80 81
80 57
81 66
81 78
81 111
81 80
81 54
81 56
81 125
82 46
82 110
82 49
82 50
82 83
82 151
82 152
83 110
83 82
83 84
83 85
83 152
83 153
84 83
84 148
84 149
84 150
84 152
84 153
85 110
85 48
85 49
85 83
85 151
85 153
86 1
86 154
86 110
86 56
86 89
86 58
86 59
86 61
86 57
87 1
87 110
87 16
87 50
87 51
87 52
88 90
88 59
88 155
88 92
88 154
88 91
88 60
89 154
89 155
89 86
89 90
89 59
89 156
90 156
90 157
90 88
90 89
90 154
90 92
90 93
91 92
91 88
91 155
91 156
91 157
91 158
92 158
92 88
92 90
92 91
92 93
92 94
93 159
93 90
93 92
93 157
93 94
93 95
94 96
94 92
94 93
94 158
94 95
95 160
95 96
95 93
95 94
95 159
96 160
96 162
96 163
96 94
96 158
96 95
97 2
97 98
97 164
97 68
97 70
97 77
97 127
98 128
98 97
98 164
98 69
98 137
98 77
98 126
99 37
99 39
99 103
99 25
99 26
99 28
100 32
100 33
100 101
100 102
100 108
100 30
101 100
101 102
101 103
101 22
101 24
101 26
101 30
102 100
102 101
102 36
102 103
102 104
102 105
102 108
103 99
103 101
103 102
103 39
103 104
103 26
104 102
104 39
104 103
104 105
104 106
104 109
105 34
105 36
105 102
105 104
105 106
106 34
106 104
106 105
106 107
106 109
107 32
107 33
107 34
107 38
107 106
107 109
108 33
108 35
108 100
108 36
108 102
109 38
109 39
109 104
109 106
109 107
110 1
110 48
110 82
110 83
110 50
110 85
110 86
110 87
110 61
111 112
111 113
111 114
111 81
111 54
111 55
111 125
112 111
112 113
112 116
112 122
112 124
112 125
113 111
113 112
113 114
113 115
113 122
113 123
114 111
114 113
114 115
114 116
114 55
114 124
115 113
115 114
115 116
115 117
115 118
115 123
116 112
116 114
116 115
116 117
116 120
116 121
116 122
116 124
117 115
117 116
117 118
117 119
117 121
118 115
118 117
118 119
118 120
118 122
118 123
119 120
119 121
119 117
119 118
120 116
120 118
120 119
120 121
120 122
121 120
121 116
121 117
121 119
122 112
122 113
122 116
122 118
122 120
122 123
123 113
123 122
123 115
123 118
124 112
124 114
124 116
124 53
124 55
124 125
125 78
125 111
125 112
125 81
125 53
125 124
126 128
126 98
126 69
126 70
126 127
127 128
127 129
127 97
127 132
127 133
127 70
127 164
127 126
128 129
128 130
128 98
128 137
128 126
128 127
129 128
129 130
129 131
129 133
129 74
129 127
130 128
130 129
130 132
130 137
130 74
131 129
131 133
131 134
131 71
131 135
131 136
131 74
132 130
132 164
132 133
132 137
132 74
132 75
132 127
133 129
133 131
133 132
133 134
133 75
133 127
134 131
134 133
134 71
134 72
134 75
135 136
135 73
135 131
135 71
136 131
136 135
136 72
136 73
136 74
137 128
137 130
137 98
137 164
137 132
138 139
138 140
138 141
138 144
138 145
139 138
139 140
139 142
139 143
139 144
140 138
140 139
140 141
140 142
141 138
141 140
141 142
141 145
141 146
142 139
142 140
142 141
142 143
142 146
143 139
143 142
143 144
143 146
143 147
143 148
144 138
144 139
144 143
144 145
144 148
144 149
145 138
145 141
145 144
145 146
145 149
145 150
146 141
146 142
146 143
146 145
146 147
146 150
147 143
147 146
147 148
147 150
147 151
147 152
148 143
148 144
148 147
148 84
148 149
148 152
149 144
149 145
149 148
149 84
149 150
150 145
150 146
150 147
150 84
150 149
150 151
150 153
151 49
151 82
151 147
151 85
151 150
151 152
151 153
152 82
152 83
152 148
152 147
152 84
152 151
153 83
153 84
153 85
153 150
153 151
154 86
154 88
154 89
154 90
154 60
154 61
155 59
155 88
155 89
155 91
155 156
156 155
156 89
156 90
156 91
156 157
157 90
157 91
157 156
157 93
157 158
157 159
158 96
158 163
158 91
158 92
158 157
158 94
158 159
159 160
159 161
159 163
159 157
159 93
159 158
159 95
160 96
160 161
160 162
160 159
160 95
161 160
161 162
161 163
161 159
162 160
162 161
162 163
162 96
163 96
163 161
163 162
163 158
163 159
164 97
164 98
164 132
164 137
164 127
165 9
165 10
165 11
165 12
165 41
165 15
165 20
