4 67
22 30
24 101
25 52
26 103
28 37
29 31
30 22
30 31
30 100
31 29
31 30
32 100
33 35
33 108
35 33
36 105
36 108
37 28
37 38
37 39
38 37
39 37
39 99
52 25
53 79
54 59
56 58
58 56
59 54
59 155
60 88
67 4
69 76
69 80
70 127
71 72
71 134
71 135
72 71
72 73
72 75
73 72
73 135
73 136
74 130
75 72
76 69
76 80
77 98
78 125
79 53
80 69
80 76
81 111
83 84
84 83
85 153
88 60
89 156
90 154
97 164
98 77
98 137
99 39
100 30
100 32
101 24
103 26
103 104
104 103
105 36
108 33
108 36
111 81
116 124
117 119
119 117
124 116
125 78
126 128
127 70
128 126
129 131
130 74
131 129
133 134
134 71
134 133
135 71
135 73
135 136
136 73
136 135
137 98
138 139
139 138
139 140
140 139
140 141
140 142
141 140
142 140
143 148
144 149
145 150
148 143
149 144
150 145
153 85
154 90
155 59
156 89
157 159
159 157
160 162
162 160
164 97
