  0.500000   0.142645  -0.189283
  0.391564   0.124537  -0.051994
  0.056292   0.096460  -0.004866
  0.057751   0.105015  -0.130347
  0.001713   0.111515  -0.270665
  0.098043   0.083554  -0.371942
  0.304815   0.110051   0.057838
 -0.094898   0.091642   0.004361
 -0.130012   0.094800  -0.132517
 -0.158954   0.091277  -0.270867
 -0.035426   0.079803  -0.385096
  0.279832   0.083671   0.254829
 -0.252436   0.080665   0.013515
 -0.323537   0.075334  -0.134850
 -0.312890   0.086087  -0.271027
 -0.148588   0.071984  -0.396243
  0.219682   0.063684   0.434863
 -0.367227   0.032588   0.020398
 -0.485415   0.051010  -0.136840
 -0.426743   0.056385  -0.271094
 -0.246216   0.061510  -0.405866
