 -0.500000   0.135988  -0.164611
 -0.393051   0.127085  -0.021021
 -0.047976   0.110456   0.022440
 -0.028427   0.112250  -0.123371
 -0.033433   0.111842  -0.277059
 -0.092818   0.099652  -0.392156
 -0.307491   0.119963   0.093852
  0.118174   0.095663   0.031202
  0.162085   0.096762  -0.119134
  0.139429   0.097003  -0.274603
  0.043328   0.086143  -0.399989
 -0.276342   0.088495   0.277666
  0.274926   0.079976   0.039492
  0.335721   0.082005  -0.115265
  0.301681   0.083000  -0.272297
  0.155555   0.077338  -0.406450
 -0.227136   0.075549   0.439702
  0.406329   0.081684   0.046238
  0.487983   0.068580  -0.111867
  0.439763   0.076576  -0.270395
  0.246099   0.087655  -0.411782
