 -0.500000   0.142645  -0.180046
 -0.396930   0.122884  -0.029494
 -0.062557   0.102019   0.021192
 -0.049023   0.098072  -0.113881
 -0.038378   0.120890  -0.272833
 -0.096199   0.088932  -0.392858
 -0.314473   0.107074   0.090947
  0.104716   0.091103   0.028025
  0.146034   0.092629  -0.113236
  0.132234   0.093409  -0.270990
  0.044362   0.083514  -0.398280
 -0.278875   0.082602   0.280568
  0.257239   0.076696   0.034227
  0.330339   0.074008  -0.112664
  0.297267   0.087887  -0.269140
  0.153242   0.073845  -0.402512
 -0.228091   0.077574   0.443808
  0.390236   0.062705   0.039644
  0.486295   0.044370  -0.112237
  0.437747   0.072703  -0.267596
  0.242477   0.074511  -0.405930
