9 130
9 131
9 132
10 96
11 12
12 11
13 14
14 13
15 16
16 15
17 33
25 73
27 44
28 42
29 84
31 82
33 17
34 39
35 42
36 37
37 36
39 34
41 43
42 28
42 35
43 41
44 27
51 55
52 132
53 54
54 53
55 51
56 136
56 137
57 58
57 135
58 57
58 136
59 60
60 59
61 165
73 25
75 145
76 139
77 140
78 141
79 142
80 81
81 80
82 31
84 29
95 98
96 10
98 95
100 102
102 100
107 108
108 107
109 111
111 109
112 160
115 162
118 161
119 126
123 125
125 123
126 119
128 129
129 128
130 9
130 131
131 9
131 130
131 132
132 9
132 52
132 131
133 134
133 135
134 133
135 57
135 133
136 56
136 58
136 137
137 56
137 136
137 138
138 137
139 76
139 145
139 147
140 77
140 151
141 78
141 153
142 79
143 144
144 143
144 156
145 75
145 139
145 146
146 145
146 147
147 139
147 146
150 152
150 159
151 140
152 150
153 141
154 155
154 157
155 154
156 144
156 157
157 154
157 156
159 150
160 112
161 118
162 115
163 164
164 163
165 61
