0.149435 0.019737 -0.397750 -0.021718 -0.965893 -0.258028
0.106716 0.000000 -0.174342 -0.080551 -0.996734 -0.005718
0.092914 0.089847 -0.449390 -0.024151 -0.011573 -0.999641
0.188468 0.088871 -0.438951 0.124971 0.049240 -0.990938
0.120727 0.184734 -0.397769 0.015856 0.703713 -0.710307
0.285384 0.176368 -0.376294 0.056347 0.806493 -0.588553
0.310576 0.105193 -0.422156 0.222789 0.128510 -0.966359
0.402943 0.181930 -0.341985 0.337105 0.622554 -0.706248
0.422775 0.105193 -0.386405 0.486788 -0.153575 -0.859914
0.498126 0.112759 -0.304993 0.893625 -0.275609 -0.354223
0.498126 0.212509 -0.260013 0.693087 0.707111 -0.140084
0.435148 0.036091 -0.187232 0.380912 -0.923831 0.037968
0.422775 0.103612 0.049355 0.932703 -0.081177 0.351389
0.382261 0.104437 0.136884 0.933430 0.070994 0.351664
0.342661 0.041673 0.134018 0.490817 -0.840528 0.229372
0.391182 0.026005 0.022122 0.446601 -0.889463 0.096966
0.242684 0.008769 0.022506 -0.031897 -0.988414 0.148389
0.231080 0.021659 -0.175924 0.083558 -0.996412 -0.013438
0.276136 0.009078 -0.380521 0.121420 -0.943935 -0.306993
0.402943 0.029968 -0.339591 0.487264 -0.815196 -0.313097
0.382853 0.199507 0.054275 0.598509 0.735011 0.318662
0.343562 0.169898 0.142157 0.400282 0.854481 0.331113
0.360010 0.095945 0.250928 0.973128 -0.033292 0.227847
0.258918 0.038548 0.129639 -0.444110 -0.884449 0.143238
0.325683 0.035184 0.233623 0.380648 -0.924230 -0.030114
0.215482 0.112217 0.133174 -0.997422 -0.007734 0.071335
0.255069 0.034088 0.219644 -0.577649 -0.802750 -0.148033
0.256505 0.170547 0.141792 -0.405542 0.882938 0.236548
0.248883 0.146400 0.250217 -0.482471 0.866266 0.129636
0.322659 0.145247 0.260970 0.329663 0.901988 0.278820
0.340790 0.084398 0.288790 0.923008 0.193573 0.332546
0.308504 0.139628 0.300508 0.379916 0.852583 0.358841
0.295986 0.114989 0.350332 0.351085 0.894725 0.276056
0.286769 0.110346 0.421954 0.441616 0.688941 0.574748
0.222430 0.057082 0.440967 -0.486200 -0.347929 0.801595
0.277276 0.053781 0.450486 0.380060 -0.323402 0.866583
0.290600 0.010930 0.383173 0.277125 -0.880610 0.384353
0.246520 0.140787 0.289760 -0.478251 0.836146 0.268582
0.235130 0.115859 0.339175 -0.518311 0.848047 0.110317
0.217176 0.091926 0.268247 -0.997404 0.019678 -0.069270
0.248744 0.200622 0.050767 -0.139722 0.931542 0.335719
0.391276 0.231724 -0.111515 0.240491 0.958462 0.153344
0.404531 0.230993 -0.262873 0.077549 0.963983 -0.254407
0.270195 0.228864 -0.266968 -0.065445 0.985008 -0.159609
0.263624 0.228857 -0.108006 -0.108161 0.990931 0.079732
0.089732 0.189440 0.013163 -0.201164 0.852151 0.483086
0.018444 0.163025 0.012036 -0.227294 0.923150 0.310052
0.073668 0.176040 -0.049633 -0.356195 0.893272 0.274208
0.008995 0.113944 -0.046432 -0.255252 0.596419 -0.761006
-0.084828 0.161507 0.012143 -0.091285 0.992137 -0.085627
0.026092 0.100714 0.073143 -0.059846 -0.056746 0.996593
0.123600 0.102113 0.074794 -0.056644 0.023577 0.998116
0.197275 0.103140 0.082801 -0.562915 -0.007610 0.826480
-0.159977 0.028443 -0.274571 -0.049127 -0.997909 -0.041997
-0.124088 0.086867 -0.203416 -0.033404 -0.243036 0.969442
-0.166296 0.084322 -0.208323 -0.086864 -0.213080 0.973166
-0.017981 0.094534 -0.200764 -0.526624 0.316598 0.788944
-0.000568 0.035638 -0.274332 -0.281388 -0.941780 -0.184042
-0.028168 0.094534 -0.195749 -0.210158 0.330793 -0.920005
-0.141677 0.090439 -0.199888 -0.008987 -0.126453 -0.991932
-0.155353 0.169274 -0.129684 -0.062659 0.996682 -0.051957
-0.023600 0.103851 -0.056222 -0.384875 0.307217 0.870338
0.043171 0.207791 -0.129690 -0.187537 0.964358 0.186665
0.046390 0.199941 -0.200518 -0.299046 0.953277 -0.042837
-0.043747 0.173275 -0.129658 -0.421060 0.905041 0.060071
0.052066 0.207898 -0.275220 -0.161666 0.969602 -0.183672
-0.017156 0.179593 -0.274143 -0.464623 0.878265 -0.113028
0.084636 0.178617 -0.346754 -0.230626 0.873530 -0.428668
0.053811 0.154653 -0.397763 -0.331577 0.881486 -0.336213
0.008031 0.089179 -0.341538 -0.032494 0.029238 0.999044
-0.022914 0.151251 -0.397763 -0.132019 0.989311 0.061922
-0.226307 0.110995 -0.397776 -0.433192 0.885880 0.166017
-0.218540 0.063987 -0.445666 -0.341243 -0.083937 -0.936220
-0.255261 0.065624 -0.397769 -0.997495 -0.070113 -0.009365
-0.151328 0.026081 -0.397776 0.055899 -0.995448 -0.077193
-0.167272 0.066601 -0.450486 -0.050350 0.156710 -0.986360
0.041747 0.088782 -0.331603 -0.937446 0.040338 -0.345785
0.068376 0.040822 -0.397763 -0.247546 -0.931543 -0.266362
-0.122847 0.091989 -0.339572 0.011039 -0.263526 -0.964589
-0.117315 0.023523 -0.274546 0.045110 -0.998291 -0.037141
0.001561 0.101287 -0.335452 -0.134257 0.210079 -0.968422
-0.130224 0.172701 -0.274345 -0.095603 0.991715 -0.085795
-0.077400 0.087497 0.077685 0.003238 0.103913 0.994581
-0.075315 0.025413 0.012206 0.019214 -0.995488 -0.092924
-0.126860 0.032614 0.012118 0.006617 -0.993611 -0.112663
-0.080556 0.100040 -0.049759 0.006139 -0.072503 -0.997349
-0.018598 0.029716 -0.129715 -0.316667 -0.946803 0.057333
0.140817 0.027606 0.019885 -0.117165 -0.869533 0.479776
-0.203679 0.157437 -0.129665 -0.144081 0.943740 -0.297649
-0.135037 0.019517 -0.129740 0.035807 -0.997187 0.065848
-0.193353 0.089948 -0.063542 -0.056527 -0.110189 0.992302
-0.309993 0.071931 -0.192580 0.023437 -0.017352 -0.999575
-0.319991 0.150961 -0.129740 -0.152378 0.986676 0.057014
-0.312885 0.080486 -0.070749 -0.047050 0.035724 0.998254
-0.385225 0.126121 -0.129747 -0.154193 0.980531 0.121589
-0.378553 0.068447 -0.069559 -0.065270 0.152450 0.986154
-0.471361 0.127274 -0.129772 -0.397982 0.912791 -0.091771
-0.006068 0.080309 -0.449579 -0.015068 0.087017 -0.996093
0.001561 0.030963 -0.397763 0.065866 -0.992019 0.107514
0.213226 0.103114 0.227052 -0.998674 -0.036372 -0.036435
0.334824 0.069480 0.339509 0.978138 0.037935 0.204469
0.318262 0.023674 0.271472 0.626350 -0.778553 -0.039258
0.303218 0.014527 0.311330 0.454236 -0.890848 0.007772
0.247648 0.022578 0.257499 -0.534289 -0.813158 -0.230887
0.245582 0.013601 0.296469 -0.700075 -0.683653 -0.206188
0.232724 0.009166 0.369383 -0.409499 -0.903109 0.129248
0.197263 0.067622 0.382984 -0.973032 -0.228258 0.033278
0.225775 0.111052 0.411553 -0.479315 0.837864 0.261229
0.317204 0.060490 0.400674 0.896523 -0.253281 0.363448
0.205074 0.077966 0.319923 -0.980261 0.121055 -0.156313
0.021210 0.037169 0.012004 -0.186315 -0.957855 0.218632
-0.172022 0.163145 -0.274370 -0.104622 0.979432 0.172530
-0.273713 0.091920 -0.327905 0.004346 0.137143 -0.990542
-0.286413 0.158036 -0.274521 -0.099402 0.993798 0.049847
-0.283988 0.083610 -0.220205 -0.023508 0.145956 0.989012
-0.340503 0.079547 -0.216935 -0.079053 0.244435 0.966438
-0.304166 0.020014 -0.274805 0.052135 -0.994979 -0.085429
-0.406052 0.072201 -0.228224 -0.346271 -0.330178 0.878111
-0.416377 0.139042 -0.274452 -0.463352 0.884667 0.051669
-0.443756 0.066891 -0.274395 -0.972216 -0.229450 -0.046355
-0.403286 0.079257 -0.321152 -0.334769 -0.311897 -0.889185
-0.388854 0.022490 -0.274798 -0.317508 -0.944774 -0.081183
-0.337051 0.087856 -0.333417 -0.072547 0.247344 -0.966208
-0.340755 0.139684 -0.274477 -0.144259 0.987326 0.066156
-0.264226 0.031108 -0.274647 -0.010521 -0.999391 -0.033285
-0.166800 0.089104 -0.335118 -0.076871 -0.096816 -0.992329
-0.018491 0.083780 -0.339440 -0.088766 0.196882 0.976400
-0.062615 0.138935 -0.397763 -0.190171 0.978446 -0.080491
-0.055162 0.078709 -0.343831 -0.079315 -0.364893 0.927665
-0.130482 0.072050 -0.351844 -0.046402 0.166977 0.984868
-0.128327 0.033798 -0.397763 0.068404 -0.963057 0.260464
-0.170290 0.070759 -0.351964 -0.131541 0.055445 0.989759
-0.129033 0.067647 -0.441496 0.021305 -0.080138 -0.996556
-0.137393 0.132270 -0.397763 -0.151940 0.987386 -0.044524
-0.172482 0.112123 -0.397776 -0.207505 0.947619 -0.242817
-0.219567 0.067514 -0.362705 -0.472702 -0.033158 0.880598
-0.220537 0.028897 -0.397769 -0.302465 -0.928172 0.216823
-0.044081 0.036734 -0.397763 -0.013520 -0.992257 -0.123464
-0.363812 0.060553 -0.037329 -0.334246 -0.376149 -0.864171
-0.354999 0.018087 0.012124 -0.214446 -0.961801 0.170150
-0.403299 0.062046 0.012149 -0.991500 -0.129667 0.010677
-0.367529 0.113899 0.012130 -0.441305 0.879423 -0.178508
-0.362489 0.058493 0.060506 -0.392954 0.203578 0.896740
-0.291957 0.066992 0.073710 -0.087690 -0.070333 0.993662
-0.263022 0.020896 0.012231 0.102294 -0.992468 -0.067404
-0.294067 0.074841 -0.053104 -0.017796 0.065098 -0.997720
-0.302982 0.118448 0.012149 -0.198023 0.977710 0.069783
-0.245320 0.138840 0.012237 -0.157425 0.913017 0.376320
-0.230635 0.073436 0.069130 0.023640 -0.330127 0.943640
-0.233980 0.031631 0.012168 0.126769 -0.953517 -0.273375
-0.232506 0.086741 -0.044738 -0.042681 0.110711 -0.992936
-0.141796 0.149613 0.012124 -0.126791 0.989634 -0.067437
-0.135339 0.085815 0.074813 -0.073279 0.083976 0.993770
-0.135364 0.098786 -0.048121 -0.046575 -0.148165 -0.987865
-0.143390 0.099429 -0.055120 -0.029569 -0.144551 0.989055
-0.190462 0.081531 -0.194174 -0.049247 -0.139305 -0.989024
-0.186203 0.024298 -0.129715 0.022390 -0.987524 -0.155866
-0.314258 0.018112 -0.129747 0.116813 -0.978104 0.172239
-0.373564 0.057624 -0.201450 -0.035843 0.194522 -0.980243
-0.359994 0.004901 -0.129740 0.051286 -0.974191 0.219820
-0.458359 0.064881 -0.083941 -0.323718 -0.294380 0.899192
-0.434533 0.002501 -0.129772 -0.328392 -0.943233 0.049694
-0.500000 0.053642 -0.129791 -0.957538 -0.282630 -0.056929
-0.449608 0.056320 -0.188618 -0.378688 -0.344844 -0.858882
-0.050160 0.074306 -0.448205 -0.073722 -0.164785 -0.983570
0.500000 0.142645 -0.189283 0.965941 0.031495 0.256840
