-0.188871 0.088877 -0.440204 -0.168125 0.005736 -0.985749
-0.276539 0.009078 -0.370441 -0.121721 -0.945692 -0.301414
-0.310979 0.105193 -0.412076 -0.258520 0.125294 -0.957846
-0.285787 0.176368 -0.366214 -0.120160 0.759704 -0.639070
-0.121130 0.184734 -0.394708 -0.009909 0.811491 -0.584281
-0.270598 0.228864 -0.256888 0.057472 0.988417 -0.140458
-0.085039 0.178617 -0.336674 0.364282 0.829756 -0.422852
-0.052469 0.207898 -0.276613 0.159367 0.970083 -0.183141
0.016060 0.179593 -0.268423 0.465677 0.877852 -0.111897
-0.001435 0.101287 -0.337267 0.164587 0.253058 -0.953348
0.123023 0.091989 -0.339226 0.015280 -0.206091 -0.978413
0.129165 0.172701 -0.268429 0.089548 0.995981 -0.001802
0.170970 0.163145 -0.268429 0.111319 0.991364 0.069328
0.121883 0.086867 -0.203069 0.022932 -0.218323 0.975607
0.164173 0.084322 -0.207233 0.073045 -0.199756 0.977119
0.158976 0.028443 -0.268448 0.049292 -0.997937 -0.041129
0.116320 0.023523 -0.268448 -0.045044 -0.998265 -0.037928
0.015751 0.094534 -0.202276 0.339404 0.405622 0.848691
-0.046793 0.199941 -0.190438 0.310875 0.949376 -0.045188
-0.264034 0.228857 -0.097926 0.113257 0.988628 0.098931
-0.043574 0.207791 -0.116599 0.183660 0.965213 0.186099
-0.074071 0.176040 -0.039553 0.279285 0.929894 0.239367
-0.090135 0.189440 0.039496 0.152826 0.738169 0.657078
-0.249147 0.200622 0.060846 0.147755 0.947573 0.283325
-0.124003 0.102113 0.084873 -0.005165 -0.057169 0.998351
-0.197678 0.103140 0.092880 0.540892 -0.047206 0.839766
-0.021928 0.163025 0.029253 0.251870 0.923238 0.290161
-0.012478 0.113944 -0.035005 0.282265 0.630623 -0.722939
0.077073 0.100040 -0.038331 0.039457 -0.174676 -0.983835
0.138312 0.149613 0.029429 0.138659 0.984403 0.108282
0.131874 0.098786 -0.027646 0.092402 0.221789 -0.970707
0.071831 0.025413 0.029580 -0.023969 -0.998418 0.050864
0.018617 0.029716 -0.113443 0.314709 -0.947000 0.064418
0.030549 0.094534 -0.185921 0.471507 0.284106 -0.834845
0.144127 0.090439 -0.186104 0.031260 -0.148102 -0.988478
0.191016 0.089948 -0.048045 0.059307 -0.142047 0.988082
0.135087 0.019517 -0.113392 -0.036417 -0.997247 0.064591
0.186153 0.024298 -0.113266 -0.022284 -0.997531 0.066605
0.310724 0.080486 -0.051063 -0.020582 -0.085227 0.996149
0.192692 0.081531 -0.178689 0.069859 0.085592 -0.993878
0.319915 0.150961 -0.113134 0.154832 0.969089 -0.192074
0.203446 0.157437 -0.113046 0.150807 0.970854 0.186277
0.140788 0.099429 -0.041367 0.007392 -0.123561 0.992309
0.155234 0.169274 -0.113203 0.063257 0.996754 -0.049809
0.021112 0.103851 -0.046640 0.370966 0.300461 0.878696
0.043596 0.173275 -0.113241 0.423625 0.903702 0.062164
-0.141220 0.027606 0.029965 0.099836 -0.872583 0.478154
-0.107120 0.000000 -0.164263 0.079917 -0.996784 -0.005956
-0.024700 0.037169 0.029202 0.176145 -0.960270 0.216459
-0.000471 0.035638 -0.268442 0.301717 -0.934256 -0.190088
-0.072622 0.040822 -0.400711 0.216391 -0.932450 -0.289329
0.132107 0.072050 -0.350786 0.004057 0.152458 0.988302
0.047779 0.078709 -0.348423 0.036592 -0.359259 0.932520
0.168457 0.112123 -0.402324 0.224517 0.972968 -0.054093
0.133260 0.132270 -0.402173 0.163240 0.942718 -0.290922
0.171890 0.070759 -0.349513 0.142115 -0.107947 0.983947
0.221513 0.067514 -0.358522 0.432837 0.251745 0.865607
0.164822 0.066601 -0.455834 0.076363 -0.124726 -0.989248
0.215888 0.063987 -0.449232 0.411556 0.235021 -0.880560
0.058514 0.138935 -0.402293 0.163728 0.970645 0.176185
0.018800 0.151251 -0.402324 0.125052 0.974129 0.188241
0.003687 0.080309 -0.460565 -0.000053 0.098618 -0.995125
-0.057950 0.154653 -0.400888 0.329310 0.859907 -0.390018
-0.095238 0.089847 -0.456452 -0.049872 -0.059492 -0.996982
-0.149838 0.019737 -0.377705 0.009461 -0.969165 -0.246231
-0.231483 0.021659 -0.165844 -0.083824 -0.996388 -0.013557
-0.243087 0.008769 0.032585 0.031897 -0.988414 0.148389
-0.423178 0.103612 0.059435 -0.896165 0.114923 0.428581
-0.343064 0.041673 0.144097 -0.490814 -0.840532 0.229364
-0.382671 0.104437 0.146964 -0.933436 0.070990 0.351650
-0.383256 0.199507 0.064355 -0.599557 0.734435 0.318022
-0.343965 0.169898 0.152237 -0.400276 0.854485 0.331112
-0.256909 0.170547 0.151871 0.405542 0.882938 0.236548
-0.215885 0.112217 0.143253 0.997422 -0.007734 0.071335
-0.259321 0.038548 0.139719 0.444110 -0.884449 0.143238
-0.255472 0.034088 0.229724 0.577649 -0.802750 -0.148033
-0.326086 0.035184 0.243703 -0.380651 -0.924228 -0.030114
-0.360414 0.095945 0.261021 -0.973127 -0.033296 0.227848
-0.323062 0.145247 0.271050 -0.329629 0.902002 0.278812
-0.249286 0.146400 0.260296 0.482471 0.866266 0.129636
0.131855 0.085815 0.095287 0.075096 0.089477 0.993154
0.073910 0.087497 0.098153 -0.003561 0.109276 0.994005
0.123376 0.032614 0.029404 0.014491 -0.976412 -0.215429
-0.029576 0.100714 0.093611 0.024768 -0.089796 0.995652
0.081344 0.161507 0.029461 0.092031 0.992573 -0.079554
-0.435551 0.036091 -0.177152 -0.401848 -0.915480 0.020356
-0.391585 0.026005 0.032201 -0.355469 -0.929621 0.097192
-0.498529 0.119676 -0.059391 -0.862183 -0.473460 0.180212
-0.403346 0.181930 -0.331905 -0.337105 0.622554 -0.706248
-0.423178 0.105193 -0.376325 -0.486788 -0.153575 -0.859914
-0.403346 0.029968 -0.329512 -0.487264 -0.815196 -0.313097
-0.404934 0.230993 -0.252793 -0.077549 0.963983 -0.254407
-0.391679 0.231724 -0.101435 -0.240981 0.958305 0.153559
-0.498529 0.212509 -0.249933 -0.693820 0.706479 -0.139651
-0.498529 0.112759 -0.294913 -0.893838 -0.275069 -0.354105
0.263230 0.031108 -0.268442 0.011085 -0.999388 -0.033183
0.166894 0.089104 -0.333997 0.075905 -0.221353 -0.972235
0.273669 0.091926 -0.324925 0.007511 0.147912 -0.988972
0.303215 0.020014 -0.268454 -0.051253 -0.994955 -0.086246
0.337082 0.087856 -0.329323 0.085305 0.251472 -0.964098
0.403104 0.079257 -0.315904 0.344648 -0.324081 -0.881016
0.415300 0.139042 -0.268404 0.462937 0.884378 0.059708
0.442666 0.066891 -0.268398 0.973027 -0.228824 -0.029303
0.387890 0.022490 -0.268442 0.317744 -0.945155 -0.075636
0.404244 0.072201 -0.222945 0.336347 -0.317203 0.886709
0.338506 0.079547 -0.212809 0.066974 0.240409 0.968358
0.282054 0.083610 -0.217061 0.011743 0.135276 0.990738
0.285380 0.158036 -0.268429 0.099327 0.993717 0.051577
0.339703 0.139684 -0.268423 0.144304 0.987150 0.068637
0.241836 0.138840 0.029637 0.163658 0.968718 0.186553
0.229016 0.086741 -0.024263 0.024967 -0.090214 -0.995609
0.299492 0.118448 0.029473 0.197375 0.977848 0.069691
0.288467 0.066992 0.094184 0.090615 -0.075425 0.993026
0.359005 0.058493 0.080974 0.408907 0.211786 0.887661
0.351515 0.018087 0.029423 0.210807 -0.962917 0.168379
0.399815 0.062046 0.029473 0.991500 -0.129668 0.010679
0.364045 0.113899 0.029436 0.444378 0.877385 -0.180899
0.290584 0.074841 -0.032630 0.018847 0.058742 -0.998095
0.230497 0.031631 0.029511 -0.126049 -0.952876 -0.275931
0.314233 0.018112 -0.113191 -0.142856 -0.986243 -0.083173
0.312085 0.071931 -0.172919 0.030859 -0.109496 -0.993508
0.375926 0.057624 -0.179571 0.008789 0.055793 -0.998404
0.385174 0.126121 -0.113121 0.138008 0.952426 -0.271731
0.471330 0.127274 -0.113090 0.399336 0.913503 -0.077732
0.376317 0.068447 -0.047585 0.083042 0.286819 0.954379
0.456570 0.064881 -0.059164 0.342311 -0.311949 0.886291
0.359925 0.004901 -0.113121 -0.058817 -0.974613 0.216034
0.434520 0.002501 -0.113134 0.328016 -0.942701 0.061001
0.451479 0.056320 -0.164099 0.361967 -0.329206 -0.872126
0.500000 0.053642 -0.113096 0.958872 -0.282870 -0.023434
-0.046730 0.088782 -0.344480 0.906940 0.054027 0.417782
-0.040474 0.089179 -0.347838 0.475033 -0.059869 0.877929
0.010988 0.083780 -0.345311 0.079096 0.140847 0.986867
0.124100 0.033798 -0.402003 -0.066962 -0.996100 0.057456
0.147397 0.026081 -0.402513 -0.069006 -0.996499 0.047191
0.126299 0.067647 -0.448193 -0.019989 -0.099612 -0.994826
0.216436 0.028897 -0.402135 0.252620 -0.967341 0.020852
0.251217 0.065624 -0.402173 0.995696 -0.071497 -0.058971
0.222320 0.110995 -0.402324 0.488910 0.869972 -0.064156
-0.318665 0.023674 0.281552 -0.626319 -0.778577 -0.039267
-0.341199 0.084398 0.298870 -0.922994 0.193592 0.332573
-0.308907 0.139628 0.310587 -0.379900 0.852590 0.358841
-0.246924 0.140787 0.299840 0.478251 0.836146 0.268582
-0.213629 0.103114 0.237132 0.998674 -0.036372 -0.036435
-0.217579 0.091926 0.278326 0.997404 0.019678 -0.069270
-0.248051 0.022578 0.267579 0.534289 -0.813158 -0.230887
-0.245985 0.013601 0.306549 0.700075 -0.683653 -0.206188
-0.303621 0.014527 0.321410 -0.454236 -0.890848 0.007772
-0.233127 0.009166 0.379462 0.409499 -0.903109 0.129248
-0.291003 0.010930 0.393252 -0.277125 -0.880610 0.384353
-0.317607 0.060490 0.410753 -0.896523 -0.253281 0.363448
-0.335227 0.069480 0.349589 -0.978133 0.037908 0.204498
-0.287173 0.110346 0.432034 -0.441616 0.688941 0.574748
-0.296389 0.114989 0.360412 -0.351080 0.894722 0.276070
-0.226178 0.111052 0.421633 0.479315 0.837864 0.261229
-0.235534 0.115859 0.349255 0.518311 0.848047 0.110317
-0.205478 0.077966 0.330003 0.980261 0.121055 -0.156313
-0.197666 0.067622 0.393063 0.973032 -0.228258 0.033278
-0.222833 0.057082 0.451046 0.486200 -0.347929 0.801595
-0.277679 0.053781 0.460565 -0.380060 -0.323402 0.866583
0.227145 0.073436 0.089611 -0.025120 -0.345134 0.938217
0.259532 0.020896 0.029606 -0.101299 -0.992563 -0.067506
0.360328 0.060553 -0.016842 0.321734 -0.362467 -0.874703
-0.005832 0.030963 -0.402582 -0.051167 -0.986963 0.152600
0.039835 0.036734 -0.402059 0.021616 -0.998955 0.040259
0.047703 0.074306 -0.457648 0.078310 -0.146214 -0.986149
-0.500000 0.142645 -0.180046 -0.925977 0.293642 0.237364
