7 8
8 7
10 155
11 64
13 28
28 13
28 29
29 28
32 99
33 140
34 100
37 39
38 40
39 37
39 40
39 113
40 38
40 39
41 159
43 60
43 61
45 54
51 124
51 134
52 124
54 45
55 63
56 58
57 60
58 56
59 61
60 43
60 57
61 43
61 59
62 116
63 55
64 11
66 67
67 66
68 70
69 156
70 68
70 108
73 119
76 93
77 90
78 86
79 80
80 79
81 82
81 84
82 81
83 84
83 85
84 81
84 83
84 114
85 83
86 78
88 115
89 91
90 77
91 89
92 94
93 76
94 92
96 158
97 139
98 101
99 32
100 34
101 98
102 104
104 102
104 105
105 104
107 108
107 142
108 70
108 107
109 110
110 109
111 112
111 144
112 111
113 39
113 145
114 84
115 88
116 62
119 73
124 51
124 52
124 134
126 127
126 128
127 126
127 133
128 126
128 130
129 131
130 128
130 131
131 129
131 130
132 133
133 127
133 132
134 51
134 124
134 135
135 134
137 154
139 97
140 33
142 107
142 143
143 142
144 111
145 113
148 151
150 153
151 148
153 150
154 137
155 10
156 69
156 159
158 96
159 41
159 156
