-0.366203 0.042401 0.042465 -0.314981 -0.938892 0.138814
-0.489684 0.095478 -0.049882 -0.849391 -0.466257 0.247262
-0.426458 0.042991 -0.179882 -0.353676 -0.934807 0.032379
-0.228521 0.010000 -0.175073 -0.105275 -0.994346 0.013911
0.004472 0.026791 0.031997 0.234932 -0.946119 0.222859
-0.096172 0.032843 0.033381 0.001055 -0.862132 0.506683
-0.067721 0.000000 -0.161235 0.042501 -0.998675 0.029018
0.306516 0.090552 -0.174501 0.072484 0.179891 -0.981012
0.356174 0.087317 -0.173554 0.083016 -0.016548 -0.996411
-0.012097 0.182887 -0.189864 0.409702 0.906267 -0.104046
0.033262 0.112213 -0.212405 0.767135 0.289908 0.572239
0.016121 0.182856 -0.277993 0.494040 0.862550 -0.109233
-0.280498 0.240712 -0.245759 0.082587 0.982567 -0.166558
-0.101812 0.175291 -0.392359 0.023722 0.831323 -0.555284
-0.286704 0.196147 -0.360654 -0.127599 0.758524 -0.639030
-0.469308 0.220570 -0.239073 -0.426144 0.865490 -0.263302
-0.392195 0.181048 -0.328481 -0.480681 0.458210 -0.747656
-0.484505 0.088448 -0.286942 -0.892038 -0.250143 -0.376427
-0.478619 0.223891 -0.089386 -0.521789 0.820364 0.233965
-0.279330 0.245282 -0.098169 0.047115 0.995359 0.083913
-0.422848 0.118025 0.066507 -0.853476 -0.037241 0.519799
-0.015356 0.108265 0.089306 -0.018870 -0.067907 0.997513
0.008372 0.022221 -0.272882 0.410316 -0.886227 -0.215039
-0.142300 0.018070 -0.371527 -0.015253 -0.961093 -0.275803
-0.268505 0.018752 -0.360863 -0.141690 -0.930102 -0.338871
-0.381179 0.025752 -0.335117 -0.377193 -0.887210 -0.265676
-0.417263 0.092809 -0.359300 -0.477488 -0.134791 -0.868238
-0.295677 0.100435 -0.407039 -0.296486 0.051057 -0.953671
-0.067973 0.167695 -0.403546 0.270547 0.811739 -0.517575
-0.047025 0.179117 -0.333838 0.322774 0.867966 -0.377429
0.132523 0.107705 -0.217621 0.033382 -0.164670 0.985784
0.284978 0.140960 -0.276424 0.151283 0.988206 0.023726
0.270506 0.092304 -0.335289 0.040778 -0.054513 -0.997680
0.167051 0.104378 -0.335474 0.024304 0.334086 -0.942229
0.272548 0.089155 -0.216741 0.059662 -0.055261 0.996688
0.168594 0.101469 -0.214140 0.018913 0.163256 0.986402
0.357822 0.120965 -0.276092 0.157116 0.987427 0.017412
0.232220 0.063970 -0.361619 0.271314 -0.415760 0.868062
0.205220 0.038188 -0.405028 0.274935 -0.961057 -0.027934
0.264601 0.077082 -0.404204 0.933394 -0.353746 -0.060327
0.227263 0.064948 -0.444052 0.269345 -0.370801 -0.888797
0.120628 0.035961 -0.406480 -0.023406 -0.999024 0.037466
-0.174540 0.096751 -0.431905 -0.152570 0.002684 -0.988289
0.466105 0.119065 -0.111964 0.404669 0.914183 0.022613
0.397720 0.126070 -0.112776 0.163674 0.986364 0.017224
0.351149 0.085748 -0.054188 0.050157 -0.017872 0.998581
-0.376216 0.206178 0.064022 -0.484060 0.775835 0.404681
-0.220022 0.097612 0.235322 0.989901 -0.111348 -0.087742
-0.246979 0.022965 0.286523 0.565167 -0.806445 -0.173874
-0.254488 0.039399 0.226551 0.615659 -0.774918 -0.143063
-0.211460 0.089365 0.301112 0.983690 0.171567 -0.054033
-0.245687 0.143986 0.297139 0.440497 0.871542 0.215353
-0.249734 0.155469 0.248803 0.727382 0.674696 0.125302
-0.255638 0.028925 0.035847 0.013466 -0.974802 0.222665
0.302801 0.088417 -0.054981 0.029846 0.136725 0.990159
0.187144 0.017744 -0.115703 -0.044168 -0.950646 0.307119
0.290648 0.019078 -0.114965 -0.025990 -0.949530 -0.312598
0.458190 0.057856 -0.066002 0.248786 -0.334275 0.909046
0.337446 0.018457 -0.113797 -0.038572 -0.999208 -0.009805
0.433330 0.024743 -0.112407 0.324143 -0.945982 0.007047
0.500000 0.074173 -0.111570 0.944179 -0.328219 0.028273
0.461062 0.058152 -0.158491 0.277536 -0.338984 -0.898923
0.196007 0.103252 -0.176709 0.045264 -0.042110 -0.998087
0.147991 0.019490 -0.116749 -0.074220 -0.997233 -0.004285
-0.019440 0.197838 -0.271031 0.183616 0.980487 -0.070220
-0.008960 0.203718 -0.126891 0.190095 0.981739 -0.007224
0.174745 0.151526 -0.274352 0.106807 0.988166 0.110089
0.137837 0.157160 -0.274542 0.145237 0.983439 -0.108413
-0.009311 0.116512 -0.338309 0.263117 0.230871 -0.936732
0.005364 0.038839 -0.407907 0.037716 -0.958454 0.282742
-0.022023 0.090699 -0.355832 0.969434 0.123690 0.211893
-0.054177 0.029196 -0.373883 0.189832 -0.922033 -0.337370
-0.337518 0.048809 0.132180 -0.469639 -0.862772 0.187250
-0.191951 0.116900 0.097031 0.409047 -0.053221 0.910960
-0.263191 0.045543 0.124597 0.425469 -0.902291 0.069627
-0.247643 0.213805 0.063542 0.105914 0.954552 0.278592
0.152733 0.086253 -0.022520 -0.014242 -0.289715 -0.957007
0.155746 0.158765 0.033424 0.092448 0.991869 -0.087457
0.250597 0.088565 -0.024918 0.028715 0.097599 -0.994811
0.230633 0.024478 0.036997 -0.037365 -0.994483 0.098021
0.272498 0.019490 0.038363 -0.032216 -0.993081 -0.112930
0.381969 0.060821 0.093193 0.301351 -0.381393 0.873915
0.358690 0.030561 0.040233 0.357411 -0.933569 0.026567
0.418834 0.075600 0.041389 0.943132 -0.325054 0.069588
0.388260 0.116488 0.040829 0.391974 0.919156 0.038835
0.389466 0.060796 -0.008534 0.333965 -0.377098 -0.863866
0.295322 0.086308 -0.023110 0.142934 0.267409 -0.952923
0.256231 0.140874 0.034224 0.190731 0.980147 -0.054154
0.241427 0.088417 0.101613 0.040959 0.390379 0.919743
0.143446 0.088860 0.096391 -0.032280 -0.168153 0.985232
0.115880 0.166804 0.032022 0.245422 0.958148 -0.147380
0.104428 0.095564 0.093913 0.000697 0.026873 0.999639
0.137664 0.022461 0.035730 -0.026339 -0.999456 0.019861
0.116827 0.092538 -0.022230 0.084506 -0.158559 -0.983726
0.102755 0.027800 0.034537 -0.073433 -0.996859 0.029656
0.319253 0.148617 -0.114818 0.156142 0.970689 -0.182711
0.200250 0.159448 -0.115359 0.111951 0.977991 0.176072
0.162309 0.025278 -0.274782 -0.059356 -0.991798 -0.113194
0.258310 0.026434 -0.276197 -0.011302 -0.999513 -0.029098
0.316597 0.089039 -0.335443 0.065944 -0.018649 -0.997649
0.317378 0.086578 -0.217006 0.076136 -0.021636 0.996863
0.302248 0.026077 -0.275852 -0.054593 -0.998410 -0.014033
0.414584 0.062900 -0.322755 0.256023 -0.352489 -0.900113
0.390942 0.025961 -0.276474 0.316808 -0.948431 -0.010521
0.452858 0.076400 -0.277058 0.946094 -0.323412 -0.017630
0.421374 0.114999 -0.276738 0.381394 0.924386 0.007045
0.416122 0.062395 -0.230992 0.271416 -0.354150 0.894936
0.040489 0.082396 -0.355739 -0.000752 0.134125 0.990964
0.016828 0.085601 -0.357308 0.016292 0.134493 0.990781
0.023360 0.150487 -0.406947 0.166653 0.984541 0.053914
0.048011 0.145831 -0.405822 0.141078 0.968742 0.204050
0.036596 0.087618 -0.457159 0.034211 0.092422 -0.995132
-0.000073 0.090939 -0.455363 -0.079162 -0.091948 -0.992612
0.233893 0.113757 -0.404518 0.318963 0.947754 -0.005071
0.326591 0.122835 0.039673 0.163244 0.975695 0.146184
0.284885 0.083669 0.103274 0.031144 -0.004203 0.999506
0.156989 0.109421 -0.181482 0.033217 -0.127097 -0.991334
-0.375115 0.115356 0.146283 -0.923120 0.028341 0.383465
-0.316545 0.039461 0.237991 -0.498156 -0.866915 -0.017295
-0.218964 0.111383 0.141676 0.989902 -0.085591 0.112999
-0.252465 0.183151 0.151154 0.531014 0.791371 0.302914
-0.325722 0.188908 0.155115 -0.434250 0.825281 0.361023
-0.347482 0.097557 0.253127 -0.967000 0.107252 0.231100
-0.308045 0.026047 0.299599 -0.620879 -0.783884 0.005901
-0.308507 0.156360 0.257297 -0.368475 0.881175 0.296238
-0.335384 0.090256 0.321753 -0.945100 0.223529 0.238373
-0.312080 0.053643 0.423891 -0.921683 -0.170641 0.348400
-0.291513 0.017209 0.392254 -0.305696 -0.911606 0.274819
-0.268105 0.060169 0.457214 -0.190770 -0.478701 0.857002
-0.279692 0.114821 0.429328 -0.538242 0.656806 0.528112
-0.229967 0.068952 0.454656 0.518996 -0.096126 0.849355
-0.230791 0.114882 0.421923 0.633113 0.739795 0.227752
-0.204923 0.055808 0.403811 0.962895 -0.265244 0.049784
-0.242661 0.021213 0.393533 0.259956 -0.949087 0.177925
-0.300351 0.146188 0.307066 -0.325138 0.876027 0.356176
-0.288795 0.124317 0.357166 -0.317660 0.912304 0.258443
-0.242716 0.123930 0.351022 0.420165 0.886730 0.192797
0.192076 0.101382 -0.058807 -0.014992 0.001797 0.999886
0.042512 0.028870 -0.119695 0.495011 -0.868782 0.013471
0.125979 0.026760 -0.275053 -0.014588 -0.992612 0.120449
0.133882 0.110079 -0.333457 0.010384 -0.256803 -0.966408
0.101303 0.137995 -0.406855 0.161697 0.974921 0.152918
0.092398 0.075631 -0.354042 -0.024229 -0.327706 0.944469
0.138716 0.073761 -0.353064 0.081732 0.279839 0.956562
0.084175 0.081295 -0.456464 0.075279 0.264552 -0.961429
0.171934 0.119452 -0.405170 0.159109 0.977845 -0.136025
0.129786 0.078417 -0.457214 0.067162 -0.012097 -0.997669
-0.093349 0.111973 0.085800 0.043301 -0.008171 0.999029
-0.020535 0.197543 0.031450 0.125655 0.721546 0.680869
-0.020590 0.182383 -0.036013 0.268169 0.954925 0.127291
0.017911 0.120135 -0.036284 0.377232 0.288714 -0.879966
0.013317 0.189117 0.029193 0.279219 0.893264 0.352300
-0.097119 0.089512 -0.445455 -0.098004 -0.243916 -0.964832
0.021958 0.115448 -0.055824 0.539569 0.233790 0.808831
0.149768 0.108056 -0.058505 -0.012174 -0.198369 0.980052
0.041860 0.115830 -0.183892 0.330105 0.332916 -0.883288
0.027056 0.037560 -0.406578 -0.057524 -0.998134 -0.020492
0.046658 0.189831 -0.120396 0.478223 0.877510 0.035755
0.160218 0.165500 -0.116528 0.143965 0.983558 0.109029
0.076007 0.038809 -0.407003 -0.041357 -0.944777 -0.325094
-0.500000 0.135988 -0.164611 -0.988746 -0.146652 -0.029581
