0 1
0 2
0 3
0 72
0 20
0 53
1 0
1 160
1 2
1 18
1 20
2 0
2 1
2 160
2 3
2 17
2 24
2 25
3 0
3 2
3 6
3 53
3 23
3 24
4 5
4 6
4 138
4 21
4 150
4 153
4 91
4 93
4 94
5 4
5 6
5 73
5 147
5 53
5 21
6 3
6 4
6 5
6 71
6 138
6 53
6 22
6 23
7 8
7 44
7 56
7 62
7 95
8 7
8 43
8 44
8 56
8 58
8 61
9 64
9 65
9 10
9 11
9 12
9 155
9 157
10 67
10 9
10 138
10 11
10 22
10 155
10 30
11 64
11 67
11 68
11 9
11 10
11 29
12 64
12 65
12 9
12 13
12 14
12 15
12 19
12 29
13 42
13 12
13 14
13 152
13 28
13 29
14 42
14 12
14 13
14 15
14 16
14 27
15 160
15 12
15 14
15 16
15 17
15 18
15 19
16 14
16 15
16 17
16 26
16 27
17 160
17 2
17 15
17 16
17 25
17 26
18 160
18 1
18 75
18 46
18 15
18 19
18 20
19 65
19 75
19 12
19 15
19 18
19 149
20 0
20 1
20 72
20 46
20 18
20 117
21 4
21 5
21 147
21 148
21 151
21 91
22 68
22 70
22 71
22 6
22 10
22 139
22 138
22 140
22 30
23 3
23 6
23 71
23 42
23 24
23 152
24 2
24 3
24 42
24 23
24 25
24 26
24 27
25 24
25 17
25 2
25 26
26 16
26 17
26 24
26 25
26 27
27 42
27 14
27 16
27 24
27 26
28 70
28 109
28 13
28 112
28 152
28 29
29 64
29 68
29 70
29 11
29 12
29 13
29 28
30 66
30 35
30 67
30 10
30 139
30 22
31 32
31 33
31 34
31 35
31 36
31 66
32 33
32 98
32 99
32 36
32 97
32 31
33 32
33 97
33 66
33 67
33 140
33 31
34 97
34 98
34 35
34 36
34 100
34 31
35 97
35 34
35 66
35 139
35 30
35 31
36 32
36 34
36 99
36 100
36 105
36 31
37 38
37 39
37 41
37 143
37 113
38 40
38 41
38 37
38 39
39 40
39 113
39 37
39 38
40 38
40 39
40 41
40 113
40 146
41 37
41 38
41 40
41 142
41 143
41 146
41 159
42 13
42 14
42 23
42 24
42 27
42 152
43 8
43 44
43 45
43 57
43 60
43 61
44 7
44 8
44 43
44 45
44 54
44 95
45 43
45 44
45 54
45 56
45 57
45 58
46 75
46 18
46 20
46 117
46 121
47 48
47 49
47 50
47 52
47 119
48 132
48 133
48 47
48 49
48 50
48 118
48 123
49 74
49 47
49 48
49 118
49 119
50 131
50 132
50 136
50 47
50 48
50 51
50 52
51 134
51 136
51 50
51 52
51 124
52 47
52 50
52 51
52 119
52 120
52 124
53 0
53 3
53 5
53 6
53 72
53 73
53 74
54 96
54 137
54 44
54 45
54 55
54 56
54 95
55 137
55 54
55 56
55 62
55 63
56 7
56 8
56 45
56 54
56 55
56 58
56 62
57 43
57 45
57 58
57 59
57 60
58 8
58 45
58 56
58 57
58 59
58 61
59 57
59 58
59 60
59 61
60 57
60 59
60 61
60 43
61 8
61 43
61 58
61 59
61 60
62 96
62 7
62 116
62 55
62 56
62 95
62 63
63 137
63 138
63 116
63 55
63 154
63 62
64 9
64 11
64 12
64 29
65 9
65 12
65 19
65 149
65 157
66 33
66 67
66 35
66 30
66 31
67 33
67 66
67 68
67 10
67 11
67 140
67 30
68 67
68 70
68 11
68 140
68 22
68 29
69 70
69 71
69 107
69 108
69 112
69 156
70 68
70 69
70 71
70 108
70 109
70 22
70 28
70 29
71 69
71 6
71 70
71 112
71 22
71 23
71 152
72 0
72 74
72 20
72 117
72 53
72 118
73 5
73 74
73 75
73 147
73 148
73 53
73 119
73 120
74 72
74 73
74 49
74 53
74 118
74 119
75 73
75 46
75 18
75 19
75 148
75 149
75 120
75 121
76 77
76 78
76 79
76 92
76 93
76 94
77 76
77 78
77 87
77 88
77 89
77 90
77 93
78 76
78 77
78 79
78 80
78 86
78 87
79 76
79 78
79 80
79 115
79 88
79 89
79 92
80 78
80 79
80 81
80 82
80 115
80 85
80 86
81 80
81 82
81 83
81 115
81 84
82 80
82 81
82 83
82 85
83 81
83 82
83 84
83 85
84 81
84 114
84 115
84 83
84 85
84 86
85 80
85 82
85 83
85 84
85 86
86 78
86 80
86 114
86 84
86 85
86 87
87 77
87 78
87 114
87 86
87 88
88 77
88 79
88 114
88 115
88 87
88 89
89 77
89 79
89 88
89 90
89 91
89 92
89 94
90 77
90 150
90 151
90 89
90 91
90 93
91 4
91 21
91 151
91 89
91 90
91 94
92 89
92 76
92 94
92 79
93 4
93 76
93 77
93 150
93 90
93 94
94 4
94 76
94 89
94 91
94 92
94 93
95 96
95 7
95 44
95 54
95 62
96 137
96 116
96 54
96 158
96 62
96 95
97 32
97 33
97 34
97 35
97 98
97 139
97 140
98 32
98 97
98 34
98 99
98 100
98 101
99 32
99 98
99 36
99 101
99 102
99 105
100 34
100 98
100 36
100 101
100 105
100 106
101 98
101 99
101 100
101 102
101 103
101 106
102 99
102 101
102 103
102 104
102 105
103 104
103 106
103 101
103 102
104 105
104 106
104 102
104 103
105 99
105 36
105 100
105 102
105 104
105 106
106 100
106 101
106 103
106 104
106 105
107 69
107 108
107 141
107 142
107 110
107 156
108 69
108 70
108 107
108 109
108 110
109 70
109 108
109 110
109 111
109 112
109 28
110 107
110 108
110 109
110 141
110 111
111 109
111 110
111 141
111 112
111 144
111 156
111 159
112 69
112 71
112 109
112 111
112 156
112 152
112 28
113 37
113 39
113 40
113 143
113 145
113 146
114 115
114 84
114 86
114 87
114 88
115 79
115 80
115 81
115 114
115 84
115 88
116 96
116 138
116 62
116 155
116 158
116 63
117 72
117 46
117 20
117 118
117 121
117 122
118 72
118 74
118 48
118 49
118 117
118 122
118 123
119 73
119 74
119 47
119 49
119 52
119 120
120 73
120 75
120 52
120 119
120 121
120 124
121 75
121 46
121 117
121 120
121 122
121 124
122 117
122 118
122 121
122 123
122 124
122 125
123 133
123 48
123 118
123 122
123 125
123 126
123 127
124 134
124 51
124 52
124 120
124 121
124 122
124 125
125 129
125 134
125 135
125 122
125 123
125 124
125 126
126 128
126 129
126 123
126 125
126 127
127 128
127 123
127 133
127 126
128 129
128 130
128 133
128 126
128 127
129 128
129 130
129 131
129 135
129 125
129 126
130 128
130 129
130 131
130 132
130 133
131 129
131 130
131 132
131 135
131 136
131 50
132 130
132 131
132 133
132 48
132 50
133 128
133 130
133 132
133 48
133 123
133 127
134 135
134 136
134 51
134 124
134 125
135 129
135 131
135 134
135 136
135 125
136 131
136 134
136 135
136 50
136 51
137 96
137 54
137 55
137 154
137 158
137 63
138 4
138 6
138 10
138 116
138 22
138 153
138 154
138 155
138 63
139 97
139 35
139 140
139 22
139 30
140 33
140 97
140 67
140 68
140 139
140 22
141 107
141 142
141 110
141 143
141 145
141 111
141 144
142 41
142 107
142 141
142 143
142 156
142 159
143 37
143 41
143 141
143 142
143 113
143 145
144 141
144 111
144 145
144 146
144 159
145 141
145 143
145 144
145 113
145 146
146 40
146 41
146 144
146 145
146 113
146 159
147 73
147 21
147 148
147 5
148 73
148 75
148 147
148 21
148 149
148 151
149 65
149 75
149 19
149 148
149 150
149 151
149 153
149 157
150 4
150 149
150 151
150 153
150 90
150 93
151 148
151 21
151 149
151 150
151 90
151 91
152 71
152 42
152 13
152 112
152 23
152 28
153 4
153 138
153 149
153 150
153 154
153 157
153 158
154 137
154 138
154 153
154 158
154 63
155 9
155 138
155 10
155 116
155 157
155 158
156 69
156 107
156 142
156 111
156 112
156 159
157 65
157 9
157 149
157 153
157 155
157 158
158 96
158 137
158 116
158 153
158 154
158 155
158 157
159 41
159 142
159 111
159 144
159 146
159 156
160 1
160 2
160 15
160 17
160 18
