0 64
0 1
0 2
0 3
0 4
0 63
1 0
1 65
1 2
1 64
1 85
1 89
1 90
2 0
2 1
2 3
2 88
2 89
3 0
3 2
3 4
3 5
3 88
3 91
4 0
4 3
4 5
4 6
4 62
4 63
5 3
5 4
5 6
5 7
5 18
5 19
5 91
5 92
6 130
6 4
6 5
6 7
6 8
6 9
6 62
7 8
7 18
7 5
7 6
8 6
8 7
8 9
8 11
8 17
8 18
9 130
9 6
9 8
9 10
9 11
9 49
10 96
10 9
10 11
10 12
10 15
10 16
10 49
11 8
11 9
11 10
11 12
11 13
11 17
12 96
12 97
12 10
12 11
12 106
12 13
12 14
12 107
13 11
13 12
13 14
13 15
13 16
13 49
13 17
14 106
14 12
14 13
14 15
14 95
15 96
15 10
15 13
15 14
15 16
15 95
16 49
16 10
16 13
16 15
17 33
17 8
17 11
17 13
17 49
17 18
18 33
18 5
18 7
18 8
18 45
18 17
18 19
18 20
19 5
19 18
19 20
19 21
19 23
19 92
20 45
20 18
20 19
20 21
21 44
21 45
21 19
21 20
21 22
21 23
21 26
21 27
22 83
22 21
22 23
22 24
22 25
22 26
23 70
23 71
23 72
23 19
23 21
23 22
23 25
23 92
24 46
24 25
24 83
24 22
25 66
25 72
25 73
25 74
25 46
25 22
25 23
25 24
26 81
26 83
26 84
26 21
26 22
26 27
27 44
27 48
27 84
27 21
27 26
27 28
28 48
28 82
28 84
28 27
28 29
28 30
28 31
29 109
29 80
29 81
29 84
29 28
29 30
30 109
30 110
30 82
30 28
30 29
31 48
31 81
31 82
31 80
31 28
32 33
32 34
32 36
32 42
32 44
32 47
32 48
32 49
33 32
33 34
33 43
33 45
33 17
33 18
33 49
34 32
34 33
34 36
34 39
34 41
34 43
35 36
35 37
35 38
35 41
35 42
36 32
36 34
36 35
36 37
36 39
36 42
37 35
37 36
37 38
37 39
37 119
37 120
38 35
38 37
38 40
38 41
38 119
38 124
38 126
39 34
39 36
39 37
39 40
39 41
39 120
40 38
40 39
40 41
40 120
40 122
40 124
41 34
41 35
41 38
41 39
41 40
41 42
41 43
42 32
42 35
42 36
42 41
42 43
42 44
43 33
43 34
43 41
43 42
43 44
43 45
44 32
44 42
44 43
44 45
44 48
44 21
44 27
45 33
45 43
45 44
45 18
45 20
45 21
46 66
46 47
46 48
46 83
46 24
46 25
47 64
47 65
47 66
47 32
47 46
47 48
47 49
47 50
48 32
48 44
48 46
48 47
48 81
48 83
48 27
48 28
48 31
49 32
49 33
49 130
49 9
49 10
49 13
49 47
49 16
49 17
49 50
50 64
50 130
50 131
50 163
50 47
50 49
50 61
50 63
51 133
51 134
51 52
51 54
51 55
51 59
52 163
52 164
52 132
52 133
52 51
52 59
53 138
53 54
53 55
53 56
53 57
53 58
54 165
54 135
54 51
54 53
54 55
54 57
54 59
55 134
55 136
55 51
55 53
55 54
55 56
56 136
56 137
56 138
56 53
56 55
57 134
57 135
57 136
57 53
57 54
57 58
58 136
58 137
58 138
58 53
58 57
59 132
59 165
59 51
59 52
59 54
59 60
59 61
60 130
60 132
60 59
60 61
60 62
61 163
61 165
61 50
61 59
61 60
61 62
61 63
62 130
62 131
62 4
62 6
62 60
62 61
62 63
63 0
63 64
63 4
63 50
63 61
63 62
64 0
64 1
64 65
64 47
64 50
64 63
65 64
65 1
65 66
65 47
65 85
65 86
66 65
66 68
66 74
66 46
66 47
66 86
66 25
67 68
67 69
67 166
67 70
67 86
67 87
68 66
68 67
68 69
68 74
68 76
68 77
68 86
69 67
69 68
69 70
69 71
69 77
70 67
70 69
70 166
70 71
70 23
70 92
71 69
71 70
71 72
71 77
71 78
71 23
72 71
72 73
72 78
72 79
72 23
72 25
73 72
73 74
73 75
73 79
73 143
73 25
74 66
74 68
74 73
74 75
74 76
74 25
75 73
75 74
75 139
75 76
75 143
75 145
76 68
76 74
76 139
76 75
76 77
77 68
77 69
77 71
77 139
77 76
77 140
77 78
78 71
78 72
78 140
78 77
78 141
78 79
79 72
79 73
79 141
79 142
79 78
79 143
80 160
80 109
80 81
80 82
80 29
80 31
81 80
81 48
81 83
81 84
81 26
81 29
81 31
82 160
82 110
82 80
82 118
82 28
82 30
82 31
83 46
83 48
83 81
83 22
83 24
83 26
84 81
84 26
84 27
84 28
84 29
85 65
85 1
85 166
85 86
85 87
85 90
85 94
86 65
86 66
86 67
86 68
86 85
86 87
87 67
87 166
87 85
87 86
88 2
88 3
88 89
88 91
88 93
88 94
89 1
89 2
89 88
89 90
89 94
90 89
90 1
90 85
90 94
91 3
91 5
91 88
91 92
91 93
92 5
92 70
92 166
92 19
92 23
92 91
92 93
93 166
93 88
93 91
93 92
93 94
94 166
94 85
94 88
94 89
94 90
94 93
95 96
95 97
95 98
95 106
95 14
95 15
96 97
96 10
96 12
96 15
96 95
97 96
97 98
97 99
97 107
97 12
97 95
98 97
98 99
98 100
98 103
98 104
98 105
98 106
98 95
99 97
99 98
99 100
99 101
99 107
99 108
100 98
100 99
100 101
100 102
100 103
101 99
101 100
101 102
101 104
101 105
101 108
102 104
102 100
102 101
102 103
103 104
103 98
103 100
103 102
104 98
104 101
104 102
104 103
104 105
105 98
105 101
105 104
105 106
105 107
105 108
106 98
106 105
106 107
106 12
106 14
106 95
107 97
107 99
107 105
107 106
107 108
107 12
108 99
108 105
108 107
108 101
109 160
109 110
109 111
109 112
109 80
109 29
109 30
110 109
110 111
110 82
110 117
110 118
110 30
111 109
111 110
111 112
111 113
111 116
111 117
112 160
112 161
112 109
112 111
112 113
112 114
113 111
113 112
113 114
113 115
113 116
114 161
114 162
114 112
114 113
114 115
115 162
115 113
115 114
115 116
116 162
116 111
116 113
116 115
116 117
117 161
117 162
117 110
117 111
117 116
117 118
118 160
118 161
118 110
118 82
118 117
119 37
119 38
119 120
119 121
119 126
120 37
120 39
120 40
120 119
120 121
120 122
121 128
121 119
121 120
121 122
121 123
121 126
122 40
122 120
122 121
122 123
122 124
123 128
123 129
123 121
123 122
123 124
123 125
124 38
124 40
124 122
124 123
124 125
124 126
125 129
125 123
125 124
125 126
125 127
126 128
126 38
126 119
126 121
126 124
126 125
126 127
127 128
127 129
127 125
127 126
128 129
128 121
128 123
128 126
128 127
129 128
129 123
129 125
129 127
130 131
130 132
130 163
130 6
130 9
130 49
130 50
130 60
130 62
131 130
131 50
131 62
132 130
132 163
132 52
132 59
132 60
133 164
133 165
133 134
133 135
133 51
133 52
134 133
134 135
134 136
134 51
134 55
134 57
135 133
135 134
135 165
135 54
135 57
136 134
136 137
136 55
136 56
136 57
136 58
137 56
137 58
137 136
137 138
138 56
138 137
138 58
138 53
139 75
139 140
139 76
139 77
139 145
139 147
139 151
140 139
140 77
140 78
140 141
140 151
140 153
141 140
141 142
141 78
141 79
141 153
142 141
142 143
142 144
142 79
142 153
142 155
143 73
143 75
143 142
143 79
143 144
143 145
144 142
144 143
144 145
144 146
144 155
144 156
145 75
145 139
145 143
145 144
145 146
145 147
146 144
146 145
146 147
146 148
146 156
146 157
147 139
147 145
147 146
147 148
147 149
147 150
147 151
148 146
148 147
148 149
148 157
148 158
149 147
149 148
149 150
149 158
149 159
150 147
150 149
150 151
150 152
150 159
151 139
151 140
151 147
151 150
151 152
151 153
152 150
152 151
152 153
152 154
152 158
152 159
153 140
153 141
153 142
153 151
153 152
153 154
153 155
154 152
154 153
154 155
154 156
154 157
154 158
155 142
155 144
155 153
155 154
155 156
156 144
156 146
156 154
156 155
156 157
157 146
157 148
157 154
157 156
157 158
158 148
158 149
158 152
158 154
158 157
158 159
159 152
159 150
159 149
159 158
160 161
160 109
160 80
160 112
160 82
160 118
161 160
161 162
161 112
161 114
161 117
161 118
162 161
162 114
162 115
162 116
162 117
163 130
163 164
163 165
163 132
163 50
163 52
163 61
164 163
164 52
164 133
164 165
165 163
165 164
165 133
165 135
165 54
165 59
165 61
166 67
166 70
166 85
166 87
166 92
166 93
166 94
