0 1
0 2
0 3
0 101
0 48
0 25
0 26
1 0
1 2
1 15
1 16
1 26
2 0
2 1
2 3
2 4
2 15
2 17
2 18
3 0
3 2
3 4
3 5
3 24
3 25
4 2
4 3
4 101
4 5
4 18
5 3
5 4
5 101
5 48
5 20
5 21
5 23
5 24
6 7
6 8
6 9
6 12
6 13
7 6
7 8
7 13
7 88
7 89
8 98
8 6
8 7
8 9
8 11
8 88
9 6
9 8
9 10
9 11
9 12
10 38
10 9
10 11
10 12
10 14
11 96
11 98
11 38
11 8
11 9
11 10
12 6
12 9
12 10
12 13
12 14
12 89
13 89
13 12
13 6
13 7
14 99
14 38
14 10
14 12
14 89
14 90
14 91
15 64
15 1
15 2
15 100
15 16
15 17
16 64
16 1
16 65
16 15
16 26
17 65
17 2
17 100
17 15
17 18
17 151
17 63
18 65
18 2
18 4
18 101
18 17
18 26
19 20
19 21
19 22
19 23
20 5
20 19
20 21
20 23
21 5
21 48
21 19
21 20
21 22
22 48
22 19
22 21
22 23
22 24
22 25
23 5
23 19
23 20
23 22
23 24
24 3
24 5
24 22
24 23
24 25
25 0
25 3
25 48
25 22
25 24
26 0
26 1
26 65
26 101
26 16
26 18
27 105
27 28
27 29
27 30
28 105
28 106
28 27
28 30
29 104
29 105
29 30
29 27
29 62
29 31
30 106
30 27
30 28
30 29
30 31
31 104
31 106
31 107
31 29
31 61
31 30
32 64
32 33
32 102
32 110
32 111
32 54
33 32
33 34
33 35
33 102
33 110
33 55
33 56
34 33
34 35
34 56
34 58
34 59
35 33
35 34
35 102
35 103
35 107
35 59
36 37
36 47
36 113
36 118
36 121
36 123
37 36
37 45
37 46
37 47
37 113
38 96
38 10
38 11
38 14
38 90
38 93
38 95
39 40
39 43
39 44
39 144
39 120
39 158
40 39
40 43
40 108
40 144
40 55
40 157
41 42
41 43
41 44
41 150
41 158
41 159
42 41
42 43
42 141
42 144
42 158
43 39
43 40
43 41
43 42
43 44
43 141
43 157
44 39
44 41
44 43
44 150
44 119
44 120
45 124
45 37
45 46
45 47
46 113
46 37
46 124
46 45
47 36
47 37
47 45
47 121
47 122
47 124
48 0
48 5
48 101
48 21
48 22
48 25
49 132
49 50
49 51
49 151
49 152
49 63
50 130
50 132
50 49
50 51
50 52
50 53
51 130
51 142
51 144
51 49
51 50
51 149
51 54
51 63
52 128
52 129
52 130
52 133
52 50
52 53
53 160
53 131
53 132
53 133
53 50
53 146
53 52
54 64
54 32
54 102
54 144
54 51
54 55
54 56
54 57
54 63
55 33
55 40
55 108
55 110
55 144
55 54
55 56
56 33
56 34
56 54
56 55
56 57
56 58
57 102
57 103
57 54
57 56
57 58
58 34
58 103
58 56
58 57
58 59
58 60
59 34
59 35
59 107
59 58
59 60
59 61
60 103
60 104
60 58
60 59
60 61
60 62
61 106
61 107
61 59
61 60
61 62
61 31
62 104
62 105
62 106
62 61
62 60
62 29
63 64
63 65
63 49
63 17
63 51
63 54
63 151
64 32
64 65
64 100
64 15
64 16
64 111
64 54
64 63
65 64
65 16
65 17
65 18
65 26
65 63
66 67
66 68
66 73
66 75
66 76
66 83
67 66
67 68
67 81
67 82
67 83
67 85
68 66
68 67
68 73
68 78
68 79
68 80
68 81
69 70
69 71
69 72
69 73
69 79
70 72
70 74
70 69
70 71
71 73
71 74
71 69
71 70
72 69
72 70
72 74
72 76
72 77
72 79
73 66
73 68
73 69
73 71
73 74
73 76
73 79
74 70
74 71
74 72
74 73
74 76
75 66
75 76
75 77
75 78
75 83
76 66
76 72
76 73
76 74
76 75
76 77
77 72
77 75
77 76
77 78
77 79
78 68
78 75
78 77
78 79
78 80
78 83
79 68
79 69
79 72
79 73
79 77
79 78
80 68
80 78
80 81
80 82
80 83
80 84
80 114
81 80
81 82
81 67
81 68
82 67
82 142
82 80
82 81
82 114
82 85
83 66
83 67
83 75
83 78
83 80
83 84
83 85
84 137
84 143
84 80
84 114
84 83
84 85
85 67
85 142
85 143
85 82
85 83
85 84
86 99
86 87
86 88
86 89
86 125
86 126
87 97
87 125
87 86
87 88
87 93
87 94
87 95
88 97
88 98
88 7
88 8
88 86
88 87
88 89
89 99
89 7
89 12
89 13
89 14
89 86
89 88
90 38
90 14
90 91
90 92
90 93
91 99
91 140
91 14
91 90
91 92
92 139
92 140
92 90
92 91
92 93
92 94
93 38
93 87
93 90
93 92
93 94
93 95
94 138
94 139
94 93
94 87
94 92
94 125
95 96
95 97
95 38
95 87
95 93
96 97
96 98
96 38
96 11
96 95
97 96
97 98
97 87
97 88
97 95
98 96
98 97
98 8
98 11
98 88
99 129
99 140
99 14
99 86
99 89
99 91
99 126
100 64
100 111
100 15
100 17
100 145
100 151
101 0
101 4
101 5
101 48
101 18
101 26
102 32
102 33
102 35
102 103
102 54
102 57
103 35
103 102
103 104
103 107
103 57
103 58
103 60
104 103
104 107
104 60
104 29
104 62
104 31
105 106
105 27
105 28
105 29
105 62
106 105
106 30
106 28
106 61
106 62
106 31
107 35
107 103
107 104
107 59
107 61
107 31
108 134
108 40
108 109
108 110
108 112
108 55
108 157
109 112
109 108
109 110
109 111
110 32
110 33
110 108
110 109
110 111
110 55
111 32
111 64
111 100
111 109
111 110
111 112
111 145
112 134
112 135
112 108
112 109
112 111
112 145
112 148
112 153
113 36
113 37
113 46
113 122
113 123
113 124
114 137
114 142
114 80
114 82
114 115
114 84
115 137
115 142
115 114
115 116
115 117
115 149
116 115
116 139
116 117
116 149
117 136
117 137
117 138
117 139
117 115
117 116
118 36
118 119
118 120
118 121
118 123
119 44
119 150
119 118
119 120
119 123
120 39
120 44
120 118
120 119
120 121
120 158
120 159
121 36
121 47
121 118
121 150
121 120
121 122
121 159
122 47
122 113
122 150
122 121
122 123
122 124
123 36
123 113
123 118
123 119
123 150
123 122
124 45
124 46
124 47
124 113
124 122
125 138
125 86
125 87
125 94
125 126
125 127
126 128
126 129
126 99
126 86
126 125
126 127
127 128
127 138
127 147
127 125
127 126
128 129
128 133
128 147
128 52
128 126
128 127
129 128
129 130
129 99
129 140
129 52
129 126
130 129
130 139
130 140
130 50
130 51
130 52
130 149
131 156
131 146
131 132
131 53
132 131
132 49
132 50
132 53
132 152
132 154
132 156
133 160
133 128
133 147
133 52
133 53
134 135
134 136
134 108
134 112
134 157
135 134
135 136
135 138
135 112
135 147
135 148
136 134
136 135
136 137
136 138
136 141
136 143
136 117
136 157
137 136
137 143
137 114
137 115
137 84
137 117
138 135
138 136
138 139
138 147
138 117
138 125
138 94
138 127
139 130
139 138
139 140
139 116
139 117
139 149
139 92
139 94
140 129
140 130
140 99
140 139
140 91
140 92
141 136
141 42
141 43
141 142
141 143
141 144
141 157
142 141
142 143
142 144
142 114
142 115
142 82
142 149
142 85
142 51
143 136
143 137
143 141
143 142
143 84
143 85
144 39
144 40
144 42
144 141
144 142
144 51
144 54
144 55
144 158
145 100
145 111
145 112
145 151
145 152
145 153
146 160
146 131
146 148
146 53
146 155
146 156
147 160
147 128
147 133
147 135
147 138
147 148
147 127
148 160
148 135
148 112
148 146
148 147
148 153
148 155
149 130
149 139
149 142
149 115
149 51
149 116
150 41
150 44
150 119
150 121
150 122
150 123
150 159
151 100
151 49
151 145
151 17
151 152
151 63
152 132
152 145
152 49
152 151
152 153
152 154
153 112
153 145
153 148
153 152
153 154
153 155
154 132
154 152
154 153
154 155
154 156
155 146
155 148
155 153
155 154
155 156
156 131
156 132
156 146
156 154
156 155
157 134
157 136
157 40
157 43
157 108
157 141
158 39
158 41
158 42
158 144
158 120
158 159
159 41
159 150
159 120
159 121
159 158
160 133
160 146
160 147
160 148
160 53
