-0.101291 0.137995 -0.406852 -0.161631 0.974969 0.152680
-0.047998 0.145831 -0.405825 -0.141057 0.968722 0.204160
-0.036583 0.087618 -0.457156 -0.034274 0.092447 -0.995128
-0.084169 0.081295 -0.456461 -0.059755 0.089136 -0.994225
-0.075995 0.038809 -0.407006 0.036508 -0.970289 -0.239180
-0.120616 0.035930 -0.406477 0.028143 -0.998825 -0.039449
0.268117 0.060169 0.457211 0.190768 -0.478623 0.857046
0.312105 0.053613 0.423888 0.921695 -0.170640 0.348370
0.279705 0.114821 0.429325 0.538308 0.656758 0.528104
0.229973 0.068952 0.454652 -0.519087 -0.096195 0.849291
0.204941 0.055808 0.403801 -0.962887 -0.265285 0.049731
0.230803 0.114882 0.421920 -0.633157 0.739760 0.227743
0.242686 0.021182 0.393524 -0.259987 -0.949079 0.177922
0.291526 0.017209 0.392251 0.305682 -0.911614 0.274805
0.246997 0.022965 0.286520 -0.565218 -0.806398 -0.173928
-0.023348 0.150487 -0.406950 -0.166693 0.984536 0.053875
-0.016804 0.085601 -0.357311 -0.016292 0.134494 0.990781
0.000079 0.090939 -0.455366 0.079162 -0.091953 -0.992612
-0.027050 0.037560 -0.406581 0.057341 -0.998150 -0.020222
-0.264595 0.077082 -0.404207 -0.933496 -0.353476 -0.060330
-0.205214 0.038157 -0.405031 -0.275113 -0.961006 -0.027945
-0.232214 0.063970 -0.361622 -0.271231 -0.415578 0.868175
-0.233862 0.113726 -0.404515 -0.319009 0.947737 -0.005213
-0.227256 0.064948 -0.444055 -0.269268 -0.370621 -0.888895
-0.129773 0.078417 -0.457211 -0.082102 0.124464 -0.988822
-0.171922 0.119452 -0.405173 -0.159318 0.977772 -0.136307
-0.040483 0.082396 -0.355742 0.000691 0.133987 0.990983
-0.390930 0.025961 -0.276477 -0.316648 -0.948488 -0.010265
-0.452827 0.076369 -0.277061 -0.946113 -0.323353 -0.017713
-0.302223 0.026077 -0.275849 0.054662 -0.998413 -0.013545
-0.414553 0.062869 -0.322752 -0.256009 -0.352538 -0.900098
-0.316572 0.089008 -0.335440 -0.066105 -0.018915 -0.997633
0.009323 0.116512 -0.338306 -0.263052 0.230921 -0.936738
-0.137830 0.157191 -0.274539 -0.145027 0.983487 -0.108260
-0.174732 0.151526 -0.274355 -0.106787 0.988196 0.109840
-0.167045 0.104378 -0.335477 -0.024288 0.334061 -0.942239
-0.356186 0.087347 -0.173557 -0.083004 -0.016573 -0.996411
-0.461038 0.058152 -0.158495 -0.277490 -0.338927 -0.898959
0.211473 0.089365 0.301109 -0.983696 0.171536 -0.054008
-0.156995 0.109452 -0.181485 -0.033189 -0.127099 -0.991335
-0.041842 0.115830 -0.183889 -0.330137 0.332853 -0.883299
-0.192064 0.101382 -0.058810 0.015052 0.001834 0.999885
-0.149756 0.108056 -0.058508 0.012128 -0.198434 0.980039
-0.160205 0.165469 -0.116531 -0.143942 0.983565 0.108999
-0.200250 0.159448 -0.115362 -0.111958 0.978006 0.175984
-0.433312 0.024712 -0.112404 -0.324115 -0.945994 0.006709
-0.500000 0.074173 -0.111567 -0.944217 -0.328123 0.028101
-0.337428 0.018457 -0.113800 0.038862 -0.999196 -0.009898
-0.138716 0.073792 -0.353067 -0.081763 0.279837 0.956559
0.142312 0.018070 -0.371524 0.015185 -0.961077 -0.275862
0.228540 0.009970 -0.175070 0.105274 -0.994346 0.013912
0.067733 0.000000 -0.161238 -0.042567 -0.998672 0.029037
0.366216 0.042401 0.042462 0.314987 -0.938890 0.138813
0.426477 0.042991 -0.179885 0.353781 -0.934770 0.032327
-0.008359 0.022221 -0.272879 -0.410310 -0.886239 -0.215000
-0.033219 0.112182 -0.212396 -0.767043 0.290064 0.572284
-0.132541 0.107730 -0.217624 -0.033516 -0.164709 0.985773
-0.125966 0.026760 -0.275056 0.014571 -0.992585 0.120672
-0.168607 0.101499 -0.214143 -0.018806 0.163325 0.986393
-0.284978 0.140991 -0.276428 -0.151095 0.988230 0.023898
-0.272523 0.089131 -0.216738 -0.059612 -0.055115 0.996699
-0.357853 0.121027 -0.276108 -0.157341 0.987395 0.017162
-0.317371 0.086609 -0.217009 -0.076307 -0.021626 0.996850
0.054184 0.029196 -0.373880 -0.189825 -0.922037 -0.337365
0.022030 0.090699 -0.355835 -0.969445 0.123701 0.211837
-0.005358 0.038839 -0.407910 -0.037716 -0.958457 0.282733
-0.250585 0.088565 -0.024921 -0.028664 0.097504 -0.994822
-0.152720 0.086222 -0.022516 0.014140 -0.289798 -0.956983
-0.230633 0.024509 0.037001 0.037190 -0.994486 0.098054
-0.381956 0.060821 0.093190 -0.301266 -0.381441 0.873923
-0.418815 0.075600 0.041392 -0.943096 -0.325158 0.069585
-0.358677 0.030561 0.040229 -0.357331 -0.933600 0.026561
-0.388248 0.116457 0.040826 -0.392045 0.919118 0.039024
-0.272523 0.019521 0.038360 0.032333 -0.993064 -0.113044
-0.389454 0.060796 -0.008537 -0.333932 -0.377148 -0.863857
-0.256212 0.140874 0.034221 -0.190644 0.980168 -0.054083
-0.295335 0.086339 -0.023113 -0.143012 0.267520 -0.952880
-0.326579 0.122835 0.039670 -0.163411 0.975633 0.146416
-0.241408 0.088417 0.101610 -0.040985 0.390452 0.919711
-0.284861 0.083669 0.103271 -0.031236 -0.004255 0.999503
-0.143433 0.088860 0.096388 0.032169 -0.168192 0.985229
-0.137652 0.022461 0.035734 0.025858 -0.999462 0.020158
-0.102724 0.027769 0.034540 0.073523 -0.996852 0.029689
-0.155734 0.158765 0.033427 -0.092434 0.991858 -0.087603
-0.115867 0.166804 0.032019 -0.245282 0.958202 -0.147261
-0.116815 0.092538 -0.022227 -0.084491 -0.158535 -0.983732
0.347494 0.097557 0.253124 0.967002 0.107235 0.231103
0.308525 0.156360 0.257294 0.368586 0.881157 0.296154
0.335390 0.090256 0.321756 0.945108 0.223526 0.238342
0.308052 0.026047 0.299596 0.620948 -0.783830 0.005816
0.220028 0.097612 0.235319 -0.989901 -0.111317 -0.087780
0.254501 0.039399 0.226548 -0.615613 -0.774969 -0.142981
0.218988 0.111352 0.141673 -0.989899 -0.085624 0.112996
0.249752 0.155469 0.248800 -0.727417 0.674672 0.125231
0.252477 0.183151 0.151151 -0.530993 0.791366 0.302962
0.245699 0.143986 0.297136 -0.440502 0.871550 0.215311
0.242729 0.123930 0.351025 -0.420197 0.886715 0.192796
0.300364 0.146188 0.307069 0.325136 0.876017 0.356204
0.288801 0.124317 0.357163 0.317680 0.912294 0.258457
0.316564 0.039461 0.237988 0.498225 -0.866880 -0.017080
0.067985 0.167695 -0.403543 -0.270538 0.811739 -0.517580
-0.092435 0.075655 -0.354057 0.024356 -0.327638 0.944489
-0.133882 0.110079 -0.333460 -0.010363 -0.256744 -0.966424
-0.162296 0.025278 -0.274779 0.059421 -0.991781 -0.113313
-0.258297 0.026434 -0.276194 0.011288 -0.999508 -0.029260
-0.416109 0.062395 -0.230995 -0.271397 -0.354095 0.894964
-0.421355 0.114999 -0.276741 -0.382010 0.924135 0.006603
-0.270512 0.092335 -0.335293 -0.040693 -0.054516 -0.997683
0.012121 0.182887 -0.189868 -0.409702 0.906240 -0.104278
0.019459 0.197814 -0.271034 -0.183620 0.980487 -0.070206
-0.016090 0.182825 -0.277996 -0.493937 0.862643 -0.108961
0.047037 0.179117 -0.333841 -0.322784 0.868046 -0.377235
0.280523 0.240682 -0.245756 -0.082605 0.982564 -0.166567
-0.466087 0.119065 -0.111967 -0.404876 0.914087 0.022794
-0.104416 0.095564 0.093910 -0.000601 0.026931 0.999637
0.015369 0.108265 0.089303 0.018843 -0.067957 0.997510
0.093367 0.111973 0.085797 -0.043301 -0.008171 0.999029
0.020547 0.197543 0.031447 -0.125735 0.721522 0.680880
-0.306522 0.090582 -0.174504 -0.072413 0.179976 -0.981002
-0.319235 0.148586 -0.114815 -0.156080 0.970691 -0.182750
-0.195994 0.103252 -0.176712 -0.045293 -0.042112 -0.998086
-0.290636 0.019078 -0.114962 0.026049 -0.949545 -0.312546
-0.351168 0.085779 -0.054191 -0.050140 -0.017841 0.998583
-0.397713 0.126070 -0.112779 -0.163519 0.986390 0.017214
-0.458171 0.057826 -0.065999 -0.248679 -0.334137 0.909126
0.325740 0.188877 0.155112 0.434252 0.825280 0.361023
0.375127 0.115356 0.146286 0.923100 0.028409 0.383509
0.376228 0.206178 0.064019 0.484044 0.775820 0.404727
0.422854 0.118025 0.066504 0.853498 -0.037189 0.519767
0.337549 0.048778 0.132183 0.469795 -0.862702 0.187186
0.255651 0.028925 0.035844 -0.013534 -0.974796 0.222685
0.381192 0.025752 -0.335120 0.377196 -0.887205 -0.265688
0.268517 0.018752 -0.360866 0.141736 -0.930073 -0.338933
0.489702 0.095447 -0.049886 0.850376 -0.465211 0.245844
0.008966 0.203718 -0.126894 -0.190062 0.981745 -0.007326
0.279348 0.245282 -0.098172 -0.047134 0.995364 0.083843
0.020603 0.182383 -0.036016 -0.268162 0.954923 0.127320
-0.013286 0.189086 0.029196 -0.279219 0.893264 0.352300
0.247655 0.213805 0.063545 -0.105896 0.954547 0.278615
0.191964 0.116900 0.097028 -0.409102 -0.053280 0.910932
0.263222 0.045513 0.124600 -0.425494 -0.902277 0.069649
-0.021964 0.115479 -0.055827 -0.539617 0.233817 0.808791
-0.004460 0.026791 0.031994 -0.234922 -0.946111 0.222904
-0.017899 0.120135 -0.036287 -0.377220 0.288880 -0.879917
-0.042512 0.028870 -0.119698 -0.495046 -0.868763 0.013420
0.101824 0.175291 -0.392362 -0.023708 0.831373 -0.555209
0.484518 0.088448 -0.286945 0.891038 -0.250097 -0.378817
0.478626 0.223891 -0.089389 0.523411 0.819432 0.233608
0.469320 0.220570 -0.239076 0.423892 0.866492 -0.263641
0.096184 0.032843 0.033378 -0.001055 -0.862132 0.506683
-0.302814 0.088448 -0.054984 -0.029801 0.136772 0.990154
0.097132 0.089512 -0.445458 0.097979 -0.243946 -0.964827
0.174564 0.096751 -0.431908 0.152588 0.002684 -0.988286
0.286716 0.196147 -0.360650 0.127564 0.758590 -0.638959
0.295689 0.100435 -0.407036 0.296489 0.051083 -0.953669
0.392207 0.181048 -0.328484 0.480661 0.458219 -0.747663
0.417276 0.092809 -0.359304 0.477472 -0.134776 -0.868249
-0.046645 0.189831 -0.120399 -0.478262 0.877497 0.035559
-0.148003 0.019521 -0.116752 0.074139 -0.997238 -0.004428
-0.187150 0.017775 -0.115707 0.044242 -0.950575 0.307327
0.500000 0.135987 -0.166917 0.988753 -0.146596 -0.029611
