1 15
2 3
2 17
3 2
3 24
4 5
5 4
6 7
6 8
6 9
7 6
7 8
8 6
8 7
8 11
9 6
9 10
9 11
10 9
11 8
11 9
12 13
13 12
15 1
16 26
16 64
17 2
18 65
19 21
19 22
19 23
20 21
20 23
21 19
21 20
22 19
22 23
23 19
23 20
23 22
24 3
26 16
26 64
28 106
29 104
31 107
32 64
33 34
34 33
35 102
36 118
39 120
40 55
41 42
42 41
45 124
46 113
46 124
47 121
48 101
55 40
56 58
57 103
58 56
60 62
62 60
64 16
64 26
64 32
65 18
66 76
67 85
68 73
70 72
72 70
73 68
76 66
78 79
79 78
80 114
81 82
82 81
83 84
84 83
85 67
87 93
91 99
92 139
93 87
95 97
96 98
97 95
97 98
98 96
98 97
99 91
100 145
101 48
102 35
103 57
104 29
106 28
107 31
108 134
109 110
110 109
113 46
114 80
117 136
117 137
118 36
120 39
121 47
124 45
124 46
134 108
134 157
136 117
137 117
139 92
141 143
143 141
145 100
157 134
158 159
159 158
