  0.500000   0.135987  -0.166917
  0.389652   0.127010  -0.035185
  0.034840   0.113120   0.027954
  0.033456   0.105770  -0.122957
  0.043766   0.104254  -0.272020
  0.086943   0.099295  -0.398928
  0.301374   0.119829   0.070200
 -0.128870   0.092118   0.031990
 -0.151820   0.098544  -0.119133
 -0.134203   0.098955  -0.273230
 -0.051209   0.085024  -0.400883
  0.278450   0.090219   0.263752
 -0.281173   0.080273   0.035664
 -0.330035   0.083845  -0.115386
 -0.298025   0.083117  -0.274248
 -0.160295   0.075110  -0.402432
  0.223271   0.064121   0.436514
 -0.408129   0.070037   0.038723
 -0.481873   0.060667  -0.112097
 -0.439233   0.064477  -0.275086
 -0.250496   0.071208  -0.403746
