  0.498636   0.122932  -0.169208
  0.367156   0.115274  -0.039956
  0.012396   0.103468   0.005484
  0.003037   0.091764  -0.133148
 -0.014192   0.099479  -0.266679
  0.038741   0.092558  -0.388293
  0.261972   0.109147   0.063445
 -0.138535   0.082608   0.010016
 -0.176730   0.084906  -0.131309
 -0.167744   0.084448  -0.264959
 -0.075094   0.074005  -0.392262
  0.246388   0.098993   0.253006
 -0.277074   0.063829   0.014169
 -0.344739   0.065214  -0.129321
 -0.304630   0.065920  -0.263317
 -0.167055   0.061870  -0.395512
  0.220942   0.097756   0.436386
 -0.396396   0.055668   0.017570
 -0.490915   0.048593  -0.127602
 -0.423845   0.052305  -0.261935
 -0.241086   0.061063  -0.398270
