1 2
2 1
12 13
13 12
15 18
16 28
17 19
18 15
19 17
22 23
23 22
24 36
25 147
28 16
29 31
31 29
32 106
34 104
35 126
36 24
37 39
38 40
39 37
40 38
41 44
44 41
45 47
45 48
46 142
47 45
47 48
48 45
48 47
49 50
50 49
51 53
53 51
55 56
56 55
73 75
74 82
75 73
77 78
78 77
78 80
79 114
80 78
82 74
83 84
83 86
83 143
84 83
84 86
85 87
86 83
86 84
86 143
87 85
87 93
88 151
89 90
90 89
90 91
90 152
91 90
91 152
91 160
92 154
92 155
93 87
95 155
96 150
101 102
101 105
102 101
102 107
104 34
105 101
106 32
107 102
108 109
108 113
109 108
110 111
110 115
111 110
113 108
114 79
115 110
115 116
115 123
116 115
116 117
117 116
123 115
124 125
125 124
126 35
127 128
128 127
130 131
131 130
132 133
133 132
134 135
135 134
138 139
139 138
140 141
141 140
142 46
143 83
143 86
143 158
143 159
144 158
147 25
150 96
151 88
152 90
152 91
152 153
152 160
153 152
153 160
154 92
155 92
155 95
156 157
157 156
158 143
158 144
158 159
159 143
159 158
160 91
160 152
160 153
