 -0.498636   0.122932  -0.168241
 -0.366526   0.114139  -0.036737
 -0.016965   0.098877   0.003934
 -0.004936   0.090692  -0.136406
  0.017995   0.088643  -0.268740
 -0.040709   0.089491  -0.388023
 -0.260838   0.107105   0.068467
  0.134603   0.083292   0.008573
  0.173657   0.086033  -0.131309
  0.169994   0.083694  -0.264852
  0.071367   0.075718  -0.391679
 -0.246263   0.098724   0.258485
  0.275489   0.063362   0.013013
  0.343270   0.066402  -0.126105
  0.303964   0.066649  -0.261108
  0.164384   0.060498  -0.394637
 -0.226217   0.097679   0.438209
  0.396537   0.055176   0.016616
  0.483061   0.045537  -0.121698
  0.414015   0.044550  -0.257809
  0.241111   0.061393  -0.397335
