0.021301 0.175083 0.009801 -0.232952 0.898390 0.372330
0.003962 0.101855 0.061066 -0.076209 -0.054990 0.995574
0.054209 0.105431 0.069339 -0.283968 -0.051618 0.957443
0.433703 0.192764 -0.084385 0.523360 0.800291 0.292625
0.325245 0.183331 0.058436 0.343285 0.885049 0.314395
0.374851 0.098442 0.062153 0.844505 -0.045719 0.533593
0.446956 0.076617 -0.062335 0.771720 -0.548774 0.321397
0.500000 0.178345 -0.216411 0.778467 0.568280 -0.266546
0.241468 0.221137 -0.093696 -0.019319 0.997240 0.071686
0.424720 0.189551 -0.243050 0.249579 0.932229 -0.262030
0.242594 0.216724 -0.250132 -0.070664 0.984696 -0.159315
0.009805 0.157333 -0.329120 -0.232626 0.886784 -0.399374
-0.017275 0.175372 -0.268866 -0.184633 0.981252 -0.055278
-0.048298 0.160948 -0.268631 -0.481444 0.874646 -0.056620
0.350342 0.159160 -0.337823 0.486037 0.548873 -0.680078
-0.163382 0.088754 -0.071596 0.036368 -0.373592 0.926880
-0.081564 0.095914 -0.069672 -0.326946 0.215862 0.920060
-0.172017 0.144153 -0.128877 -0.162283 0.981065 0.105711
-0.204264 0.082328 -0.069632 0.036328 -0.159013 0.986608
-0.210680 0.138329 -0.128215 -0.095793 0.994458 -0.043319
-0.311625 0.071900 -0.192402 -0.047746 0.384278 -0.921982
-0.325510 0.127892 -0.129347 -0.166480 0.985906 0.016538
-0.205376 0.084145 -0.187504 0.060397 -0.314179 -0.947441
-0.168030 0.090096 -0.186348 -0.107109 -0.118871 -0.987116
-0.091722 0.096262 -0.189722 -0.348516 0.453622 -0.820222
-0.062247 0.167638 -0.128211 -0.452079 0.891954 -0.006510
-0.010854 0.160943 -0.196041 -0.382292 0.919161 -0.094849
-0.016065 0.160448 -0.062109 -0.379474 0.900016 0.214408
-0.042538 0.095253 -0.042258 -0.975548 0.057503 -0.212133
-0.110598 0.145461 0.007273 -0.181403 0.956738 -0.227477
-0.011588 0.166952 0.009546 -0.346565 0.874147 0.340235
-0.149452 0.137678 0.008204 -0.143921 0.989538 0.010100
-0.234631 0.069966 -0.047367 -0.070243 0.345108 -0.935931
-0.247243 0.120428 0.007650 -0.203695 0.979031 0.002667
-0.233827 0.069819 0.067908 -0.052359 0.400055 0.914994
-0.100058 0.089596 0.061722 -0.048288 0.093477 0.994450
-0.074041 0.095351 -0.215999 -0.776861 0.262210 0.572479
-0.153351 0.136145 -0.266643 -0.182348 0.982913 0.025125
-0.145706 0.088440 -0.217346 -0.056459 -0.175509 0.982858
-0.186323 0.130689 -0.266104 -0.109360 0.993380 0.035152
-0.180735 0.082445 -0.215652 0.061944 -0.314370 0.947278
-0.272564 0.070529 -0.212218 -0.052829 0.378939 0.923913
-0.284882 0.120526 -0.266922 -0.176855 0.983822 0.028568
-0.349984 0.101263 -0.265898 -0.169067 0.985364 0.021790
-0.312648 0.068085 -0.212022 -0.054662 -0.020036 0.998304
-0.406735 0.095469 -0.265854 -0.407173 0.913212 0.015956
-0.401132 0.044722 -0.223890 -0.268798 -0.370288 0.889176
-0.434878 0.058225 -0.265835 -0.944459 -0.328613 0.003251
-0.401588 0.045197 -0.308186 -0.273934 -0.370072 -0.887698
-0.314309 0.070426 -0.320808 -0.065067 -0.017565 -0.997726
-0.273128 0.073590 -0.321126 -0.053358 0.386088 -0.920917
-0.181915 0.085203 -0.316997 0.060519 -0.309367 -0.949015
-0.077959 0.096918 -0.318741 -0.309153 0.224632 -0.924102
-0.149913 0.090703 -0.316003 -0.063284 -0.188801 -0.979974
-0.461150 0.040647 -0.177659 -0.274502 -0.372101 -0.886673
-0.500000 0.056100 -0.128509 -0.944547 -0.328372 0.001689
-0.467282 0.099411 -0.128441 -0.404805 0.914343 0.010422
-0.359564 0.068785 -0.192108 -0.063791 -0.017868 -0.997803
-0.401284 0.106146 -0.128318 -0.163651 0.986451 0.011530
-0.311252 0.069838 -0.065729 -0.050111 0.379643 0.923775
-0.357919 0.067272 -0.065582 -0.057605 -0.019999 0.998139
-0.460871 0.040348 -0.079634 -0.271950 -0.369785 0.888427
0.037356 0.000000 -0.160541 0.022257 -0.999744 0.003963
0.192460 0.031361 -0.175205 0.096442 -0.995290 -0.009865
0.196687 0.021825 0.041289 0.002926 -0.991615 0.129193
-0.002968 0.030993 0.011941 -0.253159 -0.925187 0.282736
-0.056805 0.017534 -0.147239 -0.442033 -0.891913 0.095383
0.115721 0.019998 -0.377471 0.048916 -0.979662 -0.194601
0.231031 0.020654 -0.372142 0.143361 -0.934564 -0.325635
0.339714 0.040294 -0.344856 0.214524 -0.968313 -0.127866
0.383388 0.036308 -0.180304 0.265556 -0.963989 -0.014320
0.314049 0.029872 0.043620 0.229423 -0.969299 0.088456
0.295060 0.043708 0.133216 0.412383 -0.888704 0.200361
0.220221 0.043468 0.233612 -0.384910 -0.921220 0.056557
0.286680 0.049218 0.235542 0.616820 -0.786206 0.037584
0.220926 0.036273 0.292567 -0.478837 -0.877726 0.017652
0.286308 0.045085 0.295716 0.643675 -0.764018 0.044265
0.229571 0.050252 0.392591 -0.136622 -0.925724 0.352662
0.280959 0.049390 0.385156 0.384221 -0.844540 0.372996
0.261001 0.098427 0.442563 0.312235 -0.322617 0.893548
0.303572 0.090047 0.406466 0.958371 -0.068386 0.277216
0.312727 0.111186 0.303372 0.937213 0.336259 0.092529
0.316483 0.108688 0.237045 0.971947 0.212537 0.100731
-0.030739 0.079991 -0.347550 -0.121158 0.191794 0.973928
-0.015286 0.084943 -0.342647 -0.885267 -0.195683 -0.421913
-0.039148 0.129699 -0.393056 -0.215607 0.976333 0.016946
-0.051256 0.076881 -0.346747 0.043979 -0.308720 0.950136
-0.060552 0.125203 -0.392679 -0.145581 0.978164 0.148330
-0.136645 0.068584 -0.346918 -0.082183 0.127011 0.988491
-0.168412 0.099764 -0.395382 -0.159547 0.986142 0.045491
-0.222327 0.094254 -0.396435 -0.406405 0.913592 0.013620
-0.218522 0.046245 -0.357214 -0.269659 -0.363421 0.891745
-0.094969 0.075828 -0.442382 -0.052765 0.402406 -0.913939
-0.107008 0.117651 -0.395039 -0.230475 0.971715 0.051495
0.069696 0.083748 -0.439791 -0.051413 -0.264221 -0.963091
-0.030352 0.085144 -0.440197 0.012070 -0.126978 -0.991832
0.047509 0.146284 -0.393291 -0.298455 0.807271 -0.509153
0.248580 0.173721 -0.371922 0.062922 0.847738 -0.526670
0.257239 0.086569 -0.421096 0.286131 0.075706 -0.955195
0.139147 0.083018 -0.437881 0.083686 -0.001964 -0.996490
0.374522 0.092084 -0.373322 0.534955 -0.173447 -0.826885
-0.376100 0.096874 0.012759 -0.403243 0.915070 0.006458
-0.405873 0.057461 0.012935 -0.944519 -0.328320 0.009443
-0.369938 0.043199 0.057133 -0.264493 -0.368428 0.891237
-0.276233 0.067859 0.069055 -0.046445 -0.016038 0.998792
-0.316042 0.103006 0.012401 -0.147590 0.989048 -0.000693
-0.278270 0.067820 -0.046084 -0.075661 -0.021990 -0.996891
-0.370820 0.043169 -0.032071 -0.283780 -0.374552 -0.882711
0.213359 0.142826 0.407343 -0.621208 0.756237 0.205441
0.265551 0.146979 0.407387 0.508349 0.777395 0.370458
0.265560 0.145872 0.337887 0.246976 0.965398 0.083725
0.216523 0.141640 0.338690 -0.431309 0.894651 0.116496
0.180333 0.099313 0.301677 -0.991806 0.117601 0.049914
0.188576 0.082279 0.402509 -0.914346 -0.333156 0.230168
0.220015 0.103956 0.444282 -0.356489 0.011658 0.934227
0.269890 0.159939 0.286758 0.268663 0.944996 0.186553
0.211532 0.152886 0.285499 -0.446263 0.883148 0.144564
0.208995 0.156873 0.238515 -0.725914 0.676587 0.123610
0.180652 0.097952 0.238333 -0.979092 -0.194423 0.059824
0.189017 0.190668 0.061982 -0.172943 0.930224 0.323690
0.274680 0.179594 0.136341 0.386926 0.895381 0.220414
0.197814 0.168853 0.143717 -0.524918 0.809632 0.262595
0.331064 0.111509 0.131639 0.936903 0.112505 0.330992
0.271599 0.162740 0.238054 0.301100 0.945969 0.120340
-0.097991 0.031949 0.010104 0.057135 -0.988328 0.141218
-0.132026 0.026816 0.010873 0.117330 -0.984029 -0.133869
-0.138168 0.083121 0.063784 0.062126 -0.282014 0.957397
-0.222538 0.018470 0.010922 0.118601 -0.992938 -0.002938
-0.263376 0.013680 0.011765 0.083730 -0.996488 0.000461
-0.347300 0.014018 0.012543 -0.293670 -0.955901 0.003217
-0.139618 0.083180 -0.043493 0.051918 -0.272983 -0.960617
-0.104711 0.089248 -0.042689 0.001054 -0.235926 -0.971770
-0.199116 0.022652 -0.128480 0.118901 -0.985829 0.118334
-0.161707 0.028275 -0.129048 -0.010125 -0.991044 -0.133149
-0.298582 0.013508 -0.129146 0.112686 -0.993487 -0.016882
-0.343456 0.008204 -0.128563 0.086106 -0.996249 -0.008548
-0.435647 0.008414 -0.128431 -0.292570 -0.956242 -0.002081
-0.040500 0.018842 -0.265590 -0.351321 -0.908548 -0.226085
-0.144114 0.035519 -0.266927 -0.025196 -0.999616 -0.011528
-0.176258 0.030494 -0.266383 0.112765 -0.993218 -0.028337
-0.261725 0.022163 -0.266809 0.121102 -0.992226 -0.028669
-0.300296 0.017441 -0.266222 0.090957 -0.995718 -0.016504
-0.379543 0.017314 -0.265913 -0.290026 -0.957011 -0.003826
-0.023534 0.034882 -0.393453 -0.060847 -0.983867 0.168237
-0.123812 0.024357 -0.395216 0.104464 -0.992839 0.057957
0.046569 0.025581 -0.363130 -0.185269 -0.924353 -0.333537
0.447123 0.080148 -0.285289 0.789794 -0.360708 -0.496101
-0.032061 0.181019 -0.126462 -0.196775 0.980319 -0.015962
0.068144 0.023950 0.015546 -0.132101 -0.865823 0.482598
0.216445 0.034716 0.137032 -0.407531 -0.891965 0.195746
0.081681 0.153606 -0.395363 -0.034455 0.773669 -0.632652
-0.096404 0.070411 -0.346585 -0.084489 0.217450 0.972408
-0.249055 0.058877 -0.396964 -0.945918 -0.323616 -0.022605
-0.216954 0.047171 -0.436049 -0.239039 -0.353736 -0.904285
-0.134720 0.073061 -0.444282 -0.031718 -0.000870 -0.999496
-0.052260 0.081916 -0.439624 0.039399 -0.104597 -0.993734
0.167060 0.097036 0.149741 -0.955536 -0.132149 0.263605
0.131389 0.098368 0.098672 -0.580203 -0.079071 0.810624
-0.084987 0.027114 -0.394506 0.131227 -0.975366 -0.177314
-0.042347 0.033653 -0.392811 0.122330 -0.970540 -0.207574
-0.197392 0.021350 -0.396141 -0.265464 -0.963978 -0.016597
0.498636 0.122932 -0.169208 0.892359 -0.430773 0.134649
