-0.383388 0.036308 -0.180304 -0.265580 -0.963983 -0.014323
-0.446956 0.076617 -0.062335 -0.771137 -0.549210 0.322051
-0.314049 0.029872 0.043620 -0.229366 -0.969289 0.088718
-0.374851 0.098437 0.062153 -0.844658 -0.044936 0.533417
-0.295555 0.044095 0.133216 -0.416877 -0.886479 0.200920
-0.331010 0.112190 0.131639 -0.936109 0.118723 0.331067
-0.287135 0.049537 0.235542 -0.623178 -0.781174 0.037630
-0.316449 0.109246 0.237045 -0.970184 0.220441 0.100740
-0.286793 0.045408 0.295716 -0.649814 -0.758800 0.044315
-0.312678 0.111720 0.303372 -0.934456 0.343850 0.092511
-0.303690 0.090507 0.406466 -0.958886 -0.060640 0.277236
-0.281405 0.049674 0.385156 -0.391051 -0.841392 0.373014
-0.261054 0.098549 0.442568 -0.314881 -0.320053 0.893541
-0.230012 0.050115 0.392595 0.129086 -0.926799 0.352676
-0.221480 0.036068 0.292567 0.471710 -0.881576 0.017710
-0.220721 0.043248 0.233612 0.377398 -0.924322 0.056562
-0.217018 0.034466 0.137032 0.402759 -0.894494 0.194078
-0.192460 0.031361 -0.175205 -0.096442 -0.995290 -0.009865
-0.339714 0.040294 -0.344856 -0.214526 -0.968313 -0.127864
-0.231031 0.020654 -0.372142 -0.143363 -0.934563 -0.325637
-0.115726 0.019998 -0.377471 -0.048916 -0.979662 -0.194599
-0.037356 0.000000 -0.160541 -0.022265 -0.999744 0.003962
-0.196687 0.021825 0.041289 -0.003310 -0.991584 0.129419
-0.046573 0.025581 -0.363130 0.185264 -0.924354 -0.333536
-0.068144 0.023950 0.015546 0.132101 -0.865823 0.482598
-0.188762 0.081808 0.402509 0.911629 -0.340529 0.230158
-0.180382 0.098779 0.301677 0.992725 0.109573 0.049907
-0.213051 0.142551 0.407343 0.627338 0.751160 0.205439
-0.220025 0.103741 0.444282 0.356628 0.008824 0.934205
-0.265208 0.147136 0.407387 -0.502011 0.781516 0.370428
-0.265227 0.146024 0.337887 -0.239082 0.967389 0.083650
-0.216225 0.141395 0.338690 0.438513 0.891152 0.116424
-0.211146 0.152592 0.285499 0.453352 0.879537 0.144520
-0.208579 0.156559 0.238515 0.731380 0.670675 0.123602
-0.180710 0.097403 0.238333 0.977489 -0.202315 0.059858
-0.167124 0.096384 0.149741 0.954542 -0.139881 0.263218
-0.197299 0.168446 0.143717 0.529721 0.806174 0.263589
-0.189017 0.190668 0.061982 0.173397 0.930182 0.323566
0.010854 0.160943 -0.196041 0.382300 0.919156 -0.094859
0.032061 0.181019 -0.126462 0.196775 0.980319 -0.015962
0.062247 0.167638 -0.128211 0.452079 0.891954 -0.006510
-0.242594 0.216724 -0.250132 0.070664 0.984696 -0.159315
-0.241468 0.221137 -0.093696 0.019319 0.997240 0.071686
-0.325245 0.183331 0.058436 -0.342853 0.885422 0.313814
-0.433703 0.192764 -0.084385 -0.522506 0.800837 0.292657
-0.274073 0.179814 0.136341 -0.381386 0.897719 0.220559
-0.271129 0.162936 0.238054 -0.293414 0.948381 0.120337
-0.269444 0.160115 0.286758 -0.260955 0.947166 0.186491
-0.500000 0.178345 -0.216411 -0.779798 0.566860 -0.265680
-0.424720 0.189551 -0.243050 -0.249580 0.932228 -0.262030
-0.447118 0.080148 -0.285289 -0.790115 -0.361678 -0.494882
-0.003962 0.101855 0.061066 0.076209 -0.054990 0.995574
0.100058 0.089596 0.061722 0.048288 0.093477 0.994450
0.097991 0.031949 0.010104 -0.057166 -0.988326 0.141221
0.138168 0.083121 0.063784 -0.062124 -0.282007 0.957399
0.276233 0.067859 0.069055 0.046445 -0.016038 0.998792
0.233827 0.069819 0.067908 0.052359 0.400055 0.914994
0.222538 0.018470 0.010922 -0.118577 -0.992941 -0.002921
0.263376 0.013680 0.011765 -0.083730 -0.996488 0.000461
0.369938 0.043199 0.057133 0.264493 -0.368428 0.891237
0.347300 0.014018 0.012543 0.293670 -0.955901 0.003217
0.405873 0.057461 0.012935 0.944519 -0.328320 0.009443
0.370820 0.043169 -0.032071 0.283780 -0.374552 -0.882711
0.278270 0.067820 -0.046084 0.075661 -0.021990 -0.996891
0.234631 0.069966 -0.047367 0.070243 0.345103 -0.935933
0.139618 0.083175 -0.043493 -0.051905 -0.272968 -0.960622
0.132031 0.026811 0.010873 -0.117347 -0.984032 -0.133832
0.104711 0.089248 -0.042689 -0.001067 -0.235932 -0.971769
0.042538 0.095253 -0.042258 0.975552 0.057502 -0.212111
0.002968 0.030993 0.011941 0.253149 -0.925188 0.282743
0.081564 0.095914 -0.069672 0.326944 0.215858 0.920061
0.163382 0.088754 -0.071596 -0.036357 -0.373587 0.926882
0.056805 0.017529 -0.147239 0.442031 -0.891914 0.095382
0.161707 0.028275 -0.129048 0.010155 -0.991044 -0.133148
0.199116 0.022652 -0.128480 -0.118901 -0.985829 0.118334
0.204264 0.082328 -0.069632 -0.036343 -0.159039 0.986603
0.298582 0.013508 -0.129146 -0.112686 -0.993487 -0.016882
0.311252 0.069838 -0.065729 0.050119 0.379627 0.923781
0.357919 0.067272 -0.065582 0.057605 -0.019999 0.998139
0.343456 0.008204 -0.128563 -0.086106 -0.996249 -0.008548
0.460871 0.040348 -0.079634 0.271950 -0.369785 0.888427
0.435647 0.008414 -0.128431 0.292570 -0.956242 -0.002081
0.500000 0.056100 -0.128509 0.944547 -0.328372 0.001689
0.461150 0.040647 -0.177659 0.274502 -0.372101 -0.886673
0.359564 0.068785 -0.192108 0.063791 -0.017868 -0.997803
0.311625 0.071900 -0.192402 0.047738 0.384295 -0.921975
0.205376 0.084145 -0.187504 -0.060394 -0.314155 -0.947449
0.168030 0.090096 -0.186348 0.107132 -0.118862 -0.987114
0.180735 0.082440 -0.215652 -0.061944 -0.314370 0.947278
0.145706 0.088440 -0.217346 0.056458 -0.175507 0.982858
0.144114 0.035519 -0.266927 0.025181 -0.999616 -0.011537
0.176258 0.030494 -0.266383 -0.112765 -0.993216 -0.028385
0.261725 0.022163 -0.266809 -0.121101 -0.992226 -0.028681
0.312648 0.068085 -0.212022 0.054656 -0.019996 0.998305
0.272564 0.070529 -0.212218 0.052828 0.378933 0.923915
0.300296 0.017441 -0.266217 -0.090948 -0.995719 -0.016471
0.401132 0.044722 -0.223890 0.268813 -0.370266 0.889181
0.379543 0.017314 -0.265913 0.289994 -0.957021 -0.003827
0.434878 0.058221 -0.265835 0.944459 -0.328613 0.003251
0.401588 0.045197 -0.308186 0.273923 -0.370099 -0.887690
0.314309 0.070421 -0.320808 0.065073 -0.017604 -0.997725
0.273128 0.073590 -0.321126 0.053358 0.386081 -0.920920
0.181915 0.085203 -0.316997 -0.060519 -0.309367 -0.949015
0.149913 0.090703 -0.316003 0.063284 -0.188801 -0.979974
0.040500 0.018842 -0.265590 0.351308 -0.908549 -0.226100
0.077959 0.096918 -0.318741 0.309153 0.224632 -0.924102
0.249055 0.058877 -0.396964 0.945918 -0.323616 -0.022605
0.218522 0.046240 -0.357214 0.269659 -0.363421 0.891745
0.197392 0.021350 -0.396141 0.265464 -0.963978 -0.016597
0.216954 0.047166 -0.436049 0.239033 -0.353728 -0.904289
0.123812 0.024357 -0.395216 -0.104486 -0.992836 0.057952
0.134715 0.073061 -0.444282 0.031716 -0.000855 -0.999497
0.030352 0.085144 -0.440197 -0.012061 -0.126989 -0.991831
-0.139147 0.083018 -0.437881 -0.083687 -0.001957 -0.996490
-0.257239 0.086569 -0.421096 -0.286131 0.075706 -0.955195
-0.374522 0.092084 -0.373322 -0.534963 -0.173451 -0.826880
0.011588 0.166952 0.009546 0.346565 0.874147 0.340235
0.110598 0.145461 0.007273 0.181403 0.956738 -0.227477
0.247243 0.120428 0.007650 0.203695 0.979031 0.002667
0.316042 0.103006 0.012401 0.147590 0.989048 -0.000693
0.376100 0.096874 0.012759 0.403243 0.915070 0.006458
0.149452 0.137678 0.008204 0.143921 0.989538 0.010079
-0.021301 0.175083 0.009801 0.232952 0.898390 0.372330
-0.054209 0.105431 0.069339 0.283968 -0.051618 0.957443
-0.009805 0.157333 -0.329120 0.232626 0.886784 -0.399374
-0.047509 0.146284 -0.393291 0.298474 0.807268 -0.509148
-0.081681 0.153606 -0.395363 0.034455 0.773669 -0.632652
-0.248580 0.173721 -0.371922 -0.062922 0.847738 -0.526670
-0.350342 0.159160 -0.337823 -0.486044 0.548867 -0.680078
-0.069696 0.083748 -0.439791 0.051413 -0.264223 -0.963090
0.039148 0.129695 -0.393056 0.215607 0.976333 0.016946
0.052260 0.081916 -0.439624 -0.039425 -0.104598 -0.993733
0.015286 0.084943 -0.342647 0.885255 -0.195709 -0.421925
0.406735 0.095469 -0.265854 0.407183 0.913208 0.015942
0.349984 0.101263 -0.265898 0.169082 0.985362 0.021754
0.284882 0.120526 -0.266922 0.176855 0.983822 0.028568
0.186323 0.130689 -0.266104 0.109359 0.993380 0.035176
0.153351 0.136145 -0.266643 0.182334 0.982915 0.025164
0.048298 0.160948 -0.268631 0.481460 0.874639 -0.056590
0.017275 0.175372 -0.268866 0.184633 0.981252 -0.055278
0.222327 0.094254 -0.396435 0.406415 0.913587 0.013603
0.168407 0.099764 -0.395382 0.159519 0.986146 0.045499
0.016065 0.160448 -0.062109 0.379474 0.900016 0.214408
0.210680 0.138329 -0.128211 0.095793 0.994458 -0.043319
0.325510 0.127892 -0.129347 0.166480 0.985906 0.016538
0.401284 0.106146 -0.128318 0.163651 0.986451 0.011530
0.467282 0.099411 -0.128441 0.404805 0.914343 0.010422
-0.131389 0.098368 0.098672 0.580129 -0.081020 0.810485
0.023534 0.034882 -0.393453 0.060844 -0.983868 0.168229
0.030739 0.079991 -0.347550 0.121112 0.191804 0.973932
0.051256 0.076881 -0.346747 -0.043979 -0.308720 0.950136
0.042347 0.033653 -0.392811 -0.122330 -0.970540 -0.207574
0.084987 0.027114 -0.394506 -0.131230 -0.975368 -0.177300
0.096404 0.070411 -0.346585 0.084493 0.217446 0.972409
0.136645 0.068584 -0.346918 0.082179 0.127024 0.988489
0.094969 0.075828 -0.442382 0.052770 0.402422 -0.913932
0.060552 0.125203 -0.392679 0.145583 0.978165 0.148321
0.107008 0.117646 -0.395039 0.230485 0.971713 0.051495
0.074036 0.095346 -0.215999 0.776872 0.262208 0.572465
0.172017 0.144153 -0.128877 0.162283 0.981065 0.105711
0.091722 0.096262 -0.189722 0.348515 0.453595 -0.820237
-0.498636 0.122932 -0.168241 -0.892359 -0.430777 0.134636
