8 9
9 8
10 11
10 12
11 10
11 13
12 10
12 28
13 11
13 25
14 15
15 14
25 13
25 28
26 32
27 28
27 29
28 12
28 25
28 27
28 29
29 27
29 28
30 31
31 30
31 32
32 26
32 31
32 33
33 32
39 40
40 39
46 47
47 46
51 123
52 54
53 66
54 52
55 56
56 55
59 60
60 59
60 62
61 62
61 120
62 60
62 61
63 64
64 63
65 67
66 53
67 65
68 70
70 68
71 75
73 74
74 73
75 71
76 79
77 78
78 77
79 76
82 146
86 87
87 86
88 89
89 88
90 91
91 90
92 95
93 94
94 93
95 92
96 97
96 98
97 96
97 98
97 99
98 96
98 97
98 99
98 133
99 97
99 98
99 133
100 101
101 100
102 103
103 102
106 107
106 109
106 140
107 106
107 108
107 140
108 107
108 109
109 106
109 108
110 152
111 155
112 131
112 148
116 122
117 121
119 120
120 61
120 119
121 117
122 116
123 51
125 126
126 125
130 156
131 112
131 155
132 149
132 150
133 98
133 99
136 137
137 136
138 139
139 138
140 106
140 107
140 141
141 140
141 154
143 159
146 82
148 112
148 151
149 132
149 150
150 132
150 149
150 156
151 148
152 110
152 153
153 152
153 154
154 141
154 153
155 111
155 131
156 130
156 150
158 160
159 143
160 158
