0 1
0 2
0 161
0 17
0 18
0 50
1 0
1 161
1 2
1 3
1 44
2 0
2 1
2 3
2 4
2 17
2 22
3 1
3 2
3 4
3 5
3 43
3 44
4 2
4 3
4 5
4 6
4 15
4 16
4 22
5 3
5 4
5 6
5 7
5 43
5 45
6 4
6 5
6 7
6 8
6 14
6 15
7 5
7 6
7 8
7 9
7 45
7 46
8 6
8 7
8 9
8 10
8 11
8 13
8 14
9 7
9 8
9 10
9 46
9 47
9 29
9 30
10 8
10 9
10 11
10 12
10 29
11 8
11 10
11 12
11 13
12 10
12 11
12 13
12 28
12 29
13 8
13 11
13 12
13 14
13 25
13 28
14 34
14 6
14 8
14 13
14 15
14 25
14 26
15 34
15 35
15 4
15 6
15 14
15 16
16 35
16 4
16 15
16 147
16 22
17 0
17 2
17 18
17 19
17 20
17 21
17 22
18 0
18 17
18 50
18 19
18 115
19 17
19 18
19 113
19 20
19 114
19 115
20 129
20 17
20 113
20 19
20 21
20 23
21 69
21 104
21 72
21 17
21 20
21 22
21 23
21 24
22 2
22 4
22 16
22 17
22 147
22 21
22 24
23 129
23 132
23 104
23 112
23 20
23 21
23 148
24 69
24 147
24 51
24 21
24 22
24 123
25 13
25 14
25 26
25 27
25 28
26 32
26 33
26 34
26 14
26 25
26 27
26 31
27 25
27 26
27 28
27 29
27 30
27 31
28 12
28 13
28 25
28 27
28 29
29 9
29 10
29 12
29 27
29 28
29 30
30 9
30 47
30 27
30 29
30 31
31 32
31 47
31 26
31 27
31 30
32 33
32 46
32 47
32 26
32 31
33 32
33 34
33 35
33 36
33 46
33 26
34 33
34 35
34 14
34 15
34 26
35 33
35 34
35 36
35 15
35 16
35 147
36 33
36 35
36 37
36 45
36 46
36 147
37 36
37 42
37 43
37 45
37 147
37 122
38 160
38 39
38 40
38 41
38 138
38 139
38 158
39 38
39 40
39 41
39 42
39 142
40 160
40 70
40 38
40 39
40 142
40 159
41 38
41 39
41 42
41 139
41 49
41 124
41 127
42 37
42 39
42 41
42 43
42 44
42 142
42 49
42 122
43 3
43 5
43 37
43 42
43 44
43 45
44 1
44 161
44 3
44 42
44 43
44 48
44 49
45 36
45 37
45 5
45 7
45 43
45 46
46 32
46 33
46 36
46 7
46 9
46 45
46 47
47 32
47 9
47 46
47 30
47 31
48 161
48 50
48 44
48 49
49 128
49 41
49 42
49 44
49 48
49 50
49 127
50 0
50 161
50 128
50 48
50 49
50 18
50 115
51 69
51 116
51 52
51 24
51 122
51 123
52 69
52 51
52 116
52 53
52 54
52 117
52 121
53 66
53 67
53 69
53 52
53 54
54 66
54 52
54 53
54 56
54 121
54 57
55 119
55 56
55 57
55 58
55 59
55 120
56 121
56 55
56 118
56 119
56 54
56 57
57 64
57 65
57 66
57 54
57 55
57 56
57 58
57 63
58 55
58 57
58 59
58 60
58 62
58 63
59 55
59 120
59 58
59 60
59 61
60 58
60 59
60 61
60 62
61 120
61 59
61 60
61 62
62 120
62 58
62 60
62 61
62 63
63 64
63 119
63 120
63 57
63 58
63 62
64 65
64 121
64 118
64 119
64 57
64 63
65 64
65 121
65 66
65 67
65 57
66 65
66 67
66 53
66 54
66 57
67 65
67 66
67 68
67 69
67 117
67 53
67 121
68 67
68 69
68 70
68 72
68 142
68 116
68 117
69 67
69 68
69 72
69 51
69 52
69 21
69 53
69 24
70 68
70 71
70 72
70 40
70 142
70 159
71 70
71 72
71 73
71 74
71 75
71 159
72 160
72 68
72 69
72 70
72 71
72 104
72 73
72 21
72 87
72 158
73 71
73 72
73 74
73 86
73 87
74 71
74 73
74 75
74 76
74 86
75 71
75 74
75 76
75 77
75 143
75 159
76 74
76 75
76 77
76 78
76 79
76 84
76 85
76 86
77 75
77 76
77 78
77 143
77 144
77 145
78 76
78 77
78 79
78 80
78 145
78 146
79 76
79 78
79 80
79 81
79 83
79 84
80 78
80 79
80 81
80 82
80 146
81 80
81 82
81 83
81 79
82 80
82 81
82 146
82 83
83 79
83 81
83 82
83 146
83 84
84 76
84 79
84 145
84 146
84 83
84 85
85 76
85 143
85 144
85 145
85 84
85 86
86 73
86 74
86 76
86 143
86 85
86 87
87 160
87 72
87 73
87 143
87 86
87 159
88 136
88 89
88 90
88 91
88 92
88 94
89 136
89 137
89 104
89 88
89 90
89 158
90 102
90 103
90 104
90 88
90 89
90 91
91 88
91 90
91 92
91 102
92 100
92 101
92 102
92 88
92 91
92 93
92 94
92 95
93 96
93 133
93 134
93 92
93 94
93 95
94 134
94 135
94 136
94 88
94 92
94 93
95 96
95 97
95 99
95 100
95 92
95 93
96 97
96 98
96 133
96 93
96 95
97 96
97 98
97 99
97 95
98 96
98 97
98 99
98 133
99 97
99 98
99 100
99 133
99 95
100 99
100 101
100 134
100 133
100 92
100 95
101 100
101 102
101 135
101 136
101 134
101 92
102 101
102 103
102 136
102 90
102 91
102 92
103 102
103 104
103 105
103 136
103 137
103 90
104 132
104 103
104 72
104 105
104 21
104 23
104 89
104 90
104 158
105 132
105 103
105 104
105 137
105 138
105 124
106 140
106 107
106 108
106 109
107 106
107 140
107 108
107 110
107 154
108 106
108 107
108 109
108 110
109 106
109 140
109 108
109 110
109 111
110 107
110 108
110 109
110 111
110 152
110 153
110 154
111 140
111 109
111 110
111 141
111 152
111 155
112 129
112 130
112 131
112 148
112 23
112 151
112 125
113 129
113 114
113 19
113 20
113 126
113 127
114 128
114 113
114 115
114 19
114 127
115 128
115 18
115 19
115 50
115 114
116 68
116 142
116 51
116 52
116 117
116 122
117 67
117 68
117 116
117 52
117 121
118 64
118 121
118 56
118 119
119 64
119 118
119 55
119 120
119 56
119 63
120 55
120 119
120 59
120 61
120 62
120 63
121 64
121 65
121 67
121 52
121 117
121 118
121 54
121 56
122 37
122 42
122 142
122 51
122 116
122 147
122 123
123 24
123 122
123 51
123 147
124 132
124 41
124 105
124 138
124 139
124 125
124 126
124 127
125 129
125 130
125 132
125 112
125 124
125 126
126 129
126 113
126 124
126 125
126 127
127 128
127 41
127 49
127 114
127 113
127 124
127 126
128 49
128 50
128 115
128 114
128 127
129 112
129 113
129 20
129 23
129 125
129 126
130 131
130 132
130 112
130 149
130 156
130 125
131 130
131 112
131 151
131 152
131 155
131 156
132 130
132 104
132 105
132 148
132 149
132 23
132 124
132 125
133 96
133 98
133 99
133 100
133 134
133 93
134 100
134 101
134 133
134 135
134 93
134 94
135 136
135 134
135 101
135 94
136 101
136 102
136 135
136 103
136 137
136 88
136 89
136 94
137 103
137 136
137 105
137 138
137 89
137 158
138 38
138 105
138 137
138 139
138 124
138 158
139 41
139 138
139 124
139 38
140 106
140 107
140 109
140 141
140 111
140 154
141 140
141 111
141 153
141 154
141 155
141 157
142 68
142 70
142 39
142 40
142 42
142 116
142 122
143 75
143 77
143 144
143 85
143 86
143 87
143 159
144 145
144 85
144 77
144 143
145 77
145 78
145 144
145 146
145 84
145 85
146 78
146 80
146 145
146 82
146 83
146 84
147 35
147 36
147 37
147 16
147 22
147 24
147 122
147 123
148 132
148 112
148 23
148 149
148 150
148 151
149 130
149 132
149 148
149 150
149 156
150 148
150 149
150 151
150 152
150 153
150 156
151 131
151 112
151 148
151 150
151 152
152 131
152 110
152 111
152 150
152 151
152 153
152 155
153 141
153 110
153 150
153 152
153 154
153 156
153 157
154 107
154 140
154 141
154 110
154 153
155 131
155 141
155 111
155 152
155 156
155 157
156 130
156 131
156 149
156 150
156 153
156 155
156 157
157 153
157 155
157 156
157 141
158 160
158 38
158 72
158 137
158 104
158 138
158 89
159 160
159 70
159 71
159 40
159 75
159 143
159 87
160 38
160 72
160 40
160 87
160 158
160 159
161 0
161 1
161 44
161 48
161 50
