0 1
0 2
0 8
0 119
0 27
0 157
0 30
1 0
1 65
1 2
1 35
1 148
1 30
2 0
2 1
2 148
2 157
3 161
3 4
3 5
3 6
3 7
3 8
3 9
4 3
4 5
4 8
4 119
4 120
4 122
5 3
5 4
5 6
5 71
5 72
5 122
6 161
6 3
6 5
6 70
6 71
7 161
7 146
7 3
7 9
8 0
8 3
8 4
8 9
8 10
8 147
8 119
8 27
9 97
9 3
9 7
9 8
9 10
9 14
9 146
10 97
10 8
10 9
10 11
10 12
10 147
10 26
11 96
11 97
11 10
11 12
11 13
11 52
11 84
11 150
12 26
12 10
12 11
12 13
13 36
13 37
13 11
13 12
13 52
13 26
14 97
14 98
14 100
14 9
14 146
15 66
15 132
15 133
15 16
15 17
15 18
16 66
16 15
16 17
16 25
16 27
16 28
17 15
17 16
17 18
17 19
17 23
17 24
17 25
18 132
18 134
18 15
18 17
18 19
18 59
19 17
19 18
19 20
19 21
19 22
19 23
19 59
20 134
20 19
20 21
20 22
20 57
20 58
21 59
21 58
21 19
21 20
22 132
22 133
22 134
22 19
22 20
22 23
23 66
23 133
23 17
23 19
23 22
23 24
24 66
24 36
24 17
24 23
24 25
24 26
25 16
25 17
25 147
25 24
25 26
25 27
26 36
26 10
26 12
26 13
26 147
26 24
26 25
27 0
27 8
27 16
27 147
27 25
27 28
27 30
28 65
28 66
28 131
28 16
28 27
28 29
28 30
29 35
29 131
29 28
29 30
29 31
30 0
30 1
30 35
30 27
30 28
30 29
31 32
31 33
31 34
31 131
31 130
31 35
31 29
31 126
32 33
32 130
32 105
32 106
32 31
32 127
33 32
33 105
33 34
33 31
34 33
34 104
34 105
34 31
34 126
34 127
35 65
35 1
35 126
35 124
35 29
35 30
35 31
36 66
36 37
36 38
36 137
36 13
36 24
36 26
37 36
37 38
37 39
37 13
37 52
37 53
38 36
38 37
38 39
38 40
38 137
38 138
39 37
39 38
39 40
39 41
39 42
39 50
39 51
39 53
40 38
40 39
40 41
40 138
40 139
40 140
41 39
41 40
41 42
41 43
41 44
41 140
42 41
42 50
42 43
42 39
43 41
43 42
43 44
43 45
43 49
43 50
44 41
44 43
44 140
44 45
44 46
44 141
45 43
45 44
45 46
45 47
45 48
45 49
46 44
46 45
46 142
46 141
46 47
47 48
47 142
47 45
47 46
48 141
48 45
48 142
48 47
48 49
49 43
49 140
49 45
49 141
49 48
49 50
50 39
50 42
50 43
50 140
50 49
50 51
51 39
51 138
51 139
51 140
51 50
51 53
52 37
52 137
52 11
52 13
52 84
52 53
53 37
53 39
53 137
53 138
53 51
53 52
54 135
54 136
54 55
54 56
54 57
55 56
55 136
55 61
55 54
56 54
56 55
56 57
56 58
56 60
56 61
57 134
57 135
57 20
57 54
57 56
57 58
58 20
58 21
58 56
58 57
58 59
58 60
59 134
59 18
59 19
59 21
59 58
59 60
60 134
60 135
60 56
60 58
60 59
60 61
61 135
61 136
61 55
61 56
61 60
62 64
62 65
62 66
62 67
62 137
62 145
62 148
62 63
63 64
63 67
63 68
63 69
63 70
63 71
63 62
64 71
64 72
64 148
64 149
64 157
64 62
64 63
65 1
65 66
65 35
65 131
65 28
65 148
65 124
65 62
66 65
66 36
66 133
66 137
66 15
66 16
66 23
66 24
66 28
66 62
67 99
67 68
67 145
67 94
67 62
67 63
68 98
68 99
68 67
68 69
68 100
68 63
69 100
69 68
69 70
69 146
69 63
70 161
70 69
70 6
70 71
70 146
70 63
71 64
71 5
71 70
71 6
71 72
71 63
72 64
72 5
72 71
72 73
72 74
72 149
72 122
73 72
73 74
73 75
73 149
73 118
73 156
74 72
74 73
74 75
74 76
74 82
74 122
75 73
75 74
75 76
75 77
75 112
75 113
75 118
76 74
76 75
76 77
76 78
76 80
76 81
76 82
77 75
77 76
77 78
77 79
77 113
77 114
78 80
78 76
78 77
78 79
79 109
79 77
79 78
79 80
79 114
80 76
80 109
80 78
80 79
80 81
81 76
81 109
81 110
81 80
81 82
81 115
81 123
82 74
82 76
82 81
82 120
82 122
82 123
83 143
83 84
83 85
83 86
83 87
84 96
84 137
84 11
84 143
84 145
84 83
84 52
84 85
85 96
85 83
85 84
85 87
85 155
85 95
86 143
86 83
86 87
86 151
86 158
86 159
87 83
87 85
87 86
87 151
87 155
87 92
87 93
88 144
88 151
88 89
88 90
88 91
89 154
89 151
89 88
89 90
89 92
89 93
90 153
90 88
90 89
90 154
90 91
90 152
91 160
91 144
91 88
91 90
91 152
92 87
92 89
92 154
92 155
92 93
92 158
93 89
93 92
93 87
93 151
94 96
94 99
94 67
94 145
94 150
94 95
95 96
95 143
95 145
95 85
95 155
95 94
95 159
96 11
96 84
96 85
96 150
96 94
96 95
97 98
97 99
97 9
97 10
97 11
97 14
97 150
98 97
98 99
98 100
98 68
98 14
99 97
99 98
99 67
99 68
99 150
99 94
100 98
100 68
100 69
100 14
100 146
101 102
101 103
101 104
101 105
101 106
101 107
102 129
102 107
102 101
102 103
103 128
103 129
103 101
103 102
103 104
104 128
104 34
104 101
104 103
104 105
104 127
105 32
105 33
105 34
105 101
105 104
105 106
106 32
106 128
106 101
106 105
106 107
106 127
107 128
107 129
107 101
107 102
107 106
108 109
108 110
108 111
108 112
108 113
108 114
109 108
109 110
109 79
109 80
109 81
109 114
110 108
110 109
110 111
110 81
110 115
111 108
111 110
111 112
111 115
111 116
112 75
112 108
112 111
112 113
112 116
112 117
112 118
113 75
113 108
113 77
113 112
113 114
114 108
114 77
114 109
114 79
114 113
115 110
115 111
115 81
115 116
115 123
116 111
116 112
116 115
116 117
116 123
117 112
117 116
117 118
117 121
117 123
117 156
118 73
118 75
118 112
118 117
118 156
119 0
119 4
119 8
119 120
119 121
119 157
120 4
120 82
120 119
120 121
120 122
120 123
121 117
121 119
121 120
121 123
121 156
121 157
122 4
122 5
122 72
122 74
122 82
122 120
123 81
123 82
123 115
123 116
123 117
123 120
123 121
124 65
124 35
124 131
124 125
124 126
125 130
125 131
125 124
125 126
125 127
126 34
126 35
126 127
126 124
126 125
126 31
127 32
127 128
127 34
127 130
127 104
127 106
127 125
127 126
128 129
128 103
128 104
128 106
128 107
128 127
129 128
129 107
129 102
129 103
130 32
130 131
130 127
130 125
130 31
131 65
131 130
131 28
131 29
131 124
131 125
131 31
132 133
132 134
132 15
132 18
132 22
133 66
133 132
133 15
133 22
133 23
134 132
134 135
134 18
134 20
134 22
134 57
134 59
134 60
135 134
135 136
135 54
135 57
135 60
135 61
136 55
136 61
136 54
136 135
137 66
137 36
137 38
137 138
137 145
137 52
137 53
137 84
137 62
138 38
138 40
138 137
138 139
138 51
138 53
139 40
139 138
139 51
139 140
140 40
140 41
140 139
140 44
140 141
140 49
140 50
140 51
141 140
141 44
141 46
141 142
141 48
141 49
142 48
142 141
142 46
142 47
143 145
143 83
143 84
143 86
143 95
143 159
144 160
144 151
144 88
144 153
144 154
144 91
144 158
145 67
145 137
145 143
145 84
145 94
145 62
145 95
146 161
146 100
146 69
146 70
146 7
146 9
146 14
147 8
147 10
147 25
147 26
147 27
148 64
148 65
148 1
148 2
148 157
148 62
149 64
149 72
149 73
149 156
149 157
150 96
150 97
150 99
150 11
150 94
151 144
151 86
151 87
151 88
151 89
151 93
151 158
152 160
152 153
152 90
152 91
153 160
153 154
153 144
153 152
153 90
154 153
154 144
154 89
154 90
154 92
154 158
155 159
155 85
155 87
155 92
155 158
155 95
156 73
156 117
156 118
156 149
156 121
156 157
157 0
157 64
157 2
157 148
157 149
157 119
157 121
157 156
158 144
158 86
158 151
158 154
158 155
158 92
158 159
159 143
159 86
159 155
159 158
159 95
160 144
160 153
160 91
160 152
161 3
161 70
161 6
161 7
161 146
