  0.468075   0.669305  -0.104494
  0.390674   0.530592   0.071027
 -0.003563   0.461316   0.189303
 -0.091719   0.462514   0.037892
 -0.111989   0.487768  -0.129290
 -0.085656   0.490015  -0.324274
  0.328754   0.419622   0.211443
 -0.156746   0.330065   0.253413
 -0.268524   0.341561   0.063774
 -0.265428   0.377542  -0.119779
 -0.239748   0.368571  -0.318392
  0.270148   0.245914   0.336445
 -0.252328   0.156200   0.300313
 -0.368069   0.166675   0.068330
 -0.378547   0.220113  -0.123759
 -0.333148   0.250174  -0.321316
  0.144990   0.125328   0.377735
 -0.327889   0.031274   0.336420
 -0.404245   0.040005   0.063347
 -0.491895   0.127991  -0.118232
 -0.411132   0.202359  -0.315788
