0.218865 0.528161 -0.426193 0.515743 -0.390026 -0.762817
0.468071 0.669309 -0.104491 0.947946 -0.038058 -0.316147
0.251153 0.408374 -0.156745 0.367874 -0.881164 -0.297017
0.386812 0.317500 0.173419 0.433570 -0.773210 -0.462778
0.183553 0.389293 0.149945 -0.057672 -0.989856 0.129841
-0.045913 0.386504 -0.043324 -0.006840 -0.997648 -0.068203
0.023717 0.366671 0.158324 0.385912 -0.918961 0.081133
-0.036532 0.400471 -0.307082 0.190398 -0.940609 -0.281074
0.205941 0.433494 0.250643 -0.952118 -0.160193 0.260402
0.171765 0.529815 0.248129 -0.078714 0.137482 0.987372
0.301026 0.205448 0.271177 -0.119095 -0.514380 -0.849252
0.168482 0.291160 0.327976 -0.969482 0.226608 -0.093557
0.206701 0.080081 0.329997 -0.329973 -0.564783 -0.756398
0.135752 0.115042 0.376905 -0.976356 -0.175577 0.126101
-0.041243 0.499290 -0.432717 -0.009483 -0.054002 -0.998496
-0.253400 0.338343 -0.428432 0.038588 -0.121485 -0.991843
-0.201906 0.274251 -0.331167 0.632131 -0.707656 0.315647
-0.085611 0.390371 -0.131508 0.236452 -0.971168 -0.030398
-0.329905 0.318979 -0.040375 0.067763 -0.146271 0.986921
-0.270492 0.263233 -0.133463 0.771793 -0.634536 -0.041223
-0.453895 0.105744 -0.046172 -0.043558 -0.182172 0.982301
-0.371308 0.072136 -0.135133 0.503900 -0.862027 -0.054721
-0.157112 0.491295 -0.036799 -0.964518 -0.008497 -0.263880
-0.455398 0.113881 -0.188198 -0.140145 -0.125785 -0.982109
-0.327190 0.331133 -0.209759 0.031432 -0.150313 -0.988139
-0.062721 0.363940 0.037459 0.065947 -0.963523 -0.259372
-0.446468 0.053883 0.018354 -0.355192 -0.065659 -0.932484
-0.248613 0.255104 0.052404 0.731482 -0.592342 -0.337734
-0.333055 0.013951 0.055345 0.569796 -0.787676 -0.234304
-0.338101 0.313106 -0.005246 -0.334984 0.108192 -0.935991
0.034677 0.458991 0.291603 0.266015 -0.145360 0.952946
-0.159493 0.270342 0.367807 0.376792 -0.029612 0.925825
-0.147255 0.208155 0.244244 0.625105 -0.590670 -0.510247
-0.251888 0.024076 0.399427 0.354205 -0.178595 0.917956
-0.228413 0.000000 0.295746 0.362131 -0.652355 -0.665803
-0.435215 0.218472 -0.347382 -0.930930 -0.214637 -0.295467
-0.312872 0.139569 -0.318210 0.359315 -0.788984 0.498394
-0.411273 0.197437 -0.249432 -0.631837 0.020326 0.774834
-0.359737 0.185182 -0.402902 -0.013305 -0.344418 -0.938722
-0.143938 0.588075 -0.354082 -0.607674 0.626149 -0.488539
-0.100648 0.633229 -0.346538 -0.641104 0.630136 -0.438080
0.064008 0.709943 -0.365944 -0.376501 0.810974 -0.447848
0.250760 0.780383 -0.361993 0.190820 0.843559 -0.501991
-0.148909 0.492766 -0.218522 -0.995651 0.067087 0.064641
-0.186535 0.576230 -0.140931 -0.665037 0.746213 -0.029876
0.049539 0.729708 0.019373 -0.412654 0.898233 0.151305
-0.168591 0.563857 0.060056 -0.729257 0.612948 0.304104
-0.099403 0.533600 0.233718 -0.535515 0.622120 0.571131
0.089128 0.667346 0.231128 -0.172481 0.673310 0.718960
0.380714 0.694630 0.207629 0.394147 0.724482 0.565486
0.322370 0.845569 -0.037100 0.173197 0.978963 0.107864
0.360272 0.514904 0.335478 -0.010247 0.396505 0.917976
0.500000 0.376379 0.292204 0.961459 0.042267 0.271681
0.301602 0.301101 0.404406 -0.030872 0.313868 0.948965
0.402459 0.214421 0.356864 0.817552 -0.555570 0.151494
0.272313 0.081752 0.407956 0.594920 -0.740611 0.312355
0.378985 0.177413 0.365944 0.734505 -0.594564 0.327103
0.278228 0.255204 0.412810 0.057069 0.142938 0.988085
0.211037 0.129745 0.432717 -0.415391 -0.018297 0.909459
-0.271962 0.338259 0.306331 -0.749649 0.657308 0.077279
-0.304651 0.278387 0.321944 -0.619452 0.304242 0.723682
-0.360464 0.047200 0.354566 -0.952734 -0.119259 0.279420
-0.279055 0.246734 0.226049 -0.477344 -0.014130 -0.878603
-0.341902 0.017802 0.265547 -0.479778 -0.328312 -0.813649
-0.095252 0.434430 0.139193 -0.940077 -0.327001 0.096570
-0.388776 0.048444 0.176936 0.240874 -0.228879 0.943183
-0.292112 0.301268 0.165692 0.179584 -0.040988 0.982888
-0.391240 0.312112 0.097683 -0.876257 0.387330 0.286615
-0.482498 0.067876 0.113046 -0.918004 -0.225471 0.326237
-0.500000 0.128342 -0.121942 -0.995816 -0.091229 0.005317
-0.395659 0.338268 -0.129645 -0.878448 0.477199 0.024713
-0.305119 0.348710 -0.244712 -0.085671 0.014579 0.996217
-0.350974 0.355394 -0.354942 -0.817263 0.503577 -0.280163
-0.307208 0.415985 -0.355393 -0.737038 0.675851 -0.000094
-0.356371 0.391282 -0.132828 -0.731686 0.681607 0.006942
-0.342461 0.381800 0.089989 -0.645227 0.694010 0.319424
