0 1
0 2
0 7
0 11
0 44
0 45
1 0
1 2
1 3
1 4
1 5
1 7
2 0
2 1
2 3
2 45
2 52
2 53
2 55
3 1
3 2
3 4
3 71
3 10
3 55
3 57
4 1
4 3
4 5
4 6
4 8
4 9
4 10
5 1
5 4
5 6
5 7
5 14
5 21
5 23
6 32
6 66
6 4
6 5
6 8
6 23
6 31
7 0
7 1
7 5
7 11
7 12
7 13
7 14
7 15
8 4
8 6
8 9
8 50
8 51
8 31
9 4
9 8
9 10
9 51
9 52
9 54
10 3
10 4
10 71
10 9
10 54
10 56
10 62
11 0
11 7
11 41
11 43
11 12
11 44
12 38
12 7
12 40
12 41
12 42
12 11
12 13
13 37
13 38
13 7
13 12
13 46
13 15
14 5
14 7
14 15
14 16
14 17
14 18
14 21
15 7
15 41
15 42
15 43
15 73
15 13
15 46
15 14
15 16
15 47
16 70
16 73
16 14
16 15
16 17
16 22
17 14
17 16
17 18
17 19
17 20
17 22
18 70
18 73
18 14
18 17
18 19
18 21
19 69
19 70
19 17
19 18
19 20
20 17
20 19
20 69
20 22
21 5
21 73
21 75
21 14
21 47
21 49
21 18
21 23
21 26
21 29
22 69
22 70
22 16
22 17
22 20
23 66
23 5
23 6
23 21
23 26
24 67
24 68
24 25
24 26
24 27
25 66
25 67
25 75
25 24
25 26
26 66
26 21
26 23
26 24
26 25
26 27
26 28
26 29
27 24
27 26
27 28
27 68
28 67
28 68
28 26
28 27
28 29
29 67
29 75
29 21
29 26
29 28
30 32
30 33
30 64
30 65
30 31
31 32
31 64
31 6
31 8
31 74
31 50
31 30
32 33
32 34
32 66
32 6
32 30
32 31
33 32
33 65
33 34
33 35
33 30
34 32
34 33
34 66
34 35
34 64
34 65
34 74
35 65
35 33
35 34
36 40
36 37
36 38
36 39
37 36
37 38
37 39
37 13
37 46
38 36
38 37
38 40
38 12
38 13
39 40
39 36
39 37
39 46
40 36
40 38
40 39
40 42
40 12
40 46
41 42
41 43
41 11
41 12
41 15
42 40
42 41
42 12
42 46
42 15
43 41
43 11
43 44
43 15
43 47
44 0
44 11
44 43
44 45
44 47
44 48
45 0
45 2
45 44
45 48
45 53
46 37
46 39
46 40
46 42
46 13
46 15
47 73
47 43
47 44
47 15
47 48
47 49
47 21
48 44
48 45
48 47
48 49
48 50
48 51
48 52
48 53
49 66
49 75
49 47
49 48
49 50
49 21
50 66
50 8
50 74
50 48
50 49
50 51
50 31
51 8
51 9
51 48
51 50
51 52
52 2
52 9
52 48
52 51
52 53
52 54
52 55
53 48
53 2
53 52
53 45
54 9
54 10
54 52
54 55
54 56
55 2
55 3
55 52
55 54
55 56
55 57
56 10
56 54
56 55
56 57
56 59
56 62
57 3
57 71
57 55
57 56
57 59
57 60
58 71
58 72
58 59
58 60
58 61
59 56
59 57
59 58
59 60
59 61
59 62
60 57
60 58
60 59
60 71
61 72
61 58
61 59
61 62
61 63
62 71
62 72
62 10
62 56
62 59
62 61
62 63
63 72
63 61
63 62
64 65
64 34
64 74
64 30
64 31
65 64
65 33
65 34
65 35
65 30
66 32
66 34
66 6
66 74
66 75
66 49
66 50
66 23
66 25
66 26
67 68
67 75
67 24
67 25
67 28
67 29
68 24
68 27
68 67
68 28
69 70
69 19
69 20
69 22
70 69
70 73
70 16
70 18
70 19
70 22
71 3
71 72
71 10
71 57
71 58
71 60
71 62
72 71
72 58
72 61
72 62
72 63
73 70
73 47
73 16
73 15
73 18
73 21
74 64
74 34
74 66
74 50
74 31
75 66
75 67
75 49
75 21
75 25
75 29
