-0.218865 0.528153 -0.426189 -0.520401 -0.388731 -0.760310
-0.251153 0.408366 -0.156741 -0.370677 -0.879905 -0.297265
-0.468071 0.669309 -0.098881 -0.947945 -0.038064 -0.316152
-0.386812 0.317491 0.173424 -0.435594 -0.771163 -0.464291
-0.183553 0.389285 0.149949 0.057667 -0.989856 0.129848
0.045913 0.386495 -0.043328 0.006837 -0.997649 -0.068193
-0.023717 0.366663 0.158328 -0.385901 -0.918966 0.081125
0.036532 0.400463 -0.307078 -0.190410 -0.940609 -0.281066
-0.034677 0.458982 0.291607 -0.266037 -0.145366 0.952939
-0.171765 0.529807 0.248133 0.078720 0.137525 0.987365
-0.205941 0.433494 0.250647 0.952118 -0.160191 0.260405
0.041243 0.499281 -0.432722 0.009485 -0.053999 -0.998496
0.253392 0.338326 -0.428428 -0.038577 -0.121493 -0.991842
0.201906 0.274243 -0.331163 -0.632116 -0.707654 0.315682
0.085611 0.390355 -0.131504 -0.236474 -0.971162 -0.030394
0.148909 0.492757 -0.218518 0.995658 0.067091 0.064522
0.327190 0.331125 -0.209755 -0.031420 -0.150309 -0.988140
0.270492 0.263216 -0.133458 -0.771788 -0.634542 -0.041226
0.329905 0.318970 -0.040370 -0.067750 -0.146269 0.986922
0.453895 0.105736 -0.046168 0.043569 -0.182171 0.982301
0.371308 0.072128 -0.135129 -0.503878 -0.862040 -0.054722
0.157121 0.491287 -0.036795 0.964543 -0.008482 -0.263790
0.455398 0.113872 -0.188193 0.140153 -0.125784 -0.982108
0.062721 0.363940 0.037463 -0.065906 -0.963520 -0.259396
0.388767 0.048436 0.176941 -0.240858 -0.228901 0.943182
0.292112 0.301260 0.165713 -0.179606 -0.040970 0.982885
0.248613 0.255096 0.052408 -0.731479 -0.592330 -0.337763
0.333046 0.013951 0.055349 -0.569781 -0.787673 -0.234353
0.446468 0.053874 0.018374 0.355188 -0.065664 -0.932486
0.338101 0.313106 -0.005242 0.334994 0.108150 -0.935993
0.251888 0.024059 0.399431 -0.354199 -0.178626 0.917952
0.159493 0.270334 0.367811 -0.376782 -0.029611 0.925829
0.147255 0.208155 0.244248 -0.625105 -0.590685 -0.510230
0.228413 0.000000 0.295742 -0.362128 -0.652326 -0.665834
0.279055 0.246725 0.226053 0.477357 -0.014136 -0.878595
0.341902 0.017802 0.265551 0.479744 -0.328296 -0.813675
0.435215 0.218455 -0.347378 0.930930 -0.214637 -0.295467
0.312872 0.139561 -0.318206 -0.359334 -0.788975 0.498395
0.359737 0.185174 -0.402898 0.013302 -0.344422 -0.938721
0.411273 0.197429 -0.249428 0.631838 0.020326 0.774834
0.350974 0.355385 -0.354938 0.817251 0.503580 -0.280193
0.143938 0.588068 -0.354078 0.607706 0.626118 -0.488539
0.307208 0.415968 -0.355389 0.737039 0.675850 -0.000134
0.100648 0.633229 -0.346534 0.641118 0.630117 -0.438087
-0.064008 0.709943 -0.365940 0.376493 0.810972 -0.447859
-0.250760 0.780383 -0.361989 -0.197330 0.841901 -0.502259
0.305119 0.348702 -0.244708 0.085660 0.014579 0.996218
0.186535 0.576230 -0.140927 0.665039 0.746210 -0.029876
-0.049539 0.729708 0.019377 0.412653 0.898228 0.151341
0.168591 0.563849 0.060061 0.729260 0.612937 0.304120
0.099403 0.533600 0.233722 0.535496 0.622126 0.571142
-0.089128 0.667304 0.231133 0.172456 0.673305 0.718971
-0.380714 0.694630 0.207616 -0.388824 0.725227 0.568209
-0.322370 0.845569 -0.037096 -0.171875 0.979159 0.108198
-0.360272 0.514904 0.335482 0.010237 0.396527 0.917966
-0.500000 0.376379 0.292208 -0.960813 0.042483 0.273924
-0.301594 0.301084 0.404410 0.030874 0.313858 0.948968
-0.402459 0.214412 0.356868 -0.817560 -0.555555 0.151507
-0.272313 0.081752 0.407960 -0.594911 -0.740606 0.312384
-0.278220 0.255196 0.412814 -0.057079 0.142944 0.988083
-0.378985 0.177404 0.365949 -0.734484 -0.594566 0.327145
-0.211037 0.129745 0.432722 0.415397 -0.018311 0.909456
-0.168482 0.291152 0.327980 0.969481 0.226588 -0.093621
-0.135752 0.115034 0.376909 0.976354 -0.175576 0.126115
0.304651 0.278378 0.321948 0.619467 0.304227 0.723675
0.360464 0.047183 0.354562 0.952738 -0.119274 0.279400
0.095252 0.434422 0.139181 0.940083 -0.326977 0.096594
0.391240 0.312103 0.097687 0.876267 0.387293 0.286638
0.482498 0.067867 0.113050 0.917971 -0.225507 0.326307
0.500000 0.128333 -0.121938 0.995816 -0.091229 0.005317
0.395659 0.338259 -0.129641 0.878459 0.477179 0.024712
-0.301026 0.205440 0.271181 0.119107 -0.514378 -0.849252
-0.206701 0.080073 0.330001 0.329964 -0.564802 -0.756388
0.356379 0.391282 -0.132823 0.731697 0.681594 0.006920
0.271962 0.338251 0.306335 0.749667 0.657290 0.077266
0.342470 0.381792 0.089993 0.645190 0.694028 0.319461
