0 1
0 2
0 7
0 41
0 42
0 14
1 0
1 2
1 3
1 42
1 49
1 50
1 52
2 0
2 1
2 3
2 4
2 5
2 7
3 1
3 2
3 4
3 8
3 10
3 52
3 54
4 2
4 3
4 5
4 6
4 8
4 9
4 30
5 2
5 4
5 6
5 7
5 17
5 22
5 25
6 32
6 64
6 4
6 5
6 25
6 30
6 31
7 0
7 2
7 5
7 43
7 14
7 15
7 16
7 17
8 3
8 4
8 9
8 10
8 11
8 51
8 53
9 4
9 8
9 48
9 49
9 51
9 30
10 3
10 8
10 11
10 12
10 54
10 55
10 56
11 8
11 10
11 12
11 13
11 53
11 57
11 58
12 10
12 11
12 13
12 55
12 58
13 58
13 11
13 12
14 0
14 39
14 40
14 7
14 41
14 15
15 38
15 7
15 72
15 73
15 39
15 14
15 16
16 36
16 38
16 71
16 7
16 43
16 15
17 5
17 7
17 43
17 18
17 19
17 22
17 24
18 70
18 74
18 17
18 19
18 20
18 22
19 17
19 18
19 20
19 21
19 23
19 24
20 69
20 70
20 18
20 19
20 21
21 19
21 20
21 69
21 23
22 5
22 74
22 75
22 44
22 46
22 17
22 18
22 25
22 27
22 29
23 69
23 70
23 19
23 21
23 24
24 70
24 74
24 43
24 17
24 19
24 23
25 64
25 5
25 6
25 22
25 27
26 67
26 68
26 27
26 28
26 29
27 64
27 65
27 66
27 22
27 25
27 26
27 28
27 29
28 65
28 26
28 27
28 68
29 67
29 75
29 22
29 26
29 27
30 4
30 6
30 9
30 47
30 48
30 31
31 32
31 33
31 6
31 47
31 59
31 60
31 30
32 64
32 33
32 34
32 6
32 62
32 31
33 32
33 34
33 60
33 61
33 31
34 32
34 33
34 61
34 62
34 63
35 72
35 36
35 37
35 38
36 35
36 37
36 38
36 71
36 16
37 72
37 35
37 36
37 71
38 35
38 36
38 72
38 15
38 16
39 40
39 73
39 43
39 14
39 15
40 39
40 41
40 43
40 44
40 14
41 0
41 40
41 42
41 44
41 45
41 14
42 0
42 1
42 41
42 45
42 50
43 7
43 40
43 39
43 71
43 73
43 44
43 74
43 16
43 17
43 24
44 40
44 41
44 74
44 43
44 45
44 46
44 22
45 41
45 42
45 44
45 46
45 47
45 48
45 49
45 50
46 64
46 75
46 44
46 45
46 47
46 22
47 64
47 45
47 46
47 48
47 59
47 30
47 31
48 9
48 45
48 47
48 49
48 30
49 1
49 9
49 45
49 48
49 50
49 51
49 52
50 49
50 42
50 45
50 1
51 8
51 9
51 49
51 52
51 53
52 1
52 3
52 49
52 51
52 53
52 54
53 8
53 11
53 51
53 52
53 54
53 57
54 3
54 10
54 52
54 53
54 56
54 57
55 10
55 12
55 56
55 57
55 58
56 57
56 10
56 54
56 55
57 11
57 53
57 54
57 55
57 56
57 58
58 11
58 12
58 13
58 55
58 57
59 64
59 47
59 60
59 62
59 31
60 33
60 59
60 61
60 62
60 31
61 33
61 34
61 60
61 62
61 63
62 64
62 32
62 34
62 59
62 60
62 61
62 63
63 34
63 61
63 62
64 32
64 66
64 6
64 59
64 75
64 46
64 47
64 25
64 27
64 62
65 66
65 67
65 68
65 27
65 28
66 64
66 65
66 67
66 75
66 27
67 65
67 66
67 68
67 75
67 26
67 29
68 65
68 26
68 67
68 28
69 20
69 21
69 70
69 23
70 69
70 74
70 18
70 20
70 23
70 24
71 36
71 37
71 72
71 73
71 43
71 16
72 35
72 37
72 38
72 71
72 73
72 15
73 39
73 72
73 71
73 43
73 15
74 70
74 43
74 44
74 18
74 22
74 24
75 64
75 66
75 67
75 46
75 22
75 29
