 -0.468075   0.669306  -0.098885
 -0.397790   0.518062   0.083275
  0.004448   0.441991   0.193145
  0.081704   0.439975   0.032776
  0.108015   0.444210  -0.132878
  0.066852   0.527506  -0.305063
 -0.341563   0.397067   0.229003
  0.161867   0.322652   0.251116
  0.263413   0.358267   0.062442
  0.284937   0.367423  -0.115800
  0.204183   0.404667  -0.311012
 -0.270413   0.234493   0.338574
  0.254378   0.149955   0.291730
  0.361438   0.175685   0.066997
  0.380698   0.212670  -0.121786
  0.315967   0.269382  -0.321231
 -0.176123   0.111768   0.393483
  0.340794   0.039485   0.326422
  0.443891   0.052199   0.073283
  0.489149   0.122660  -0.116969
  0.419247   0.210647  -0.318629
