 -0.499464   0.256553  -0.069357
 -0.354819   0.187880   0.059876
  0.084733   0.283433   0.089731
  0.089486   0.282436  -0.012205
  0.087784   0.277117  -0.125693
  0.061886   0.274656  -0.225676
 -0.239104   0.132941   0.163263
  0.221059   0.280478   0.092013
  0.213445   0.284258  -0.012086
  0.218651   0.282365  -0.123000
  0.211062   0.283276  -0.227136
 -0.037526   0.072881   0.240351
  0.347059   0.281442   0.094101
  0.342449   0.280654  -0.011924
  0.339254   0.284424  -0.120501
  0.336236   0.279790  -0.228306
  0.194707   0.008410   0.300576
  0.473936   0.280773   0.096210
  0.470503   0.276635  -0.011757
  0.463778   0.283390  -0.117903
  0.454993   0.272980  -0.229382
