0 1
0 3
0 4
0 6
0 12
0 179
1 0
1 2
1 133
1 12
1 141
1 179
2 1
2 132
2 133
2 179
2 86
2 126
3 0
3 4
3 108
3 109
3 179
4 0
4 3
4 5
4 6
4 7
4 109
4 110
4 111
5 4
5 6
5 7
5 8
5 9
5 10
5 11
6 0
6 4
6 5
6 11
6 12
7 8
7 4
7 5
7 111
8 5
8 7
8 9
8 111
8 113
8 22
9 5
9 8
9 10
9 16
9 22
10 5
10 9
10 11
10 15
10 16
10 17
10 18
11 5
11 6
11 10
11 12
11 13
11 15
12 0
12 1
12 33
12 6
12 11
12 13
12 14
12 141
12 147
12 152
13 11
13 12
13 14
13 15
13 112
13 114
13 31
14 33
14 12
14 13
14 31
15 10
15 11
15 13
15 18
15 114
15 115
16 9
16 10
16 17
16 19
16 22
17 10
17 16
17 18
17 19
17 20
18 10
18 15
18 17
18 115
18 20
18 21
19 16
19 17
19 20
19 22
19 24
19 25
19 26
19 27
20 17
20 18
20 19
20 21
20 23
20 24
21 18
21 115
21 20
21 118
21 23
22 8
22 9
22 16
22 113
22 19
22 116
22 25
23 120
23 20
23 21
23 118
23 24
23 28
24 19
24 20
24 23
24 27
24 28
25 19
25 116
25 117
25 22
25 26
26 19
26 117
26 119
26 25
26 27
26 28
27 24
27 26
27 19
27 28
28 119
28 23
28 24
28 26
28 27
28 120
29 106
29 74
29 108
29 109
29 110
29 30
29 31
30 32
30 37
30 38
30 39
30 40
30 74
30 60
30 29
30 31
31 32
31 33
31 13
31 14
31 111
31 110
31 112
31 29
31 30
32 33
32 34
32 35
32 36
32 37
32 30
32 31
33 32
33 34
33 12
33 14
33 152
33 31
34 32
34 33
34 35
34 167
34 151
34 152
35 32
35 34
35 36
35 167
35 171
36 32
36 35
36 37
36 170
36 171
36 148
36 149
37 32
37 36
37 38
37 148
37 30
38 37
38 39
38 141
38 142
38 147
38 148
38 30
39 38
39 40
39 41
39 44
39 142
39 143
39 30
40 39
40 41
40 42
40 43
40 60
40 30
41 39
41 40
41 42
41 44
41 45
41 49
42 40
42 41
42 43
42 45
42 46
42 47
43 40
43 42
43 47
43 60
43 61
44 39
44 41
44 143
44 145
44 50
44 49
45 41
45 42
45 46
45 48
45 49
45 51
45 52
45 55
46 42
46 140
46 45
46 47
46 48
46 144
47 42
47 43
47 140
47 46
47 61
48 45
48 46
48 144
48 146
48 55
48 156
49 41
49 44
49 45
49 50
49 51
49 57
50 44
50 49
50 145
50 57
50 157
51 45
51 49
51 52
51 53
51 57
52 45
52 51
52 53
52 54
52 55
53 51
53 52
53 54
53 57
53 58
53 59
54 52
54 53
54 55
54 56
54 59
55 45
55 48
55 52
55 54
55 56
55 156
56 162
56 54
56 55
56 59
56 156
57 161
57 49
57 50
57 51
57 53
57 58
57 157
58 161
58 57
58 59
58 53
59 161
59 162
59 53
59 54
59 56
59 58
60 64
60 40
60 74
60 43
60 30
60 61
60 62
61 133
61 43
61 140
61 47
61 60
61 62
62 64
62 133
62 134
62 60
62 61
62 63
63 64
63 65
63 134
63 135
63 72
63 138
63 62
64 65
64 66
64 67
64 74
64 60
64 62
64 63
65 64
65 66
65 68
65 71
65 72
65 63
66 64
66 65
66 67
66 68
66 69
66 73
67 64
67 66
67 73
67 74
67 75
68 65
68 66
68 69
68 70
68 71
68 76
68 77
68 84
69 66
69 131
69 68
69 70
69 136
69 73
70 68
70 69
70 136
70 137
70 176
70 84
71 65
71 68
71 72
71 76
71 79
72 65
72 71
72 138
72 139
72 79
72 63
73 66
73 67
73 131
73 69
73 75
74 64
74 67
74 106
74 75
74 107
74 86
74 87
74 60
74 29
74 30
75 67
75 131
75 132
75 73
75 74
75 86
76 68
76 71
76 77
76 78
76 79
77 68
77 76
77 78
77 82
77 84
78 76
78 77
78 79
78 80
78 81
78 82
79 71
79 72
79 139
79 76
79 78
79 80
79 177
80 81
80 177
80 78
80 79
81 78
81 80
81 177
81 178
81 82
81 83
82 77
82 78
82 81
82 83
82 84
83 176
83 81
83 82
83 178
83 84
84 68
84 70
84 77
84 176
84 82
84 83
85 86
85 87
85 88
85 123
85 124
85 126
85 95
86 2
86 132
86 74
86 75
86 85
86 87
86 126
87 74
87 107
87 85
87 86
87 88
87 89
88 85
88 87
88 89
88 90
88 91
88 95
89 105
89 107
89 179
89 87
89 88
89 91
89 94
90 96
90 97
90 102
90 88
90 91
90 92
90 95
91 88
91 89
91 90
91 92
91 93
91 94
92 102
92 103
92 90
92 91
92 93
93 128
93 103
93 121
93 122
93 91
93 92
93 94
94 105
94 125
94 89
94 122
94 91
94 93
95 96
95 85
95 88
95 90
95 124
95 127
96 97
96 98
96 129
96 90
96 95
96 127
97 96
97 98
97 99
97 100
97 102
97 90
98 96
98 97
98 129
98 99
98 101
99 97
99 98
99 100
99 101
100 97
100 99
100 101
100 102
100 103
100 104
101 129
101 98
101 99
101 100
101 130
101 104
102 97
102 100
102 103
102 90
102 92
103 128
103 100
103 102
103 104
103 92
103 93
104 128
104 130
104 100
104 101
104 103
105 89
105 179
105 125
105 94
106 74
106 107
106 108
106 179
106 29
107 106
107 74
107 179
107 87
107 89
108 3
108 106
108 109
108 179
108 29
109 3
109 4
109 108
109 110
109 29
110 4
110 109
110 111
110 29
110 31
111 4
111 7
111 8
111 110
111 112
111 113
111 31
112 13
112 111
112 113
112 114
112 31
113 8
113 111
113 112
113 114
113 115
113 116
113 22
114 13
114 15
114 112
114 113
114 115
115 15
115 113
115 114
115 18
115 116
115 117
115 118
115 21
116 113
116 115
116 117
116 22
116 25
117 115
117 116
117 118
117 119
117 25
117 26
118 115
118 119
118 117
118 21
118 23
118 120
119 117
119 118
119 120
119 26
119 28
120 28
120 23
120 118
120 119
121 128
121 122
121 123
121 124
121 93
121 127
122 125
122 94
122 121
122 123
122 93
122 126
123 85
123 121
123 122
123 124
123 126
124 85
124 121
124 123
124 127
124 95
125 126
125 105
125 179
125 122
125 94
126 2
126 179
126 85
126 86
126 122
126 123
126 125
127 128
127 96
127 129
127 130
127 121
127 124
127 95
128 130
128 103
128 104
128 121
128 93
128 127
129 96
129 98
129 130
129 101
129 127
130 128
130 129
130 101
130 104
130 127
131 132
131 133
131 134
131 135
131 136
131 69
131 73
131 75
132 2
132 131
132 133
132 75
132 86
133 1
133 2
133 131
133 132
133 134
133 140
133 141
133 61
133 62
134 131
134 133
134 135
134 62
134 63
135 131
135 134
135 136
135 137
135 138
135 63
136 131
136 69
136 70
136 135
136 137
137 70
137 135
137 136
137 138
137 176
138 135
138 72
138 137
138 139
138 176
138 63
139 72
139 138
139 79
139 176
139 177
140 133
140 141
140 142
140 47
140 143
140 144
140 46
140 61
141 1
141 133
141 38
141 12
141 140
141 142
141 147
142 38
142 39
142 140
142 141
142 143
143 39
143 140
143 44
143 142
143 144
143 145
144 140
144 46
144 143
144 48
144 145
144 146
145 44
145 143
145 144
145 146
145 50
145 156
145 157
146 144
146 145
146 48
146 156
147 38
147 12
147 141
147 148
147 149
147 150
147 151
147 152
148 36
148 37
148 38
148 147
148 149
149 36
149 170
149 147
149 148
149 150
149 155
150 147
150 149
150 151
150 153
150 154
150 155
151 34
151 167
151 147
151 150
151 152
151 153
152 33
152 34
152 12
152 147
152 151
153 167
153 150
153 151
153 154
153 158
153 159
154 158
154 153
154 155
154 150
155 160
155 170
155 149
155 150
155 154
155 158
156 161
156 162
156 48
156 145
156 146
156 55
156 56
156 157
157 161
157 145
157 50
157 57
157 156
158 160
158 163
158 169
158 153
158 154
158 155
158 159
159 163
159 164
159 165
159 166
159 167
159 153
159 158
160 169
160 170
160 173
160 155
160 158
161 162
161 57
161 58
161 59
161 156
161 157
162 56
162 161
162 59
162 156
163 164
163 168
163 169
163 158
163 159
164 168
164 163
164 165
164 159
165 164
165 166
165 168
165 172
165 175
165 159
166 165
166 167
166 171
166 172
166 159
167 34
167 35
167 166
167 171
167 151
167 153
167 159
168 163
168 164
168 165
168 169
168 174
168 175
169 160
169 163
169 168
169 173
169 174
169 158
170 160
170 36
170 171
170 172
170 173
170 149
170 155
171 35
171 36
171 166
171 167
171 170
171 172
172 165
172 166
172 170
172 171
172 173
172 174
172 175
173 160
173 169
173 170
173 172
173 174
174 168
174 169
174 172
174 173
174 175
175 168
175 172
175 165
175 174
176 70
176 137
176 138
176 139
176 177
176 178
176 83
176 84
177 139
177 79
177 176
177 80
177 178
177 81
178 176
178 177
178 83
178 81
179 0
179 1
179 2
179 3
179 105
179 106
179 107
179 108
179 89
179 125
179 126
