-0.499991 0.196785 -0.024706 -0.983773 0.002338 -0.179401
-0.500000 0.314061 -0.024706 0.072765 0.997261 0.013269
-0.484904 0.255421 -0.064131 0.274203 0.584794 -0.763432
-0.499995 0.255421 0.018625 -0.992054 0.125669 -0.005989
-0.479752 0.176793 -0.193584 -0.662627 -0.733844 -0.149664
-0.479752 0.176793 0.056221 -0.784727 -0.583021 0.210455
-0.389943 0.164944 0.108462 -0.481173 -0.698390 0.529834
-0.391132 0.147648 0.032882 -0.150636 -0.987373 0.049019
-0.173317 0.143070 0.040632 0.037606 -0.997328 0.062638
-0.165486 0.162389 0.122013 0.258194 -0.858792 -0.442506
-0.095471 0.171731 0.044210 0.572742 -0.817633 0.058677
-0.108638 0.172603 0.102656 0.482558 -0.647646 0.589654
-0.057894 0.258009 0.138986 0.712950 -0.320802 0.623529
-0.031972 0.259720 0.066037 0.884507 -0.463978 0.048700
-0.392872 0.255596 0.151917 -0.503640 -0.271954 0.819993
-0.134067 0.257706 0.170226 0.068421 0.040779 0.996823
-0.095471 0.171731 -0.181573 0.691499 -0.720530 -0.051638
-0.031972 0.259720 -0.203405 0.933937 -0.353995 -0.049484
-0.057894 0.258009 -0.276350 0.712916 -0.320804 -0.623567
-0.108638 0.172603 -0.240019 0.482541 -0.647632 -0.589683
-0.391132 0.147648 -0.170245 -0.075862 -0.996317 -0.039980
-0.173317 0.143070 -0.177990 0.105090 -0.991573 -0.075756
-0.389943 0.164939 -0.245816 -0.295085 -0.604442 -0.739983
-0.165486 0.162389 -0.259376 0.063331 -0.785120 -0.616097
-0.392872 0.255596 -0.289275 -0.501982 -0.270849 -0.821374
-0.134067 0.257706 -0.307580 0.014556 -0.166892 -0.985868
-0.486506 0.316967 0.075075 -0.848004 0.454599 0.272449
-0.486506 0.316967 -0.212439 -0.754818 0.624597 -0.200318
-0.392128 0.360213 0.057045 -0.130783 0.989204 0.066117
-0.392128 0.360213 -0.194409 -0.122197 0.986078 -0.112771
-0.390711 0.335675 0.133834 -0.161164 0.548923 0.820189
-0.112742 0.342936 0.150973 0.024407 0.742013 0.669941
-0.105396 0.370237 0.067904 0.039590 0.996019 0.079862
-0.043352 0.337884 0.127876 0.524051 0.602855 0.601612
-0.017184 0.345671 0.064994 0.854493 0.515352 0.065215
-0.017184 0.345671 -0.202362 0.869278 0.481194 -0.113171
-0.043352 0.337884 -0.265240 0.524007 0.602874 -0.601630
-0.390711 0.335675 -0.271193 -0.161154 0.548895 -0.820209
-0.112742 0.342936 -0.288332 0.024393 0.741997 -0.669959
-0.105396 0.370237 -0.205263 0.040715 0.998057 -0.047172
-0.190200 0.113783 0.201485 0.937423 -0.249989 0.242371
-0.194314 0.190107 0.205665 0.957260 0.098014 0.272116
-0.230293 0.114352 0.266690 0.788263 -0.257770 0.558745
-0.227189 0.048426 0.186683 0.802823 -0.567451 0.182961
-0.234436 0.191321 0.271652 0.374119 0.354880 0.856793
-0.207822 0.225907 0.204419 0.524519 0.826852 0.202967
-0.334464 0.234983 0.266879 -0.115827 0.666518 0.736436
-0.300977 0.278518 0.182265 0.040376 0.995930 0.080584
-0.365637 0.142378 0.291939 -0.352870 -0.029592 0.935204
-0.259206 0.117731 0.291564 0.060854 -0.278338 0.958554
-0.376245 0.054943 0.242759 -0.436303 -0.694238 0.572427
-0.267633 0.048256 0.252485 0.140046 -0.829911 0.540032
-0.360063 0.023893 0.148153 -0.229062 -0.964601 -0.130674
-0.254774 0.023585 0.177307 0.186251 -0.982358 -0.016813
-0.432183 0.229580 0.202551 -0.490517 0.753323 0.438061
-0.411438 0.256549 0.150125 -0.321241 0.946716 -0.023069
-0.451498 0.172200 0.218074 -0.664487 0.197924 0.720613
-0.458067 0.118020 0.187612 -0.800169 -0.393981 0.452225
-0.448047 0.098786 0.128990 -0.648917 -0.725157 -0.230334
-0.450678 0.226622 0.137162 -0.727903 0.667889 -0.155181
-0.471424 0.182950 0.172350 -0.954502 0.190798 0.229175
-0.469637 0.144937 0.126222 -0.934974 -0.224415 -0.274703
-0.228165 0.058176 0.110074 0.426505 -0.757900 -0.493641
-0.326577 0.067428 0.063534 -0.056253 -0.598703 -0.798993
-0.203390 0.131765 0.090157 0.553325 -0.154535 -0.818505
-0.295399 0.160038 0.038480 0.177504 0.103714 -0.978640
-0.427297 0.125755 0.076559 -0.440775 -0.303662 -0.844693
-0.407977 0.183140 0.061032 -0.136535 0.266257 -0.954183
-0.401413 0.237315 0.091508 -0.161332 0.870869 -0.464284
-0.284796 0.247473 0.087655 0.254190 0.759554 -0.598719
-0.194968 0.201241 0.129237 0.747366 0.448717 -0.489998
-0.448891 0.188614 0.091034 -0.806304 0.112702 -0.580665
-0.191209 0.124177 0.125658 0.971839 -0.211614 -0.103676
-0.470836 0.188628 0.128929 -0.937418 0.250030 -0.242347
-0.209097 0.106521 0.288512 -0.435389 0.064859 0.897903
-0.055396 0.068570 0.305504 0.033940 -0.265930 0.963395
-0.032356 0.138458 0.288758 0.320528 0.461833 0.827026
-0.178402 0.199331 0.265903 -0.136671 0.880596 0.453731
-0.220795 0.017627 0.242195 -0.568882 -0.677845 0.465724
-0.064236 0.001830 0.270927 0.085580 -0.957318 0.276077
-0.192148 0.025495 0.139005 -0.203881 -0.713884 -0.669927
-0.042693 0.007745 0.193342 0.433819 -0.791868 -0.429822
-0.244892 0.128509 0.186858 -0.937463 0.250280 -0.241915
-0.010435 0.065788 0.248176 0.937464 -0.250293 0.241898
-0.010819 0.144373 0.211173 0.634759 0.707117 -0.311556
-0.149755 0.207203 0.162718 -0.009923 0.878500 -0.477639
-0.161524 0.118480 0.116847 0.087476 0.188233 -0.978221
-0.019630 0.077561 0.176426 0.533452 -0.146555 -0.833037
-0.010060 0.128666 0.291891 0.039028 0.769524 0.637424
-0.031873 0.062835 0.307580 -0.265629 -0.063563 0.961978
0.216619 0.005749 0.306494 0.936973 -0.251759 0.242279
-0.040276 0.000000 0.275046 -0.332394 -0.844306 0.420311
-0.054822 0.077666 0.236294 -0.936973 0.251759 -0.242279
0.010264 0.134230 0.218809 0.332366 0.844438 -0.420067
-0.019952 0.005564 0.201964 -0.039769 -0.770786 -0.635852
0.001903 0.071281 0.186000 0.265629 0.063563 -0.961978
0.010984 0.316242 0.156002 -0.107386 0.635334 0.764735
0.139925 0.311635 0.148063 0.310910 0.314707 0.896824
0.139925 0.337827 0.096447 0.245568 0.969379 0.000000
0.010984 0.346462 0.096447 -0.081568 0.996668 -0.000000
0.010984 0.247055 0.156002 -0.106027 -0.420808 0.900932
0.139925 0.251662 0.148063 0.314012 -0.643836 0.697762
0.010984 0.216835 0.096447 -0.025548 -0.999674 -0.000000
0.139925 0.225471 0.096447 0.404759 -0.914423 0.000000
-0.043779 0.240505 0.096447 -0.653548 -0.756885 0.000000
-0.043779 0.281646 0.137593 -0.688488 0.000000 0.725248
-0.043779 0.322792 0.096447 -0.653582 0.756856 0.000000
0.157405 0.281646 0.096447 1.000000 0.000000 0.000000
0.010984 0.316242 0.036897 -0.209832 0.935253 -0.285084
0.139925 0.311635 0.044831 0.603532 0.716300 -0.350233
0.010984 0.247055 0.036897 -0.254548 -0.759302 -0.598887
0.139925 0.251662 0.044831 0.314000 -0.643825 -0.697777
-0.043779 0.281646 0.055306 -0.688459 0.000000 -0.725275
-0.058453 0.281646 0.096447 -1.000000 0.000000 -0.000000
0.291076 0.327082 0.096447 0.193008 0.981197 -0.000000
0.151438 0.336272 0.096447 0.065270 0.991999 0.108066
0.151438 0.310805 0.146646 -0.190076 0.629474 0.753414
0.291076 0.305900 0.138195 0.241883 0.321839 0.915375
0.151438 0.252492 0.146646 0.058213 -0.271761 0.960602
0.291076 0.257398 0.138195 0.244080 -0.657233 0.713071
0.151438 0.227020 0.096447 0.065593 -0.996086 -0.059253
0.291076 0.236216 0.096447 0.312596 -0.949886 0.000000
0.317429 0.281646 0.096447 1.000000 0.000000 0.000000
0.121454 0.281646 0.096447 -0.000079 0.000081 1.000000
0.151438 0.310805 0.046253 0.318749 0.487127 -0.813085
0.291076 0.305900 0.054699 0.330081 0.485125 -0.809753
0.291076 0.257398 0.054699 0.204592 -0.503053 -0.839691
0.151438 0.252492 0.046253 0.082939 -0.619971 -0.780229
0.307916 0.326868 0.096333 0.501228 0.865315 0.000000
0.307916 0.305786 0.137858 0.232631 0.401612 0.885771
0.499995 0.281646 0.096333 1.000000 0.000000 0.000000
0.307916 0.257507 0.137858 -0.000000 -0.513685 0.857979
0.307916 0.305786 0.054799 0.524036 0.437555 -0.730707
0.307916 0.257507 0.054799 0.249606 -0.589426 -0.768293
0.271979 0.281646 0.096333 0.000123 -0.864558 0.502533
0.307916 0.236429 0.096333 -0.000000 -1.000000 -0.000000
0.010984 0.316242 0.047106 -0.107380 0.635285 0.764776
0.139925 0.311635 0.039172 0.310864 0.314686 0.896848
0.139925 0.337827 -0.012440 0.245568 0.969379 0.000000
0.010984 0.346462 -0.012440 -0.081568 0.996668 -0.000000
0.010984 0.247055 0.047106 -0.106026 -0.420756 0.900957
0.139925 0.251662 0.039172 0.313988 -0.643798 0.697808
0.010984 0.216835 -0.012440 -0.025555 -0.999673 -0.000000
0.139925 0.225471 -0.012440 0.404759 -0.914423 0.000000
-0.043779 0.240505 -0.012440 -0.653542 -0.756890 0.000000
-0.043779 0.281646 0.028702 -0.688430 0.000000 0.725303
-0.043779 0.322792 -0.012440 -0.653576 0.756861 0.000000
0.157405 0.281646 -0.012440 1.000000 0.000000 -0.000000
0.010984 0.316242 -0.071990 -0.209782 0.935269 -0.285068
0.139925 0.311635 -0.064065 0.603534 0.716324 -0.350181
0.010984 0.247055 -0.071990 -0.254537 -0.759310 -0.598881
0.139925 0.251662 -0.064065 0.314001 -0.643856 -0.697748
-0.043779 0.281646 -0.053585 -0.688459 0.000000 -0.725275
-0.058453 0.281646 -0.012440 -1.000000 0.000000 0.000000
0.291076 0.327082 -0.012449 0.193029 0.981193 0.000000
0.151443 0.336277 -0.012449 0.065287 0.991993 0.108110
0.151443 0.310805 0.037750 0.076615 0.721753 0.687897
0.291076 0.305900 0.029304 0.241881 0.321872 0.915364
0.151443 0.252492 0.037750 0.079375 -0.436406 0.896242
0.291076 0.257398 0.029304 0.244087 -0.657251 0.713051
0.151443 0.227020 -0.012449 -0.131090 -0.991371 0.000000
0.291076 0.236216 -0.012449 0.312604 -0.949883 0.000000
0.317429 0.281646 -0.012449 1.000000 0.000000 0.000000
0.121454 0.281646 -0.012449 0.108858 -0.886434 0.449872
0.151443 0.310805 -0.062638 0.318763 0.487077 -0.813109
0.291076 0.305900 -0.054192 0.330069 0.485087 -0.809781
0.291076 0.257398 -0.054192 0.204586 -0.503015 -0.839715
0.151443 0.252492 -0.062638 0.082942 -0.619954 -0.780242
0.307916 0.326868 -0.012563 0.228206 0.969252 0.092051
0.307916 0.305786 0.028967 0.249570 0.589354 0.768360
0.500000 0.281646 -0.012563 1.000000 -0.000000 -0.000000
0.307916 0.257507 0.028967 0.249583 -0.589385 0.768332
0.307916 0.305786 -0.054097 0.524024 0.437559 -0.730713
0.271979 0.281646 -0.012563 0.075816 -0.889138 0.451316
0.307916 0.236429 -0.012563 -0.000000 -1.000000 -0.000000
0.307916 0.257507 -0.054097 0.249600 -0.589424 -0.768296
0.010984 0.316242 -0.061866 -0.107390 0.635279 0.764779
0.139925 0.311635 -0.069791 0.310827 0.314716 0.896850
0.139925 0.337827 -0.121407 0.245567 0.969380 0.000000
0.010984 0.346462 -0.121407 -0.081568 0.996668 -0.000000
0.010984 0.247055 -0.061866 -0.106056 -0.420732 0.900965
0.139925 0.251662 -0.069791 0.313977 -0.643802 0.697809
0.010984 0.216835 -0.121407 -0.025557 -0.999673 -0.000000
0.139925 0.225471 -0.121407 0.404759 -0.914423 -0.000000
-0.043779 0.240505 -0.121407 -0.653538 -0.756894 0.000000
-0.043779 0.281646 -0.080266 -0.688401 0.000000 0.725330
-0.043779 0.322792 -0.121407 -0.653572 0.756865 0.000000
0.157405 0.281646 -0.121407 1.000000 0.000000 -0.000000
0.010984 0.316242 -0.180962 -0.209791 0.935272 -0.285052
0.139925 0.311635 -0.173032 0.603539 0.716321 -0.350179
0.010984 0.247055 -0.180962 -0.254533 -0.759336 -0.598850
0.139925 0.251662 -0.173032 0.314013 -0.643868 -0.697732
-0.043779 0.281646 -0.162557 -0.688488 -0.000000 -0.725248
-0.058453 0.281646 -0.121407 -1.000000 0.000000 0.000000
0.291076 0.327082 -0.121421 0.193029 0.981193 0.000000
0.151443 0.336272 -0.121421 0.503028 0.864270 -0.000000
0.151443 0.310805 -0.071227 0.059557 0.585654 0.808371
0.291076 0.305895 -0.079673 0.241859 0.321832 0.915384
0.151443 0.252487 -0.071227 -0.186777 -0.369360 0.910323
0.291076 0.257398 -0.079673 0.244086 -0.657249 0.713054
0.151443 0.227020 -0.121421 -0.131076 -0.991372 0.000000
0.291076 0.236216 -0.121421 0.312604 -0.949883 0.000000
0.317429 0.281646 -0.121421 1.000000 0.000000 0.000000
0.121454 0.281646 -0.121421 -0.000040 -0.864673 0.502334
0.151443 0.310805 -0.171610 0.318763 0.487077 -0.813109
0.291076 0.305895 -0.163164 0.330069 0.485087 -0.809781
0.291076 0.257398 -0.163164 0.204591 -0.503027 -0.839706
0.151443 0.252487 -0.171610 0.082977 -0.619963 -0.780231
0.307921 0.326868 -0.121549 0.228556 0.970690 0.074315
0.307921 0.305786 -0.080014 0.249901 0.572146 0.781152
0.500000 0.281646 -0.121549 1.000000 -0.000208 -0.000000
0.307921 0.257507 -0.080014 0.254941 -0.583489 0.771068
0.307921 0.305786 -0.163079 0.507527 0.442624 -0.739256
0.278952 0.281646 -0.121535 0.149282 -0.881514 0.447937
0.307893 0.238263 -0.121535 0.000000 -1.000000 0.000000
0.307921 0.257507 -0.163079 0.254913 -0.583705 -0.770914
0.010984 0.316242 -0.170639 -0.107395 0.635312 0.764752
0.139925 0.311635 -0.178573 0.310883 0.314710 0.896833
0.139925 0.337827 -0.230189 0.245568 0.969379 0.000000
0.010984 0.346462 -0.230189 -0.081568 0.996668 -0.000000
0.010984 0.247055 -0.170639 -0.106044 -0.420778 0.900944
0.139925 0.251662 -0.178573 0.314000 -0.643825 0.697777
0.010984 0.216835 -0.230189 -0.025548 -0.999674 -0.000000
0.139925 0.225471 -0.230189 0.404759 -0.914423 -0.000000
-0.043779 0.240505 -0.230189 -0.653552 -0.756881 0.000000
-0.043779 0.281646 -0.189048 -0.688459 0.000000 0.725275
-0.043779 0.322792 -0.230189 -0.653586 0.756852 0.000000
0.157405 0.281646 -0.230189 1.000000 0.000000 -0.000000
0.010984 0.316242 -0.289744 -0.107398 0.635328 -0.764738
0.139925 0.311635 -0.281805 0.310910 0.314707 -0.896824
0.010984 0.247055 -0.289744 -0.106038 -0.420801 -0.900934
0.139925 0.251662 -0.281805 0.314012 -0.643836 -0.697762
-0.043779 0.281646 -0.271330 -0.688488 0.000000 -0.725248
-0.058453 0.281646 -0.230189 -1.000000 0.000000 0.000000
0.291076 0.327082 -0.230189 0.193014 0.981196 -0.000000
0.151443 0.336272 -0.230189 0.065310 0.991993 0.108098
0.151443 0.310805 -0.180000 0.076616 0.721703 0.687950
0.291076 0.305900 -0.188446 0.241846 0.321810 0.915395
0.151443 0.252492 -0.180000 0.079373 -0.436340 0.896274
0.291076 0.257398 -0.188446 0.244064 -0.657181 0.713124
0.151443 0.227020 -0.230189 -0.131090 -0.991370 0.000000
0.291076 0.236216 -0.230189 0.312604 -0.949883 0.000000
0.317429 0.281646 -0.230189 1.000000 0.000000 0.000000
0.121454 0.281646 -0.230189 -0.836103 -0.459024 -0.300381
0.151443 0.310805 -0.280383 0.062100 0.450332 -0.890699
0.291076 0.305900 -0.271932 0.330090 0.485083 -0.809775
0.291076 0.257398 -0.271932 0.204606 -0.503030 -0.839701
0.151443 0.252492 -0.280383 -0.273711 -0.494292 -0.825080
0.307921 0.326868 -0.230307 0.501239 0.865309 0.000000
0.307921 0.305786 -0.188778 0.232651 0.401635 0.885755
0.500000 0.281646 -0.230307 1.000000 0.000000 -0.000000
0.307921 0.257507 -0.188778 -0.000000 -0.513728 0.857953
0.307921 0.305786 -0.271847 0.232693 0.401707 -0.885712
0.271979 0.281646 -0.230307 -0.557514 -0.830168 0.000000
0.307921 0.236429 -0.230307 -0.000000 -1.000000 -0.000000
0.307921 0.257507 -0.271847 0.000000 -0.513814 -0.857901
-0.499464 0.256553 -0.069357 -0.990688 -0.135353 -0.014691
