0 192
0 1
1 192
1 0
2 192
2 3
3 192
3 2
4 192
4 5
5 192
5 4
6 192
6 7
7 192
7 6
8 192
8 9
9 192
9 8
10 192
10 11
10 12
10 13
10 15
11 10
11 12
11 14
11 15
11 16
11 119
11 25
12 153
12 10
12 11
12 13
12 144
12 25
13 192
13 135
13 137
13 10
13 12
13 143
13 144
14 11
14 18
14 119
14 23
14 25
15 192
15 10
15 11
15 16
15 17
16 11
16 15
16 17
16 116
16 117
16 119
17 16
17 116
17 192
17 15
18 14
18 19
18 20
18 21
18 22
18 119
18 23
19 120
19 18
19 20
19 119
20 33
20 18
20 19
20 21
20 120
20 123
21 33
21 18
21 20
21 22
21 27
22 18
22 21
22 23
22 26
22 27
22 28
22 29
23 14
23 18
23 22
23 24
23 25
23 26
24 121
24 122
24 42
24 23
24 25
24 26
24 124
25 160
25 165
25 43
25 12
25 11
25 14
25 23
25 24
25 153
25 122
26 125
26 22
26 23
26 24
26 124
26 29
27 33
27 21
27 22
27 28
27 30
28 22
28 27
28 29
28 30
28 31
29 32
29 22
29 26
29 28
29 125
29 31
30 33
30 35
30 36
30 37
30 38
30 27
30 28
30 31
31 32
31 34
31 35
31 28
31 29
31 30
32 128
32 34
32 29
32 125
32 31
33 36
33 123
33 20
33 21
33 126
33 27
33 30
34 32
34 128
34 130
34 35
34 39
34 31
35 34
35 38
35 39
35 30
35 31
36 33
36 37
36 30
36 126
36 127
37 129
37 36
37 38
37 39
37 30
37 127
38 35
38 37
38 30
38 39
39 129
39 34
39 35
39 130
39 37
39 38
40 41
40 42
40 114
40 116
40 84
40 117
40 118
41 70
41 40
41 42
41 44
41 48
41 49
41 50
41 84
41 155
42 40
42 41
42 43
42 44
42 118
42 120
42 121
42 122
42 24
43 165
43 42
43 44
43 45
43 25
43 122
44 41
44 42
44 43
44 45
44 46
44 47
44 48
45 164
45 165
45 43
45 44
45 172
45 46
46 172
46 44
46 45
46 47
46 184
47 161
47 162
47 44
47 46
47 48
47 183
47 184
48 162
48 41
48 44
48 47
48 155
49 41
49 50
49 51
49 54
49 154
49 155
49 156
50 70
50 41
50 49
50 51
50 52
50 53
51 49
51 50
51 52
51 54
51 55
51 59
52 50
52 51
52 53
52 55
52 56
52 57
53 70
53 50
53 146
53 52
53 57
54 49
54 156
54 51
54 59
54 60
54 158
55 65
55 51
55 52
55 56
55 58
55 59
55 61
55 62
56 52
56 55
56 152
56 57
56 58
56 157
57 146
57 52
57 53
57 56
57 152
58 65
58 169
58 55
58 56
58 157
58 159
59 67
59 51
59 54
59 55
59 60
59 61
60 67
60 177
60 54
60 59
60 158
61 67
61 55
61 59
61 62
61 63
62 64
62 65
62 55
62 61
62 63
63 64
63 67
63 68
63 69
63 61
63 62
64 65
64 66
64 69
64 62
64 63
65 64
65 66
65 169
65 55
65 58
65 62
66 64
66 65
66 69
66 169
66 175
67 68
67 176
67 177
67 59
67 60
67 61
67 63
68 176
68 67
68 69
68 63
69 64
69 66
69 68
69 175
69 176
69 63
70 71
70 72
70 41
70 50
70 146
70 84
70 53
71 70
71 72
71 73
71 144
71 145
71 146
72 70
72 71
72 73
72 74
72 75
72 76
72 84
73 71
73 72
73 74
73 81
73 145
73 147
73 150
74 72
74 73
74 75
74 77
74 80
74 81
75 72
75 74
75 76
75 77
75 78
75 82
76 72
76 75
76 82
76 83
76 84
77 74
77 75
77 78
77 79
77 80
77 85
77 86
77 93
78 75
78 77
78 142
78 79
78 82
78 148
79 77
79 78
79 148
79 149
79 189
79 93
80 74
80 77
80 81
80 85
80 88
81 73
81 74
81 80
81 150
81 151
81 88
82 75
82 76
82 142
82 78
82 83
83 137
83 76
83 142
83 143
83 82
83 84
84 70
84 72
84 40
84 41
84 137
84 76
84 114
84 115
84 83
84 95
85 77
85 80
85 86
85 87
85 88
86 77
86 85
86 87
86 91
86 93
87 85
87 86
87 88
87 89
87 90
87 91
88 80
88 81
88 85
88 87
88 151
88 89
88 190
89 88
89 90
89 190
89 87
90 87
90 89
90 91
90 92
90 190
90 191
91 86
91 87
91 90
91 92
91 93
92 189
92 90
92 91
92 93
92 191
93 77
93 79
93 86
93 91
93 92
93 189
94 96
94 132
94 133
94 135
94 104
94 137
94 95
95 96
95 97
95 137
95 115
95 84
95 94
96 97
96 98
96 99
96 104
96 94
96 95
97 96
97 192
97 98
97 102
97 103
97 115
97 95
98 96
98 97
98 99
98 100
98 101
98 102
99 96
99 98
99 100
99 104
99 105
99 106
99 111
100 98
100 99
100 101
100 111
100 112
101 98
101 131
101 100
101 134
101 102
101 139
101 112
102 97
102 98
102 101
102 134
102 103
102 136
103 192
103 97
103 136
103 102
104 96
104 99
104 133
104 105
104 138
104 94
105 99
105 104
105 106
105 107
105 138
105 140
106 99
106 105
106 107
106 108
106 109
106 111
107 105
107 106
107 108
107 140
107 110
108 106
108 107
108 109
108 110
109 106
109 108
109 110
109 111
109 112
109 113
110 107
110 108
110 109
110 141
110 140
110 113
111 99
111 100
111 106
111 109
111 112
112 100
112 101
112 139
112 109
112 111
112 113
113 139
113 109
113 110
113 141
113 112
114 192
114 40
114 115
114 116
114 84
115 192
115 97
115 114
115 84
115 95
116 192
116 40
116 16
116 17
116 114
116 117
117 40
117 16
117 116
117 118
117 119
118 40
118 42
118 117
118 119
118 120
119 11
119 14
119 16
119 18
119 19
119 117
119 118
119 120
120 42
120 19
120 20
120 118
120 119
120 121
120 123
121 42
121 120
121 24
121 123
121 124
122 24
122 25
122 42
122 43
123 33
123 20
123 120
123 121
123 124
123 125
123 126
124 24
124 121
124 26
124 123
124 125
125 128
125 32
125 26
125 123
125 124
125 29
125 126
125 127
126 33
126 36
126 123
126 125
126 127
127 128
127 129
127 36
127 37
127 125
127 126
128 32
128 129
128 130
128 34
128 125
128 127
129 128
129 130
129 37
129 39
129 127
130 128
130 129
130 34
130 39
131 132
131 101
131 133
131 134
131 138
131 139
132 131
132 133
132 134
132 135
132 94
133 131
133 132
133 104
133 138
133 94
134 131
134 132
134 101
134 102
134 135
134 136
135 192
135 132
135 134
135 136
135 137
135 13
135 94
136 192
136 134
136 103
136 102
136 135
137 135
137 13
137 143
137 83
137 84
137 94
137 95
138 131
138 133
138 104
138 105
138 139
138 140
138 141
139 131
139 101
139 138
139 141
139 112
139 113
140 105
140 138
140 107
140 141
140 110
141 138
141 139
141 140
141 110
141 113
142 78
142 143
142 144
142 145
142 82
142 83
142 147
142 148
143 137
143 13
143 142
143 144
143 83
144 71
144 12
144 13
144 142
144 143
144 145
144 146
144 152
144 153
145 71
145 73
145 142
145 144
145 147
146 70
146 71
146 144
146 53
146 152
146 57
147 73
147 142
147 145
147 148
147 149
147 150
148 78
148 142
148 79
148 147
148 149
149 79
149 147
149 148
149 150
149 189
150 73
150 81
150 147
150 149
150 151
150 189
151 81
151 150
151 88
151 189
151 190
152 144
152 146
152 56
152 153
152 154
152 156
152 157
152 57
153 160
153 12
153 144
153 152
153 25
153 154
153 155
154 49
154 152
154 153
154 155
154 156
155 160
155 162
155 41
155 48
155 49
155 153
155 154
156 49
156 54
156 152
156 154
156 157
156 158
157 58
157 152
157 56
157 156
157 158
157 159
158 169
158 60
158 177
158 54
158 156
158 157
158 159
159 169
159 58
159 157
159 158
160 161
160 162
160 163
160 164
160 165
160 153
160 155
160 25
161 160
161 162
161 163
161 168
161 47
161 183
162 160
162 161
162 47
162 48
162 155
163 160
163 161
163 164
163 166
163 167
163 168
164 160
164 163
164 165
164 166
164 172
164 45
165 160
165 164
165 43
165 45
165 25
166 163
166 164
166 167
166 170
166 171
166 172
167 168
167 170
167 163
167 166
168 161
168 163
168 167
168 170
168 174
168 183
169 65
169 66
169 175
169 176
169 177
169 58
169 158
169 159
170 166
170 167
170 168
170 171
170 174
170 178
170 182
171 166
171 170
171 172
171 173
171 178
171 179
171 180
172 164
172 166
172 171
172 45
172 173
172 46
172 184
173 171
173 172
173 180
173 184
173 185
174 168
174 170
174 182
174 183
174 186
175 176
175 169
175 66
175 69
176 67
176 68
176 69
176 169
176 175
176 177
177 67
177 169
177 176
177 60
177 158
178 170
178 171
178 179
178 181
178 182
179 178
179 171
179 180
179 181
180 171
180 173
180 179
180 181
180 185
180 188
181 178
181 179
181 180
181 182
181 187
181 188
182 170
182 174
182 178
182 181
182 186
182 187
183 161
183 168
183 174
183 47
183 184
183 185
183 186
184 172
184 173
184 46
184 47
184 183
184 185
185 173
185 180
185 183
185 184
185 186
185 187
185 188
186 174
186 182
186 183
186 185
186 187
187 181
187 182
187 185
187 186
187 188
188 185
188 187
188 180
188 181
189 79
189 149
189 150
189 151
189 92
189 93
189 190
189 191
190 151
190 88
190 89
190 90
190 189
190 191
191 90
191 92
191 189
191 190
192 0
192 1
192 2
192 3
192 4
192 5
192 6
192 7
192 8
192 9
192 10
192 135
192 136
192 13
192 15
192 17
192 97
192 103
192 114
192 115
192 116
