  0.499464   0.256553  -0.074488
  0.357584   0.191465   0.058896
 -0.089754   0.282278   0.087981
 -0.086244   0.284364  -0.009535
 -0.088545   0.283820  -0.122211
 -0.069246   0.281951  -0.223181
  0.244079   0.139396   0.165602
 -0.222740   0.282546   0.093065
 -0.224503   0.282717  -0.011891
 -0.229522   0.282509  -0.121123
 -0.226427   0.282212  -0.225969
  0.044803   0.075007   0.239120
 -0.340484   0.280420   0.097581
 -0.346557   0.282126  -0.013976
 -0.349903   0.281445  -0.120195
 -0.349465   0.282193  -0.228151
 -0.188291   0.016260   0.301385
 -0.458355   0.278559   0.102100
 -0.468735   0.281623  -0.016064
 -0.471612   0.279950  -0.119253
 -0.472114   0.280084  -0.230313
