8 9
9 8
11 15
12 14
12 15
13 152
14 12
14 15
15 11
15 12
15 14
17 23
20 28
21 25
22 24
23 17
24 22
24 25
24 118
25 21
25 24
25 28
25 29
27 28
27 29
27 117
28 20
28 25
28 27
28 29
29 25
29 27
29 28
31 33
31 110
32 37
32 39
33 31
37 32
38 142
38 148
39 32
40 43
41 45
42 60
42 62
43 40
45 41
46 47
46 61
47 46
47 61
53 58
54 56
56 54
58 53
60 42
60 62
61 46
61 47
62 42
62 60
63 134
66 74
70 75
71 137
74 66
75 70
77 79
79 77
79 177
80 178
84 125
87 88
88 87
92 93
93 92
95 97
97 95
103 129
110 31
115 117
117 27
117 115
117 118
118 24
118 117
121 123
122 124
123 121
124 122
125 84
127 129
129 103
129 127
130 131
131 130
132 133
132 139
133 132
134 63
137 71
139 132
140 141
140 147
141 140
142 38
142 147
142 148
147 140
147 142
148 38
148 142
149 150
150 149
152 13
155 170
157 165
162 163
163 162
165 157
167 175
168 174
169 174
170 155
174 168
174 169
175 167
177 79
178 80
