0 19
19 0
22 125
26 45
26 124
29 35
30 31
31 30
32 38
32 40
33 34
33 37
34 33
35 29
35 128
36 37
36 41
36 132
37 33
37 36
38 32
39 40
39 41
39 131
40 32
40 39
41 36
41 39
41 131
41 132
43 46
44 52
45 26
45 46
45 124
46 43
46 45
50 163
51 157
51 163
52 44
53 56
55 72
56 53
57 60
58 59
59 58
59 73
59 148
60 57
65 70
68 177
70 65
72 55
72 74
73 59
73 147
73 148
74 72
75 149
76 77
77 76
78 86
79 88
82 87
83 152
86 78
87 82
88 79
93 94
94 93
96 97
96 139
97 96
101 106
102 103
103 102
104 105
105 104
106 101
109 112
112 109
124 26
124 45
125 22
128 35
131 39
131 41
131 132
132 36
132 41
132 131
135 137
136 138
137 135
138 136
139 96
141 143
143 141
146 147
146 154
147 73
147 146
147 148
148 59
148 73
148 147
149 75
152 83
154 146
155 156
155 162
156 155
157 51
157 163
162 155
163 50
163 51
163 157
173 181
174 186
177 68
180 181
181 173
181 180
182 190
184 189
185 188
186 174
188 185
189 184
190 182
191 193
193 191
