 -0.387276   0.176743  -0.033452
 -0.334469   0.160161   0.082550
 -0.105736   0.211116   0.083397
 -0.087537   0.214843  -0.024259
 -0.069617   0.212512  -0.134909
 -0.129187   0.200011  -0.212303
 -0.292224   0.146897   0.175351
  0.038648   0.190765   0.168084
  0.089202   0.214249   0.001550
  0.079709   0.208055  -0.181253
 -0.020415   0.192540  -0.321904
 -0.248177   0.101983   0.346243
  0.172815   0.182602   0.246883
  0.256203   0.208569   0.025885
  0.225031   0.204596  -0.226344
  0.071508   0.189086  -0.414507
 -0.197796   0.056986   0.485968
  0.272017   0.188723   0.305274
  0.385671   0.209927   0.044807
  0.328738   0.192692  -0.258569
  0.128023   0.197245  -0.471369
