0 256
0 2
0 3
1 256
1 2
1 3
2 256
2 1
2 3
2 0
3 256
3 1
3 2
3 0
4 256
4 5
4 6
4 7
5 256
5 4
5 7
5 20
5 21
6 256
6 4
6 7
6 8
6 9
6 14
6 15
7 4
7 5
7 6
7 8
7 20
8 6
8 7
8 9
8 10
8 20
8 22
9 6
9 8
9 10
9 11
9 15
10 8
10 9
10 11
10 12
10 13
10 16
10 22
11 9
11 10
11 12
11 15
12 33
12 34
12 10
12 11
12 13
12 15
12 31
13 34
13 10
13 12
13 16
13 17
14 256
14 6
14 15
14 27
14 30
15 6
15 9
15 11
15 12
15 14
15 30
15 31
16 10
16 13
16 17
16 18
16 19
16 22
16 23
17 34
17 35
17 13
17 16
17 18
18 35
18 36
18 38
18 16
18 17
18 19
18 24
19 16
19 24
19 18
19 23
20 5
20 7
20 8
20 21
20 22
21 256
21 5
21 20
21 22
21 23
21 24
21 25
22 8
22 10
22 16
22 20
22 21
22 23
23 16
23 19
23 21
23 22
23 24
24 38
24 39
24 18
24 19
24 21
24 23
24 25
25 256
25 39
25 21
25 24
25 26
26 256
26 39
26 25
26 27
26 28
26 29
27 256
27 14
27 26
27 28
27 30
28 32
28 37
28 26
28 27
28 29
28 30
28 31
29 37
29 38
29 39
29 26
29 28
30 14
30 15
30 27
30 28
30 31
31 32
31 33
31 12
31 15
31 28
31 30
32 33
32 34
32 37
32 28
32 31
33 32
33 34
33 12
33 31
34 32
34 33
34 35
34 37
34 12
34 13
34 17
35 34
35 36
35 37
35 17
35 18
36 18
36 35
36 37
36 38
37 32
37 34
37 35
37 36
37 38
37 28
37 29
38 36
38 37
38 39
38 18
38 24
38 29
39 38
39 24
39 25
39 26
39 29
40 72
40 41
40 42
40 43
41 40
41 42
41 43
41 44
41 49
41 51
42 70
42 40
42 41
42 72
42 44
42 45
43 40
43 41
43 72
43 51
43 53
43 62
44 41
44 42
44 45
44 46
44 48
44 49
45 69
45 70
45 42
45 44
45 46
45 47
46 44
46 45
46 47
46 48
46 54
46 56
47 68
47 69
47 45
47 46
47 54
47 55
48 44
48 46
48 49
48 50
48 56
48 57
49 41
49 44
49 48
49 50
49 51
50 48
50 49
50 51
50 52
50 57
50 58
51 41
51 43
51 49
51 50
51 52
51 53
52 50
52 51
52 53
52 58
52 62
52 63
53 43
53 51
53 52
53 62
54 46
54 47
54 55
54 56
54 59
54 60
55 59
55 68
55 54
55 47
56 46
56 48
56 54
56 57
56 60
57 48
57 50
57 56
57 58
57 60
57 61
58 66
58 50
58 52
58 57
58 61
58 63
59 68
59 71
59 73
59 54
59 55
59 60
60 73
60 54
60 56
60 57
60 59
60 61
61 66
61 71
61 73
61 57
61 58
61 60
62 64
62 72
62 43
62 52
62 53
62 63
63 64
63 65
63 66
63 52
63 58
63 62
64 65
64 70
64 72
64 62
64 63
65 64
65 66
65 67
65 69
65 70
65 63
66 65
66 67
66 71
66 58
66 61
66 63
67 65
67 66
67 68
67 69
67 71
68 67
68 69
68 71
68 47
68 55
68 59
69 65
69 67
69 68
69 70
69 45
69 47
70 64
70 65
70 69
70 72
70 42
70 45
71 66
71 67
71 68
71 73
71 59
71 61
72 64
72 70
72 40
72 42
72 43
72 62
73 59
73 60
73 61
73 71
74 75
74 76
74 77
74 78
74 82
75 74
75 76
75 82
75 84
75 85
76 74
76 75
76 77
76 83
76 84
77 74
77 76
77 78
77 79
77 83
78 74
78 77
78 79
78 80
78 82
79 77
79 78
79 80
79 81
79 83
80 78
80 79
80 81
80 82
80 86
80 87
81 80
81 83
81 87
81 79
82 74
82 75
82 78
82 80
82 85
82 86
83 76
83 77
83 79
83 81
83 84
83 87
84 75
84 76
84 83
84 85
84 86
84 87
85 82
85 75
85 84
85 86
86 80
86 82
86 84
86 85
86 87
87 80
87 81
87 83
87 84
87 86
88 89
88 90
88 92
88 93
89 88
89 90
89 91
89 93
89 94
89 95
90 88
90 89
90 91
90 92
91 89
91 90
91 92
91 94
92 88
92 90
92 91
92 93
92 94
92 95
93 88
93 89
93 92
93 95
94 89
94 91
94 92
94 95
95 89
95 92
95 93
95 94
96 97
96 98
96 99
96 100
96 105
96 106
97 96
97 98
97 108
97 106
98 96
98 97
98 99
98 107
98 108
98 109
99 96
99 98
99 100
99 101
99 107
100 96
100 99
100 101
100 102
100 104
100 105
101 99
101 100
101 102
101 103
101 107
102 100
102 101
102 103
102 104
102 110
102 111
103 107
103 101
103 102
103 111
104 100
104 102
104 105
104 110
104 112
104 113
105 96
105 100
105 104
105 106
105 113
106 96
106 97
106 105
106 108
106 112
106 113
107 98
107 99
107 101
107 103
107 109
107 111
108 97
108 98
108 106
108 109
108 110
108 112
109 98
109 107
109 108
109 110
109 111
110 102
110 104
110 108
110 109
110 111
110 112
111 102
111 103
111 107
111 109
111 110
112 104
112 106
112 108
112 110
112 113
113 112
113 105
113 106
113 104
114 115
114 116
114 117
114 122
114 124
114 125
115 114
115 116
115 118
115 119
115 122
116 114
116 115
116 117
116 118
116 123
117 124
117 114
117 123
117 116
118 115
118 116
118 119
118 120
118 123
119 115
119 118
119 120
119 121
119 122
120 118
120 119
120 121
120 123
120 126
120 127
121 120
121 122
121 126
121 119
122 114
122 115
122 119
122 121
122 125
122 126
123 116
123 117
123 118
123 120
123 124
123 127
124 114
124 117
124 123
124 125
124 126
124 127
125 114
125 126
125 124
125 122
126 120
126 121
126 122
126 124
126 125
126 127
127 120
127 123
127 124
127 126
128 129
128 130
128 132
128 134
129 128
129 130
129 131
129 132
129 133
129 135
130 128
130 129
130 131
130 134
131 129
131 130
131 134
131 135
132 128
132 129
132 133
132 134
133 129
133 132
133 134
133 135
134 128
134 130
134 131
134 132
134 133
134 135
135 129
135 131
135 133
135 134
136 137
136 138
136 139
136 140
136 145
136 146
137 136
137 138
137 148
137 146
138 136
138 137
138 139
138 147
138 148
138 149
139 136
139 138
139 140
139 141
139 147
140 136
140 139
140 141
140 142
140 144
140 145
141 139
141 140
141 142
141 143
141 147
142 140
142 141
142 143
142 144
142 150
142 151
143 147
143 141
143 142
143 151
144 140
144 142
144 145
144 150
144 152
144 153
145 136
145 140
145 144
145 146
145 153
146 136
146 137
146 145
146 148
146 152
146 153
147 138
147 139
147 141
147 143
147 149
147 151
148 137
148 138
148 146
148 149
148 150
148 152
149 138
149 147
149 148
149 150
149 151
150 142
150 144
150 148
150 149
150 151
150 152
151 142
151 143
151 147
151 149
151 150
152 144
152 146
152 148
152 150
152 153
153 152
153 145
153 146
153 144
154 162
154 164
154 165
154 155
154 156
154 157
155 162
155 154
155 156
155 158
155 159
156 163
156 154
156 155
156 157
156 158
157 164
157 154
157 163
157 156
158 160
158 163
158 155
158 156
158 159
159 160
159 161
159 162
159 155
159 158
160 161
160 163
160 166
160 167
160 158
160 159
161 160
161 162
161 166
161 159
162 161
162 165
162 166
162 154
162 155
162 159
163 160
163 164
163 167
163 156
163 157
163 158
164 163
164 165
164 166
164 167
164 154
164 157
165 162
165 154
165 164
165 166
166 160
166 161
166 162
166 164
166 165
166 167
167 160
167 163
167 164
167 166
168 169
168 170
168 172
168 173
169 168
169 170
169 171
169 172
169 174
169 175
170 168
170 169
170 171
170 173
171 169
171 170
171 173
171 174
172 168
172 169
172 173
172 175
173 168
173 170
173 171
173 172
173 174
173 175
174 169
174 171
174 173
174 175
175 169
175 172
175 173
175 174
176 177
176 178
176 179
176 180
176 185
176 186
177 176
177 186
177 178
177 188
178 176
178 177
178 179
178 187
178 188
178 189
179 176
179 178
179 180
179 181
179 187
180 176
180 179
180 181
180 182
180 184
180 185
181 179
181 180
181 182
181 183
181 187
182 180
182 181
182 183
182 184
182 190
182 191
183 187
183 181
183 182
183 191
184 192
184 193
184 180
184 182
184 185
184 190
185 193
185 176
185 180
185 184
185 186
186 192
186 193
186 176
186 177
186 185
186 188
187 178
187 179
187 181
187 183
187 189
187 191
188 192
188 177
188 178
188 186
188 189
188 190
189 178
189 187
189 188
189 190
189 191
190 192
190 182
190 184
190 188
190 189
190 191
191 182
191 183
191 187
191 189
191 190
192 193
192 184
192 186
192 188
192 190
193 184
193 185
193 186
193 192
194 195
194 196
194 197
194 202
194 204
194 205
195 194
195 196
195 198
195 199
195 202
196 194
196 195
196 197
196 198
196 203
197 204
197 194
197 203
197 196
198 195
198 196
198 199
198 200
198 203
199 195
199 198
199 200
199 201
199 202
200 198
200 199
200 201
200 203
200 206
200 207
201 200
201 202
201 206
201 199
202 194
202 195
202 199
202 201
202 205
202 206
203 196
203 197
203 198
203 200
203 204
203 207
204 194
204 197
204 203
204 205
204 206
204 207
205 202
205 194
205 204
205 206
206 200
206 201
206 202
206 204
206 205
206 207
207 200
207 203
207 204
207 206
208 209
208 210
208 212
208 213
209 208
209 210
209 211
209 212
209 214
209 215
210 208
210 209
210 211
210 213
211 209
211 210
211 213
211 214
212 208
212 209
212 213
212 215
213 208
213 210
213 211
213 212
213 214
213 215
214 209
214 211
214 213
214 215
215 209
215 212
215 213
215 214
216 225
216 226
216 217
216 218
216 219
216 220
217 216
217 218
217 226
217 228
218 227
218 228
218 229
218 216
218 217
218 219
219 227
219 216
219 218
219 220
219 221
220 224
220 225
220 216
220 219
220 221
220 222
221 227
221 219
221 220
221 222
221 223
222 224
222 230
222 231
222 220
222 221
222 223
223 227
223 221
223 222
223 231
224 225
224 230
224 232
224 233
224 220
224 222
225 224
225 226
225 233
225 216
225 220
226 225
226 228
226 232
226 233
226 216
226 217
227 229
227 231
227 218
227 219
227 221
227 223
228 226
228 229
228 230
228 232
228 217
228 218
229 227
229 228
229 230
229 231
229 218
230 224
230 228
230 229
230 231
230 232
230 222
231 227
231 229
231 230
231 222
231 223
232 224
232 226
232 228
232 230
232 233
233 232
233 224
233 226
233 225
234 235
234 236
234 237
234 242
234 244
234 245
235 234
235 236
235 238
235 239
235 242
236 234
236 235
236 237
236 238
236 243
237 234
237 243
237 236
237 244
238 235
238 236
238 239
238 240
238 243
239 235
239 238
239 240
239 241
239 242
240 238
240 239
240 241
240 243
240 246
240 247
241 240
241 242
241 246
241 239
242 234
242 235
242 239
242 241
242 245
242 246
243 236
243 237
243 238
243 240
243 244
243 247
244 234
244 237
244 243
244 245
244 246
244 247
245 234
245 242
245 244
245 246
246 240
246 241
246 242
246 244
246 245
246 247
247 240
247 243
247 244
247 246
248 249
248 250
248 252
248 253
249 248
249 250
249 251
249 252
249 254
249 255
250 248
250 249
250 251
250 253
251 249
251 250
251 253
251 254
252 248
252 249
252 253
252 255
253 248
253 250
253 251
253 252
253 254
253 255
254 249
254 251
254 253
254 255
255 249
255 252
255 253
255 254
256 0
256 1
256 2
256 3
256 4
256 5
256 6
256 14
256 21
256 25
256 26
256 27
