2 256
10 11
11 10
12 15
12 105
13 110
13 140
14 55
14 59
15 12
17 190
17 224
17 225
18 224
18 232
19 23
23 19
33 34
33 106
34 33
34 106
35 226
36 226
41 49
41 74
43 53
49 41
53 43
54 56
54 60
55 14
55 59
56 54
56 60
58 66
59 14
59 55
59 73
60 54
60 56
60 73
61 71
64 72
66 58
71 61
71 73
72 64
72 86
73 59
73 60
73 71
74 41
76 88
77 90
79 91
81 94
84 93
86 72
87 95
88 76
90 77
90 91
91 79
91 90
93 84
94 81
95 87
98 116
98 117
99 101
99 116
100 102
101 99
101 118
102 100
102 104
102 110
102 140
103 120
103 127
103 158
104 102
105 12
105 113
106 33
106 34
106 113
107 116
108 136
109 124
109 138
109 139
109 156
109 157
110 13
110 102
110 140
111 127
111 141
111 143
111 158
112 113
113 105
113 106
113 112
114 115
114 128
114 130
114 132
114 134
115 114
115 119
115 122
115 128
115 130
115 131
115 134
116 98
116 99
116 107
116 118
116 123
117 98
118 101
118 116
119 115
119 121
119 130
119 131
119 134
120 103
120 127
120 158
121 119
121 131
121 135
122 115
122 128
122 130
122 132
122 134
123 116
124 109
124 138
124 139
124 156
124 157
125 126
125 133
126 125
126 132
126 133
126 134
127 103
127 111
127 120
127 141
127 158
128 114
128 115
128 122
128 130
128 132
130 114
130 115
130 119
130 122
130 128
130 131
130 134
131 115
131 119
131 121
131 130
131 135
132 114
132 122
132 126
132 128
132 133
133 125
133 126
133 132
134 114
134 115
134 119
134 122
134 126
134 130
134 135
135 121
135 131
135 134
136 108
138 109
138 124
138 139
138 147
138 156
138 157
139 109
139 124
139 138
139 156
139 157
140 13
140 102
140 110
141 111
141 127
141 143
141 158
143 111
143 141
143 160
145 146
145 153
146 145
146 153
147 138
147 157
147 163
148 176
148 177
149 163
149 164
149 179
149 196
150 180
151 160
151 167
151 181
151 198
152 153
153 145
153 146
153 152
154 165
154 168
154 173
155 162
155 168
155 170
156 109
156 124
156 138
156 139
156 157
157 109
157 124
157 138
157 139
157 147
157 156
158 103
158 111
158 120
158 127
158 141
159 161
159 162
159 171
159 174
160 143
160 151
160 167
160 181
160 198
161 159
161 162
161 171
161 173
161 174
162 155
162 159
162 161
162 166
162 168
162 170
162 171
162 173
162 174
162 175
163 147
163 149
163 164
163 179
164 149
164 163
164 179
164 196
165 154
165 166
165 172
165 173
165 175
166 162
166 165
166 172
166 175
167 151
167 160
167 181
167 198
168 154
168 155
168 162
168 170
170 155
170 162
170 168
170 171
171 159
171 161
171 162
171 170
171 174
172 165
172 166
172 175
173 154
173 161
173 162
173 165
173 174
173 175
174 159
174 161
174 162
174 171
174 173
175 162
175 165
175 166
175 172
175 173
176 148
177 148
178 187
178 189
178 197
178 204
178 219
179 149
179 163
179 164
179 196
180 150
181 151
181 160
181 167
181 198
182 220
183 191
183 200
184 193
185 193
186 192
186 193
187 178
187 197
187 203
187 204
187 221
187 238
188 216
189 178
189 204
189 219
189 221
189 236
189 238
190 17
190 220
191 183
191 207
191 221
191 238
192 186
192 193
193 184
193 185
193 186
193 192
194 202
194 205
194 208
194 212
195 199
195 202
195 208
195 210
195 211
195 213
196 149
196 164
196 179
196 197
197 178
197 187
197 196
197 203
197 204
198 151
198 160
198 167
198 181
198 200
199 195
199 201
199 202
199 210
199 211
199 213
199 214
200 183
200 198
200 207
201 199
201 206
201 211
201 214
201 215
202 194
202 195
202 199
202 208
202 210
202 211
202 213
203 187
203 197
204 178
204 187
204 189
204 197
204 219
204 236
205 194
205 206
205 208
205 212
205 215
206 201
206 205
206 212
206 215
206 239
207 191
207 200
207 221
207 238
208 194
208 195
208 202
208 205
208 210
208 212
208 213
210 195
210 199
210 202
210 208
210 211
210 213
211 195
211 199
211 201
211 202
211 210
211 213
211 214
212 194
212 205
212 206
212 208
212 215
213 195
213 199
213 202
213 208
213 210
213 211
213 214
214 199
214 201
214 211
214 213
214 215
215 201
215 205
215 206
215 212
215 214
215 239
216 188
218 227
218 229
218 236
218 237
219 178
219 189
219 204
219 221
219 236
219 238
220 182
220 190
221 187
221 189
221 191
221 207
221 219
221 227
221 238
222 224
223 240
223 247
224 17
224 18
224 222
225 17
226 35
226 36
226 233
227 218
227 221
227 238
227 243
229 218
229 244
231 247
232 18
232 233
233 226
233 232
234 235
234 242
234 245
234 248
234 252
234 253
235 234
235 239
235 250
235 253
236 189
236 204
236 218
236 219
236 237
237 218
237 236
238 187
238 189
238 191
238 207
238 219
238 221
238 227
239 206
239 215
239 235
239 241
239 251
240 223
240 247
241 239
241 246
241 251
241 253
241 254
242 234
242 246
242 248
242 253
243 227
244 229
245 234
245 246
245 248
245 252
245 253
246 241
246 242
246 245
246 252
246 253
246 254
246 255
247 223
247 231
247 240
248 234
248 242
248 245
248 250
248 252
250 235
250 248
251 239
251 241
251 254
252 234
252 245
252 246
252 248
252 255
253 234
253 235
253 241
253 242
253 245
253 246
254 241
254 246
254 251
254 255
255 246
255 252
255 254
256 2
