0 1
0 194
1 0
1 194
2 194
2 3
3 194
3 2
4 194
4 5
5 194
5 4
6 194
6 7
7 194
7 6
8 9
8 194
9 8
9 194
10 194
10 11
11 194
11 10
12 194
12 13
12 14
12 15
12 17
13 27
13 12
13 14
13 15
13 146
13 155
14 12
14 13
14 16
14 17
14 18
14 121
14 27
15 194
15 137
15 139
15 12
15 13
15 145
15 146
16 14
16 20
16 121
16 27
16 25
17 194
17 12
17 14
17 18
17 19
18 14
18 17
18 19
18 118
18 119
18 121
19 17
19 18
19 118
19 194
20 16
20 21
20 22
20 23
20 24
20 121
20 25
21 121
21 122
21 20
21 22
22 35
22 20
22 21
22 23
22 122
22 125
23 35
23 20
23 22
23 24
23 29
24 20
24 23
24 25
24 28
24 29
24 30
24 31
25 16
25 20
25 24
25 26
25 27
25 28
26 43
26 123
26 28
26 25
26 27
26 124
26 126
27 162
27 167
27 13
27 45
27 14
27 16
27 25
27 26
27 155
27 124
28 24
28 25
28 26
28 127
28 126
28 31
29 32
29 35
29 23
29 24
29 30
30 32
30 33
30 24
30 29
30 31
31 33
31 34
31 24
31 28
31 30
31 127
32 33
32 35
32 37
32 38
32 39
32 40
32 29
32 30
33 32
33 34
33 36
33 37
33 30
33 31
34 33
34 130
34 36
34 31
34 127
35 32
35 128
35 38
35 125
35 22
35 23
35 29
36 33
36 34
36 130
36 132
36 37
36 41
37 32
37 33
37 36
37 40
37 41
38 32
38 129
38 128
38 35
38 39
39 32
39 129
39 131
39 38
39 40
39 41
40 32
40 41
40 37
40 39
41 131
41 132
41 36
41 37
41 39
41 40
42 43
42 44
42 116
42 119
42 118
42 86
42 120
43 26
43 42
43 44
43 45
43 46
43 120
43 122
43 123
43 124
44 72
44 42
44 43
44 46
44 50
44 51
44 52
44 86
44 157
45 167
45 43
45 46
45 47
45 27
45 124
46 43
46 44
46 45
46 47
46 48
46 49
46 50
47 166
47 167
47 45
47 46
47 174
47 48
48 174
48 46
48 47
48 49
48 186
49 163
49 164
49 46
49 48
49 50
49 185
49 186
50 163
50 44
50 46
50 49
50 157
51 44
51 52
51 53
51 56
51 156
51 157
51 158
52 72
52 44
52 51
52 53
52 54
52 55
53 51
53 52
53 54
53 56
53 57
53 61
54 52
54 53
54 55
54 57
54 58
54 59
55 72
55 148
55 52
55 54
55 59
56 160
56 51
56 53
56 62
56 61
56 158
57 64
57 67
57 53
57 54
57 58
57 60
57 61
57 63
58 54
58 57
58 154
58 59
58 60
58 159
59 154
59 148
59 54
59 55
59 58
60 161
60 67
60 171
60 57
60 58
60 159
61 69
61 53
61 56
61 57
61 62
61 63
62 160
62 69
62 179
62 56
62 61
63 64
63 65
63 69
63 57
63 61
64 65
64 66
64 67
64 57
64 63
65 64
65 66
65 69
65 70
65 71
65 63
66 64
66 65
66 67
66 68
66 71
67 64
67 66
67 68
67 171
67 57
67 60
68 66
68 67
68 71
68 171
68 177
69 65
69 70
69 178
69 179
69 61
69 62
69 63
70 65
70 178
70 69
70 71
71 65
71 66
71 68
71 70
71 177
71 178
72 73
72 74
72 44
72 52
72 148
72 86
72 55
73 72
73 74
73 75
73 146
73 147
73 148
74 72
74 73
74 75
74 76
74 77
74 78
74 86
75 73
75 74
75 76
75 83
75 147
75 149
75 152
76 74
76 75
76 77
76 79
76 82
76 83
77 74
77 76
77 78
77 79
77 80
77 84
78 74
78 77
78 84
78 85
78 86
79 76
79 77
79 80
79 81
79 82
79 87
79 88
79 95
80 77
80 79
80 144
80 81
80 84
80 150
81 191
81 79
81 80
81 150
81 151
81 95
82 76
82 79
82 83
82 87
82 90
83 75
83 76
83 82
83 152
83 153
83 90
84 77
84 78
84 80
84 144
84 85
85 139
85 78
85 144
85 145
85 84
85 86
86 98
86 72
86 74
86 42
86 44
86 139
86 78
86 116
86 117
86 85
87 79
87 82
87 88
87 89
87 90
88 79
88 87
88 89
88 93
88 95
89 87
89 88
89 90
89 91
89 92
89 93
90 192
90 153
90 82
90 83
90 87
90 89
90 91
91 192
91 89
91 90
91 92
92 192
92 193
92 89
92 91
92 93
92 94
93 88
93 89
93 92
93 94
93 95
94 193
94 92
94 93
94 95
94 191
95 79
95 81
95 88
95 93
95 94
95 191
96 97
96 98
96 134
96 135
96 137
96 106
96 139
97 96
97 98
97 99
97 100
97 101
97 106
98 96
98 97
98 100
98 139
98 117
98 86
99 97
99 100
99 101
99 102
99 103
99 104
100 97
100 194
100 99
100 98
100 104
100 105
100 117
101 97
101 99
101 102
101 106
101 107
101 108
101 113
102 99
102 101
102 103
102 113
102 114
103 99
103 133
103 102
103 104
103 136
103 141
103 114
104 99
104 100
104 103
104 136
104 105
104 138
105 104
105 194
105 100
105 138
106 96
106 97
106 101
106 134
106 107
106 140
107 101
107 106
107 140
107 109
107 108
107 142
108 101
108 107
108 109
108 110
108 111
108 113
109 107
109 108
109 142
109 110
109 112
110 112
110 108
110 109
110 111
111 108
111 110
111 112
111 113
111 114
111 115
112 109
112 142
112 110
112 111
112 143
112 115
113 101
113 102
113 108
113 111
113 114
114 102
114 103
114 141
114 111
114 113
114 115
115 141
115 143
115 112
115 111
115 114
116 194
116 42
116 117
116 118
116 86
117 194
117 98
117 100
117 116
117 86
118 194
118 42
118 18
118 19
118 116
118 119
119 42
119 18
119 118
119 120
119 121
120 42
120 43
120 119
120 121
120 122
121 14
121 16
121 18
121 20
121 21
121 119
121 120
121 122
122 43
122 21
122 22
122 120
122 121
122 123
122 125
123 122
123 43
123 26
123 125
123 126
124 43
124 26
124 27
124 45
125 128
125 35
125 22
125 122
125 123
125 126
125 127
126 26
126 123
126 28
126 125
126 127
127 128
127 129
127 130
127 34
127 28
127 125
127 126
127 31
128 129
128 35
128 38
128 125
128 127
129 128
129 130
129 131
129 38
129 39
129 127
130 129
130 34
130 131
130 132
130 36
130 127
131 129
131 130
131 132
131 39
131 41
132 41
132 130
132 131
132 36
133 134
133 103
133 136
133 135
133 140
133 141
134 96
134 133
134 135
134 106
134 140
135 96
135 133
135 134
135 136
135 137
136 133
136 103
136 104
136 137
136 135
136 138
137 96
137 194
137 135
137 136
137 138
137 139
137 15
138 194
138 104
138 137
138 136
138 105
139 96
139 98
139 137
139 15
139 145
139 85
139 86
140 133
140 134
140 106
140 107
140 141
140 142
140 143
141 133
141 103
141 140
141 143
141 114
141 115
142 107
142 140
142 109
142 143
142 112
143 140
143 141
143 142
143 112
143 115
144 80
144 145
144 146
144 147
144 84
144 85
144 149
144 150
145 139
145 15
145 144
145 146
145 85
146 73
146 13
146 15
146 144
146 145
146 147
146 148
146 154
146 155
147 73
147 75
147 144
147 146
147 149
148 72
148 73
148 146
148 55
148 154
148 59
149 75
149 144
149 147
149 150
149 151
149 152
150 144
150 81
150 80
150 149
150 151
151 81
151 149
151 150
151 152
151 191
152 75
152 83
152 149
152 151
152 153
152 191
153 192
153 83
153 152
153 90
153 191
154 59
154 146
154 148
154 58
154 155
154 156
154 158
154 159
155 162
155 13
155 146
155 154
155 27
155 156
155 157
156 51
156 154
156 155
156 157
156 158
157 162
157 163
157 44
157 50
157 51
157 155
157 156
158 160
158 51
158 56
158 154
158 156
158 159
159 160
159 161
159 58
159 154
159 60
159 158
160 161
160 171
160 179
160 56
160 62
160 158
160 159
161 160
161 171
161 60
161 159
162 163
162 164
162 165
162 166
162 167
162 27
162 155
162 157
163 162
163 164
163 49
163 50
163 157
164 162
164 163
164 165
164 170
164 49
164 185
165 162
165 164
165 166
165 168
165 169
165 170
166 162
166 165
166 167
166 168
166 174
166 47
167 162
167 166
167 45
167 47
167 27
168 165
168 166
168 169
168 172
168 173
168 174
169 168
169 170
169 172
169 165
170 164
170 165
170 169
170 172
170 176
170 185
171 160
171 161
171 67
171 68
171 177
171 178
171 179
171 60
172 168
172 169
172 170
172 173
172 176
172 180
172 184
173 168
173 172
173 174
173 175
173 180
173 181
173 182
174 166
174 168
174 173
174 175
174 47
174 48
174 186
175 173
175 174
175 182
175 186
175 187
176 170
176 172
176 184
176 185
176 188
177 178
177 171
177 68
177 71
178 69
178 70
178 71
178 171
178 177
178 179
179 160
179 69
179 171
179 178
179 62
180 172
180 173
180 181
180 183
180 184
181 180
181 173
181 182
181 183
182 173
182 175
182 181
182 183
182 187
182 190
183 180
183 181
183 182
183 184
183 189
183 190
184 172
184 176
184 180
184 183
184 188
184 189
185 164
185 170
185 176
185 49
185 186
185 187
185 188
186 174
186 175
186 48
186 49
186 185
186 187
187 175
187 182
187 185
187 186
187 188
187 189
187 190
188 176
188 184
188 185
188 187
188 189
189 183
189 184
189 187
189 188
189 190
190 187
190 189
190 182
190 183
191 192
191 193
191 81
191 151
191 152
191 153
191 94
191 95
192 193
192 153
192 90
192 91
192 92
192 191
193 192
193 92
193 94
193 191
194 0
194 1
194 2
194 3
194 4
194 5
194 6
194 7
194 8
194 9
194 10
194 11
194 12
194 137
194 138
194 15
194 17
194 19
194 100
194 105
194 116
194 117
194 118
