0 1
0 2
0 3
0 133
0 7
0 8
0 112
1 0
1 2
1 3
1 132
1 4
1 141
2 0
2 1
2 132
2 133
2 137
2 11
3 0
3 1
3 4
3 5
3 112
3 113
3 114
4 1
4 3
4 5
4 6
4 141
5 3
5 4
5 6
5 114
5 88
5 89
6 4
6 5
6 75
6 141
6 88
7 0
7 133
7 39
7 8
7 136
7 43
7 24
7 25
8 0
8 7
8 104
8 105
8 112
8 24
9 10
9 11
9 12
9 55
9 59
10 9
10 11
10 12
10 13
10 14
10 15
11 2
11 133
11 9
11 10
11 137
11 15
11 59
12 9
12 10
12 13
12 19
12 20
12 55
12 60
13 10
13 12
13 14
13 16
13 19
13 21
14 10
14 13
14 15
14 16
14 17
15 133
15 10
15 11
15 14
15 17
15 49
16 13
16 14
16 17
16 18
16 21
17 14
17 15
17 16
17 49
17 18
17 58
17 61
18 102
18 16
18 17
18 21
18 22
18 61
19 12
19 13
19 20
19 21
19 22
20 101
20 12
20 19
20 22
20 60
21 13
21 16
21 18
21 19
21 22
22 101
22 102
22 18
22 19
22 20
22 21
23 32
23 24
23 25
23 26
23 27
23 28
23 31
24 7
24 8
24 105
24 23
24 25
24 27
25 69
25 7
25 43
25 23
25 24
25 28
26 32
26 65
26 36
26 23
26 27
27 64
27 65
27 66
27 71
27 105
27 106
27 81
27 83
27 23
27 24
27 26
28 69
28 23
28 25
28 29
28 30
28 31
29 67
29 68
29 69
29 124
29 28
29 30
30 33
30 35
30 124
30 28
30 29
30 31
31 32
31 33
31 23
31 28
31 30
32 33
32 34
32 36
32 23
32 26
32 31
33 32
33 34
33 35
33 123
33 30
33 31
34 32
34 33
34 123
34 36
35 33
35 122
35 123
35 124
35 30
36 32
36 65
36 34
36 122
36 26
36 123
37 129
37 131
37 38
37 39
37 40
38 37
38 39
38 40
38 41
38 42
38 43
39 131
39 37
39 38
39 7
39 134
39 136
39 43
40 128
40 129
40 37
40 38
40 41
40 45
40 51
41 38
41 40
41 42
41 44
41 45
42 69
42 38
42 41
42 43
42 44
42 47
43 69
43 38
43 39
43 7
43 42
43 25
44 41
44 42
44 45
44 46
44 47
44 48
45 40
45 41
45 44
45 46
45 50
45 51
46 48
46 50
46 44
46 45
47 69
47 42
47 44
47 48
47 125
47 126
47 127
48 44
48 46
48 47
48 50
48 125
49 133
49 135
49 15
49 17
49 57
49 58
50 45
50 46
50 48
50 51
50 125
51 128
51 40
51 45
51 50
51 125
52 72
52 73
52 138
52 139
52 53
52 54
52 62
52 63
53 135
53 138
53 52
53 54
53 57
54 73
54 137
54 141
54 52
54 53
54 56
54 57
55 9
55 12
55 56
55 57
55 58
55 59
55 60
56 137
56 54
56 55
56 57
56 59
57 135
57 49
57 53
57 54
57 55
57 56
57 58
58 49
58 17
58 55
58 57
58 60
58 61
59 9
59 137
59 11
59 55
59 56
60 101
60 102
60 12
60 20
60 55
60 58
60 61
61 102
61 17
61 18
61 58
61 60
62 64
62 70
62 71
62 72
62 52
62 63
63 64
63 66
63 68
63 69
63 139
63 52
63 62
64 66
64 71
64 27
64 62
64 63
65 66
65 67
65 68
65 36
65 122
65 26
65 27
66 64
66 65
66 68
66 27
66 63
67 65
67 68
67 122
67 124
67 29
68 65
68 66
68 67
68 69
68 29
68 63
69 68
69 42
69 43
69 139
69 127
69 47
69 25
69 28
69 29
69 63
70 71
70 72
70 74
70 75
70 140
70 88
70 90
70 62
71 64
71 70
71 140
71 81
71 27
71 62
72 70
72 73
72 74
72 141
72 52
72 62
73 72
73 52
73 141
73 54
74 72
74 75
74 141
74 70
75 70
75 6
75 74
75 141
75 88
76 103
76 77
76 78
76 79
76 111
76 86
77 76
77 78
77 79
77 80
77 81
78 76
78 77
78 140
78 111
78 81
79 76
79 77
79 80
79 82
79 85
79 86
79 87
80 77
80 79
80 81
80 82
80 83
81 71
81 140
81 77
81 78
81 80
81 83
81 27
82 79
82 80
82 83
82 84
82 85
83 106
83 80
83 81
83 82
83 84
83 27
84 106
84 108
84 109
84 82
84 83
84 85
85 109
85 79
85 82
85 84
85 87
86 103
86 107
86 76
86 110
86 79
86 87
87 109
87 110
87 79
87 85
87 86
88 5
88 6
88 70
88 75
88 89
88 90
89 5
89 114
89 88
89 90
89 91
89 93
90 70
90 140
90 111
90 88
90 89
90 91
91 111
91 89
91 90
91 92
91 93
91 94
92 111
92 120
92 121
92 91
92 94
92 95
93 96
93 97
93 114
93 89
93 91
93 94
94 96
94 98
94 91
94 92
94 93
94 95
95 98
95 118
95 119
95 120
95 92
95 94
96 97
96 98
96 99
96 100
96 93
96 94
97 96
97 100
97 114
97 115
97 93
98 96
98 99
98 119
98 94
98 95
99 96
99 98
99 100
99 117
99 119
100 96
100 97
100 99
100 115
100 116
100 117
101 102
101 60
101 20
101 22
102 101
102 18
102 22
102 60
102 61
103 104
103 105
103 106
103 107
103 76
103 111
103 86
104 103
104 8
104 105
104 111
104 112
104 121
105 103
105 104
105 8
105 106
105 24
105 27
106 103
106 105
106 107
106 108
106 83
106 84
106 27
107 103
107 106
107 108
107 110
107 86
108 106
108 107
108 109
108 110
108 84
109 108
109 110
109 84
109 85
109 87
110 107
110 108
110 109
110 86
110 87
111 103
111 104
111 76
111 140
111 78
111 121
111 90
111 91
111 92
112 0
112 3
112 8
112 104
112 113
112 121
113 3
113 112
113 114
113 115
113 121
114 97
114 3
114 5
114 113
114 115
114 89
114 93
115 97
115 100
115 113
115 114
115 116
115 118
115 120
115 121
116 115
116 100
116 117
116 118
117 99
117 100
117 116
117 118
117 119
118 115
118 116
118 117
118 119
118 120
118 95
119 98
119 99
119 117
119 118
119 95
120 115
120 118
120 121
120 92
120 95
121 104
121 111
121 112
121 113
121 115
121 120
121 92
122 65
122 67
122 36
122 35
122 123
122 124
123 33
123 34
123 35
123 36
123 122
124 35
124 67
124 122
124 29
124 30
125 128
125 47
125 48
125 50
125 51
125 126
126 128
126 129
126 47
126 125
126 127
127 129
127 130
127 69
127 138
127 139
127 47
127 126
128 129
128 40
128 51
128 125
128 126
129 128
129 130
129 131
129 37
129 40
129 126
129 127
130 129
130 131
130 134
130 138
130 127
131 129
131 130
131 37
131 134
131 39
132 1
132 2
132 137
132 141
133 0
133 2
133 135
133 7
133 136
133 11
133 15
133 49
134 130
134 131
134 135
134 136
134 39
134 138
135 133
135 134
135 136
135 138
135 49
135 53
135 57
136 133
136 134
136 7
136 39
136 135
137 2
137 132
137 11
137 141
137 54
137 56
137 59
138 130
138 134
138 135
138 139
138 52
138 53
138 127
139 69
139 138
139 52
139 127
139 63
140 70
140 71
140 78
140 111
140 81
140 90
141 1
141 132
141 4
141 6
141 72
141 73
141 137
141 74
141 75
141 54
