-0.265897 0.319450 -0.064729 -0.237853 0.969758 -0.054729
-0.280638 0.274576 -0.211710 -0.482714 0.772368 -0.412836
-0.271346 0.302585 0.093533 -0.294410 0.894552 0.336302
-0.160399 0.258546 -0.259781 -0.131070 0.829490 -0.542925
-0.177824 0.198025 -0.289317 -0.251784 0.124666 -0.959720
-0.288393 0.195124 -0.262615 -0.701004 0.312128 -0.641225
-0.110715 0.253950 -0.287173 -0.336649 0.707754 -0.621089
-0.128208 0.181339 -0.302942 -0.511825 -0.085611 -0.854813
-0.077232 0.185257 -0.348269 -0.734020 -0.127647 -0.667023
-0.064368 0.240622 -0.343308 -0.525797 0.688538 -0.499453
-0.013164 0.253779 -0.296643 0.251600 0.958565 0.133603
-0.061117 0.265230 -0.243231 0.429955 0.898380 0.089736
-0.033643 0.203999 -0.219725 0.866744 0.003858 0.498739
-0.088034 0.282930 -0.193636 0.143651 0.959572 -0.242044
-0.025853 0.200627 -0.206554 0.102215 0.029241 -0.994333
-0.042971 0.218790 -0.214333 0.865562 0.190507 -0.463152
0.006616 0.200605 -0.273620 0.748735 0.023429 0.662456
-0.015776 0.238235 -0.399758 -0.353605 0.868557 -0.347236
0.037951 0.251213 -0.348675 0.155161 0.979932 0.125133
0.062238 0.202150 -0.327386 0.688825 0.220326 0.690635
0.049495 0.238267 -0.467969 -0.342128 0.817384 -0.463499
0.105549 0.248708 -0.416505 0.445023 0.845484 0.295148
0.128487 0.200630 -0.392486 0.777344 -0.039009 0.627865
-0.028811 0.184861 -0.418318 -0.764315 -0.085648 -0.639130
0.144970 0.197750 -0.441088 0.980353 0.024518 0.195722
0.132112 0.240868 -0.450748 0.513968 0.800930 -0.307161
0.029701 0.181503 -0.480580 -0.625384 -0.226835 -0.746619
0.081533 0.183798 -0.500000 -0.197327 -0.127266 -0.972042
0.087046 0.233703 -0.490401 0.151797 0.565231 -0.810846
0.127277 0.191552 -0.485972 0.672496 0.019809 -0.739836
-0.230559 0.073339 -0.167140 0.167694 -0.977718 -0.126276
-0.057645 0.126188 -0.201315 0.370815 -0.915041 -0.158733
-0.035670 0.137147 -0.091471 0.423132 -0.905518 -0.031558
-0.021871 0.147999 -0.182024 0.196691 -0.887538 -0.416640
0.035064 0.208813 -0.231444 -0.357529 -0.063902 -0.931713
0.038761 0.156941 -0.195624 -0.206047 -0.831338 -0.516160
0.057877 0.156924 -0.137747 0.135650 -0.903576 0.406385
-0.004988 0.150411 -0.118152 0.392019 -0.735758 0.552251
0.005721 0.226480 -0.077375 0.376276 -0.030893 -0.925992
-0.021157 0.147460 -0.048264 0.435704 -0.853600 -0.285534
0.057324 0.162255 -0.040220 0.042735 -0.930430 -0.363970
0.049563 0.162276 0.036559 -0.027110 -0.877646 0.478543
-0.026467 0.146393 0.021361 0.296905 -0.689068 0.661085
0.072840 0.211093 -0.064803 0.115151 -0.032365 -0.992821
0.204781 0.160160 0.065007 -0.145676 -0.891240 0.429501
0.053809 0.207899 0.057320 -0.190061 -0.005543 0.981757
-0.006773 0.231965 0.050087 -0.036613 -0.076553 0.996393
-0.022588 0.236736 0.055019 0.794704 0.255725 0.550500
0.194000 0.212952 0.096534 -0.209188 0.161677 0.964417
0.216261 0.151917 -0.021768 -0.002401 -0.828241 -0.560367
0.221289 0.204548 -0.051786 0.086587 0.090828 -0.992095
0.285949 0.143820 -0.013860 0.042800 -0.953930 -0.296962
0.274006 0.148334 0.078171 -0.009322 -0.926349 0.376552
0.361108 0.156135 0.008379 0.502199 -0.806810 -0.311215
0.354360 0.158768 0.078749 0.455408 -0.659851 0.597661
0.278509 0.207706 0.110712 -0.038067 -0.116492 0.992462
0.352819 0.211129 0.097748 0.399959 0.185458 0.897574
0.301722 0.205762 -0.045783 0.248544 -0.081642 -0.965174
0.367360 0.209858 -0.014124 0.729602 0.000262 -0.683872
0.387276 0.213577 0.045494 0.992153 0.016192 0.123974
-0.047371 0.129842 0.043871 0.740953 -0.671528 0.006226
-0.013877 0.234192 0.068536 0.724102 0.237098 -0.647658
-0.033083 0.143734 0.073172 0.578382 -0.653296 -0.488547
0.057688 0.213113 0.111882 0.520350 0.322654 -0.790651
0.037894 0.155143 0.120957 0.335882 -0.697378 -0.633125
0.007623 0.137443 0.167272 -0.132615 -0.972639 0.190753
-0.069438 0.123127 0.121649 0.001102 -0.814655 0.579944
0.120040 0.120450 0.236922 -0.173627 -0.982928 0.060883
-0.011640 0.168999 0.216196 -0.532389 -0.306033 0.789244
0.087492 0.165420 0.282402 -0.547534 -0.109839 0.829543
0.153791 0.150614 0.178092 0.330568 -0.565912 -0.755293
0.153973 0.211189 0.163443 0.453772 0.268638 -0.849661
-0.100655 0.189839 0.163961 -0.388268 -0.374295 0.842111
-0.146821 0.184818 0.153823 0.133824 -0.061292 0.989108
-0.096016 0.099393 0.106444 0.287576 -0.952039 0.104505
0.206686 0.142675 0.199970 0.324978 -0.695307 -0.641043
0.166024 0.109920 0.264841 0.011804 -0.998796 0.047612
0.269152 0.144266 0.248876 0.672316 -0.614976 -0.412063
0.228390 0.210622 0.205394 0.564331 0.254751 -0.785259
0.275729 0.200198 0.252030 0.907504 0.210779 -0.363330
0.275119 0.181903 0.305450 0.882576 -0.067173 0.465346
0.241247 0.122873 0.299295 0.268490 -0.832474 0.484664
0.227919 0.166751 0.337831 0.056592 -0.199415 0.978279
0.155568 0.161241 0.323750 -0.342733 -0.476348 0.809708
-0.213615 0.160353 0.215047 0.831657 0.548757 0.084929
-0.226055 0.106990 0.205919 0.761066 -0.640950 -0.099804
-0.201947 0.099985 0.159636 0.349861 -0.854136 0.384771
-0.293342 0.070424 0.194921 -0.002444 -0.988031 -0.154237
-0.307877 0.065132 0.146311 -0.430577 -0.901526 0.043071
-0.201822 0.083859 0.304922 0.689511 -0.573637 -0.442171
-0.260662 0.042115 0.313772 -0.134095 -0.936273 -0.324672
-0.309190 0.075391 0.329106 -0.874473 -0.471662 0.113275
-0.354813 0.104635 0.219597 -0.795705 -0.553345 0.246296
-0.369650 0.106836 0.184201 -0.889527 -0.456603 -0.015996
-0.190374 0.133807 0.319885 0.884008 0.439510 -0.159252
-0.156045 0.118527 0.405221 0.907149 0.408977 -0.099087
-0.159168 0.049955 0.386069 0.811758 -0.506066 -0.291455
-0.162333 0.098997 0.465097 0.876352 0.179474 0.446985
-0.159339 0.041148 0.448129 0.765565 -0.494651 0.411376
-0.216395 0.006627 0.454638 0.133460 -0.925424 0.354652
-0.209194 0.067280 0.500000 0.204259 -0.191993 0.959905
-0.236115 0.000000 0.396179 0.142442 -0.931793 -0.333876
-0.295633 0.035538 0.419010 -0.754621 -0.651703 0.076352
-0.264562 0.041469 0.476027 -0.592604 -0.477455 0.648736
-0.346887 0.062016 -0.095068 -0.205271 -0.978022 -0.036566
-0.313765 0.050333 0.031777 -0.232203 -0.967165 0.103313
-0.378432 0.109338 -0.192269 -0.794201 -0.379005 -0.474974
-0.264684 0.108517 -0.246671 -0.232029 -0.595454 -0.769153
-0.161541 0.121746 -0.273855 0.060367 -0.831080 -0.552867
-0.100224 0.130156 -0.281056 -0.148143 -0.796172 -0.586654
-0.055525 0.143014 -0.239655 0.532279 -0.830203 0.165655
-0.058490 0.133671 -0.321830 -0.290760 -0.929693 -0.226118
-0.016950 0.137722 -0.286149 0.518070 -0.706292 0.482447
0.049920 0.138546 -0.353257 0.423493 -0.784659 0.452729
0.003423 0.131541 -0.396290 -0.418772 -0.849408 -0.321149
0.047536 0.127969 -0.451893 -0.158583 -0.934164 -0.319669
0.103301 0.137447 -0.399341 0.524829 -0.801369 0.286989
0.098094 0.143299 -0.483235 0.262065 -0.818083 -0.511920
0.136216 0.151210 -0.448682 0.801623 -0.580969 -0.140979
-0.319199 0.150040 0.342795 -0.668276 0.590875 0.451967
-0.250403 0.188690 0.333845 0.313492 0.925768 0.211367
-0.287683 0.223893 0.230063 0.016513 0.957386 0.288339
-0.355641 0.180704 0.243084 -0.850275 0.298770 0.433323
-0.309882 0.233071 0.194874 -0.377592 0.881519 0.283457
-0.373533 0.191088 0.202018 -0.915306 0.384825 0.118849
-0.198656 0.172293 0.183505 0.374853 0.395286 0.838590
-0.208270 0.156378 0.421479 -0.034697 0.943069 0.330782
-0.300108 0.101898 0.427271 -0.866259 0.318946 0.384538
-0.211175 0.133536 0.479813 0.219504 0.704817 0.674575
-0.278915 0.093405 0.483535 -0.548382 0.493191 0.675308
-0.107157 0.256445 0.136052 -0.184343 0.743069 0.643325
-0.142628 0.267946 0.122631 0.088407 0.704191 0.704485
-0.085240 0.286009 0.046208 0.156594 0.974563 0.160328
-0.061574 0.269784 0.083049 0.310359 0.945846 -0.095147
0.044435 0.251559 0.147431 0.099444 0.994884 0.017814
0.009211 0.235908 0.207093 -0.363193 0.639587 0.677509
0.091978 0.232407 0.261965 -0.309357 0.807472 0.502283
0.126870 0.249625 0.200266 0.088599 0.982962 -0.161045
0.205634 0.253301 0.248023 0.160706 0.963505 -0.214085
-0.052613 0.293207 0.014699 0.093692 0.913748 0.395332
-0.065181 0.292436 -0.086535 0.181826 0.982679 -0.035805
-0.042885 0.292062 -0.063665 0.273671 0.836760 -0.474274
-0.008639 0.227840 -0.087849 0.944887 0.283859 0.163137
0.081940 0.274658 -0.037951 0.180327 0.862982 -0.471958
0.071527 0.276235 0.034236 -0.057443 0.848212 0.526532
0.202344 0.267089 -0.023484 0.074960 0.887362 -0.454939
0.191271 0.269991 0.062448 -0.050908 0.911694 0.407703
-0.031363 0.267154 -0.111472 0.291109 0.920393 0.261023
0.011420 0.209170 -0.096574 0.330156 -0.110803 0.937400
0.072533 0.212388 -0.115790 0.280681 -0.005920 0.959783
0.077197 0.264374 -0.144891 0.119893 0.907547 0.402473
0.052657 0.259970 -0.215090 -0.168337 0.854106 -0.492103
-0.051182 0.265491 -0.179102 -0.034083 0.768768 -0.638619
0.152460 0.258029 -0.256880 -0.129949 0.928872 -0.346856
0.180069 0.267325 -0.177064 0.103824 0.932298 0.346468
0.193754 0.213527 -0.149505 0.267265 0.203563 0.941876
0.281735 0.270183 0.074017 0.004150 0.897767 0.440451
0.252998 0.266832 -0.204188 0.204141 0.904152 0.375281
0.227059 0.256787 -0.283597 -0.132042 0.757279 -0.639604
0.146286 0.198846 -0.282944 -0.380463 -0.091950 -0.920214
0.217527 0.196137 -0.306749 -0.222121 -0.230573 -0.947364
0.263753 0.212670 -0.166166 0.384109 -0.000378 0.923288
0.351666 0.265323 0.073568 0.512647 0.720541 0.466919
0.360812 0.263532 0.008104 0.464889 0.796534 -0.386539
0.293215 0.268249 -0.013128 0.104224 0.818478 -0.565005
0.302971 0.262276 -0.231119 0.514036 0.857033 0.035505
0.281392 0.255656 -0.293464 0.423406 0.657693 -0.623030
0.288740 0.198022 -0.308619 0.153133 -0.102143 -0.982913
0.333078 0.203189 -0.268128 0.939527 0.077916 -0.333493
0.323011 0.208178 -0.209498 0.729900 0.073860 0.679552
0.187727 0.153955 -0.174987 0.128427 -0.770169 0.624777
0.165046 0.149683 -0.244408 -0.177758 -0.932645 -0.313966
0.222388 0.142079 -0.269009 -0.074601 -0.945440 -0.317141
0.248980 0.148216 -0.189625 0.270287 -0.770452 0.577363
0.313562 0.152010 -0.226202 0.527646 -0.822458 0.212491
0.293596 0.147553 -0.283793 0.411407 -0.737467 -0.535618
0.167276 0.230498 0.312766 -0.300540 0.701767 0.645909
0.259500 0.244126 0.282698 0.503610 0.861303 0.067338
0.228229 0.226651 0.338273 0.273507 0.481629 0.832603
-0.387276 0.176743 -0.033452 -0.961739 0.269927 -0.046887
