8 113
10 15
11 12
12 11
12 152
13 14
13 33
14 13
14 33
14 152
15 10
19 25
19 27
20 24
23 24
23 28
23 120
24 20
24 23
25 19
25 26
26 25
26 27
26 28
26 119
27 19
27 26
28 23
28 26
28 119
28 120
30 37
30 40
31 32
31 112
32 31
33 13
33 14
34 35
34 151
35 34
36 149
37 30
38 39
38 148
39 38
39 148
40 30
41 44
42 46
43 60
44 41
46 42
47 61
47 62
54 56
56 54
60 43
60 64
61 47
61 62
62 47
62 61
63 135
64 60
67 74
71 76
73 75
74 67
75 73
76 71
80 81
80 177
81 80
81 177
82 83
83 82
85 86
86 85
94 105
98 99
99 98
100 104
104 100
104 130
105 94
111 112
112 31
112 111
113 8
115 116
116 115
119 26
119 28
119 120
120 23
120 28
120 119
122 125
123 126
125 122
126 123
130 104
131 132
132 131
133 134
133 140
134 133
135 63
140 133
141 142
141 147
142 141
147 141
148 38
148 39
149 36
151 34
152 12
152 14
158 160
160 158
161 162
162 161
168 169
169 168
176 178
177 80
177 81
178 176
