  0.394086   0.208082  -0.044702
  0.332787   0.173988   0.094061
  0.095815   0.202701   0.087670
  0.080316   0.211028  -0.025617
  0.064209   0.209643  -0.133526
  0.128645   0.198804  -0.200448
  0.283749   0.146714   0.205071
 -0.048207   0.190209   0.169750
 -0.092838   0.213941  -0.000931
 -0.090895   0.207861  -0.183147
  0.020438   0.192025  -0.319384
  0.234842   0.097875   0.365135
 -0.181176   0.182589   0.245490
 -0.263514   0.207399   0.023342
 -0.232383   0.204765  -0.228408
 -0.067212   0.188298  -0.415742
  0.175390   0.066116   0.480172
 -0.277857   0.173976   0.300444
 -0.390481   0.207857   0.041418
 -0.337944   0.196191  -0.262146
 -0.131526   0.191981  -0.486530
