  0.387276   0.177129  -0.026127
  0.328052   0.164034   0.082773
  0.111707   0.207647   0.080305
  0.079079   0.204800  -0.027213
  0.078189   0.201346  -0.132472
  0.134723   0.191931  -0.208427
  0.280672   0.153559   0.169893
 -0.034325   0.191168   0.166904
 -0.096181   0.213116   0.004494
 -0.076099   0.207109  -0.178379
  0.018537   0.192530  -0.325889
  0.248630   0.104615   0.341009
 -0.171304   0.181744   0.248163
 -0.263104   0.208838   0.034639
 -0.225817   0.205149  -0.222835
 -0.069210   0.190531  -0.414442
  0.179698   0.058730   0.473799
 -0.272356   0.184744   0.308286
 -0.375894   0.191499   0.055015
 -0.326076   0.187478  -0.252330
 -0.127486   0.173288  -0.472579
