 -0.445538   0.192937  -0.103122
 -0.327665   0.155548   0.061817
  0.005603   0.209731   0.051392
  0.020144   0.200916  -0.089531
 -0.003134   0.176503  -0.214712
 -0.050518   0.155389  -0.311593
 -0.233366   0.125637   0.193768
  0.153208   0.220768   0.082046
  0.168089   0.216379  -0.087011
  0.132730   0.179886  -0.251696
  0.055722   0.144314  -0.374534
 -0.138921   0.082156   0.357080
  0.304079   0.235428   0.112693
  0.326061   0.231173  -0.083983
  0.265829   0.190171  -0.289051
  0.145105   0.141814  -0.428073
 -0.047325   0.025378   0.438440
  0.408959   0.226545   0.135269
  0.434273   0.214465  -0.078383
  0.371481   0.170099  -0.314171
  0.196556   0.119042  -0.454089
