 -0.392908   0.207702  -0.042610
 -0.331268   0.180300   0.071206
 -0.070745   0.209699   0.101509
 -0.077386   0.208630  -0.021869
 -0.070843   0.199880  -0.137050
 -0.119390   0.197463  -0.215762
 -0.281956   0.158378   0.162259
  0.071555   0.188995   0.182224
  0.101820   0.212153   0.005570
  0.083458   0.208165  -0.176268
 -0.013594   0.190628  -0.326234
 -0.243420   0.105459   0.336803
  0.194816   0.184526   0.252461
  0.266095   0.209819   0.030710
  0.239407   0.204454  -0.215815
  0.074741   0.189220  -0.418570
 -0.185730   0.069957   0.489137
  0.278818   0.173802   0.299900
  0.380439   0.180433   0.047822
  0.325775   0.176249  -0.237256
  0.132819   0.178451  -0.478882
