-0.187623 0.082565 -0.044367 0.113738 -0.993510 0.001466
-0.159845 0.060586 0.139846 0.256310 -0.960140 0.111515
-0.335557 0.050437 0.132282 -0.177821 -0.983392 0.036317
-0.218071 0.058368 -0.256040 0.047599 -0.996038 -0.075114
-0.423378 0.058429 -0.043009 -0.264693 -0.963409 0.042189
-0.421755 0.051725 -0.200877 -0.511138 -0.821495 -0.252751
0.018435 0.097387 -0.150159 0.217193 -0.973590 0.070350
0.021612 0.111243 -0.007778 0.266987 -0.961245 0.068749
-0.251430 0.096988 0.339078 -0.740602 -0.296859 0.602813
-0.345547 0.119537 0.230481 -0.785834 -0.061311 0.615391
-0.307433 0.047676 0.197358 -0.399068 -0.894851 0.199969
-0.227429 0.038012 0.296095 -0.319125 -0.940644 0.115539
-0.171467 0.058274 0.177655 0.472079 -0.867505 -0.156767
-0.195048 0.075902 0.396202 -0.773151 -0.165945 0.612127
-0.174880 0.018199 0.367141 -0.307071 -0.951623 -0.011026
-0.157003 0.052170 0.242050 0.332928 -0.864512 -0.376535
-0.098423 0.017094 0.335926 0.510511 -0.721714 -0.467448
-0.129516 0.117800 0.249353 0.903675 0.070357 -0.422400
-0.067355 0.086300 0.340595 0.917244 0.062862 -0.393335
-0.103239 0.000000 0.477381 -0.368094 -0.780100 0.505916
-0.105359 0.040304 0.500000 -0.520957 -0.029463 0.853074
-0.054282 0.005146 0.441648 0.505162 -0.840943 -0.193977
-0.037666 0.051509 0.449930 0.916827 -0.151479 0.369434
0.175981 0.228681 0.170290 -0.140890 -0.065488 0.987857
0.055620 0.212085 0.150473 -0.160513 0.245522 0.956010
0.039709 0.143274 0.121868 0.063088 -0.779767 0.622883
0.176878 0.158985 0.138558 0.042260 -0.860391 0.507879
0.064941 0.136101 0.029357 0.411397 -0.893455 -0.180255
0.244820 0.237273 0.180660 -0.121493 0.055388 0.991046
0.253261 0.170623 0.153278 0.090621 -0.841625 0.532405
0.194510 0.158434 0.071525 0.279961 -0.803970 -0.524646
0.271113 0.169004 0.090567 0.323378 -0.875269 -0.359627
0.394720 0.217785 0.184876 0.375244 -0.657150 0.653717
0.409449 0.213744 0.118006 0.559221 -0.613831 -0.557211
0.216122 0.223135 0.034732 0.328523 0.036199 -0.943802
0.281646 0.232069 0.055658 0.336964 -0.057761 -0.939744
0.221993 0.156200 -0.115870 0.175041 -0.925015 -0.337207
0.063547 0.127363 -0.126565 0.441547 -0.855508 -0.270449
0.058156 0.198253 -0.165919 0.672899 0.100145 -0.732924
0.221569 0.168723 -0.050019 0.153298 -0.615771 0.772868
0.066711 0.133499 -0.043336 0.385265 -0.835999 0.390740
0.232363 0.231600 -0.024415 0.071791 0.290185 0.954274
0.311556 0.242533 -0.032134 0.094055 0.093279 0.991188
0.316714 0.184161 -0.055353 0.179489 -0.816876 0.548176
0.317061 0.172564 -0.117105 0.212721 -0.937677 -0.274793
0.232885 0.205935 -0.158490 0.060527 -0.232536 -0.970703
0.432524 0.216827 -0.051895 0.500825 -0.643643 0.578703
0.432198 0.204394 -0.126871 0.428563 -0.742719 -0.514492
0.445361 0.275456 -0.062081 0.298254 0.873231 0.385373
0.310006 0.218042 -0.155704 0.095257 -0.041401 -0.994591
0.446478 0.259920 -0.135410 0.492111 0.460160 -0.738972
-0.208272 0.322447 0.043454 -0.016975 0.959002 0.282892
-0.364929 0.223103 0.165413 -0.639099 0.575990 0.509695
-0.205259 0.272153 0.148434 0.038756 0.775308 0.630393
-0.218739 0.159531 0.341741 -0.384481 0.632764 0.672148
-0.156734 0.172511 0.291508 0.540183 0.826229 0.159838
-0.205169 0.243899 0.202406 0.217961 0.851874 0.476240
-0.313452 0.208957 0.235692 -0.525271 0.594269 0.609045
-0.168351 0.139241 0.396598 -0.303290 0.760027 0.574782
-0.098252 0.150752 0.366093 0.561222 0.826959 -0.034199
-0.000049 0.313044 0.001955 0.213610 0.975751 -0.047757
0.002724 0.312763 -0.057803 0.166734 0.984667 0.051298
-0.210152 0.338444 -0.109406 0.093208 0.986086 -0.137645
-0.000024 0.299547 -0.146273 0.238223 0.900963 -0.362651
-0.009501 0.278987 -0.207304 0.208570 0.929030 -0.305617
0.236384 0.281785 -0.134717 0.056159 0.686816 -0.724659
0.073080 0.288990 -0.146134 0.098593 0.774013 -0.625447
0.073688 0.302532 -0.056148 0.074875 0.898671 0.432184
0.238712 0.292945 -0.069249 0.076096 0.932516 0.353021
-0.425225 0.351358 -0.105080 -0.269273 0.960864 -0.065054
-0.223335 0.290633 -0.245108 0.035075 0.870542 -0.490843
-0.426180 0.315364 -0.217889 -0.581503 0.685216 -0.438557
-0.236004 0.217545 -0.320973 -0.209591 0.383055 -0.899634
-0.431317 0.235821 -0.277521 -0.586767 0.325197 -0.741588
0.160110 0.224628 -0.307921 -0.106710 0.724898 -0.680541
0.030150 0.232045 -0.280465 -0.108566 0.481512 -0.869689
0.050290 0.261739 -0.217029 0.186977 0.968806 0.162649
0.253139 0.227082 -0.325234 -0.129591 0.738233 -0.661980
0.176947 0.246545 -0.254833 0.103610 0.988187 0.112918
0.265237 0.244009 -0.279874 0.072592 0.956257 0.283379
0.192304 0.199476 -0.203972 0.265312 0.468045 0.842937
0.276223 0.211497 -0.232504 0.325734 0.201908 0.923651
0.375755 0.240751 -0.290105 0.371206 0.898828 0.233052
0.157105 0.162961 -0.320333 -0.202896 -0.104164 -0.973644
0.247067 0.175646 -0.340183 -0.091498 -0.365828 -0.926174
0.363522 0.220807 -0.352918 0.329741 0.340209 -0.880641
-0.236025 0.106106 -0.327232 -0.274528 -0.392051 -0.878026
-0.427211 0.109470 -0.263645 -0.647950 -0.208976 -0.732455
-0.041405 0.195179 -0.386913 -0.265474 0.384520 -0.884120
-0.007454 0.231132 -0.332003 0.124753 0.894540 -0.429226
0.063530 0.207762 -0.375859 0.306425 0.947412 0.092271
0.038367 0.181873 -0.427038 -0.336679 0.470985 -0.815365
0.031879 0.113241 -0.426814 -0.424016 -0.282548 -0.860451
0.117213 0.195672 -0.408986 0.238611 0.958573 0.155569
0.080041 0.155572 -0.331331 0.571573 0.305235 0.761667
0.145455 0.153876 -0.373608 0.594530 0.296449 0.747431
0.091332 0.176009 -0.452621 -0.304030 0.578216 -0.757121
0.213202 0.182134 -0.460471 0.490558 0.863277 0.118765
0.192116 0.165607 -0.500000 0.081118 0.153893 -0.984752
0.096323 0.115733 -0.459953 -0.368990 -0.376974 -0.849551
-0.045319 0.100592 0.461311 0.569032 0.769628 0.289611
-0.103516 0.085297 0.498585 0.011525 0.531897 0.846731
-0.143963 0.152518 0.180350 0.960953 0.139272 0.239109
0.378654 0.177587 -0.280584 0.734131 -0.284565 0.616501
0.272810 0.150793 -0.245972 0.343825 -0.748633 0.566863
0.187806 0.136431 -0.220723 0.288805 -0.615674 0.733169
0.257804 0.135277 -0.301625 0.137442 -0.970635 -0.197429
0.171120 0.124928 -0.281163 0.019498 -0.932461 -0.360745
0.055836 0.117242 -0.187702 0.426220 -0.823006 0.375498
0.369125 0.163462 -0.328892 0.314701 -0.847599 -0.427246
0.034122 0.110261 -0.248541 0.280371 -0.912369 -0.298285
0.026264 0.157130 -0.287781 0.570173 -0.064064 -0.819023
-0.007173 0.086333 -0.259078 0.171521 -0.983856 0.051071
-0.034693 0.082369 -0.345117 0.078145 -0.983429 -0.163587
-0.048113 0.111194 -0.386233 -0.295530 -0.510966 -0.807203
0.047591 0.086814 -0.391440 0.021876 -0.998169 -0.056389
0.122078 0.089204 -0.431874 0.068001 -0.994874 -0.074839
0.181845 0.102831 -0.482376 0.267926 -0.861893 -0.430531
0.146866 0.113502 -0.384377 0.407845 -0.795891 0.447459
0.206718 0.123546 -0.434761 0.894784 -0.330993 0.299676
0.072909 0.107896 -0.339417 0.436816 -0.633185 0.638958
0.009097 0.108295 -0.294750 0.542502 -0.782204 0.306345
0.301680 0.280545 -0.128767 0.085289 0.865886 -0.492916
0.303054 0.290808 -0.074583 0.052760 0.881262 0.469674
0.420373 0.283175 0.114593 0.625871 0.503281 -0.595814
0.273091 0.293027 0.084789 0.161685 0.875997 -0.454408
0.078969 0.222038 -0.016170 0.990535 0.028358 0.134296
0.082651 0.302299 0.026197 0.200783 0.865588 -0.458740
0.212399 0.294927 0.064829 0.183589 0.861415 -0.473561
0.255161 0.293426 0.143524 -0.055809 0.906180 0.419194
0.189612 0.294760 0.133363 -0.101125 0.824779 0.556339
0.057239 0.298491 0.103225 -0.091065 0.776168 0.623915
0.402288 0.283077 0.184958 0.113093 0.786636 0.606971
-0.446478 0.124361 0.046255 -0.925595 -0.260115 0.274981
-0.381435 0.128272 0.164239 -0.911271 0.029184 0.410771
-0.101147 0.175092 0.156614 0.281752 0.161766 0.945752
-0.016882 0.139102 0.126390 0.334960 -0.690776 0.640804
0.009468 0.206302 0.147871 -0.002688 0.164421 0.986387
-0.434257 0.316473 0.008985 -0.624814 0.642343 0.443849
-0.003878 0.299147 0.097720 0.061368 0.792162 0.607217
-0.022749 0.248604 -0.278463 0.252142 0.873742 -0.415931
-0.445538 0.192937 -0.103122 -0.996719 0.024109 0.077270
