-0.372090 0.161926 -0.250648 0.000000 0.000000 0.000000
-0.372090 0.250433 -0.250648 0.000000 0.000000 0.000000
-0.382067 0.006210 -0.109643 0.000000 0.000000 0.000000
-0.382067 0.050464 -0.186296 0.000000 0.000000 0.000000
-0.387613 0.050464 0.095706 0.000000 0.000000 0.000000
-0.387613 0.006210 0.019056 0.000000 0.000000 0.000000
-0.395264 0.250433 0.160057 -0.999932 0.000000 -0.011624
-0.395264 0.161926 0.160057 -0.999932 0.000000 -0.011624
-0.372090 0.406149 0.019056 0.000000 0.000000 0.000000
-0.372090 0.361895 0.095706 0.000000 0.000000 0.000000
-0.372090 0.361895 -0.186296 0.000000 0.000000 0.000000
-0.372090 0.406149 -0.109643 0.000000 0.000000 0.000000
-0.384195 0.307464 -0.057654 -0.491005 0.867011 0.084891
-0.257912 0.319455 -0.064725 0.038475 0.997134 -0.065142
-0.272650 0.274578 -0.211708 -0.117135 0.875303 -0.469175
-0.263352 0.302589 0.093532 -0.205355 0.874846 0.438717
-0.152406 0.258548 -0.259782 -0.131087 0.829497 -0.542910
-0.377086 0.282495 -0.161620 -0.730175 0.491731 -0.474390
-0.280407 0.195125 -0.262616 -0.379796 0.148010 -0.913153
-0.377784 0.195653 -0.208256 -0.443203 0.248886 -0.861177
-0.102727 0.253954 -0.287174 -0.336649 0.707760 -0.621082
-0.120215 0.181340 -0.302947 -0.511824 -0.085648 -0.854810
-0.069243 0.185259 -0.348267 -0.733997 -0.127675 -0.667044
-0.056372 0.240624 -0.343313 -0.525775 0.688535 -0.499480
-0.005169 0.253783 -0.296643 0.251601 0.958567 0.133593
-0.053125 0.265235 -0.243232 0.429943 0.898381 0.089781
-0.025653 0.204002 -0.219724 0.866726 0.003870 0.498770
-0.080047 0.282932 -0.193637 0.143644 0.959571 -0.242052
0.014610 0.200607 -0.273621 0.748737 0.023408 0.662454
-0.007782 0.238238 -0.399755 -0.353627 0.868535 -0.347267
0.045940 0.251219 -0.348673 0.155177 0.979930 0.125130
0.070229 0.202151 -0.327385 0.688827 0.220301 0.690641
0.057491 0.238268 -0.467968 -0.342143 0.817374 -0.463505
0.113539 0.248711 -0.416503 0.445031 0.845476 0.295158
0.136481 0.200630 -0.392483 0.777317 -0.039023 0.627898
-0.020816 0.184860 -0.418320 -0.764301 -0.085654 -0.639145
0.152964 0.197751 -0.441081 0.980348 0.024513 0.195746
0.140108 0.240870 -0.450750 0.513992 0.800934 -0.307112
0.037697 0.181503 -0.480582 -0.625393 -0.226808 -0.746620
0.089526 0.183802 -0.500000 -0.197358 -0.127277 -0.972034
0.095038 0.233704 -0.490406 0.151750 0.565254 -0.810839
0.135271 0.191556 -0.485976 0.672514 0.019812 -0.739819
-0.222565 0.073338 -0.167143 0.167694 -0.977718 -0.126280
-0.049654 0.126195 -0.201311 0.370820 -0.915034 -0.158761
-0.027679 0.137147 -0.091472 0.423145 -0.905512 -0.031561
-0.017861 0.200626 -0.206557 0.102132 0.029225 -0.994341
-0.013878 0.148000 -0.182021 0.196661 -0.887551 -0.416626
0.043053 0.208812 -0.231442 -0.357540 -0.063939 -0.931707
0.046756 0.156941 -0.195624 -0.206058 -0.831341 -0.516152
0.065871 0.156926 -0.137748 0.135648 -0.903573 0.406393
0.003002 0.150413 -0.118151 0.392053 -0.735743 0.552247
0.013707 0.226486 -0.077376 0.376308 -0.030904 -0.925979
-0.013165 0.147461 -0.048262 0.435723 -0.853590 -0.285532
0.065317 0.162256 -0.040216 0.042741 -0.930423 -0.363987
0.057552 0.162278 0.036559 -0.027115 -0.877630 0.478570
-0.018476 0.146395 0.021363 0.296931 -0.689065 0.661077
0.080828 0.211096 -0.064801 0.115137 -0.032388 -0.992821
0.212771 0.160162 0.065006 -0.145688 -0.891236 0.429504
0.061800 0.207902 0.057320 -0.190067 -0.005572 0.981755
0.001216 0.231967 0.050086 -0.036581 -0.076552 0.996394
0.201993 0.212954 0.096537 -0.209196 0.161660 0.964419
0.224257 0.151919 -0.021765 -0.002409 -0.828240 -0.560368
0.229279 0.204548 -0.051786 0.086580 0.090788 -0.992100
0.293942 0.143823 -0.013863 0.042796 -0.953931 -0.296957
0.281996 0.148334 0.078177 -0.009331 -0.926357 0.376530
0.369101 0.156137 0.008382 0.502202 -0.806810 -0.311207
0.362356 0.158769 0.078749 0.455451 -0.659823 0.597660
0.286499 0.207708 0.110716 -0.038057 -0.116453 0.992467
0.360816 0.211130 0.097747 0.399987 0.185493 0.897554
0.309715 0.205762 -0.045785 0.248557 -0.081609 -0.965173
0.375356 0.209859 -0.014121 0.729617 0.000297 -0.683856
0.395264 0.213580 0.045492 0.992156 0.016219 0.123952
-0.039385 0.129845 0.043873 0.740952 -0.671530 0.006235
-0.005885 0.234194 0.068534 0.724112 0.237091 -0.647650
-0.025092 0.143736 0.073177 0.578377 -0.653292 -0.488559
0.065681 0.213118 0.111889 0.520353 0.322683 -0.790638
0.045887 0.155147 0.120955 0.335884 -0.697366 -0.633137
0.015612 0.137443 0.167276 -0.132627 -0.972636 0.190759
-0.061451 0.123130 0.121649 0.001082 -0.814634 0.579974
0.128030 0.120452 0.236923 -0.173624 -0.982928 0.060889
-0.003651 0.169004 0.216196 -0.532378 -0.306013 0.789259
0.095486 0.165423 0.282402 -0.547530 -0.109853 0.829544
0.161783 0.150617 0.178095 0.330565 -0.565920 -0.755289
0.161962 0.211191 0.163445 0.453753 0.268673 -0.849660
-0.092664 0.189845 0.163964 -0.388269 -0.374287 0.842115
-0.138833 0.184819 0.153825 0.133828 -0.061286 0.989108
-0.088024 0.099395 0.106449 0.287572 -0.952039 0.104515
0.214679 0.142678 0.199972 0.324964 -0.695333 -0.641023
0.174017 0.109922 0.264846 0.011809 -0.998796 0.047612
0.277145 0.144267 0.248880 0.672317 -0.614968 -0.412073
0.236381 0.210622 0.205392 0.564324 0.254744 -0.785266
0.283719 0.200201 0.252029 0.907504 0.210777 -0.363332
0.283112 0.181905 0.305455 0.882613 -0.067130 0.465282
0.249244 0.122876 0.299294 0.268489 -0.832485 0.484647
0.235914 0.166751 0.337839 0.056578 -0.199436 0.978276
0.163562 0.161243 0.323751 -0.342748 -0.476361 0.809694
-0.205624 0.160355 0.215050 0.831660 0.548757 0.084896
-0.218062 0.106989 0.205923 0.761052 -0.640966 -0.099815
-0.193959 0.099987 0.159636 0.349876 -0.854132 0.384767
-0.285354 0.070425 0.194926 -0.002458 -0.988032 -0.154228
-0.299886 0.065133 0.146310 -0.485606 -0.873869 0.023250
-0.193830 0.083861 0.304928 0.689501 -0.573647 -0.442173
-0.252677 0.042114 0.313774 -0.134104 -0.936266 -0.324687
-0.301199 0.075394 0.329107 -0.874494 -0.471626 0.113269
-0.346822 0.104637 0.219599 -0.795701 -0.553340 0.246321
-0.361662 0.106838 0.184202 -0.890515 -0.454417 -0.022098
-0.182382 0.133809 0.319889 0.884017 0.439495 -0.159240
-0.148055 0.118529 0.405225 0.907150 0.408978 -0.099079
-0.151177 0.049955 0.386072 0.811770 -0.506049 -0.291451
-0.154344 0.098997 0.465101 0.876358 0.179428 0.446992
-0.151348 0.041147 0.448129 0.765548 -0.494669 0.411387
-0.208408 0.006627 0.454638 0.133451 -0.925429 0.354645
-0.201204 0.067280 0.500000 0.204275 -0.192015 0.959897
-0.228122 0.000000 0.396178 0.142442 -0.931791 -0.333880
-0.287645 0.035540 0.419011 -0.754627 -0.651696 0.076361
-0.256569 0.041470 0.476033 -0.592590 -0.477454 0.648748
-0.338898 0.062018 -0.095065 -0.261758 -0.964858 -0.023073
-0.305777 0.050335 0.031779 -0.312178 -0.943329 0.112582
-0.370440 0.109341 -0.192267 -0.346964 -0.765049 -0.542509
-0.256694 0.108518 -0.246672 -0.232035 -0.595448 -0.769156
-0.153552 0.121750 -0.273856 0.060401 -0.831074 -0.552872
-0.169833 0.198027 -0.289318 -0.251789 0.124673 -0.959718
-0.092231 0.130160 -0.281056 -0.148148 -0.796210 -0.586601
-0.047533 0.143015 -0.239658 0.532271 -0.830200 0.165699
-0.034985 0.218793 -0.214326 0.865478 0.190510 -0.463307
-0.050496 0.133672 -0.321827 -0.290767 -0.929688 -0.226128
-0.008958 0.137724 -0.286146 0.518080 -0.706275 0.482461
0.057908 0.138547 -0.353259 0.423483 -0.784666 0.452727
0.011416 0.131544 -0.396288 -0.418783 -0.849400 -0.321155
0.055526 0.127971 -0.451896 -0.158591 -0.934158 -0.319685
0.111289 0.137447 -0.399338 0.524789 -0.801402 0.286968
0.106088 0.143304 -0.483237 0.262035 -0.818085 -0.511933
0.144212 0.151213 -0.448687 0.801610 -0.580991 -0.140964
-0.311210 0.150041 0.342793 -0.668281 0.590881 0.451951
-0.242408 0.188692 0.333849 0.313482 0.925769 0.211378
-0.279690 0.223895 0.230068 0.016504 0.957390 0.288326
-0.347649 0.180707 0.243084 -0.850267 0.298783 0.433330
-0.301893 0.233071 0.194873 -0.324938 0.880958 0.343988
-0.365543 0.191089 0.202024 -0.905816 0.375679 0.195863
-0.190666 0.172297 0.183504 0.374835 0.395286 0.838599
-0.200283 0.156380 0.421480 -0.034716 0.943068 0.330782
-0.292121 0.101899 0.427277 -0.866261 0.318941 0.384537
-0.203181 0.133539 0.479819 0.219492 0.704809 0.674587
-0.270924 0.093405 0.483537 -0.548359 0.493187 0.675329
-0.099169 0.256446 0.136053 -0.184337 0.743063 0.643333
-0.134638 0.267948 0.122635 0.088405 0.704181 0.704496
-0.077247 0.286012 0.046213 0.156598 0.974561 0.160338
-0.053584 0.269787 0.083055 0.310352 0.945848 -0.095144
-0.014595 0.236739 0.055022 0.794716 0.255689 0.550499
0.052427 0.251564 0.147433 0.099432 0.994884 0.017854
0.017197 0.235908 0.207092 -0.363188 0.639584 0.677515
0.099966 0.232407 0.261967 -0.309358 0.807462 0.502297
0.134861 0.249625 0.200271 0.088585 0.982967 -0.161021
0.213624 0.253305 0.248023 0.160690 0.963505 -0.214093
-0.044620 0.293208 0.014701 0.093718 0.913747 0.395327
-0.057195 0.292442 -0.086533 0.181822 0.982679 -0.035802
-0.034897 0.292066 -0.063667 0.273682 0.836777 -0.474239
-0.000647 0.227840 -0.087846 0.944874 0.283842 0.163239
0.089928 0.274658 -0.037947 0.180335 0.862989 -0.471942
0.079516 0.276236 0.034237 -0.057450 0.848221 0.526517
0.210339 0.267090 -0.023487 0.074949 0.887363 -0.454939
0.199262 0.269992 0.062453 -0.050902 0.911705 0.407679
-0.023369 0.267159 -0.111467 0.291118 0.920392 0.261015
0.019409 0.209172 -0.096575 0.330178 -0.110841 0.937388
0.080521 0.212389 -0.115788 0.280690 -0.005953 0.959780
0.085187 0.264374 -0.144887 0.119914 0.907540 0.402482
0.060643 0.259974 -0.215092 -0.168329 0.854105 -0.492108
-0.043190 0.265493 -0.179100 -0.034083 0.768756 -0.638634
0.160456 0.258032 -0.256877 -0.129938 0.928875 -0.346853
0.188064 0.267329 -0.177067 0.103837 0.932286 0.346499
0.201747 0.213527 -0.149508 0.267250 0.203564 0.941881
0.289727 0.270186 0.074015 0.004151 0.897765 0.440455
0.260992 0.266832 -0.204186 0.204132 0.904152 0.375285
0.235053 0.256791 -0.283597 -0.132067 0.757276 -0.639602
0.154276 0.198847 -0.282945 -0.380462 -0.091918 -0.920217
0.225516 0.196138 -0.306748 -0.222092 -0.230571 -0.947371
0.271747 0.212674 -0.166161 0.384071 -0.000374 0.923304
0.359659 0.265326 0.073568 0.512655 0.720534 0.466920
0.368801 0.263536 0.008108 0.464877 0.796532 -0.386557
0.301203 0.268251 -0.013127 0.104228 0.818463 -0.565026
0.310959 0.262280 -0.231123 0.514058 0.857018 0.035559
0.289386 0.255661 -0.293464 0.423401 0.657681 -0.623047
0.296734 0.198024 -0.308619 0.153095 -0.102144 -0.982918
0.341071 0.203190 -0.268132 0.939543 0.077952 -0.333440
0.331000 0.208179 -0.209493 0.729933 0.073912 0.679511
0.195719 0.153956 -0.174988 0.128420 -0.770173 0.624773
0.173038 0.149684 -0.244411 -0.177742 -0.932652 -0.313955
0.230380 0.142082 -0.269008 -0.074586 -0.945445 -0.317128
0.256975 0.148220 -0.189623 0.270278 -0.770469 0.577346
0.321558 0.152013 -0.226199 0.527647 -0.822450 0.212520
0.301593 0.147552 -0.283795 0.411377 -0.737493 -0.535606
0.175269 0.230499 0.312769 -0.300559 0.701755 0.645914
0.267490 0.244129 0.282698 0.503612 0.861305 0.067300
0.236225 0.226656 0.338276 0.273510 0.481689 0.832567
-0.392908 0.207702 -0.042610 -0.991152 -0.007242 0.132533
