0 3
2 256
3 0
6 67
7 67
9 64
9 70
9 72
12 105
13 104
13 112
13 113
14 54
14 55
16 19
17 190
17 222
17 224
17 225
18 224
18 232
18 233
19 16
19 23
23 19
29 37
33 106
34 106
35 188
35 216
35 219
36 226
37 29
41 45
42 49
42 74
43 53
45 41
49 42
53 43
54 14
55 14
56 57
57 56
57 58
57 60
58 57
58 61
59 60
59 73
60 57
60 59
60 73
61 58
64 9
64 72
67 6
67 7
70 9
71 73
72 9
72 64
72 86
73 59
73 60
73 71
74 42
75 89
76 88
79 91
81 94
84 93
86 72
87 95
88 76
89 75
91 79
93 84
94 81
95 87
97 116
98 115
99 106
99 108
99 136
101 118
102 104
103 111
103 118
103 120
103 127
103 141
104 13
104 102
104 105
105 12
105 104
105 113
106 33
106 34
106 99
106 113
107 109
107 115
107 123
108 99
108 136
109 107
109 124
109 137
109 156
109 158
110 140
111 103
111 120
111 127
111 141
111 158
112 13
112 113
112 145
113 13
113 105
113 106
113 112
114 125
114 128
114 129
115 98
115 107
116 97
117 119
117 129
118 101
118 103
118 120
119 117
119 121
119 122
119 131
120 103
120 111
120 118
120 127
120 141
121 119
121 134
121 135
122 119
122 128
122 131
122 134
123 107
124 109
124 137
124 156
124 158
125 114
125 128
125 132
125 133
125 134
125 157
126 132
126 133
126 134
126 159
127 103
127 111
127 120
127 141
127 158
128 114
128 122
128 125
128 129
128 132
128 134
129 114
129 117
129 128
129 131
131 119
131 122
131 129
132 125
132 126
132 128
132 133
132 157
133 125
133 126
133 132
133 135
134 121
134 122
134 125
134 126
134 128
135 121
135 133
136 99
136 108
137 109
137 124
137 156
137 158
138 147
138 155
138 163
139 146
139 176
140 110
141 103
141 111
141 120
141 127
141 158
143 160
143 163
143 167
144 145
144 152
145 112
145 144
145 153
146 139
146 153
147 138
147 155
147 163
148 176
148 179
149 164
149 177
149 196
149 198
150 180
151 167
151 181
151 198
152 144
152 153
153 145
153 146
153 152
154 157
154 168
154 169
154 173
155 138
155 147
155 163
156 109
156 124
156 137
156 158
157 125
157 132
157 154
157 159
157 168
157 169
157 171
158 109
158 111
158 124
158 127
158 137
158 141
158 156
158 160
159 126
159 157
159 171
159 174
160 143
160 158
161 162
161 166
161 174
161 175
162 161
162 165
162 166
162 172
162 173
162 174
162 175
163 138
163 143
163 147
163 155
164 149
164 177
164 196
164 198
165 162
165 172
166 161
166 162
166 172
166 174
166 175
167 143
167 151
167 181
167 198
168 154
168 157
168 169
168 172
168 173
169 154
169 157
169 168
169 171
171 157
171 159
171 169
172 162
172 165
172 166
172 168
172 175
173 154
173 162
173 168
174 159
174 161
174 162
174 166
174 175
175 161
175 162
175 166
175 172
175 174
176 139
176 148
177 149
177 164
177 196
177 198
178 195
178 196
179 148
179 186
180 150
181 151
181 167
181 198
182 220
183 200
183 203
185 193
186 179
186 192
186 193
187 189
187 203
187 207
187 217
188 35
188 216
188 219
189 187
189 204
189 207
189 217
189 236
190 17
190 220
191 207
191 221
191 223
191 238
192 186
192 193
193 185
193 186
193 192
194 197
194 205
194 208
194 209
194 212
195 178
195 196
196 149
196 164
196 177
196 178
196 195
197 194
197 199
197 202
197 208
197 209
198 149
198 151
198 164
198 167
198 177
198 181
198 203
199 197
199 201
199 211
199 214
200 183
201 199
201 206
201 211
201 214
201 215
202 197
202 205
202 206
202 209
202 212
202 213
202 214
202 215
203 183
203 187
203 198
204 189
204 207
204 217
204 236
205 194
205 202
205 206
205 212
206 201
206 202
206 205
206 212
206 213
206 214
206 215
206 239
207 187
207 189
207 191
207 204
207 217
207 221
207 236
207 238
208 194
208 197
208 209
208 213
209 194
209 197
209 202
209 208
209 213
211 199
211 201
211 214
212 194
212 202
212 205
212 206
212 213
212 215
213 202
213 206
213 208
213 209
213 212
213 214
213 215
214 199
214 201
214 202
214 206
214 211
214 213
214 215
215 201
215 202
215 206
215 212
215 213
215 214
215 239
216 35
216 188
217 187
217 189
217 204
217 207
217 236
218 235
219 35
219 188
220 182
220 190
221 191
221 207
221 223
221 238
222 17
222 224
223 191
223 221
223 227
223 238
223 240
224 17
224 18
224 222
225 17
225 226
225 233
226 36
226 225
226 232
226 233
227 223
227 243
229 231
229 244
231 229
231 240
231 243
231 244
231 247
232 18
232 226
232 233
233 18
233 225
233 226
233 232
234 242
234 245
234 248
234 249
234 252
235 218
235 244
236 189
236 204
236 207
236 217
237 239
237 242
237 248
237 249
238 191
238 207
238 221
238 223
238 240
239 206
239 215
239 237
239 251
240 223
240 231
240 238
240 247
241 242
241 246
241 251
241 254
241 255
242 254
242 255
242 253
242 249
242 246
242 234
242 248
242 252
242 245
242 241
243 227
243 231
244 229
244 231
244 235
245 234
245 242
245 248
245 252
245 253
246 241
246 242
246 253
246 255
247 231
247 240
248 234
248 237
248 242
248 245
248 249
248 252
249 234
249 237
249 242
249 248
249 251
251 239
251 241
251 249
251 254
252 234
252 242
252 245
252 248
252 253
252 255
253 242
253 245
253 246
253 252
254 241
254 242
254 251
254 255
255 241
255 242
255 246
255 252
255 254
256 2
