0 1
0 2
0 132
0 140
0 13
0 179
1 0
1 3
1 4
1 5
1 13
1 179
2 0
2 131
2 132
2 179
2 123
2 125
3 1
3 4
3 6
3 11
3 13
4 1
4 3
4 5
4 6
4 7
4 107
4 108
4 109
5 1
5 4
5 106
5 107
5 179
6 3
6 4
6 7
6 8
6 9
6 10
6 11
7 8
7 4
7 109
7 6
8 6
8 7
8 9
8 109
8 111
8 23
9 6
9 8
9 10
9 17
9 23
10 6
10 9
10 11
10 16
10 17
10 18
10 19
11 3
11 6
11 10
11 12
11 13
11 16
12 11
12 13
12 110
12 15
12 16
12 112
12 31
13 0
13 1
13 3
13 11
13 12
13 140
13 14
13 15
13 147
13 152
14 33
14 34
14 13
14 15
14 152
14 31
15 12
15 13
15 14
15 31
16 10
16 11
16 12
16 112
16 113
16 19
17 9
17 10
17 18
17 20
17 23
18 10
18 17
18 19
18 20
18 21
19 10
19 16
19 113
19 18
19 21
19 22
20 17
20 18
20 21
20 23
20 25
20 26
20 27
20 28
21 18
21 19
21 20
21 22
21 24
21 25
22 113
22 19
22 116
22 21
22 24
23 8
23 9
23 111
23 17
23 114
23 20
23 26
24 116
24 21
24 118
24 22
24 25
24 29
25 20
25 21
25 24
25 28
25 29
26 114
26 115
26 20
26 23
26 27
27 115
27 20
27 117
27 26
27 28
27 29
28 25
28 27
28 20
28 29
29 117
29 118
29 24
29 25
29 27
29 28
30 32
30 104
30 74
30 106
30 107
30 108
30 31
31 32
31 33
31 12
31 109
31 14
31 110
31 15
31 108
31 30
32 33
32 37
32 38
32 39
32 74
32 142
32 60
32 30
32 31
33 32
33 34
33 35
33 36
33 37
33 14
33 31
34 33
34 35
34 14
34 151
34 152
34 159
35 33
35 34
35 36
35 171
35 159
36 33
36 35
36 37
36 170
36 171
36 148
36 149
37 32
37 33
37 36
37 142
37 148
38 32
38 39
38 40
38 43
38 141
38 142
38 143
39 32
39 38
39 40
39 41
39 42
39 60
40 38
40 39
40 41
40 43
40 44
40 49
41 39
41 40
41 42
41 44
41 45
41 46
42 39
42 41
42 46
42 47
42 60
43 38
43 40
43 143
43 49
43 50
43 145
44 40
44 41
44 45
44 48
44 49
44 51
44 52
44 55
45 41
45 139
45 44
45 46
45 48
45 144
46 41
46 42
46 139
46 45
46 47
47 132
47 42
47 139
47 46
47 60
47 61
48 44
48 45
48 144
48 146
48 55
48 156
49 40
49 43
49 44
49 50
49 51
49 57
50 164
50 43
50 49
50 145
50 57
51 44
51 49
51 52
51 53
51 57
52 44
52 51
52 53
52 54
52 55
53 51
53 52
53 54
53 57
53 58
53 59
54 52
54 53
54 55
54 56
54 59
55 44
55 48
55 52
55 54
55 56
55 156
56 162
56 54
56 55
56 59
56 156
57 163
57 164
57 49
57 50
57 51
57 53
57 58
58 57
58 163
58 59
58 53
59 162
59 163
59 53
59 54
59 56
59 58
60 32
60 39
60 42
60 74
60 47
60 61
60 62
61 132
61 133
61 47
61 60
61 62
61 63
62 64
62 65
62 66
62 74
62 60
62 61
62 63
63 64
63 133
63 134
63 71
63 137
63 61
63 62
64 65
64 67
64 70
64 71
64 62
64 63
65 64
65 66
65 67
65 68
65 72
65 62
66 65
66 72
66 73
66 74
66 62
67 64
67 65
67 68
67 69
67 70
67 75
67 76
67 83
68 65
68 130
68 67
68 69
68 135
68 72
69 67
69 68
69 135
69 136
69 176
69 83
70 64
70 67
70 71
70 75
70 78
71 64
71 70
71 137
71 138
71 78
71 63
72 65
72 66
72 130
72 68
72 73
73 66
73 131
73 130
73 72
73 74
73 125
74 32
74 66
74 104
74 105
74 73
74 86
74 30
74 60
74 125
74 62
75 67
75 70
75 76
75 77
75 78
76 67
76 75
76 77
76 81
76 83
77 75
77 76
77 78
77 79
77 80
77 81
78 70
78 71
78 138
78 75
78 77
78 79
78 177
79 80
79 177
79 77
79 78
80 77
80 79
80 81
80 178
80 82
80 177
81 76
81 77
81 80
81 82
81 83
82 80
82 81
82 178
82 83
82 176
83 67
83 69
83 76
83 176
83 81
83 82
84 85
84 86
84 120
84 121
84 123
84 125
84 94
85 84
85 86
85 87
85 88
85 89
85 94
86 105
86 74
86 84
86 85
86 88
86 125
87 85
87 88
87 89
87 90
87 91
87 92
88 105
88 179
88 85
88 86
88 87
88 92
88 93
89 96
89 101
89 85
89 87
89 90
89 94
89 95
90 101
90 102
90 87
90 89
90 91
91 102
91 122
91 87
91 119
91 90
91 92
91 127
92 87
92 88
92 122
92 91
92 124
92 93
93 88
93 124
93 179
93 92
94 84
94 85
94 120
94 89
94 126
94 95
95 96
95 97
95 128
95 94
95 89
95 126
96 97
96 98
96 99
96 101
96 89
96 95
97 96
97 128
97 98
97 100
97 95
98 96
98 97
98 99
98 100
99 96
99 98
99 100
99 101
99 102
99 103
100 128
100 129
100 97
100 98
100 99
100 103
101 96
101 99
101 102
101 89
101 90
102 99
102 101
102 103
102 90
102 91
102 127
103 129
103 99
103 100
103 102
103 127
104 105
104 74
104 106
104 179
104 30
105 104
105 74
105 179
105 86
105 88
106 5
106 104
106 107
106 179
106 30
107 4
107 5
107 106
107 108
107 30
108 4
108 107
108 109
108 30
108 31
109 4
109 7
109 8
109 108
109 110
109 111
109 31
110 12
110 109
110 111
110 112
110 31
111 8
111 109
111 110
111 112
111 113
111 114
111 23
112 12
112 110
112 111
112 16
112 113
113 111
113 112
113 16
113 114
113 19
113 115
113 116
113 22
114 111
114 113
114 115
114 23
114 26
115 113
115 114
115 116
115 117
115 26
115 27
116 113
116 115
116 117
116 118
116 22
116 24
117 115
117 116
117 118
117 27
117 29
118 24
118 29
118 116
118 117
119 120
119 121
119 122
119 91
119 126
119 127
120 84
120 119
120 121
120 126
120 94
121 84
121 119
121 120
121 122
121 123
122 123
122 124
122 119
122 121
122 91
122 92
123 2
123 179
123 84
123 121
123 122
123 124
123 125
124 179
124 122
124 123
124 92
124 93
125 2
125 131
125 73
125 74
125 84
125 86
125 123
126 128
126 129
126 119
126 120
126 94
126 95
126 127
127 129
127 102
127 103
127 119
127 91
127 126
128 97
128 129
128 100
128 126
128 95
129 128
129 100
129 103
129 126
129 127
130 131
130 132
130 133
130 134
130 135
130 68
130 73
130 72
131 130
131 2
131 132
131 73
131 125
132 0
132 2
132 130
132 131
132 133
132 139
132 140
132 47
132 61
133 130
133 132
133 134
133 61
133 63
134 130
134 133
134 135
134 136
134 137
134 63
135 130
135 68
135 69
135 134
135 136
136 69
136 134
136 135
136 137
136 176
137 134
137 71
137 136
137 138
137 176
137 63
138 71
138 137
138 78
138 176
138 177
139 132
139 140
139 141
139 45
139 143
139 47
139 144
139 46
140 0
140 132
140 139
140 13
140 141
140 142
140 147
141 38
141 139
141 140
141 142
141 143
142 32
142 37
142 38
142 140
142 141
142 147
142 148
143 38
143 139
143 43
143 141
143 144
143 145
144 139
144 45
144 143
144 48
144 145
144 146
145 164
145 43
145 143
145 144
145 146
145 50
145 156
146 144
146 145
146 48
146 156
147 140
147 13
147 142
147 148
147 149
147 150
147 151
147 152
148 36
148 37
148 142
148 147
148 149
149 36
149 170
149 147
149 148
149 150
149 155
150 147
150 149
150 151
150 153
150 154
150 155
151 34
151 147
151 150
151 152
151 153
151 159
152 34
152 13
152 14
152 147
152 151
153 150
153 151
153 154
153 157
153 158
153 159
154 153
154 155
154 157
154 150
155 161
155 170
155 149
155 150
155 154
155 157
156 162
156 163
156 164
156 48
156 145
156 146
156 55
156 56
157 161
157 165
157 169
157 153
157 154
157 155
157 158
158 160
158 165
158 166
158 167
158 153
158 157
158 159
159 160
159 34
159 35
159 171
159 151
159 153
159 158
160 167
160 171
160 172
160 158
160 159
161 169
161 170
161 173
161 155
161 157
162 56
162 59
162 163
162 156
163 162
163 164
163 57
163 58
163 59
163 156
164 163
164 145
164 50
164 57
164 156
165 166
165 168
165 169
165 157
165 158
166 168
166 165
166 158
166 167
167 160
167 166
167 168
167 172
167 175
167 158
168 165
168 166
168 167
168 169
168 174
168 175
169 161
169 165
169 168
169 173
169 174
169 157
170 161
170 36
170 171
170 172
170 173
170 149
170 155
171 160
171 35
171 36
171 170
171 172
171 159
172 160
172 167
172 170
172 171
172 173
172 174
172 175
173 161
173 169
173 170
173 172
173 174
174 168
174 169
174 172
174 173
174 175
175 168
175 172
175 174
175 167
176 69
176 136
176 137
176 138
176 177
176 178
176 83
176 82
177 138
177 78
177 79
177 176
177 80
177 178
178 176
178 177
178 82
178 80
179 0
179 1
179 2
179 5
179 104
179 105
179 106
179 88
179 123
179 124
179 93
