0.187850 0.082749 -0.044365 -0.111679 -0.993743 0.001470
0.423655 0.059102 -0.043008 0.271168 -0.961628 0.041714
0.335854 0.050931 0.132285 0.179852 -0.983023 0.036318
0.218351 0.058613 -0.256039 -0.045545 -0.996135 -0.075111
0.422049 0.052390 -0.200876 0.516195 -0.818518 -0.252132
0.236203 0.106391 -0.327232 0.275346 -0.391463 -0.878033
0.427386 0.110151 -0.263644 0.646388 -0.207835 -0.734157
-0.021443 0.110995 -0.007780 -0.265001 -0.961794 0.068746
-0.018233 0.097143 -0.150161 -0.215185 -0.974037 0.070343
0.251629 0.097302 0.339086 0.741217 -0.295338 0.602804
0.227750 0.038277 0.296103 0.321072 -0.939981 0.115537
0.307730 0.048109 0.197361 0.400912 -0.894035 0.199927
0.195287 0.076098 0.396206 0.773481 -0.164330 0.612146
0.175245 0.018354 0.367144 0.309029 -0.950988 -0.011069
0.157291 0.052292 0.242053 -0.331120 -0.865205 -0.376537
0.171747 0.058421 0.177662 -0.470267 -0.868488 -0.156773
0.098789 0.017094 0.335925 -0.508981 -0.722788 -0.467456
0.129669 0.117862 0.249356 -0.903813 0.068496 -0.422410
0.067578 0.086231 0.340594 -0.917375 0.060960 -0.393329
0.103637 0.000000 0.477385 0.369719 -0.779311 0.505946
0.105672 0.040312 0.500000 0.521001 -0.028382 0.853084
0.054668 0.005048 0.441652 -0.503412 -0.841980 -0.194024
0.037957 0.051379 0.449934 -0.916521 -0.153314 0.369438
-0.221915 0.155536 -0.115868 -0.173121 -0.925375 -0.337210
-0.063410 0.127029 -0.126564 -0.439782 -0.856416 -0.270450
-0.066587 0.133157 -0.043338 -0.383524 -0.836803 0.390729
-0.232912 0.205247 -0.158488 -0.060047 -0.232664 -0.970702
-0.058162 0.197928 -0.165918 -0.673109 0.098765 -0.732919
-0.221519 0.168059 -0.050017 -0.152018 -0.616101 0.772859
-0.232443 0.230916 -0.024413 -0.072400 0.290004 0.954283
-0.311657 0.241681 -0.032132 -0.094245 0.093088 0.991187
-0.316693 0.183301 -0.055351 -0.177803 -0.817258 0.548157
-0.317015 0.171704 -0.117104 -0.210782 -0.938119 -0.274780
-0.432577 0.215727 -0.051893 -0.499482 -0.644686 0.578704
-0.432227 0.203298 -0.126870 -0.427009 -0.743623 -0.514479
-0.445532 0.274332 -0.062079 -0.300041 0.872606 0.385400
-0.310058 0.217195 -0.155703 -0.095169 -0.041602 -0.994591
-0.176057 0.228111 0.170293 0.141023 -0.065193 0.987857
-0.176803 0.158415 0.138560 -0.040463 -0.860478 0.507879
-0.039605 0.142985 0.121870 -0.061484 -0.779905 0.622871
-0.244913 0.236560 0.180663 0.121384 0.055630 0.991045
-0.253215 0.169889 0.153281 -0.088879 -0.841809 0.532408
-0.194439 0.157823 0.071527 -0.278276 -0.804568 -0.524627
-0.064821 0.135763 0.029359 -0.409539 -0.894309 -0.180249
-0.271063 0.168238 0.090570 -0.321588 -0.875925 -0.359635
-0.394773 0.216763 0.184879 -0.373897 -0.657943 0.653691
-0.409489 0.212693 0.118009 -0.557947 -0.614991 -0.557207
-0.216186 0.222480 0.034734 -0.328599 0.035520 -0.943801
-0.281727 0.231279 0.055661 -0.336849 -0.058461 -0.939742
0.144047 0.152608 0.180357 -0.961244 0.137267 0.239097
-0.420560 0.282100 0.114596 -0.626911 0.501983 -0.595815
-0.402476 0.282039 0.184965 -0.114713 0.786398 0.606975
0.208006 0.322673 0.043456 0.014990 0.959038 0.282881
0.205094 0.272374 0.148441 -0.040364 0.775230 0.630388
0.364867 0.223654 0.165420 0.639650 0.576215 0.508748
0.218808 0.159777 0.341748 0.383172 0.633543 0.672163
0.313423 0.209402 0.235699 0.524056 0.595324 0.609061
0.205062 0.244116 0.202413 -0.219735 0.851415 0.476244
0.156773 0.172630 0.291515 -0.541885 0.825113 0.159839
0.345698 0.120039 0.230484 0.785969 -0.059719 0.615375
0.168464 0.139380 0.396602 0.301723 0.760635 0.574802
0.098336 0.150749 0.366096 -0.562940 0.825791 -0.034176
0.209853 0.338674 -0.109405 -0.095246 0.985892 -0.137641
-0.002975 0.312552 -0.057801 -0.168767 0.984319 0.051319
-0.000198 0.299344 -0.146271 -0.240079 0.900466 -0.362662
-0.236566 0.281088 -0.134715 -0.057582 0.686707 -0.724650
-0.073278 0.288636 -0.146133 -0.100209 0.773814 -0.625436
-0.238919 0.292245 -0.069244 -0.078030 0.932363 0.353002
-0.073915 0.302174 -0.056142 -0.076737 0.898511 0.432191
-0.079028 0.221668 -0.016168 -0.990591 0.026240 0.134317
0.223130 0.290891 -0.245107 -0.036875 0.870475 -0.490830
0.009324 0.278801 -0.207302 -0.210487 0.928602 -0.305605
0.424899 0.352032 -0.105078 0.263521 0.962463 -0.064977
0.434000 0.317168 0.008987 0.623166 0.643909 0.443898
0.425931 0.316043 -0.217884 0.572447 0.690770 -0.441748
0.431227 0.236511 -0.277520 0.580840 0.327954 -0.745031
-0.157043 0.162431 -0.320332 0.203109 -0.103764 -0.973643
-0.160174 0.224090 -0.307924 0.105214 0.725117 -0.680540
-0.030230 0.231781 -0.280465 0.107573 0.481712 -0.869702
-0.253207 0.226362 -0.325234 0.128064 0.738501 -0.661979
-0.177060 0.245975 -0.254832 -0.105642 0.987972 0.112920
-0.050431 0.261434 -0.217028 -0.188984 0.968412 0.162676
-0.265338 0.243260 -0.279873 -0.074571 0.956091 0.283425
-0.192319 0.198874 -0.203975 -0.266276 0.467482 0.842946
-0.276262 0.210724 -0.232503 -0.326146 0.201241 0.923651
-0.375852 0.239769 -0.290104 -0.373087 0.898044 0.233072
-0.247029 0.174934 -0.340183 0.092257 -0.365622 -0.926180
-0.363578 0.219854 -0.352917 -0.330457 0.339499 -0.880647
0.235954 0.217831 -0.320972 0.208798 0.383489 -0.899633
0.041399 0.195061 -0.386913 0.264684 0.385079 -0.884113
0.007375 0.230945 -0.332003 -0.126608 0.894280 -0.429225
-0.063561 0.207429 -0.375858 -0.308403 0.946767 0.092306
-0.079958 0.155202 -0.331330 -0.572215 0.304034 0.761665
-0.038341 0.181592 -0.427038 0.335710 0.471682 -0.815362
-0.117216 0.195228 -0.408990 -0.240614 0.958068 0.155599
-0.145372 0.153371 -0.373612 -0.595128 0.295230 0.747436
-0.091294 0.175619 -0.452621 0.302837 0.578828 -0.757131
-0.031714 0.112973 -0.426813 0.424591 -0.281674 -0.860455
-0.213180 0.181490 -0.460471 -0.492377 0.862237 0.118794
-0.192058 0.165008 -0.500000 -0.081431 0.153756 -0.984748
-0.096158 0.115330 -0.459953 0.369783 -0.376185 -0.849556
0.103739 0.085306 0.498585 -0.012593 0.531842 0.846750
0.045513 0.100479 0.461315 -0.570632 0.768444 0.289608
-0.170976 0.124370 -0.281162 -0.017584 -0.932506 -0.360727
-0.033949 0.109988 -0.248540 -0.278481 -0.912952 -0.298272
-0.055679 0.116924 -0.187701 -0.424522 -0.823886 0.375489
-0.187687 0.135841 -0.220722 -0.287539 -0.616268 0.733168
-0.257680 0.134544 -0.301624 -0.135431 -0.970919 -0.197419
-0.272719 0.150027 -0.245971 -0.342265 -0.749355 0.566852
-0.378617 0.176601 -0.280583 -0.733544 -0.286116 0.616483
-0.369059 0.162492 -0.328891 -0.312940 -0.848252 -0.427243
-0.026185 0.156869 -0.287780 -0.570034 -0.065273 -0.819024
0.007395 0.086146 -0.259077 -0.169494 -0.984207 0.051062
0.034924 0.082239 -0.345117 -0.076146 -0.983589 -0.163570
0.048282 0.111089 -0.386236 0.296585 -0.510349 -0.807206
-0.047369 0.086517 -0.391439 -0.019807 -0.998213 -0.056384
-0.121860 0.088747 -0.431878 -0.065957 -0.995014 -0.074818
-0.181660 0.102257 -0.482380 -0.266119 -0.862438 -0.430559
-0.146702 0.112997 -0.384377 -0.406176 -0.796763 0.447425
-0.206570 0.122910 -0.434761 -0.894099 -0.332840 0.299675
-0.072728 0.107537 -0.339416 -0.435502 -0.634094 0.638954
-0.008920 0.108075 -0.294749 -0.540877 -0.783336 0.306327
-0.301862 0.279718 -0.128766 -0.087065 0.865713 -0.492911
-0.446621 0.258792 -0.135408 -0.493053 0.459151 -0.738972
-0.303253 0.289974 -0.074581 -0.054582 0.881139 0.469697
-0.273298 0.292257 0.084792 -0.163485 0.875668 -0.454398
-0.212609 0.294280 0.064831 -0.185368 0.861037 -0.473554
-0.082877 0.301921 0.026199 -0.202584 0.865158 -0.458761
-0.255372 0.292689 0.143527 0.053948 0.906291 0.419197
-0.189819 0.294162 0.133365 0.099400 0.824992 0.556334
-0.057457 0.298170 0.103227 0.089450 0.776353 0.623919
-0.055659 0.211763 0.150475 0.160002 0.245842 0.956013
0.446621 0.125080 0.046257 0.928157 -0.252464 0.273470
0.160117 0.060713 0.139849 -0.254319 -0.960671 0.111503
-0.009495 0.206075 0.147874 0.002348 0.164425 0.986387
0.101182 0.175097 0.156616 -0.282109 0.161174 0.945747
0.016994 0.138931 0.126393 -0.333530 -0.691484 0.640786
0.381565 0.128855 0.164242 0.911488 0.034018 0.409917
0.003660 0.298953 0.097722 -0.063015 0.792042 0.607206
-0.000198 0.312837 0.001957 -0.215634 0.975305 -0.047765
0.022633 0.248450 -0.278462 -0.253951 0.873228 -0.415912
0.445399 0.195801 -0.105770 0.996666 0.026165 0.077278
