0.373260 0.250479 -0.250648 0.000000 0.000000 0.000000
0.373295 0.161971 -0.250648 0.000000 0.000000 0.000000
0.383298 0.050513 -0.186296 0.000000 0.000000 0.000000
0.383313 0.006255 -0.109643 0.000000 0.000000 0.000000
0.388866 0.006259 0.019056 0.000000 0.000000 0.000000
0.388855 0.050513 0.095706 0.000000 0.000000 0.000000
0.373226 0.361941 0.095706 0.000000 0.000000 0.000000
0.373207 0.406195 0.019056 0.000000 0.000000 0.000000
0.373207 0.406195 -0.109643 0.000000 0.000000 0.000000
0.373226 0.361941 -0.186296 0.000000 0.000000 0.000000
0.385342 0.307517 -0.057654 0.490816 0.867141 0.084655
0.273805 0.274594 -0.211708 0.116825 0.875350 -0.469164
0.259048 0.319458 -0.064725 -0.038829 0.997121 -0.065138
0.264507 0.302597 0.093532 0.205945 0.874549 0.439034
0.153573 0.258521 -0.259782 0.130795 0.829538 -0.542917
0.378241 0.282545 -0.161616 0.726993 0.494455 -0.476440
0.281593 0.195141 -0.262616 0.379741 0.148155 -0.913152
0.378973 0.195702 -0.208256 0.442257 0.248365 -0.861814
0.103886 0.253908 -0.287174 0.336390 0.707863 -0.621105
0.121408 0.181302 -0.302947 0.511835 -0.085440 -0.854824
0.070429 0.185198 -0.348267 0.734066 -0.127405 -0.667020
0.057546 0.240559 -0.343313 0.525544 0.688728 -0.499457
0.006339 0.253700 -0.296643 -0.251921 0.958485 0.133575
0.054288 0.265171 -0.243232 -0.430255 0.898236 0.089741
0.026831 0.203930 -0.219724 -0.866723 0.003557 0.498777
0.081198 0.282875 -0.193637 -0.143986 0.959526 -0.242029
-0.013429 0.200520 -0.273621 -0.748758 0.023184 0.662437
0.008953 0.238154 -0.399755 0.353292 0.868685 -0.347234
-0.044777 0.251120 -0.348673 -0.155453 0.979885 0.125138
-0.069044 0.202045 -0.327381 -0.688894 0.220077 0.690645
-0.056321 0.238166 -0.467968 0.341864 0.817501 -0.463489
-0.112376 0.248594 -0.416503 -0.445335 0.845314 0.295165
-0.135296 0.200501 -0.392483 -0.777314 -0.039299 0.627885
0.022013 0.184788 -0.418320 0.764342 -0.085358 -0.639136
-0.151778 0.197614 -0.441081 -0.980360 0.024142 0.195734
-0.138937 0.240741 -0.450750 -0.514287 0.800737 -0.307132
-0.036504 0.181408 -0.480582 0.625436 -0.226629 -0.746638
-0.088333 0.183688 -0.500000 0.197394 -0.127241 -0.972032
-0.093868 0.233591 -0.490406 -0.151933 0.565191 -0.810849
-0.134086 0.191427 -0.485976 -0.672518 0.019541 -0.739823
0.223792 0.073334 -0.167143 -0.167339 -0.977780 -0.126268
0.028883 0.137071 -0.091472 -0.422815 -0.905666 -0.031563
0.050866 0.126127 -0.201307 -0.370507 -0.915162 -0.158753
0.019047 0.200554 -0.206557 -0.102117 0.029169 -0.994345
0.015083 0.147920 -0.182021 -0.196378 -0.887596 -0.416665
-0.041875 0.208717 -0.231442 0.357561 -0.063795 -0.931708
-0.045551 0.156842 -0.195624 0.206356 -0.831255 -0.516171
-0.064666 0.156823 -0.137748 -0.135329 -0.903620 0.406394
-0.001802 0.150329 -0.118151 -0.391848 -0.735842 0.552260
-0.012537 0.226395 -0.077376 -0.376298 -0.031042 -0.925979
0.014366 0.147385 -0.048262 -0.435463 -0.853732 -0.285506
-0.064120 0.162153 -0.040216 -0.042418 -0.930443 -0.363974
-0.056359 0.162176 0.036559 0.027417 -0.877624 0.478564
0.019680 0.146319 0.021363 -0.296705 -0.689154 0.661085
-0.079650 0.210986 -0.064801 -0.115131 -0.032428 -0.992821
-0.211577 0.160006 0.065010 0.146007 -0.891183 0.429505
-0.060622 0.207799 0.057320 0.190069 -0.005486 0.981755
-0.000045 0.231884 0.050086 0.036606 -0.076538 0.996394
-0.200815 0.212803 0.096537 0.209143 0.161745 0.964416
-0.223052 0.151759 -0.021765 0.002709 -0.828244 -0.560362
-0.228094 0.204389 -0.051786 -0.086611 0.090760 -0.992099
-0.292737 0.143638 -0.013863 -0.042452 -0.953948 -0.296953
-0.280792 0.148155 0.078180 0.009638 -0.926348 0.376546
-0.367904 0.155924 0.008382 -0.501944 -0.806974 -0.311198
-0.361155 0.158565 0.078749 -0.455244 -0.659948 0.597680
-0.285321 0.207526 0.110716 0.038089 -0.116409 0.992471
-0.359630 0.210925 0.097747 -0.400051 0.185360 0.897552
-0.308529 0.205573 -0.045785 -0.248525 -0.081700 -0.965174
-0.374171 0.209650 -0.014121 -0.729598 0.000039 -0.683876
-0.394086 0.213364 0.045492 -0.992158 0.015870 0.123979
0.040590 0.129773 0.043873 -0.740743 -0.671760 0.006251
0.007060 0.234114 0.068537 -0.724189 0.236830 -0.647659
0.026296 0.143664 0.073177 -0.578163 -0.653478 -0.488563
-0.064503 0.213011 0.111889 -0.520444 0.322535 -0.790639
-0.044686 0.155048 0.120955 -0.335634 -0.697498 -0.633124
-0.014407 0.137359 0.167276 0.132950 -0.972588 0.190782
0.062656 0.123066 0.121649 -0.000805 -0.814662 0.579935
-0.126817 0.120327 0.236923 0.173966 -0.982869 0.060866
0.004841 0.168924 0.216196 0.532489 -0.305823 0.789258
-0.094285 0.165305 0.282402 0.547587 -0.109661 0.829532
-0.160579 0.150481 0.178095 -0.330370 -0.566041 -0.755284
-0.160784 0.211054 0.163445 -0.453848 0.268523 -0.849658
0.093857 0.189792 0.163964 0.388388 -0.374131 0.842129
0.140019 0.184788 0.153825 -0.133817 -0.061332 0.989106
0.089244 0.099346 0.106449 -0.287230 -0.952142 0.104518
-0.213474 0.142522 0.199972 -0.324725 -0.695455 -0.641011
-0.172797 0.109781 0.264846 -0.011469 -0.998802 0.047578
-0.275940 0.144093 0.248880 -0.672073 -0.615229 -0.412081
-0.235203 0.210458 0.205392 -0.564407 0.254556 -0.785268
-0.282537 0.200019 0.252029 -0.907568 0.210471 -0.363349
-0.281926 0.181727 0.305455 -0.882585 -0.067446 0.465290
-0.248032 0.122705 0.299294 -0.268206 -0.832595 0.484615
-0.234717 0.166588 0.337839 -0.056513 -0.199460 0.978275
-0.162362 0.161102 0.323751 0.342907 -0.476251 0.809691
0.206824 0.160344 0.215050 -0.831848 0.548473 0.084890
0.195179 0.099972 0.159636 -0.349572 -0.854255 0.384769
0.219282 0.106982 0.205923 -0.760836 -0.641219 -0.099832
0.301121 0.065156 0.146310 0.487276 -0.872948 0.022882
0.286581 0.070444 0.194926 0.002775 -0.988030 -0.154235
0.195054 0.083846 0.304928 -0.689309 -0.573874 -0.442179
0.253908 0.042122 0.313774 0.134401 -0.936225 -0.324684
0.302426 0.075413 0.329107 0.874628 -0.471379 0.113259
0.348042 0.104672 0.219599 0.795893 -0.553081 0.246285
0.362874 0.106883 0.184202 0.890733 -0.453973 -0.022445
0.183586 0.133790 0.319893 -0.884160 0.439203 -0.159255
0.149267 0.118499 0.405225 -0.907282 0.408689 -0.099057
0.152408 0.049929 0.386072 -0.811581 -0.506343 -0.291468
0.155564 0.098966 0.465101 -0.876402 0.179179 0.447005
0.152586 0.041117 0.448133 -0.765393 -0.494901 0.411395
0.209654 0.006616 0.454638 -0.133116 -0.925488 0.354614
0.202432 0.067269 0.500000 -0.204217 -0.192068 0.959899
0.229380 0.000000 0.396178 -0.142116 -0.931837 -0.333889
0.288887 0.035559 0.419011 0.754828 -0.651467 0.076320
0.257815 0.041477 0.476037 0.592722 -0.477276 0.648758
0.340133 0.062056 -0.095065 0.261952 -0.964809 -0.022893
0.307016 0.050358 0.031779 0.313764 -0.942777 0.112799
0.371660 0.109387 -0.192267 0.349608 -0.763914 -0.542410
0.257910 0.108526 -0.246672 0.232234 -0.595378 -0.769150
0.154756 0.121719 -0.273856 -0.060102 -0.831106 -0.552857
0.171018 0.198001 -0.289318 0.251747 0.124754 -0.959719
0.093439 0.130106 -0.281056 0.148407 -0.796152 -0.586615
0.048738 0.142951 -0.239658 -0.531998 -0.830378 0.165684
0.036163 0.218720 -0.214326 -0.865702 0.190179 -0.463025
0.051708 0.133608 -0.321827 0.291073 -0.929603 -0.226087
0.010163 0.137644 -0.286146 -0.517813 -0.706483 0.482442
-0.056708 0.138448 -0.353259 -0.423221 -0.784812 0.452719
-0.010204 0.131453 -0.396288 0.419033 -0.849282 -0.321141
-0.054322 0.127868 -0.451892 0.158867 -0.934118 -0.319663
-0.110085 0.137329 -0.399338 -0.524543 -0.801556 0.286988
-0.104884 0.143182 -0.483233 -0.261780 -0.818175 -0.511919
-0.143008 0.151084 -0.448687 -0.801405 -0.581278 -0.140948
0.312414 0.150067 0.342797 0.668073 0.591111 0.451959
0.280868 0.223910 0.230068 -0.016849 0.957390 0.288307
0.243598 0.188692 0.333852 -0.313804 0.925661 0.211374
0.348842 0.180745 0.243087 0.850178 0.299048 0.433322
0.303071 0.233090 0.194877 0.326377 0.880776 0.343092
0.366732 0.191135 0.202024 0.905755 0.376295 0.194959
0.191859 0.172282 0.183508 -0.374955 0.395159 0.838605
0.201480 0.156364 0.421480 0.034390 0.943078 0.330789
0.293341 0.101918 0.427280 0.866143 0.319259 0.384539
0.204393 0.133528 0.479819 -0.219756 0.704736 0.674577
0.272143 0.093417 0.483540 0.548157 0.493411 0.675330
0.100328 0.256400 0.136053 0.184070 0.743125 0.643338
0.135797 0.267913 0.122635 -0.088639 0.704163 0.704484
0.078406 0.285959 0.046213 -0.156924 0.974511 0.160325
0.054739 0.269723 0.083055 -0.310699 0.945734 -0.095146
0.015769 0.236663 0.055022 -0.794815 0.255453 0.550466
-0.051256 0.251461 0.147437 -0.099779 0.994850 0.017831
-0.016027 0.235821 0.207092 0.362988 0.639694 0.677518
-0.098795 0.232293 0.261967 0.309106 0.807551 0.502311
-0.133695 0.249500 0.200275 -0.088921 0.982936 -0.161028
-0.212454 0.253149 0.248023 -0.161013 0.963454 -0.214081
0.045775 0.293143 0.014701 -0.094028 0.913710 0.395338
0.058339 0.292377 -0.086533 -0.182155 0.982617 -0.035826
0.036041 0.291994 -0.063667 -0.273964 0.836664 -0.474275
0.001825 0.227760 -0.087846 -0.944999 0.283485 0.163135
-0.088769 0.274548 -0.037947 -0.180637 0.862925 -0.471943
-0.078364 0.276126 0.034237 0.057153 0.848236 0.526525
-0.209176 0.266935 -0.023487 -0.075261 0.887333 -0.454946
-0.198107 0.269844 0.062453 0.050591 0.911725 0.407674
0.024532 0.267083 -0.111467 -0.291411 0.920298 0.261021
-0.079343 0.212279 -0.115788 -0.280678 -0.006075 0.959783
-0.018231 0.209085 -0.096575 -0.330141 -0.110955 0.937388
-0.084024 0.264268 -0.144884 -0.120230 0.907496 0.402486
-0.059481 0.259871 -0.215092 0.168057 0.854162 -0.492101
0.044353 0.265425 -0.179100 0.033824 0.768781 -0.638617
-0.159285 0.257895 -0.256877 0.129604 0.928919 -0.346861
-0.186897 0.267181 -0.177067 -0.104188 0.932248 0.346495
-0.200561 0.213376 -0.149508 -0.267331 0.203471 0.941878
-0.288565 0.270004 0.074015 -0.004478 0.897770 0.440442
-0.259826 0.266662 -0.204186 -0.204442 0.904083 0.375284
-0.233883 0.256624 -0.283597 0.131793 0.757324 -0.639603
-0.153091 0.198714 -0.282945 0.380491 -0.091798 -0.920217
-0.224338 0.195979 -0.306748 0.222173 -0.230501 -0.947369
-0.270569 0.212495 -0.166161 -0.384061 -0.000478 0.923308
-0.358496 0.265118 0.073568 -0.512877 0.720368 0.466934
-0.367642 0.263323 0.008108 -0.465146 0.796378 -0.386550
-0.300043 0.268065 -0.013127 -0.104521 0.818432 -0.565018
-0.309800 0.262091 -0.231123 -0.514314 0.856866 0.035527
-0.288216 0.255479 -0.293464 -0.423581 0.657539 -0.623074
-0.295548 0.197838 -0.308619 -0.153071 -0.102191 -0.982917
-0.339886 0.202993 -0.268132 -0.939551 0.077604 -0.333500
-0.329822 0.207981 -0.209493 -0.729954 0.073656 0.679516
-0.194522 0.153804 -0.174988 -0.128148 -0.770220 0.624772
-0.171834 0.149540 -0.244411 0.178075 -0.932583 -0.313971
-0.229175 0.141919 -0.269008 0.074903 -0.945422 -0.317124
-0.255771 0.148049 -0.189623 -0.270020 -0.770567 0.577335
-0.320357 0.151820 -0.226199 -0.527371 -0.822637 0.212480
-0.300385 0.147366 -0.283795 -0.411151 -0.737622 -0.535602
-0.174091 0.230355 0.312769 0.300316 0.701836 0.645939
-0.266320 0.243958 0.282698 -0.503874 0.861151 0.067312
-0.235051 0.226489 0.338276 -0.273641 0.481597 0.832578
0.394086 0.208082 -0.044702 0.985877 -0.008855 0.167239
