0.280613 0.274590 -0.211710 0.488454 0.769938 -0.410620
0.265858 0.319460 -0.064729 0.238083 0.969703 -0.054711
0.271310 0.302596 0.093533 0.288778 0.895754 0.337982
0.288396 0.195142 -0.262615 0.707444 0.317872 -0.631253
0.177827 0.198004 -0.289317 0.251740 0.124750 -0.959721
0.110697 0.253907 -0.287173 0.336387 0.707861 -0.621109
0.160381 0.258522 -0.259781 0.130789 0.829531 -0.542930
0.128215 0.181303 -0.302942 0.511852 -0.085433 -0.854815
0.077239 0.185200 -0.348269 0.734068 -0.127382 -0.667022
0.064353 0.240558 -0.343308 0.525560 0.688714 -0.499460
0.013149 0.253701 -0.296643 -0.251896 0.958488 0.133601
0.061095 0.265170 -0.243231 -0.430280 0.898225 0.089721
0.088005 0.282880 -0.193636 -0.143981 0.959522 -0.242049
0.033643 0.203927 -0.219725 -0.866733 0.003567 0.498760
0.042968 0.218722 -0.214333 -0.865582 0.190187 -0.463245
-0.006616 0.200520 -0.273620 -0.748735 0.023171 0.662465
0.015765 0.238156 -0.399758 0.353358 0.868655 -0.347241
-0.037965 0.251124 -0.348675 -0.155455 0.979886 0.125126
-0.062238 0.202047 -0.327379 -0.688893 0.220106 0.690637
-0.049509 0.238167 -0.467969 0.341861 0.817487 -0.463516
-0.105563 0.248594 -0.416505 -0.445345 0.845320 0.295130
-0.128487 0.200502 -0.392486 -0.777332 -0.039294 0.627863
0.028819 0.184790 -0.418318 0.764345 -0.085364 -0.639131
-0.144970 0.197615 -0.441081 -0.980362 0.024188 0.195717
-0.132123 0.240740 -0.450748 -0.514284 0.800729 -0.307158
-0.029694 0.181410 -0.480580 0.625473 -0.226590 -0.746619
-0.081522 0.183691 -0.500000 0.197368 -0.127194 -0.972043
-0.087057 0.233592 -0.490401 -0.151996 0.565197 -0.810833
-0.127274 0.191427 -0.485972 -0.672513 0.019581 -0.739827
0.230601 0.073336 -0.167140 -0.167343 -0.977779 -0.126269
0.035691 0.137076 -0.091471 -0.422824 -0.905662 -0.031561
0.057673 0.126128 -0.201315 -0.370503 -0.915166 -0.158742
0.021892 0.147924 -0.182024 -0.196383 -0.887596 -0.416662
0.025853 0.200555 -0.206554 -0.102220 0.029204 -0.994333
-0.035068 0.208720 -0.231444 0.357545 -0.063767 -0.931716
-0.038743 0.156845 -0.195624 0.206349 -0.831262 -0.516162
-0.057860 0.156824 -0.137747 -0.135331 -0.903619 0.406396
0.005010 0.150329 -0.118152 -0.391801 -0.735885 0.552237
0.008632 0.227761 -0.087849 -0.944997 0.283542 0.163045
-0.005728 0.226395 -0.077375 -0.376271 -0.031026 -0.925990
0.021178 0.147385 -0.048264 -0.435415 -0.853755 -0.285509
-0.057310 0.162151 -0.040220 -0.042421 -0.930441 -0.363977
-0.049549 0.162176 0.036559 0.027426 -0.877628 0.478557
0.026488 0.146322 0.021361 -0.296671 -0.689173 0.661080
-0.072840 0.210986 -0.064803 -0.115147 -0.032419 -0.992819
-0.204763 0.160007 0.065007 0.145991 -0.891179 0.429518
-0.053809 0.207799 0.057320 0.190062 -0.005470 0.981757
0.006765 0.231886 0.050087 0.036645 -0.076545 0.996392
-0.194004 0.212806 0.096534 0.209133 0.161752 0.964417
-0.216239 0.151760 -0.021764 0.002685 -0.828240 -0.560368
-0.221285 0.204388 -0.051786 -0.086616 0.090769 -0.992098
-0.285928 0.143638 -0.013860 -0.042465 -0.953939 -0.296981
-0.273984 0.148156 0.078171 0.009631 -0.926348 0.376545
-0.361091 0.155928 0.008379 -0.501941 -0.806966 -0.311226
-0.354346 0.158565 0.078749 -0.455204 -0.659999 0.597654
-0.278509 0.207524 0.110712 0.038108 -0.116479 0.992462
-0.352819 0.210925 0.097748 -0.400020 0.185333 0.897572
-0.301718 0.205576 -0.045783 -0.248509 -0.081729 -0.965175
-0.367360 0.209651 -0.014124 -0.729597 0.000044 -0.683878
-0.387276 0.213362 0.045494 -0.992160 0.015894 0.123960
0.047400 0.129775 0.043871 -0.740755 -0.671747 0.006240
0.022577 0.236661 0.055019 -0.794806 0.255455 0.550478
0.013867 0.234113 0.068536 -0.724171 0.236838 -0.647676
-0.057692 0.213009 0.111882 -0.520457 0.322482 -0.790652
0.033104 0.143667 0.073172 -0.578148 -0.653504 -0.488546
-0.037880 0.155047 0.120957 -0.335626 -0.697515 -0.633109
-0.007598 0.137361 0.167272 0.132970 -0.972586 0.190777
0.069467 0.123069 0.121649 -0.000820 -0.814649 0.579954
-0.120008 0.120329 0.236922 0.173962 -0.982868 0.060887
0.011651 0.168924 0.216196 0.532499 -0.305865 0.789235
-0.087478 0.165306 0.282402 0.547577 -0.109663 0.829538
-0.153769 0.150479 0.178092 -0.330385 -0.566049 -0.755271
-0.153976 0.211054 0.163443 -0.453862 0.268500 -0.849657
0.100663 0.189796 0.163961 0.388394 -0.374138 0.842123
0.096049 0.099346 0.106444 -0.287238 -0.952140 0.104517
0.146828 0.184790 0.153823 -0.133795 -0.061319 0.989110
-0.206661 0.142525 0.199970 -0.324734 -0.695437 -0.641027
-0.165991 0.109784 0.264841 -0.011478 -0.998802 0.047563
-0.269135 0.144095 0.248876 -0.672071 -0.615224 -0.412092
-0.228393 0.210461 0.205394 -0.564407 0.254568 -0.785264
-0.275729 0.200020 0.252030 -0.907564 0.210491 -0.363346
-0.275115 0.181728 0.305450 -0.882544 -0.067460 0.465366
-0.241222 0.122709 0.299295 -0.268218 -0.832593 0.484611
-0.227904 0.166587 0.337831 -0.056531 -0.199436 0.978279
-0.155554 0.161102 0.323750 0.342888 -0.476263 0.809692
0.213633 0.160346 0.215047 -0.831847 0.548472 0.084902
0.198671 0.172282 0.183505 -0.374973 0.395149 0.838601
0.201986 0.099974 0.159636 -0.349579 -0.854249 0.384777
0.226091 0.106983 0.205919 -0.760846 -0.641207 -0.099837
0.307923 0.065157 0.146311 0.428362 -0.902577 0.043139
0.201864 0.083845 0.304922 -0.689290 -0.573899 -0.442175
0.293392 0.070442 0.194921 0.002820 -0.988031 -0.154231
0.260719 0.042122 0.313772 0.134437 -0.936227 -0.324664
0.309233 0.075416 0.329106 0.874639 -0.471357 0.113266
0.354848 0.104678 0.219597 0.795907 -0.553054 0.246299
0.190395 0.133789 0.319885 -0.884152 0.439211 -0.159274
0.156070 0.118498 0.405221 -0.907293 0.408656 -0.099093
0.159218 0.049930 0.386069 -0.811555 -0.506378 -0.291479
0.162369 0.098968 0.465097 -0.876403 0.179147 0.447017
0.159393 0.041120 0.448129 -0.765380 -0.494909 0.411411
0.216463 0.006616 0.454638 -0.133142 -0.925477 0.354635
0.209244 0.067273 0.500000 -0.204206 -0.192052 0.959904
0.236190 0.000000 0.396179 -0.142114 -0.931840 -0.333882
0.295694 0.035560 0.419010 0.754854 -0.651435 0.076340
0.264620 0.041476 0.476031 0.592757 -0.477244 0.648751
0.369683 0.106883 0.184201 0.889837 -0.455961 -0.017010
0.346937 0.062059 -0.095068 0.209680 -0.977103 -0.036124
0.313822 0.050358 0.031777 0.232398 -0.967144 0.103075
0.378465 0.109388 -0.192269 0.803734 -0.365779 -0.469273
0.264720 0.108528 -0.246671 0.232233 -0.595378 -0.769150
0.161566 0.121721 -0.273855 -0.060083 -0.831096 -0.552874
0.100249 0.130110 -0.281056 0.148449 -0.796130 -0.586634
0.055543 0.142949 -0.239655 -0.531975 -0.830392 0.165686
0.058515 0.133607 -0.321830 0.291069 -0.929601 -0.226101
0.016971 0.137647 -0.286149 -0.517842 -0.706467 0.482436
-0.049898 0.138450 -0.353257 -0.423216 -0.784816 0.452716
-0.003394 0.131455 -0.396290 0.419058 -0.849268 -0.321146
-0.047507 0.127869 -0.451893 0.158881 -0.934115 -0.319666
-0.103276 0.137329 -0.399341 -0.524525 -0.801573 0.286973
-0.098073 0.143185 -0.483235 -0.261802 -0.818158 -0.511935
-0.136198 0.151086 -0.448682 -0.801392 -0.581284 -0.140994
0.319221 0.150069 0.342795 0.668082 0.591101 0.451959
0.355648 0.180743 0.243084 0.850174 0.299060 0.433322
0.287676 0.223911 0.230063 -0.016831 0.957387 0.288318
0.250410 0.188694 0.333848 -0.313813 0.925660 0.211364
0.373540 0.191134 0.202018 0.915239 0.383898 0.122311
0.309875 0.233093 0.194874 0.369259 0.883399 0.288537
0.208284 0.156367 0.421479 0.034376 0.943080 0.330785
0.300147 0.101919 0.427271 0.866136 0.319259 0.384555
0.211196 0.133529 0.479813 -0.219744 0.704745 0.674572
0.278951 0.093415 0.483535 0.548194 0.493410 0.675299
0.107136 0.256402 0.136052 0.184073 0.743145 0.643314
0.142606 0.267914 0.122631 -0.088644 0.704172 0.704475
0.085215 0.285956 0.046208 -0.156929 0.974509 0.160331
0.061549 0.269723 0.083049 -0.310699 0.945730 -0.095187
-0.044449 0.251463 0.147431 -0.099784 0.994849 0.017829
-0.009218 0.235819 0.207093 0.362974 0.639709 0.677512
-0.091985 0.232293 0.261965 0.309096 0.807556 0.502308
-0.126881 0.249500 0.200266 -0.088931 0.982933 -0.161039
-0.205644 0.253151 0.248023 -0.161009 0.963456 -0.214075
0.052585 0.293143 0.014699 -0.094006 0.913711 0.395341
0.065153 0.292379 -0.086535 -0.182164 0.982616 -0.035797
0.042853 0.291997 -0.063665 -0.273971 0.836665 -0.474270
-0.081965 0.274548 -0.037951 -0.180635 0.862921 -0.471952
-0.071552 0.276128 0.034236 0.057151 0.848239 0.526521
-0.202365 0.266936 -0.023484 -0.075265 0.887329 -0.454953
-0.191295 0.269844 0.062448 0.050594 0.911724 0.407677
0.031341 0.267082 -0.111472 -0.291433 0.920290 0.261022
-0.011420 0.209084 -0.096574 -0.330127 -0.110922 0.937396
-0.072533 0.212281 -0.115790 -0.280671 -0.006022 0.959785
-0.077219 0.264267 -0.144891 -0.120216 0.907501 0.402480
-0.052678 0.259870 -0.215090 0.168041 0.854160 -0.492110
0.051161 0.265427 -0.179102 0.033807 0.768788 -0.638609
-0.152478 0.257893 -0.256880 0.129626 0.928914 -0.346867
-0.180090 0.267179 -0.177064 -0.104163 0.932263 0.346461
-0.193758 0.213377 -0.149505 -0.267336 0.203463 0.941878
-0.281756 0.270005 0.074017 -0.004465 0.897761 0.440461
-0.293232 0.268067 -0.013128 -0.104502 0.818437 -0.565014
-0.253019 0.266661 -0.204188 -0.204447 0.904077 0.375295
-0.227077 0.256627 -0.283597 0.131804 0.757312 -0.639614
-0.263757 0.212495 -0.166166 -0.384117 -0.000510 0.923284
-0.360826 0.263325 0.008104 -0.465160 0.796376 -0.386538
-0.351684 0.265120 0.073568 -0.512899 0.720375 0.466898
-0.302992 0.262090 -0.231119 -0.514329 0.856856 0.035543
-0.281410 0.255478 -0.293464 -0.423625 0.657547 -0.623036
-0.288740 0.197840 -0.308619 -0.153098 -0.102195 -0.982913
-0.217524 0.195977 -0.306749 0.222201 -0.230488 -0.947366
-0.146283 0.198710 -0.282941 0.380502 -0.091808 -0.920212
-0.333078 0.202993 -0.268128 -0.939555 0.077592 -0.333491
-0.323011 0.207981 -0.209498 -0.729918 0.073624 0.679558
-0.187709 0.153805 -0.174987 -0.128174 -0.770215 0.624772
-0.165024 0.149540 -0.244408 0.178080 -0.932589 -0.313952
-0.222366 0.141922 -0.269009 0.074891 -0.945427 -0.317111
-0.248962 0.148052 -0.189625 -0.270027 -0.770563 0.577337
-0.313548 0.151821 -0.226202 -0.527343 -0.822649 0.212506
-0.293575 0.147367 -0.283793 -0.411147 -0.737614 -0.535615
-0.167283 0.230356 0.312766 0.300315 0.701842 0.645932
-0.259514 0.243959 0.282698 -0.503877 0.861147 0.067337
-0.228236 0.226491 0.338273 -0.273629 0.481518 0.832627
0.387276 0.177129 -0.026127 0.961644 0.270265 -0.046887
