  0.445399   0.195801  -0.105770
  0.325419   0.156625   0.069885
 -0.014298   0.207875   0.056412
 -0.029949   0.202213  -0.088592
  0.006707   0.178665  -0.216021
  0.056787   0.146020  -0.311398
  0.229435   0.125285   0.210410
 -0.168745   0.221078   0.086948
 -0.183228   0.219076  -0.086605
 -0.136618   0.180315  -0.247070
 -0.058644   0.144245  -0.375358
  0.134204   0.080901   0.363606
 -0.310989   0.234736   0.114655
 -0.333515   0.229362  -0.083858
 -0.275749   0.191402  -0.278579
 -0.148945   0.142012  -0.424850
  0.052750   0.014995   0.446409
 -0.407542   0.221576   0.134625
 -0.439432   0.230796  -0.081074
 -0.373989   0.183575  -0.298127
 -0.204861   0.132949  -0.453497
