1 17
17 1
19 119
23 25
23 122
24 26
24 122
25 23
25 165
26 24
30 38
31 35
32 34
32 128
34 32
34 35
34 39
34 130
35 31
35 34
37 38
37 39
37 129
38 30
38 37
39 34
39 37
39 129
39 130
41 48
41 50
42 44
42 121
43 122
44 42
45 46
46 45
47 48
48 41
48 47
49 155
49 162
50 41
52 56
53 70
53 72
56 52
56 57
57 56
57 71
57 146
66 175
68 69
68 176
69 68
69 176
70 53
70 72
71 57
71 146
72 53
72 70
73 74
74 73
80 81
81 80
87 89
88 151
89 87
94 137
97 98
98 97
100 101
101 100
102 103
103 102
106 108
107 140
108 106
109 111
111 109
118 120
119 19
120 118
120 121
121 42
121 120
122 23
122 24
122 43
123 124
124 123
128 32
129 37
129 39
129 130
130 34
130 39
130 129
132 135
134 136
135 132
136 134
137 94
140 107
144 152
146 57
146 71
151 88
152 144
153 154
153 160
154 153
155 49
155 162
160 153
161 162
161 163
162 49
162 155
162 161
163 161
165 25
167 168
168 167
170 178
171 179
175 66
176 68
176 69
178 170
179 171
179 180
180 179
182 187
183 186
184 185
185 184
186 183
187 182
