0 1
0 2
0 3
0 4
0 6
0 7
0 112
1 0
1 2
1 102
1 135
1 136
1 7
1 10
1 12
2 0
2 1
2 4
2 133
2 134
2 10
3 0
3 4
3 5
3 112
3 113
3 114
3 86
4 0
4 2
4 3
4 133
4 5
4 141
5 3
5 4
5 141
5 86
5 87
6 0
6 37
6 7
6 108
6 110
6 112
7 0
7 1
7 37
7 6
7 136
7 40
7 25
7 27
8 9
8 10
8 11
8 13
8 54
9 134
9 8
9 10
9 54
9 57
10 1
10 2
10 134
10 8
10 9
10 11
10 12
11 8
11 10
11 12
11 13
11 14
11 15
12 1
12 102
12 10
12 11
12 15
12 17
13 8
13 11
13 14
13 19
13 20
13 54
13 58
14 11
14 13
14 15
14 16
14 19
14 21
15 11
15 12
15 14
15 16
15 17
16 14
16 15
16 17
16 18
16 21
17 102
17 12
17 15
17 16
17 18
17 55
17 59
18 100
18 16
18 17
18 21
18 22
18 59
19 13
19 14
19 20
19 21
19 22
20 101
20 13
20 19
20 22
20 58
21 14
21 16
21 18
21 19
21 22
22 100
22 101
22 18
22 19
22 20
22 21
23 130
23 24
23 25
23 26
23 28
24 130
24 131
24 137
24 23
24 25
25 7
25 136
25 137
25 23
25 24
25 26
25 27
26 23
26 25
26 27
26 28
26 29
26 30
27 7
27 40
27 30
27 25
27 26
27 126
28 32
28 129
28 130
28 132
28 23
28 26
28 29
29 32
29 26
29 28
29 30
29 31
30 34
30 26
30 27
30 29
30 126
30 31
31 32
31 33
31 34
31 35
31 29
31 30
32 33
32 132
32 28
32 124
32 29
32 31
33 32
33 35
33 124
33 31
34 128
34 35
34 30
34 127
34 125
34 126
34 31
35 33
35 34
35 124
35 125
35 31
36 37
36 38
36 39
36 40
36 43
36 44
36 45
37 36
37 6
37 38
37 40
37 7
37 108
38 64
38 65
38 66
38 36
38 37
38 105
38 76
38 45
38 108
38 80
38 63
39 36
39 40
39 41
39 42
39 43
39 126
40 36
40 37
40 7
40 39
40 27
40 126
41 67
41 68
41 39
41 42
41 123
41 126
42 39
42 41
42 43
42 46
42 48
42 123
43 36
43 39
43 42
43 44
43 46
44 36
44 43
44 45
44 46
44 47
44 49
45 65
45 36
45 38
45 44
45 49
46 42
46 43
46 44
46 47
46 48
46 50
47 49
47 50
47 44
47 46
48 42
48 46
48 50
48 122
48 123
49 65
49 44
49 45
49 47
49 50
49 122
50 46
50 47
50 48
50 49
50 122
51 69
51 138
51 139
51 52
51 53
51 60
51 61
51 62
52 134
52 138
52 141
52 51
52 53
52 56
52 57
53 135
53 139
53 51
53 52
53 56
54 8
54 9
54 13
54 55
54 56
54 57
54 58
55 102
55 17
55 54
55 56
55 58
55 59
56 102
56 135
56 52
56 53
56 54
56 55
56 57
57 134
57 9
57 52
57 54
57 56
58 100
58 101
58 13
58 20
58 54
58 55
58 59
59 100
59 17
59 18
59 55
59 58
60 139
60 51
60 61
60 126
60 127
61 66
61 67
61 51
61 62
61 60
61 126
61 63
62 64
62 69
62 70
62 51
62 61
62 63
63 64
63 66
63 38
63 61
63 62
64 38
64 70
64 140
64 76
64 62
64 63
65 66
65 67
65 68
65 38
65 45
65 49
65 122
66 65
66 67
66 38
66 61
66 63
67 65
67 66
67 68
67 41
67 61
67 126
68 65
68 67
68 41
68 122
68 123
69 70
69 71
69 138
69 141
69 51
69 62
70 64
70 69
70 71
70 72
70 73
70 140
70 89
70 62
71 73
71 69
71 70
71 141
72 70
72 73
72 86
72 87
72 88
72 89
73 70
73 71
73 72
73 141
73 87
74 75
74 76
74 77
74 78
74 83
75 74
75 140
75 76
75 111
75 83
76 64
76 38
76 74
76 75
76 140
76 78
76 80
77 74
77 78
77 79
77 82
77 83
77 84
77 85
78 74
78 76
78 77
78 79
78 80
79 77
79 78
79 80
79 81
79 82
80 38
80 105
80 76
80 78
80 79
80 81
81 103
81 104
81 105
81 79
81 80
81 82
82 103
82 77
82 79
82 81
82 85
83 74
83 75
83 107
83 77
83 111
83 84
84 106
84 107
84 77
84 109
84 83
84 85
85 103
85 109
85 77
85 82
85 84
86 3
86 5
86 72
86 114
86 87
86 88
87 5
87 72
87 73
87 141
87 86
88 72
88 114
88 86
88 89
88 90
88 91
89 70
89 72
89 140
89 111
89 88
89 90
90 111
90 88
90 89
90 91
90 93
90 94
91 96
91 114
91 88
91 90
91 92
91 93
92 96
92 99
92 114
92 115
92 91
93 96
93 97
93 90
93 91
93 94
93 95
94 111
94 120
94 121
94 90
94 93
94 95
95 97
95 118
95 119
95 120
95 93
95 94
96 97
96 98
96 99
96 91
96 92
96 93
97 96
97 98
97 119
97 93
97 95
98 96
98 97
98 99
98 117
98 119
99 96
99 98
99 115
99 116
99 117
99 92
100 101
100 18
100 22
100 58
100 59
101 58
101 100
101 20
101 22
102 1
102 135
102 12
102 17
102 55
102 56
103 104
103 109
103 81
103 82
103 85
104 103
104 105
104 106
104 109
104 81
105 38
105 104
105 106
105 107
105 108
105 80
105 81
106 104
106 105
106 107
106 109
106 84
107 105
107 106
107 108
107 110
107 111
107 83
107 84
108 37
108 6
108 38
108 105
108 107
108 110
109 103
109 104
109 106
109 84
109 85
110 6
110 107
110 108
110 111
110 112
110 121
111 121
111 107
111 75
111 140
111 110
111 83
111 89
111 90
111 94
112 0
112 3
112 6
112 110
112 113
112 121
113 3
113 112
113 114
113 115
113 121
114 3
114 113
114 115
114 86
114 88
114 91
114 92
115 99
115 113
115 114
115 116
115 118
115 120
115 121
115 92
116 115
116 99
116 117
116 118
117 98
117 99
117 116
117 118
117 119
118 115
118 116
118 117
118 119
118 120
118 95
119 97
119 98
119 117
119 118
119 95
120 115
120 118
120 121
120 94
120 95
121 110
121 111
121 112
121 113
121 115
121 120
121 94
122 65
122 68
122 48
122 49
122 50
122 123
123 68
123 41
123 42
123 48
123 122
124 32
124 33
124 35
124 132
124 125
125 128
125 129
125 34
125 35
125 132
125 124
126 34
126 67
126 39
126 40
126 41
126 27
126 60
126 61
126 30
126 127
127 128
127 34
127 130
127 131
127 139
127 60
127 126
128 129
128 34
128 130
128 125
128 127
129 128
129 130
129 132
129 28
129 125
130 128
130 129
130 131
130 23
130 24
130 28
130 127
131 130
131 137
131 139
131 24
131 127
132 32
132 129
132 28
132 124
132 125
133 2
133 4
133 141
133 134
134 2
134 133
134 9
134 10
134 141
134 52
134 57
135 1
135 102
135 136
135 137
135 139
135 53
135 56
136 1
136 7
136 135
136 137
136 25
137 131
137 135
137 136
137 139
137 24
137 25
138 69
138 51
138 52
138 141
139 131
139 135
139 137
139 51
139 53
139 60
139 127
140 64
140 70
140 75
140 76
140 111
140 89
141 4
141 5
141 133
141 134
141 69
141 71
141 138
141 73
141 52
141 87
