0.499991 0.196785 -0.024706 0.983752 -0.005438 -0.179453
0.500000 0.314057 -0.024706 -0.068610 0.997565 0.012516
0.484899 0.255421 -0.064131 -0.491572 0.529565 -0.691316
0.499995 0.255421 0.018625 0.992893 0.118879 -0.005670
0.479752 0.176793 0.056221 0.789374 -0.576110 0.212099
0.479752 0.176793 -0.193584 0.659295 -0.737039 -0.148671
0.389943 0.164939 0.108462 0.300979 -0.599773 0.741407
0.391132 0.147648 0.032882 0.150636 -0.987374 0.049006
0.173317 0.143070 0.040632 -0.037608 -0.997328 0.062631
0.165486 0.162389 0.122013 -0.063351 -0.785131 0.616081
0.095471 0.171731 0.044210 -0.572742 -0.817633 0.058677
0.108638 0.172603 0.102656 -0.482558 -0.647646 0.589654
0.057894 0.258009 0.138986 -0.712948 -0.320811 0.623527
0.031972 0.259720 0.066037 -0.884506 -0.463979 0.048701
0.392872 0.255596 0.151917 0.509789 -0.276157 0.814772
0.134067 0.257706 0.170226 -0.014572 -0.166898 0.985866
0.095471 0.171731 -0.181573 -0.691499 -0.720529 -0.051639
0.031972 0.259720 -0.203395 -0.933938 -0.353994 -0.049485
0.057894 0.258009 -0.276340 -0.712932 -0.320811 -0.623546
0.108638 0.172603 -0.240019 -0.482575 -0.647611 -0.589679
0.391132 0.147648 -0.170245 0.075862 -0.996317 -0.039980
0.389943 0.164939 -0.245816 0.290426 -0.608114 -0.738817
0.173317 0.143070 -0.177990 -0.105090 -0.991573 -0.075756
0.165486 0.162389 -0.259376 -0.063331 -0.785120 -0.616097
0.134067 0.257706 -0.307580 -0.014571 -0.166891 -0.985868
0.392872 0.255596 -0.289275 0.495681 -0.266542 -0.826593
0.486506 0.316967 -0.212439 0.750399 0.629950 -0.200162
0.486506 0.316967 0.075075 0.852492 0.446268 0.272217
0.392128 0.360213 0.057045 0.130783 0.989204 0.066117
0.392128 0.360213 -0.194409 0.122197 0.986078 -0.112771
0.390711 0.335675 0.133834 0.161164 0.548923 0.820189
0.112742 0.342936 0.150973 -0.024400 0.742012 0.669943
0.105396 0.370237 0.067904 -0.039590 0.996019 0.079862
0.043352 0.337884 0.127881 -0.524051 0.602855 0.601612
0.017184 0.345671 0.064994 -0.854491 0.515357 0.065215
0.017184 0.345671 -0.202362 -0.869283 0.481186 -0.113172
0.043352 0.337884 -0.265240 -0.524024 0.602842 -0.601648
0.105396 0.370237 -0.205263 -0.040715 0.998057 -0.047172
0.112742 0.342936 -0.288332 -0.024403 0.741992 -0.669964
0.390711 0.335675 -0.271193 0.161154 0.548895 -0.820209
0.190200 0.113783 0.201485 -0.937421 -0.249997 0.242370
0.230293 0.114352 0.266690 -0.788256 -0.257765 0.558757
0.194314 0.190102 0.205665 -0.957256 0.098037 0.272121
0.227189 0.048426 0.186683 -0.802816 -0.567464 0.182954
0.234436 0.191321 0.271652 -0.374125 0.354883 0.856789
0.207827 0.225907 0.204419 -0.524528 0.826847 0.202962
0.334464 0.234983 0.266879 0.115827 0.666518 0.736436
0.300977 0.278518 0.182265 -0.040378 0.995930 0.080585
0.365637 0.142378 0.291939 0.352871 -0.029597 0.935204
0.259211 0.117731 0.291564 -0.060846 -0.278317 0.958560
0.376245 0.054943 0.242759 0.436316 -0.694233 0.572424
0.267633 0.048256 0.252490 -0.140046 -0.829908 0.540036
0.360063 0.023893 0.148153 0.229065 -0.964600 -0.130673
0.254779 0.023585 0.177307 -0.186251 -0.982358 -0.016813
0.432183 0.229580 0.202551 0.490507 0.753325 0.438069
0.411438 0.256549 0.150130 0.321233 0.946719 -0.023066
0.451503 0.172200 0.218074 0.664479 0.197919 0.720622
0.458067 0.118020 0.187612 0.800161 -0.394007 0.452218
0.448047 0.098786 0.128990 0.648917 -0.725157 -0.230334
0.450683 0.226622 0.137162 0.727888 0.667904 -0.155190
0.471429 0.182950 0.172350 0.954510 0.190783 0.229157
0.469637 0.144937 0.126222 0.934965 -0.224430 -0.274721
0.228165 0.058176 0.110074 -0.426502 -0.757906 -0.493633
0.326577 0.067428 0.063534 0.056260 -0.598706 -0.798990
0.203395 0.131761 0.090157 -0.553330 -0.154519 -0.818505
0.295399 0.160038 0.038480 -0.177518 0.103721 -0.978637
0.427297 0.125755 0.076559 0.440776 -0.303670 -0.844690
0.407982 0.183140 0.061032 0.136535 0.266246 -0.954186
0.401413 0.237315 0.091508 0.161338 0.870871 -0.464278
0.284801 0.247473 0.087655 -0.254197 0.759550 -0.598722
0.194968 0.201241 0.129241 -0.747360 0.448726 -0.489997
0.448891 0.188614 0.091034 0.806299 0.112678 -0.580677
0.191209 0.124177 0.125658 -0.971837 -0.211614 -0.103696
0.470836 0.188628 0.128929 0.937416 0.249982 -0.242404
0.209097 0.106521 0.288512 0.435397 0.064861 0.897899
0.178402 0.199331 0.265903 0.136673 0.880595 0.453733
0.032361 0.138458 0.288758 -0.320527 0.461828 0.827029
0.055401 0.068570 0.305504 -0.033940 -0.265927 0.963395
0.220795 0.017627 0.242195 0.568886 -0.677839 0.465729
0.064236 0.001830 0.270927 -0.085579 -0.957317 0.276081
0.192152 0.025495 0.139005 0.203881 -0.713884 -0.669927
0.042693 0.007745 0.193342 -0.433811 -0.791869 -0.429827
0.244892 0.128509 0.186858 0.937467 0.250279 -0.241900
0.010435 0.065788 0.248176 -0.937459 -0.250279 0.241930
0.010819 0.144373 0.211173 -0.634755 0.707124 -0.311549
0.149760 0.207203 0.162718 0.009923 0.878500 -0.477639
0.161524 0.118480 0.116847 -0.087476 0.188235 -0.978221
0.019630 0.077561 0.176426 -0.533446 -0.146561 -0.833040
0.010060 0.128666 0.291891 -0.039018 0.769528 0.637420
-0.216619 0.005749 0.306499 -0.936979 -0.251743 0.242271
0.031873 0.062835 0.307580 0.265639 -0.063560 0.961975
0.040276 0.000000 0.275046 0.022098 -0.819856 0.572144
0.054827 0.077666 0.236294 0.794498 0.580582 -0.178036
-0.010259 0.134230 0.218809 -0.332368 0.844438 -0.420067
0.019952 0.005564 0.201964 -0.300628 -0.739804 -0.601924
-0.001903 0.071281 0.186000 -0.265642 0.063569 -0.961974
-0.010984 0.316242 0.156007 0.107401 0.635361 0.764710
-0.010984 0.346462 0.096447 0.081568 0.996668 -0.000000
-0.139925 0.337827 0.096447 -0.245572 0.969378 -0.000000
-0.139925 0.311635 0.148068 -0.310937 0.314717 0.896812
-0.010984 0.247055 0.156007 0.106051 -0.420822 0.900923
-0.139925 0.251658 0.148068 -0.314030 -0.643865 0.697727
-0.010984 0.216835 0.096447 0.025564 -0.999673 -0.000000
-0.139925 0.225471 0.096447 -0.404770 -0.914418 0.000000
0.043779 0.240505 0.096447 0.653551 -0.756882 0.000000
0.043779 0.281646 0.137593 0.688516 0.000000 0.725221
0.043779 0.322792 0.096447 0.653585 0.756853 0.000000
-0.157400 0.281646 0.096447 -1.000000 0.000000 0.000000
-0.010984 0.316242 0.036897 0.209832 0.935253 -0.285084
-0.139925 0.311635 0.044831 -0.603553 0.716270 -0.350257
-0.010984 0.247055 0.036897 0.254556 -0.759283 -0.598907
-0.139925 0.251658 0.044831 -0.314006 -0.643827 -0.697773
0.043779 0.281646 0.055306 0.688459 0.000000 -0.725275
0.058453 0.281646 0.096447 1.000000 0.000000 0.000000
-0.291076 0.327082 0.096447 -0.193022 0.981194 -0.000000
-0.291076 0.305895 0.138200 -0.241869 0.321863 0.915371
-0.151438 0.310805 0.146646 0.190073 0.629458 0.753429
-0.151438 0.336272 0.096447 -0.065232 0.991999 0.108091
-0.151438 0.252487 0.146646 -0.058181 -0.271754 0.960607
-0.291076 0.257398 0.138200 -0.244090 -0.657285 0.713019
-0.151438 0.227020 0.096447 -0.065617 -0.996084 -0.059253
-0.291076 0.236216 0.096447 -0.312596 -0.949886 -0.000000
-0.317429 0.281646 0.096447 -1.000000 0.000000 0.000000
-0.121449 0.281646 0.096447 0.000237 0.000244 1.000000
-0.151438 0.310805 0.046262 -0.318683 0.487095 -0.813129
-0.291076 0.305895 0.054699 -0.330040 0.485132 -0.809766
-0.291076 0.257398 0.054699 -0.204557 -0.503034 -0.839710
-0.151438 0.252487 0.046262 -0.082917 -0.619926 -0.780267
-0.307916 0.326868 0.096333 0.000000 1.000000 0.000000
-0.499995 0.281646 0.096333 -1.000000 0.000000 0.000000
-0.307916 0.305786 0.137858 0.000000 0.513659 0.857994
-0.307916 0.257507 0.137858 0.000000 -0.513685 0.857979
-0.307916 0.305786 0.054799 -0.249592 0.589407 -0.768312
-0.307916 0.257507 0.054799 -0.249605 -0.589437 -0.768284
-0.271975 0.281646 0.096333 0.907791 0.000000 0.419423
-0.307916 0.236429 0.096333 0.000000 -1.000000 -0.000000
-0.010984 0.316242 0.047106 0.107380 0.635285 0.764776
-0.010984 0.346462 -0.012440 0.081568 0.996668 -0.000000
-0.139925 0.337827 -0.012440 -0.245568 0.969379 0.000000
-0.139925 0.311635 0.039172 -0.310864 0.314686 0.896848
-0.010984 0.247055 0.047106 0.106026 -0.420756 0.900957
-0.139925 0.251662 0.039172 -0.313988 -0.643798 0.697808
-0.010984 0.216835 -0.012440 0.025555 -0.999673 -0.000000
-0.139925 0.225471 -0.012440 -0.404759 -0.914423 0.000000
0.043779 0.240505 -0.012440 0.653542 -0.756890 0.000000
0.043779 0.281646 0.028702 0.688430 0.000000 0.725303
0.043779 0.322792 -0.012440 0.653576 0.756861 0.000000
-0.157405 0.281646 -0.012440 -1.000000 0.000000 -0.000000
-0.010984 0.316242 -0.071990 0.107408 0.635339 -0.764727
-0.139925 0.311635 -0.064065 -0.310865 0.314764 -0.896821
-0.010984 0.247055 -0.071990 0.106080 -0.420783 -0.900938
-0.139925 0.251662 -0.064065 -0.314001 -0.643856 -0.697748
0.043779 0.281646 -0.053585 0.688459 0.000000 -0.725275
0.058453 0.281646 -0.012440 1.000000 0.000000 0.000000
-0.291076 0.327082 -0.012440 -0.193013 0.981196 0.000000
-0.291076 0.305900 0.029304 -0.241846 0.321810 0.915395
-0.151443 0.310805 0.037750 -0.076616 0.721703 0.687950
-0.151443 0.336272 -0.012440 -0.065329 0.991992 0.108094
-0.151443 0.252492 0.037750 -0.079373 -0.436340 0.896274
-0.291076 0.257398 0.029304 -0.244064 -0.657181 0.713124
-0.151443 0.227020 -0.012440 0.131090 -0.991371 0.000000
-0.291076 0.236216 -0.012440 -0.312604 -0.949883 -0.000000
-0.317429 0.281646 -0.012440 -1.000000 0.000000 0.000000
-0.121454 0.281646 -0.012440 -0.109147 -0.886474 0.449724
-0.151443 0.310805 -0.062638 -0.318781 0.487159 -0.813053
-0.291076 0.305900 -0.054192 -0.330110 0.485160 -0.809720
-0.291076 0.257398 -0.054192 -0.204611 -0.503089 -0.839664
-0.151443 0.252492 -0.062638 -0.082942 -0.620026 -0.780185
-0.307916 0.326868 -0.012563 -0.000000 1.000000 0.000000
-0.500000 0.281646 -0.012563 -1.000000 -0.000000 -0.000000
-0.307916 0.305786 0.028967 -0.249570 0.589354 0.768360
-0.307916 0.257507 0.028967 -0.249583 -0.589385 0.768332
-0.307916 0.305786 -0.054097 -0.000000 0.513745 -0.857943
-0.271979 0.281646 -0.012563 0.907836 0.000000 -0.419326
-0.307916 0.236429 -0.012563 0.000000 -1.000000 -0.000000
-0.307916 0.257507 -0.054097 0.000000 -0.513771 -0.857927
-0.010984 0.316242 -0.061856 0.107395 0.635312 0.764752
-0.010984 0.346462 -0.121407 0.081568 0.996668 -0.000000
-0.139925 0.337827 -0.121407 -0.245568 0.969379 0.000000
-0.139925 0.311635 -0.069791 -0.310885 0.314701 0.896835
-0.010984 0.247055 -0.061856 0.106050 -0.420770 0.900947
-0.139925 0.251658 -0.069791 -0.314000 -0.643825 0.697777
-0.010984 0.216835 -0.121407 0.025569 -0.999673 -0.000000
-0.139925 0.225471 -0.121407 -0.404759 -0.914423 0.000000
0.043779 0.240505 -0.121407 0.653552 -0.756881 0.000000
0.043779 0.281646 -0.080266 0.688459 0.000000 0.725275
0.043779 0.322792 -0.121407 0.653586 0.756852 0.000000
-0.157405 0.281646 -0.121407 -1.000000 0.000000 0.000000
-0.010984 0.316242 -0.180962 0.209828 0.935262 -0.285057
-0.139925 0.311635 -0.173032 -0.603542 0.716293 -0.350231
-0.010984 0.247055 -0.180962 0.254585 -0.759297 -0.598878
-0.139925 0.251658 -0.173032 -0.314013 -0.643868 -0.697732
0.043779 0.281646 -0.162548 0.688488 0.000000 -0.725248
0.058453 0.281646 -0.121407 1.000000 0.000000 -0.000000
-0.291076 0.327082 -0.121416 -0.193029 0.981193 0.000000
-0.291076 0.305895 -0.079673 -0.241841 0.321801 0.915400
-0.151443 0.310805 -0.071227 -0.388643 0.628575 0.673684
-0.151443 0.336272 -0.121416 -0.065272 0.991995 -0.108097
-0.151443 0.252487 -0.071227 -0.079399 -0.436358 0.896263
-0.291076 0.257398 -0.079673 -0.244074 -0.657214 0.713090
-0.151443 0.227020 -0.121416 0.131076 -0.991372 -0.000000
-0.291076 0.236216 -0.121416 -0.312604 -0.949883 -0.000000
-0.317429 0.281646 -0.121416 -1.000000 0.000000 0.000000
-0.121454 0.281646 -0.121416 -0.109071 -0.886447 -0.449795
-0.151443 0.310805 -0.171610 -0.077161 0.572622 -0.816180
-0.291076 0.305895 -0.163164 -0.330090 0.485123 -0.809751
-0.291076 0.257398 -0.163164 -0.204603 -0.503064 -0.839681
-0.151443 0.252487 -0.171610 -0.082977 -0.619998 -0.780203
-0.307916 0.326868 -0.121549 0.000000 1.000000 0.000000
-0.499995 0.281646 -0.121549 -1.000000 -0.000173 -0.000000
-0.307916 0.305786 -0.080014 -0.000055 0.513745 0.857943
-0.307916 0.257507 -0.080014 -0.000055 -0.523804 0.851839
-0.307916 0.305786 -0.163079 -0.249929 0.572087 -0.781186
-0.278952 0.281646 -0.121535 0.934765 0.000250 0.355268
-0.307893 0.238263 -0.121535 0.000000 -1.000000 -0.000000
-0.307916 0.257507 -0.163079 -0.254913 -0.583693 -0.770923
-0.010984 0.316242 -0.170639 0.107395 0.635312 0.764752
-0.010984 0.346462 -0.230189 0.081568 0.996668 -0.000000
-0.139925 0.337827 -0.230189 -0.245568 0.969379 0.000000
-0.139925 0.311635 -0.178573 -0.310885 0.314701 0.896835
-0.010984 0.247055 -0.170639 0.106050 -0.420770 0.900947
-0.139925 0.251658 -0.178573 -0.314000 -0.643825 0.697777
-0.010984 0.216835 -0.230189 0.025564 -0.999673 -0.000000
-0.139925 0.225471 -0.230189 -0.404759 -0.914423 0.000000
0.043779 0.240505 -0.230189 0.653552 -0.756881 0.000000
0.043779 0.281646 -0.189048 0.688459 0.000000 0.725275
0.043779 0.322792 -0.230189 0.653586 0.756852 0.000000
-0.157405 0.281646 -0.230189 -1.000000 0.000000 0.000000
-0.010984 0.316242 -0.289744 0.107398 0.635328 -0.764738
-0.139925 0.311635 -0.281805 -0.310913 0.314698 -0.896827
-0.010984 0.247055 -0.289744 0.106044 -0.420793 -0.900937
-0.139925 0.251658 -0.281805 -0.314012 -0.643836 -0.697762
0.043779 0.281646 -0.271330 0.688488 0.000000 -0.725248
0.058453 0.281646 -0.230189 1.000000 0.000000 0.000000
-0.291076 0.327082 -0.230189 -0.193013 0.981196 -0.000000
-0.291076 0.305900 -0.188441 -0.241837 0.321843 0.915386
-0.151443 0.310805 -0.180000 -0.388610 0.628637 0.673645
-0.151443 0.336272 -0.230189 -0.503028 0.864270 0.000000
-0.151443 0.252492 -0.180000 -0.079341 -0.436341 0.896277
-0.291076 0.257398 -0.188441 -0.244064 -0.657201 0.713105
-0.151443 0.227020 -0.230189 0.131090 -0.991371 0.000000
-0.291076 0.236216 -0.230189 -0.312604 -0.949883 -0.000000
-0.317429 0.281646 -0.230189 -1.000000 0.000000 0.000000
-0.121454 0.281646 -0.230189 0.000040 -0.864691 -0.502304
-0.151443 0.310805 -0.280383 -0.062100 0.450332 -0.890699
-0.291076 0.305900 -0.271932 -0.330090 0.485083 -0.809775
-0.291076 0.257398 -0.271932 -0.204606 -0.503030 -0.839701
-0.151443 0.252492 -0.280383 0.273711 -0.494292 -0.825080
-0.307921 0.326868 -0.230307 -0.000000 1.000000 0.000000
-0.500000 0.281646 -0.230307 -1.000000 0.000000 -0.000000
-0.307921 0.305786 -0.188778 0.000000 0.513702 0.857968
-0.307921 0.257507 -0.188778 0.000000 -0.513728 0.857953
-0.307921 0.305786 -0.271847 -0.000000 0.513789 -0.857917
-0.271979 0.281646 -0.230307 1.000000 0.000000 0.000000
-0.307921 0.236429 -0.230307 0.000000 -1.000000 0.000000
-0.307921 0.257507 -0.271847 0.000000 -0.513814 -0.857901
0.499464 0.256553 -0.074488 0.990688 -0.135353 -0.014691
