  0.447672   0.194484  -0.110229
  0.321868   0.154453   0.077928
 -0.010291   0.212655   0.052696
 -0.023940   0.203474  -0.088403
  0.004541   0.179986  -0.212516
  0.053296   0.152262  -0.310167
  0.221225   0.122428   0.228454
 -0.165216   0.223472   0.088884
 -0.175435   0.221604  -0.085519
 -0.135098   0.180320  -0.252810
 -0.054724   0.144339  -0.374531
  0.126967   0.078411   0.372297
 -0.308483   0.236013   0.122008
 -0.331072   0.232364  -0.081533
 -0.271005   0.188691  -0.293454
 -0.145111   0.142452  -0.428956
  0.042742   0.041051   0.452655
 -0.412498   0.241022   0.146356
 -0.449732   0.245852  -0.079042
 -0.372396   0.166560  -0.319139
 -0.201368   0.123595  -0.458780
