0.185928 0.082563 -0.044369 -0.113736 -0.993510 0.001469
0.333865 0.050438 0.132281 0.177822 -0.983392 0.036332
0.158152 0.060587 0.139844 -0.256314 -0.960139 0.111518
0.216378 0.058368 -0.256045 -0.047604 -0.996038 -0.075112
0.421684 0.058430 -0.043012 0.268360 -0.962340 0.043418
0.234328 0.106105 -0.327235 0.274527 -0.392048 -0.878028
0.420062 0.051724 -0.200881 0.506378 -0.824400 -0.252876
-0.023307 0.111246 -0.007784 -0.266995 -0.961242 0.068756
-0.020129 0.097384 -0.150165 -0.217209 -0.973586 0.070353
0.249737 0.096986 0.339081 0.740605 -0.296859 0.602809
0.305740 0.047680 0.197359 0.399063 -0.894855 0.199957
0.343855 0.119538 0.230479 0.785845 -0.061314 0.615377
0.225736 0.038013 0.296095 0.319130 -0.940644 0.115521
0.169773 0.058275 0.177658 -0.472049 -0.867518 -0.156787
0.193354 0.075902 0.396202 0.773141 -0.165946 0.612139
0.173189 0.018198 0.367140 0.307079 -0.951620 -0.011024
0.155305 0.052171 0.242046 -0.332893 -0.864519 -0.376550
0.096730 0.017093 0.335921 -0.510513 -0.721716 -0.467442
0.127817 0.117801 0.249352 -0.903672 0.070355 -0.422407
0.065661 0.086303 0.340593 -0.917244 0.062860 -0.393334
0.101544 0.000000 0.477378 0.368086 -0.780101 0.505920
0.103665 0.040303 0.500000 0.520938 -0.029460 0.853086
0.052586 0.005145 0.441646 -0.505152 -0.840945 -0.193992
0.035966 0.051508 0.449929 -0.916833 -0.151447 0.369432
-0.177676 0.228680 0.170285 0.140895 -0.065472 0.987857
-0.041403 0.143274 0.121863 -0.063072 -0.779762 0.622891
-0.057311 0.212082 0.150470 0.160499 0.245517 0.956013
-0.178569 0.158983 0.138558 -0.042240 -0.860383 0.507894
-0.066633 0.136100 0.029358 -0.411380 -0.893462 -0.180256
-0.246515 0.237272 0.180655 0.121497 0.055393 0.991045
-0.254953 0.170617 0.153277 -0.090630 -0.841623 0.532407
-0.196205 0.158435 0.071522 -0.279948 -0.803987 -0.524627
-0.272806 0.169003 0.090564 -0.323397 -0.875250 -0.359654
-0.396414 0.217784 0.184872 -0.375255 -0.657151 0.653710
-0.411142 0.213748 0.118004 -0.559216 -0.613827 -0.557220
-0.217815 0.223132 0.034729 -0.328528 0.036208 -0.943800
-0.283339 0.232070 0.055654 -0.336968 -0.057751 -0.939743
-0.080667 0.222036 -0.016173 -0.990539 0.028325 0.134275
-0.223685 0.156198 -0.115869 -0.175032 -0.925015 -0.337212
-0.059848 0.198256 -0.165923 -0.672932 0.100135 -0.732895
-0.065241 0.127366 -0.126570 -0.441567 -0.855497 -0.270450
-0.068406 0.133501 -0.043339 -0.385259 -0.836004 0.390733
-0.223265 0.168725 -0.050023 -0.153292 -0.615753 0.772884
-0.234059 0.231601 -0.024421 -0.071800 0.290172 0.954277
-0.313250 0.242532 -0.032139 -0.094040 0.093309 0.991186
-0.318408 0.184160 -0.055353 -0.179478 -0.816858 0.548206
-0.318753 0.172562 -0.117107 -0.212722 -0.937673 -0.274809
-0.234576 0.205938 -0.158492 -0.060515 -0.232585 -0.970692
-0.434224 0.216829 -0.051897 -0.500822 -0.643638 0.578712
-0.433893 0.204395 -0.126871 -0.428566 -0.742711 -0.514501
-0.447056 0.275453 -0.062085 -0.298218 0.873241 0.385379
-0.311698 0.218045 -0.155712 -0.095266 -0.041425 -0.994590
-0.448174 0.259921 -0.135410 -0.492114 0.460166 -0.738966
0.206579 0.322448 0.043450 0.016981 0.959004 0.282885
0.203564 0.272156 0.148437 -0.038749 0.775310 0.630391
0.363237 0.223106 0.165414 0.370115 0.738183 0.564004
0.217046 0.159531 0.341742 0.384453 0.632778 0.672152
0.203476 0.243898 0.202402 -0.217965 0.851862 0.476259
0.155036 0.172509 0.291507 -0.540167 0.826237 0.159849
0.311760 0.208957 0.235694 0.525265 0.594268 0.609050
0.166661 0.139238 0.396591 0.303273 0.760034 0.574782
0.096558 0.150753 0.366088 -0.561193 0.826980 -0.034166
-0.004420 0.312764 -0.057806 -0.166734 0.984667 0.051295
-0.001644 0.313047 0.001954 -0.213607 0.975751 -0.047764
0.208457 0.338445 -0.109407 -0.093208 0.986085 -0.137656
-0.001671 0.299547 -0.146280 -0.238212 0.900961 -0.362663
-0.238077 0.281779 -0.134721 -0.056158 0.686840 -0.724636
-0.075381 0.302531 -0.056149 -0.074892 0.898672 0.432181
-0.074775 0.288992 -0.146138 -0.098622 0.774023 -0.625429
-0.240406 0.292944 -0.069250 -0.076094 0.932530 0.352984
-0.191307 0.294760 0.133360 0.101121 0.824772 0.556350
-0.058933 0.298491 0.103219 0.091045 0.776157 0.623932
-0.084345 0.302301 0.026194 -0.200803 0.865581 -0.458746
-0.214089 0.294924 0.064826 -0.183604 0.861404 -0.473574
-0.256858 0.293426 0.143521 0.055824 0.906176 0.419200
-0.274781 0.293028 0.084787 -0.161670 0.875999 -0.454411
-0.422069 0.283175 0.114592 -0.625859 0.503304 -0.595807
-0.403982 0.283078 0.184956 -0.113089 0.786622 0.606990
-0.304745 0.290804 -0.074585 -0.052770 0.881259 0.469679
-0.303375 0.280545 -0.128771 -0.085281 0.865911 -0.492875
0.043627 0.100593 0.461306 -0.568991 0.769652 0.289629
0.101822 0.085295 0.498581 -0.011520 0.531935 0.846707
0.142266 0.152516 0.180350 -0.960953 0.139276 0.239105
0.007806 0.278985 -0.207308 -0.208552 0.929031 -0.305627
0.423532 0.351360 -0.105080 0.264550 0.962208 -0.064563
0.221643 0.290632 -0.245109 -0.035077 0.870543 -0.490840
0.424491 0.315363 -0.217890 0.562442 0.695970 -0.446413
0.429627 0.235822 -0.277526 0.568987 0.328363 -0.753944
0.234311 0.217545 -0.320976 0.209584 0.383064 -0.899631
-0.161803 0.224626 -0.307924 0.106701 0.724886 -0.680555
-0.051985 0.261742 -0.217033 -0.186972 0.968807 0.162650
-0.031843 0.232048 -0.280470 0.108562 0.481508 -0.869692
-0.254829 0.227084 -0.325237 0.129588 0.738248 -0.661964
-0.178639 0.246546 -0.254838 -0.103622 0.988187 0.112913
-0.266927 0.244008 -0.279878 -0.072577 0.956259 0.283375
-0.193999 0.199476 -0.203975 -0.265305 0.468070 0.842926
-0.277915 0.211499 -0.232503 -0.325721 0.201909 0.923655
-0.377448 0.240751 -0.290102 -0.371202 0.898831 0.233049
-0.158802 0.162961 -0.320335 0.202905 -0.104137 -0.973645
-0.027957 0.157131 -0.287785 -0.570096 -0.064034 -0.819079
-0.248756 0.175647 -0.340190 0.091481 -0.365819 -0.926179
-0.365213 0.220807 -0.352916 -0.329764 0.340245 -0.880619
0.425521 0.109473 -0.263652 0.634922 -0.212299 -0.742835
0.039710 0.195180 -0.386920 0.265474 0.384511 -0.884124
0.005759 0.231128 -0.332009 -0.124758 0.894546 -0.429212
-0.065223 0.207759 -0.375861 -0.306396 0.947423 0.092254
-0.040060 0.181870 -0.427041 0.336685 0.470978 -0.815367
0.046420 0.111193 -0.386235 0.295526 -0.510974 -0.807199
-0.033571 0.113239 -0.426816 0.424025 -0.282535 -0.860452
-0.118906 0.195675 -0.408990 -0.238573 0.958585 0.155558
-0.081733 0.155575 -0.331332 -0.571557 0.305220 0.761684
-0.147150 0.153878 -0.373611 -0.594523 0.296450 0.747436
-0.093026 0.176009 -0.452625 0.304038 0.578201 -0.757129
-0.214898 0.182136 -0.460475 -0.490576 0.863268 0.118760
-0.193809 0.165609 -0.500000 -0.081127 0.153905 -0.984749
-0.098016 0.115732 -0.459958 0.368983 -0.376945 -0.849567
-0.380347 0.177587 -0.280585 -0.734125 -0.284588 0.616498
-0.274503 0.150793 -0.245975 -0.343824 -0.748629 0.566868
-0.189500 0.136432 -0.220723 -0.288805 -0.615671 0.733172
-0.259497 0.135278 -0.301625 -0.137451 -0.970634 -0.197423
-0.172814 0.124926 -0.281169 -0.019497 -0.932462 -0.360743
-0.057528 0.117239 -0.187705 -0.426207 -0.823015 0.375493
-0.370817 0.163461 -0.328893 -0.314710 -0.847587 -0.427263
-0.035816 0.110264 -0.248548 -0.280357 -0.912363 -0.298318
0.005477 0.086334 -0.259081 -0.171523 -0.983857 0.051049
0.032996 0.082373 -0.345123 -0.078165 -0.983430 -0.163574
-0.049284 0.086816 -0.391446 -0.021871 -0.998171 -0.056356
-0.123772 0.089203 -0.431881 -0.068025 -0.994874 -0.074817
-0.183541 0.102834 -0.482381 -0.267927 -0.861883 -0.430550
-0.208413 0.123542 -0.434763 -0.894786 -0.330987 0.299675
-0.148560 0.113504 -0.384378 -0.407817 -0.795907 0.447457
-0.074598 0.107895 -0.339421 -0.436795 -0.633188 0.638970
-0.010789 0.108297 -0.294756 -0.542503 -0.782207 0.306336
0.447670 0.194485 -0.110229 0.998751 -0.010837 -0.048767
0.444788 0.124360 0.046252 0.913125 -0.343127 0.220150
0.379737 0.128272 0.164239 0.838505 -0.183491 0.513069
0.099448 0.175094 0.156614 -0.281762 0.161735 0.945755
0.015188 0.139101 0.126385 -0.334969 -0.690796 0.640778
-0.011161 0.206300 0.147871 0.002645 0.164394 0.986391
0.432567 0.316472 0.008982 0.536345 0.752249 0.382694
0.448174 0.226872 0.060989 0.940671 0.120979 0.317021
0.002184 0.299150 0.097720 -0.061382 0.792168 0.607209
0.021057 0.248606 -0.278463 -0.252120 0.873748 -0.415933
