-0.358775 0.347282 -0.079605 -0.545075 0.833338 0.091870
-0.228360 0.355886 -0.078427 0.071150 0.995507 -0.062478
-0.234987 0.309899 -0.230301 -0.061406 0.877447 -0.475727
-0.245007 0.339005 0.083672 -0.282226 0.858056 0.429055
-0.126522 0.227995 -0.303136 -0.184824 0.129619 -0.974186
-0.241889 0.228325 -0.283081 -0.315369 0.157120 -0.935872
-0.345271 0.321202 -0.185854 -0.669985 0.527451 -0.522414
-0.345428 0.231831 -0.233782 -0.790133 0.088821 -0.606465
-0.019623 0.210852 -0.356701 -0.691668 -0.107616 -0.714153
-0.055749 0.283118 -0.296670 -0.270007 0.714441 -0.645500
-0.004810 0.267362 -0.351016 -0.459628 0.703009 -0.542698
0.088335 0.231754 -0.229381 -0.298672 -0.054853 -0.952778
-0.001539 0.293483 -0.181585 0.036159 0.766790 -0.640879
0.107205 0.283767 -0.211516 -0.095258 0.856804 -0.506766
0.119114 0.234556 -0.108135 0.213918 -0.009423 0.976806
0.014302 0.294763 -0.110827 0.306530 0.910711 0.276848
0.055008 0.233617 -0.092533 0.263522 -0.118688 0.957324
-0.021505 0.322156 -0.087424 0.213018 0.976756 -0.023894
-0.038108 0.312829 -0.198984 0.188957 0.953915 -0.233113
-0.051175 0.316383 0.047601 0.174398 0.969784 0.170601
0.009442 0.193046 0.226564 -0.594823 -0.285103 0.751599
-0.080245 0.286580 0.138510 -0.198287 0.748207 0.633142
-0.077780 0.217813 0.167300 -0.453143 -0.361911 0.814667
0.088889 0.236085 0.124107 0.581014 0.306935 -0.753800
-0.029577 0.298742 0.087083 0.348502 0.934558 -0.071745
0.074395 0.276025 0.159921 0.141280 0.989408 0.033336
0.157777 0.268272 0.220212 0.160044 0.977925 -0.134346
0.184807 0.227734 0.182759 0.517251 0.256623 -0.816453
0.236157 0.265155 0.273513 0.238588 0.954351 -0.179694
0.258742 0.220718 0.229748 0.621527 0.232129 -0.748211
0.288812 0.250983 0.311711 0.558157 0.821574 0.116091
0.303967 0.205457 0.279854 0.937961 0.154162 -0.310585
0.191687 0.243021 0.337351 -0.277497 0.767027 0.578502
0.252481 0.234017 0.366654 0.114580 0.375225 0.919825
0.174120 0.172563 0.346109 -0.425261 -0.415284 0.804172
0.247889 0.172596 0.364542 0.125172 -0.357357 0.925542
0.299118 0.185465 0.334185 0.849839 -0.140379 0.508003
0.106904 0.182814 0.300169 -0.597856 -0.088650 0.796687
0.033843 0.261091 0.218844 -0.373597 0.650345 0.661421
0.117423 0.251691 0.281270 -0.286500 0.816470 0.501293
-0.201054 0.178651 0.423289 -0.016081 0.929279 0.369029
-0.312108 0.179454 0.337934 -0.669566 0.598610 0.439713
-0.297512 0.125735 0.423333 -0.848291 0.400284 0.346664
-0.179394 0.159129 0.318642 0.903247 0.416347 -0.103920
-0.239744 0.217069 0.333074 0.330643 0.909029 0.253655
-0.148047 0.138583 0.406935 0.923422 0.380808 -0.047707
-0.207146 0.152820 0.482091 0.216590 0.668285 0.711677
-0.157561 0.116203 0.467340 0.863851 0.130226 0.486624
-0.278268 0.113867 0.481559 -0.647658 0.385083 0.657457
-0.208188 0.083826 0.500000 0.160415 -0.238375 0.957833
-0.396708 0.206708 -0.084541 -0.967038 0.252307 0.034328
-0.292931 0.268250 0.185176 -0.380906 0.881149 0.280154
-0.192491 0.101573 -0.181215 0.147290 -0.982357 -0.115243
-0.011463 0.150660 -0.204588 0.350135 -0.927285 -0.132467
0.004029 0.161505 -0.090512 0.396918 -0.917846 -0.003778
0.024314 0.171584 -0.182363 0.189898 -0.895785 -0.401881
0.023859 0.225728 -0.207926 0.133509 0.017454 -0.990894
0.236505 0.166849 -0.160192 0.034202 -0.766665 0.641135
0.245685 0.227943 -0.134409 0.217788 0.200121 0.955259
0.205107 0.214150 -0.274481 -0.322474 -0.076859 -0.943453
0.087767 0.178449 -0.192254 -0.216450 -0.822944 -0.525274
0.277490 0.150187 -0.254100 -0.126507 -0.942515 -0.309291
0.217727 0.162969 -0.232968 -0.217507 -0.922782 -0.318063
0.368644 0.153976 -0.203917 0.446716 -0.856517 0.258500
0.299734 0.155864 -0.170850 0.170381 -0.778347 0.604274
0.351814 0.149905 -0.264362 0.387681 -0.776419 -0.496867
0.279430 0.205311 -0.293890 -0.165226 -0.168607 -0.971737
0.395590 0.204141 -0.246263 0.962923 -0.000413 -0.269777
0.352588 0.201588 -0.290846 0.259724 -0.231023 -0.937642
0.381653 0.211142 -0.186855 0.712225 -0.081841 0.697164
0.318395 0.221235 -0.146589 0.342114 0.053730 0.938121
-0.072191 0.124866 0.108446 0.253014 -0.959757 0.121866
-0.317016 0.093483 -0.114986 -0.061479 -0.992255 -0.107933
-0.341500 0.142885 -0.216882 -0.637809 -0.582926 -0.503385
-0.398909 0.119908 0.032359 -0.844263 -0.535141 0.029053
-0.291860 0.080694 0.016863 0.029263 -0.998249 0.051409
-0.292637 0.095397 0.134673 -0.130120 -0.976282 0.173039
-0.192271 0.108864 0.300645 0.690368 -0.579692 -0.432838
-0.280406 0.099912 0.185212 -0.027177 -0.984265 -0.174599
-0.210924 0.135418 0.200899 0.747052 -0.660904 -0.071550
-0.303834 0.102993 0.320997 -0.895074 -0.441625 0.061723
-0.254506 0.067718 0.305652 -0.152483 -0.919714 -0.361767
-0.344016 0.214971 0.231552 -0.861609 0.318965 0.394831
-0.343998 0.136837 0.206983 -0.824824 -0.530393 0.195828
-0.357370 0.140299 0.169981 -0.793706 -0.528702 0.300839
-0.294856 0.057757 0.412114 -0.801472 -0.596350 0.044825
-0.197115 0.189870 0.211391 0.839623 0.524860 0.139837
-0.152841 0.069068 0.384152 0.805130 -0.521642 -0.282233
-0.155789 0.057394 0.447499 0.732138 -0.537607 0.418273
-0.215853 0.023703 0.450484 0.088754 -0.943354 0.319696
-0.234011 0.020084 0.389393 0.124195 -0.921645 -0.367623
-0.265002 0.060313 0.472130 -0.494889 -0.568950 0.656796
-0.359963 0.226975 0.188286 -0.907411 0.384190 0.170303
-0.221167 0.138598 -0.265132 -0.198444 -0.590082 -0.782575
-0.113212 0.149112 -0.286063 0.072220 -0.833701 -0.547473
-0.049785 0.155520 -0.289008 -0.136475 -0.793753 -0.592732
-0.075180 0.208952 -0.313676 -0.456271 -0.074566 -0.886711
0.061793 0.224276 -0.274371 0.700807 0.006625 0.713320
0.107421 0.156532 -0.350433 0.346147 -0.791009 0.504467
0.122356 0.222024 -0.325160 0.649224 0.204681 0.732539
0.034800 0.206532 -0.424833 -0.719670 -0.059662 -0.691749
-0.004044 0.157364 -0.327991 -0.316837 -0.919167 -0.233978
0.099147 0.196857 -0.484028 -0.570152 -0.173206 -0.803073
0.062571 0.150631 -0.397898 -0.444257 -0.833036 -0.329676
0.111668 0.141924 -0.451372 -0.195372 -0.934057 -0.298945
0.166810 0.153165 -0.480129 0.244853 -0.851951 -0.462846
0.165457 0.150147 -0.393501 0.449179 -0.820950 0.352532
0.203779 0.160203 -0.442027 0.770226 -0.634888 -0.060581
0.200130 0.200689 -0.482352 0.724512 -0.050766 -0.687390
0.153823 0.195115 -0.500000 -0.077556 -0.252533 -0.964475
0.215288 0.207687 -0.435172 0.965972 -0.148565 0.211724
0.194963 0.213625 -0.386723 0.733153 -0.028857 0.679452
-0.004267 0.168132 0.078233 0.584454 -0.671968 -0.454832
0.019011 0.260445 0.075090 0.770304 0.214375 -0.600562
0.139516 0.135385 0.253935 -0.236784 -0.971015 0.032609
0.065904 0.177188 0.131901 0.338581 -0.703914 -0.624394
0.231921 0.152729 0.221162 0.309191 -0.701653 -0.641937
0.179478 0.165257 0.196127 0.337493 -0.570184 -0.748992
0.293389 0.148632 0.274730 0.648685 -0.651484 -0.393416
0.184367 0.120553 0.284747 -0.060417 -0.997945 0.021338
0.260509 0.127525 0.324452 0.183755 -0.860423 0.475297
0.088090 0.230822 0.068154 -0.255826 0.004537 0.966712
0.237958 0.172343 0.085443 -0.232937 -0.880067 0.413790
0.229078 0.227177 0.117681 -0.259303 0.172364 0.950291
0.115871 0.233309 -0.055945 0.177591 -0.032910 -0.983554
0.254839 0.163464 -0.002971 -0.020651 -0.822709 -0.568088
0.096474 0.183698 -0.031820 0.016692 -0.929792 -0.367708
0.324982 0.149461 0.009664 -0.012862 -0.952639 -0.303830
0.401407 0.155861 0.037607 0.456581 -0.842144 -0.286928
0.306967 0.154522 0.103411 -0.106292 -0.924862 0.365147
0.390015 0.158699 0.109429 0.362574 -0.697083 0.618559
0.314195 0.214850 0.137769 -0.097469 -0.051367 0.993912
0.391387 0.212411 0.129407 0.457284 0.009278 0.889272
0.348249 0.211890 -0.021378 0.303570 -0.095498 -0.948011
0.266235 0.217205 -0.032872 0.157698 0.089357 -0.983436
0.413638 0.210577 0.015517 0.770257 -0.053397 -0.635494
0.430336 0.212429 0.078072 0.980225 -0.062794 0.187657
-0.015035 0.322511 0.017465 0.101297 0.910354 0.401240
0.027325 0.257841 0.056734 -0.103858 -0.074544 0.991795
0.110377 0.300389 0.045760 -0.045740 0.850006 0.524783
0.324985 0.278882 0.100998 0.036819 0.923710 0.381319
0.233160 0.286093 0.083140 -0.014753 0.911050 0.412032
0.249998 0.282719 -0.004379 0.164572 0.882219 -0.441142
0.342395 0.276473 0.012279 0.204506 0.810883 -0.548312
0.409776 0.266027 0.038495 0.550012 0.759540 -0.347254
0.396188 0.268220 0.105113 0.425565 0.641620 0.638137
0.127817 0.287695 -0.137798 0.141205 0.904519 0.402376
0.314335 0.276916 -0.187083 0.191468 0.933087 0.304449
0.237877 0.283683 -0.164362 0.144317 0.928116 0.343181
0.214371 0.274844 -0.248082 -0.042428 0.930212 -0.364563
0.292447 0.267186 -0.270267 -0.042711 0.814621 -0.578419
0.366961 0.267802 -0.211171 0.586158 0.782492 0.210060
0.348634 0.261557 -0.276572 0.404225 0.561046 -0.722378
-0.007498 0.293321 -0.248199 0.452501 0.884502 0.113572
0.016906 0.229586 -0.221848 0.839255 -0.016193 0.543497
0.044966 0.279462 -0.299652 0.279932 0.950134 0.137416
0.176500 0.263478 -0.414791 0.414436 0.864157 0.285440
0.102371 0.273080 -0.350568 0.204948 0.972737 0.108532
0.050328 0.261186 -0.406649 -0.278836 0.876160 -0.393184
0.205745 0.252369 -0.447579 0.668813 0.723155 -0.172441
0.122271 0.254324 -0.471532 -0.244554 0.854019 -0.459178
0.162094 0.246343 -0.491473 0.108452 0.476633 -0.872387
-0.108760 0.289789 -0.271719 -0.070204 0.831380 -0.551253
0.009178 0.236005 -0.214274 0.900021 0.161861 -0.404677
0.034484 0.253888 -0.084985 0.940675 0.255708 0.223033
0.000123 0.320916 -0.062341 0.334139 0.826404 -0.453219
-0.115754 0.299674 0.122236 0.061965 0.702354 0.709125
-0.124707 0.214355 0.153888 0.067654 -0.063864 0.995663
-0.180179 0.202938 0.180800 0.328865 0.382845 0.863295
-0.272161 0.257383 0.222662 0.028390 0.950724 0.308737
0.103475 0.177984 -0.131552 0.062619 -0.904840 0.421121
0.037418 0.173725 -0.115664 0.326782 -0.746644 0.579428
-0.183714 0.128017 0.155219 0.301598 -0.864875 0.401285
-0.006325 0.167494 -0.243497 0.490674 -0.846846 0.205162
0.036259 0.160350 -0.288524 0.454979 -0.718101 0.526617
0.031217 0.159994 0.177437 -0.186311 -0.966928 0.174178
-0.045436 0.148170 0.125581 -0.063878 -0.814918 0.576046
-0.017228 0.154577 0.047521 0.718588 -0.693544 0.051260
0.010935 0.263698 0.060739 0.766824 0.231822 0.598531
0.015937 0.171448 -0.045339 0.421983 -0.869010 -0.258362
0.048432 0.251650 -0.073296 0.434369 -0.044568 -0.899632
0.083395 0.184064 0.046479 -0.100562 -0.874976 0.473609
0.005808 0.170597 0.025783 0.227663 -0.698380 0.678553
0.125811 0.298328 -0.027650 0.248563 0.854002 -0.457052
-0.356112 0.241242 -0.196607 -0.712458 0.700442 -0.042245
-0.360762 0.151790 -0.155127 0.637546 -0.166475 -0.752211
-0.419080 0.032319 -0.190153 -0.431831 -0.299372 -0.850822
-0.425374 0.000000 -0.068925 -0.952102 -0.302650 -0.043645
-0.366957 0.110405 -0.065756 0.741338 -0.670227 0.034836
-0.430336 0.032762 0.052311 -0.764956 -0.112619 0.634160
-0.371046 0.152120 0.023623 -0.856737 -0.075948 0.510131
-0.371167 0.241722 0.065103 -0.986390 0.024968 0.162513
-0.366513 0.331178 0.023626 -0.982644 0.165415 0.083960
-0.360322 0.372563 -0.065749 -0.504029 0.012724 0.863593
-0.356229 0.330848 -0.155124 0.759137 -0.490707 -0.427688
