  0.391777   0.174795  -0.013502
  0.335814   0.152587   0.111479
  0.095373   0.199015   0.086202
  0.086090   0.218187  -0.027062
  0.068904   0.222451  -0.139825
  0.138703   0.209007  -0.206006
  0.291043   0.134820   0.211464
 -0.047364   0.204787   0.168117
 -0.091139   0.238275  -0.003770
 -0.081353   0.231452  -0.193547
  0.035650   0.203452  -0.320146
  0.234294   0.090644   0.365415
 -0.180233   0.210196   0.244362
 -0.260521   0.240661   0.018122
 -0.219406   0.234056  -0.242774
 -0.050164   0.204470  -0.415642
  0.153186   0.072368   0.467083
 -0.279958   0.211678   0.301414
 -0.388743   0.256020   0.034989
 -0.323701   0.234159  -0.279929
 -0.112286   0.215010  -0.485617
