0 1
0 2
0 3
0 6
0 50
1 0
1 2
1 3
1 17
1 18
1 19
2 0
2 1
2 162
2 4
2 5
2 6
2 18
3 0
3 1
3 166
3 168
3 50
3 19
3 51
4 96
4 162
4 2
4 5
4 9
4 93
4 94
4 95
5 2
5 4
5 6
5 7
5 73
5 93
6 0
6 2
6 5
6 7
6 50
7 73
7 50
7 5
7 6
8 96
8 100
8 101
8 9
8 10
8 95
9 96
9 162
9 4
9 8
9 10
9 153
9 155
10 100
10 8
10 9
10 155
10 158
11 12
11 13
11 55
11 56
11 59
11 60
12 11
12 13
12 15
12 18
12 56
13 11
13 12
13 15
13 146
13 149
13 59
14 170
14 15
14 16
14 146
14 57
14 58
15 164
15 12
15 13
15 14
15 16
15 17
15 146
15 18
16 164
16 170
16 171
16 14
16 15
17 1
17 164
17 165
17 137
17 15
17 18
17 19
18 1
18 162
18 2
18 163
18 12
18 15
18 17
18 56
18 153
18 154
19 1
19 3
19 166
19 137
19 17
19 113
19 178
19 21
19 24
20 37
20 38
20 175
20 114
20 21
20 22
21 166
21 38
21 167
21 19
21 20
21 22
21 24
21 25
22 167
22 175
22 176
22 20
22 21
23 112
23 113
23 115
23 24
23 25
23 26
23 27
24 113
24 19
24 21
24 23
24 25
25 38
25 39
25 21
25 23
25 24
25 26
26 32
26 39
26 23
26 25
26 27
26 28
27 115
27 117
27 23
27 26
27 28
27 29
28 32
28 26
28 27
28 29
28 30
29 116
29 117
29 118
29 27
29 28
29 30
29 31
30 32
30 33
30 36
30 28
30 29
30 31
31 118
31 36
31 29
31 30
32 33
32 34
32 37
32 39
32 26
32 28
32 30
33 32
33 34
33 35
33 36
33 30
34 32
34 33
34 35
34 37
34 114
34 119
34 120
35 120
35 33
35 34
35 36
36 33
36 35
36 118
36 120
36 30
36 31
37 32
37 34
37 38
37 39
37 114
37 20
38 37
38 39
38 20
38 21
38 25
39 32
39 37
39 38
39 25
39 26
40 41
40 42
40 43
40 44
40 45
40 46
40 48
41 40
41 169
41 42
41 44
41 80
41 82
42 40
42 41
42 48
42 80
42 85
43 40
43 44
43 45
43 77
43 79
43 86
44 40
44 169
44 41
44 43
44 86
45 40
45 43
45 77
45 46
45 47
45 87
46 40
46 45
46 47
46 48
46 49
47 45
47 46
47 49
47 87
47 88
48 40
48 42
48 46
48 49
48 85
48 91
49 46
49 47
49 48
49 88
49 89
49 91
50 0
50 3
50 6
50 7
50 51
50 184
50 185
50 186
50 187
50 188
50 189
50 190
50 191
50 192
50 193
50 194
50 73
50 74
50 92
51 3
51 168
51 169
51 50
51 82
51 86
51 92
52 71
52 72
52 73
52 53
52 54
52 93
52 94
53 163
53 173
53 52
53 54
53 55
53 56
53 154
53 94
53 95
54 164
54 71
54 171
54 177
54 179
54 52
54 53
54 180
54 55
55 170
55 11
55 171
55 53
55 54
55 56
55 60
56 163
56 11
56 12
56 18
56 53
56 55
57 64
57 70
57 170
57 14
57 58
57 61
57 62
58 70
58 14
58 146
58 147
58 148
58 57
59 66
59 11
59 13
59 149
59 150
59 60
59 62
60 170
60 11
60 55
60 59
60 62
61 64
61 65
61 66
61 68
61 57
61 62
61 63
62 66
62 170
62 57
62 59
62 60
62 61
63 64
63 65
63 67
63 69
63 61
64 69
64 70
64 57
64 61
64 63
65 67
65 68
65 61
65 63
66 68
66 150
66 152
66 59
66 61
66 62
67 65
67 68
67 69
67 151
67 152
67 63
68 65
68 66
68 67
68 152
68 61
69 64
69 67
69 70
69 151
69 63
70 64
70 69
70 147
70 151
70 57
70 58
71 167
71 72
71 168
71 75
71 172
71 112
71 176
71 177
71 52
71 54
72 71
72 73
72 74
72 75
72 52
73 5
73 7
73 72
73 74
73 50
73 52
73 93
74 72
74 73
74 75
74 76
74 50
74 84
74 92
75 71
75 72
75 74
75 172
75 76
76 74
76 75
76 172
76 78
76 79
76 83
76 84
77 43
77 45
77 78
77 79
77 81
77 87
77 90
78 76
78 77
78 79
78 80
78 81
78 83
79 43
79 76
79 77
79 78
79 172
79 86
80 41
80 42
80 78
80 81
80 82
80 83
80 85
81 77
81 78
81 80
81 85
81 90
82 169
82 41
82 80
82 51
82 83
82 92
83 76
83 78
83 80
83 82
83 84
83 92
84 74
84 83
84 76
84 92
85 42
85 80
85 81
85 48
85 89
85 90
85 91
86 168
86 169
86 43
86 44
86 172
86 79
86 51
87 45
87 77
87 47
87 88
87 89
87 90
88 89
88 49
88 47
88 87
89 49
89 85
89 87
89 88
89 90
89 91
90 77
90 81
90 85
90 87
90 89
91 48
91 89
91 85
91 49
92 74
92 50
92 83
92 51
92 84
92 82
93 4
93 5
93 73
93 52
93 94
94 4
94 52
94 53
94 93
94 95
95 96
95 4
95 101
95 8
95 173
95 53
95 94
96 8
96 9
96 4
96 95
97 98
97 99
97 174
97 153
97 154
97 155
98 97
98 99
98 101
98 103
98 104
98 106
98 174
98 111
99 97
99 98
99 111
99 155
99 156
99 157
100 160
100 101
100 102
100 103
100 8
100 10
100 158
101 98
101 100
101 103
101 8
101 173
101 174
101 95
102 160
102 161
102 100
102 103
102 104
102 109
103 98
103 100
103 101
103 102
103 104
104 98
104 102
104 103
104 105
104 106
104 109
105 104
105 106
105 107
105 108
105 109
106 98
106 104
106 105
106 107
106 110
106 111
107 105
107 106
107 108
107 110
108 161
108 105
108 107
108 109
108 110
108 159
109 161
109 102
109 104
109 105
109 108
110 106
110 107
110 108
110 111
110 159
111 98
111 99
111 106
111 110
111 156
111 159
112 71
112 175
112 176
112 113
112 177
112 115
112 23
113 112
113 177
113 178
113 19
113 23
113 24
114 34
114 37
114 175
114 115
114 116
114 117
114 20
114 119
115 175
115 112
115 114
115 117
115 23
115 27
116 114
116 117
116 118
116 119
116 29
117 114
117 115
117 116
117 27
117 29
118 36
118 116
118 119
118 120
118 29
118 31
119 34
119 114
119 116
119 118
119 120
120 34
120 35
120 36
120 118
120 119
121 137
121 138
121 139
121 181
121 122
121 123
122 129
122 131
122 181
122 121
122 123
122 125
122 126
122 127
123 131
123 139
123 140
123 141
123 121
123 122
124 134
124 142
124 180
124 183
124 125
124 126
125 133
125 134
125 122
125 124
125 126
125 127
126 179
126 180
126 181
126 122
126 124
126 125
127 128
127 129
127 133
127 122
127 125
128 129
128 130
128 133
128 135
128 136
128 127
129 128
129 130
129 131
129 122
129 127
130 128
130 129
130 131
130 132
130 136
131 129
131 130
131 132
131 140
131 145
131 122
131 123
132 136
132 145
132 130
132 131
133 128
133 134
133 135
133 143
133 144
133 125
133 127
134 133
134 142
134 143
134 124
134 125
135 128
135 136
135 144
135 133
136 128
136 130
136 132
136 135
136 144
136 145
137 165
137 138
137 139
137 17
137 178
137 19
137 183
137 121
138 137
138 178
138 181
138 182
138 121
139 137
139 141
139 142
139 183
139 121
139 123
140 131
140 141
140 142
140 143
140 144
140 145
140 123
141 123
141 140
141 139
141 142
142 134
142 139
142 140
142 141
142 143
142 183
142 124
143 133
143 134
143 140
143 142
143 144
144 133
144 135
144 136
144 140
144 143
144 145
145 131
145 132
145 136
145 140
145 144
146 13
146 14
146 15
146 148
146 149
146 58
147 70
147 148
147 149
147 150
147 151
147 58
148 58
148 147
148 149
148 146
149 13
149 146
149 147
149 148
149 150
149 59
150 66
150 147
150 149
150 151
150 152
150 59
151 67
151 69
151 70
151 147
151 150
151 152
152 66
152 67
152 68
152 150
152 151
153 97
153 162
153 9
153 18
153 154
153 155
154 97
154 163
154 173
154 174
154 18
154 53
154 153
155 97
155 99
155 9
155 10
155 153
155 157
155 158
156 160
156 99
156 111
156 157
156 159
157 160
157 99
157 155
157 156
157 158
158 160
158 100
158 10
158 155
158 157
159 160
159 161
159 108
159 110
159 111
159 156
160 161
160 100
160 102
160 156
160 157
160 158
160 159
161 160
161 102
161 108
161 109
161 159
162 2
162 4
162 9
162 18
162 153
163 56
163 154
163 18
163 53
164 165
164 171
164 15
164 16
164 17
164 180
164 54
165 164
165 137
165 17
165 180
165 183
166 3
166 167
166 168
166 19
166 21
167 166
167 71
167 168
167 176
167 21
167 22
168 3
168 166
168 167
168 71
168 172
168 51
168 86
169 41
169 44
169 82
169 51
169 86
170 171
170 14
170 16
170 55
170 57
170 60
170 62
171 164
171 170
171 16
171 54
171 55
172 71
172 168
172 75
172 76
172 79
172 86
173 101
173 174
173 53
173 154
173 95
174 97
174 98
174 101
174 173
174 154
175 112
175 176
175 114
175 115
175 20
175 22
176 167
176 71
176 175
176 112
176 22
177 71
177 112
177 113
177 178
177 179
177 54
177 182
178 137
178 138
178 113
178 177
178 19
178 182
179 177
179 180
179 181
179 54
179 182
179 126
180 164
180 165
180 179
180 54
180 183
180 124
180 126
181 138
181 179
181 182
181 121
181 122
181 126
182 138
182 177
182 178
182 179
182 181
183 165
183 137
183 139
183 142
183 180
183 124
184 185
184 50
184 194
185 184
185 186
185 50
185 188
186 185
186 50
186 187
186 188
187 186
187 50
187 188
187 189
188 50
188 185
188 186
188 187
188 189
188 190
189 50
189 187
189 188
189 190
190 50
190 188
190 189
190 191
191 192
191 50
191 190
192 193
192 50
192 191
193 192
193 194
193 50
194 184
194 193
194 50
