5 70
10 141
11 22
13 24
14 25
15 17
16 73
17 15
19 31
19 33
20 21
20 30
21 20
21 29
22 11
22 131
23 129
24 13
25 14
25 26
26 25
26 28
26 77
28 26
28 77
29 21
29 30
29 34
29 135
30 20
30 29
30 33
30 34
31 19
32 34
32 134
33 19
33 30
34 29
34 30
34 32
34 134
34 135
38 179
40 95
43 48
44 45
45 44
48 43
48 49
49 48
49 53
49 101
53 49
62 67
64 65
65 64
65 66
66 65
67 62
69 75
70 5
72 73
73 16
73 72
75 69
76 77
77 26
77 28
77 76
83 178
87 88
88 87
92 97
95 40
96 100
97 92
98 150
98 179
99 102
100 96
101 49
102 99
105 114
110 116
111 113
111 117
113 111
113 117
113 126
114 105
116 110
116 125
117 111
117 113
123 126
125 116
126 113
126 123
128 129
128 165
129 23
129 128
129 164
130 142
131 22
132 133
132 134
133 132
133 135
134 32
134 34
134 132
134 135
135 29
135 34
135 133
135 134
136 140
136 162
137 139
139 137
140 136
140 162
140 164
141 10
142 130
142 143
142 144
142 165
143 142
143 144
144 142
144 143
150 98
150 179
153 173
155 156
156 155
157 158
158 157
159 160
160 159
162 136
162 140
163 166
164 129
164 140
164 165
165 128
165 142
165 164
166 163
167 168
168 167
169 170
169 175
170 169
170 175
171 174
173 153
174 171
175 169
175 170
177 178
177 183
178 83
178 177
179 38
179 98
179 150
183 177
