5 9
5 100
6 8
7 11
8 6
9 5
9 100
11 7
14 173
14 180
17 18
18 17
22 173
22 180
28 37
32 45
33 42
34 41
34 42
34 177
35 175
36 39
37 28
37 38
38 37
38 40
39 36
39 40
39 110
40 38
40 39
41 34
41 42
41 46
41 179
42 33
42 34
42 41
42 46
43 44
43 176
44 43
44 45
44 46
44 178
45 32
45 44
45 46
46 41
46 42
46 44
46 45
46 179
51 58
54 55
55 54
58 51
59 139
59 182
60 138
61 62
62 61
63 64
64 63
66 67
66 68
67 66
67 71
68 66
69 71
69 144
71 67
71 69
78 84
83 127
84 78
85 90
90 85
90 91
91 90
92 93
93 92
97 104
98 170
100 5
100 9
100 172
104 97
105 129
105 181
110 39
110 111
111 110
117 121
119 121
121 117
121 119
123 124
124 123
125 126
126 125
127 83
129 105
129 181
131 140
132 184
133 136
133 184
136 133
138 60
138 141
139 59
139 182
140 131
141 138
143 144
144 69
144 143
150 153
152 154
153 150
154 152
154 168
156 157
156 167
157 156
167 156
168 154
170 98
172 100
173 14
173 22
173 180
175 35
176 43
176 178
177 34
177 179
178 44
178 176
178 179
179 41
179 46
179 177
179 178
180 14
180 22
180 173
181 105
181 129
182 59
182 139
184 132
184 133
