 -0.396707   0.206710  -0.084541
 -0.328080   0.191360   0.052517
 -0.087030   0.231176   0.076711
 -0.048398   0.243379  -0.025171
 -0.041014   0.229545  -0.131770
 -0.088672   0.219396  -0.212534
 -0.273179   0.179080   0.162163
  0.057967   0.215078   0.174881
  0.131728   0.234194   0.015467
  0.117416   0.229102  -0.169547
  0.034445   0.217794  -0.325796
 -0.240604   0.128042   0.344309
  0.193694   0.196844   0.266683
  0.297538   0.217132   0.052894
  0.278199   0.216817  -0.207971
  0.132112   0.205264  -0.415808
 -0.174722   0.069808   0.466990
  0.295234   0.185571   0.335291
  0.421592   0.198761   0.080909
  0.382176   0.182069  -0.232897
  0.198221   0.189555  -0.476794
