0 160
0 1
0 2
0 35
0 68
0 78
0 81
0 82
0 91
0 158
1 0
1 2
1 35
1 36
1 136
1 137
1 138
2 0
2 1
2 136
2 78
2 79
2 91
3 4
3 5
3 7
3 13
3 14
3 15
4 3
4 5
4 15
4 16
4 145
4 146
5 3
5 4
5 70
5 6
5 7
5 146
6 69
6 5
6 7
6 70
6 13
6 18
7 13
7 3
7 5
7 6
8 130
8 9
8 10
8 20
8 21
8 127
9 8
9 10
9 11
9 19
9 20
10 130
10 8
10 9
10 11
10 12
10 139
10 141
11 9
11 10
11 12
11 19
11 22
12 10
12 11
12 139
12 22
12 23
13 3
13 6
13 7
13 14
13 18
13 24
13 27
14 3
14 13
14 15
14 17
14 24
14 25
14 26
15 3
15 4
15 71
15 73
15 14
15 16
15 17
16 4
16 166
16 73
16 143
16 15
16 145
17 71
17 74
17 14
17 15
17 26
18 69
18 6
18 75
18 13
18 27
19 32
19 33
19 9
19 11
19 20
19 22
19 30
19 31
20 8
20 9
20 19
20 21
20 29
20 30
21 133
21 8
21 20
21 29
21 127
22 129
22 131
22 11
22 12
22 19
22 23
22 31
23 129
23 164
23 139
23 140
23 12
23 22
24 13
24 14
24 25
24 27
24 28
25 24
25 26
25 28
25 14
26 74
26 77
26 14
26 17
26 25
26 28
27 75
27 76
27 13
27 18
27 24
27 28
28 76
28 77
28 24
28 25
28 26
28 27
29 34
29 133
29 135
29 20
29 21
29 30
30 33
30 34
30 19
30 20
30 29
31 32
31 131
31 132
31 19
31 22
32 33
32 34
32 132
32 134
32 19
32 31
33 32
33 34
33 19
33 30
34 32
34 33
34 134
34 135
34 29
34 30
35 0
35 1
35 36
35 68
36 161
36 1
36 35
36 68
36 138
36 147
36 182
37 38
37 39
37 41
37 42
37 47
37 149
38 37
38 39
38 147
38 149
38 150
39 37
39 38
39 40
39 41
39 147
39 148
39 151
39 152
40 96
40 39
40 41
40 148
40 54
40 95
41 37
41 39
41 40
41 42
41 54
42 37
42 41
42 46
42 47
42 54
43 44
43 45
43 46
43 47
43 48
44 99
44 101
44 102
44 43
44 45
44 48
44 49
45 102
45 43
45 44
45 47
45 176
45 149
46 42
46 43
46 47
46 48
46 50
46 51
46 52
46 54
47 37
47 42
47 43
47 45
47 46
47 149
48 43
48 44
48 46
48 49
48 50
48 53
49 48
49 101
49 44
49 53
50 48
50 51
50 53
50 46
51 103
51 46
51 50
51 52
51 53
52 96
52 100
52 103
52 46
52 51
52 54
53 101
53 103
53 48
53 49
53 50
53 51
54 96
54 40
54 41
54 42
54 46
54 52
55 66
55 56
55 57
55 58
55 60
55 61
55 62
56 153
56 55
56 57
56 156
56 61
57 55
57 56
57 58
57 59
57 156
57 157
58 64
58 65
58 66
58 55
58 57
58 59
59 64
59 90
59 174
59 57
59 58
59 157
59 159
60 85
60 86
60 55
60 61
60 62
60 63
61 173
61 86
61 55
61 56
61 153
61 60
62 66
62 67
62 55
62 60
62 63
63 67
63 85
63 87
63 60
63 62
64 65
64 90
64 88
64 89
64 58
64 59
65 64
65 66
65 67
65 88
65 58
66 65
66 67
66 55
66 58
66 62
67 65
67 66
67 87
67 88
67 62
67 63
68 0
68 161
68 35
68 36
68 155
68 158
69 70
69 6
69 72
69 71
69 74
69 75
69 18
70 5
70 69
70 6
70 72
70 169
70 146
71 69
71 72
71 73
71 74
71 15
71 17
72 69
72 166
72 167
72 71
72 73
72 169
72 70
73 166
73 71
73 72
73 15
73 16
74 69
74 71
74 75
74 76
74 77
74 17
74 26
75 69
75 74
75 76
75 18
75 27
76 74
76 75
76 77
76 27
76 28
77 74
77 26
77 76
77 28
78 0
78 2
78 79
78 80
78 81
78 91
79 162
79 163
79 2
79 136
79 78
79 80
80 163
80 168
80 78
80 79
80 81
80 83
81 0
81 78
81 80
81 82
81 83
81 84
82 0
82 160
82 171
82 81
82 84
83 168
83 172
83 80
83 81
83 178
83 177
83 84
83 151
83 183
83 154
84 171
84 172
84 81
84 82
84 83
85 86
85 87
85 88
85 89
85 60
85 63
86 173
86 174
86 85
86 89
86 90
86 60
86 61
87 88
87 67
87 85
87 63
88 64
88 65
88 67
88 85
88 87
88 89
89 64
89 85
89 86
89 88
89 90
90 64
90 174
90 86
90 89
90 59
91 0
91 2
91 78
92 97
92 98
92 104
92 106
92 93
92 94
93 98
93 179
93 183
93 92
93 94
94 168
94 106
94 175
94 183
94 92
94 93
95 96
95 40
95 176
95 177
95 178
95 148
96 99
96 100
96 102
96 40
96 176
96 52
96 54
96 95
97 98
97 104
97 118
97 119
97 120
97 92
98 97
98 179
98 120
98 92
98 93
99 96
99 100
99 101
99 102
99 44
100 96
100 99
100 101
100 103
100 52
101 99
101 100
101 103
101 44
101 49
101 53
102 96
102 99
102 44
102 45
102 176
103 100
103 101
103 51
103 52
103 53
104 97
104 105
104 106
104 108
104 109
104 112
104 118
104 92
105 104
105 106
105 107
105 108
105 114
105 115
106 104
106 105
106 107
106 175
106 92
106 94
107 105
107 106
107 175
107 114
107 180
107 122
108 104
108 105
108 109
108 110
108 115
109 104
109 108
109 110
109 111
109 112
110 108
110 109
110 111
110 115
110 116
110 117
111 109
111 110
111 112
111 113
111 117
112 104
112 109
112 111
112 113
112 118
112 123
113 111
113 112
113 117
113 123
113 126
114 105
114 107
114 115
114 122
114 124
115 105
115 108
115 110
115 114
115 116
115 124
115 125
116 125
116 115
116 117
116 110
117 110
117 111
117 113
117 116
117 125
117 126
118 97
118 104
118 112
118 119
118 121
118 123
119 97
119 180
119 118
119 120
119 121
119 122
120 97
120 98
120 147
120 180
120 181
120 182
120 119
120 179
121 122
121 123
121 118
121 119
122 107
122 114
122 180
122 119
122 121
122 123
122 124
123 112
123 113
123 118
123 121
123 122
123 124
123 125
123 126
124 114
124 115
124 122
124 123
124 125
125 115
125 116
125 117
125 123
125 124
125 126
126 113
126 117
126 123
126 125
127 128
127 129
127 130
127 131
127 132
127 133
127 8
127 21
128 129
128 130
128 165
128 142
128 127
129 128
129 131
129 164
129 165
129 22
129 23
129 127
130 128
130 8
130 10
130 141
130 142
130 127
131 129
131 132
131 22
131 31
131 127
132 32
132 131
132 133
132 134
132 31
132 127
133 132
133 134
133 135
133 21
133 29
133 127
134 32
134 34
134 132
134 133
134 135
135 34
135 29
135 133
135 134
136 1
136 2
136 162
136 164
136 137
136 139
136 140
136 79
137 1
137 136
137 138
137 139
137 141
138 1
138 36
138 137
138 141
138 142
138 143
138 144
138 145
138 146
138 182
139 136
139 137
139 10
139 140
139 12
139 141
139 23
140 136
140 139
140 164
140 23
141 130
141 137
141 10
141 139
141 138
141 142
142 128
142 130
142 163
142 165
142 138
142 141
142 144
143 163
143 166
143 138
143 144
143 16
143 145
144 138
144 163
144 142
144 143
145 4
145 138
145 143
145 16
145 146
146 4
146 5
146 70
146 169
146 138
146 170
146 145
146 182
147 161
147 36
147 38
147 39
147 179
147 182
147 150
147 120
147 152
148 39
148 40
148 178
148 151
148 95
149 37
149 38
149 45
149 47
149 176
149 177
149 150
150 38
150 177
150 179
150 147
150 149
150 183
151 39
151 178
151 83
151 148
151 152
151 154
152 161
152 39
152 147
152 151
152 154
153 172
153 173
153 56
153 154
153 155
153 156
153 61
154 161
154 172
154 83
154 151
154 152
154 153
154 155
155 161
155 68
155 153
155 154
155 156
155 157
155 158
156 56
156 153
156 155
156 157
156 57
157 59
157 57
157 155
157 156
157 158
157 159
158 160
158 0
158 68
158 155
158 157
158 159
159 160
159 171
159 174
159 59
159 157
159 158
160 0
160 171
160 82
160 158
160 159
161 36
161 68
161 147
161 152
161 154
161 155
162 136
162 163
162 164
162 79
163 162
163 164
163 165
163 166
163 168
163 142
163 79
163 144
163 143
163 80
164 129
164 162
164 163
164 165
164 136
164 140
164 23
165 128
165 129
165 163
165 164
165 142
166 163
166 167
166 72
166 73
166 168
166 143
166 16
167 166
167 72
167 169
167 170
167 168
168 163
168 166
168 167
168 170
168 175
168 80
168 83
168 183
168 94
169 70
169 167
169 72
169 170
169 146
170 167
170 168
170 169
170 175
170 146
170 181
170 182
171 160
171 172
171 173
171 174
171 82
171 84
171 159
172 171
172 173
172 83
172 84
172 153
172 154
173 171
173 172
173 174
173 86
173 153
173 61
174 171
174 173
174 86
174 90
174 59
174 159
175 168
175 106
175 107
175 170
175 180
175 181
175 94
176 96
176 102
176 45
176 177
176 149
176 95
177 176
177 178
177 83
177 149
177 150
177 183
177 95
178 177
178 83
178 148
178 151
178 95
179 98
179 147
179 150
179 183
179 120
179 93
180 107
180 175
180 181
180 119
180 120
180 122
181 170
181 175
181 180
181 182
181 120
182 36
182 170
182 138
182 146
182 147
182 181
182 120
183 168
183 177
183 179
183 83
183 150
183 93
183 94
