0 1
0 2
0 3
0 6
0 51
1 0
1 2
1 162
1 4
1 5
1 6
1 17
2 0
2 1
2 3
2 17
2 18
2 19
3 0
3 2
3 166
3 168
3 50
3 51
3 19
4 1
4 5
4 6
4 7
4 73
4 93
5 96
5 1
5 162
5 4
5 10
5 93
5 94
5 95
6 0
6 1
6 4
6 7
6 51
7 73
7 51
7 4
7 6
8 96
8 100
8 101
8 9
8 10
8 95
9 100
9 8
9 10
9 155
9 158
10 162
10 5
10 8
10 9
10 154
10 155
10 95
11 12
11 13
11 55
11 56
11 59
11 60
12 11
12 13
12 16
12 146
12 149
12 59
13 11
13 12
13 16
13 17
13 55
14 170
14 15
14 16
14 146
14 57
14 58
15 164
15 170
15 171
15 14
15 16
16 164
16 12
16 13
16 14
16 15
16 17
16 146
16 18
17 1
17 162
17 2
17 163
17 13
17 16
17 18
17 55
17 153
17 154
18 2
18 164
18 165
18 138
18 16
18 17
18 19
19 2
19 3
19 166
19 138
19 112
19 18
19 178
19 22
19 25
20 37
20 38
20 175
20 114
20 21
20 22
21 167
21 175
21 176
21 20
21 22
22 166
22 38
22 167
22 19
22 20
22 21
22 24
22 25
23 112
23 113
23 115
23 24
23 25
23 26
23 27
24 38
24 39
24 22
24 23
24 25
24 27
25 112
25 19
25 22
25 23
25 24
26 115
26 117
26 23
26 27
26 28
26 29
27 33
27 39
27 23
27 24
27 26
27 29
28 116
28 117
28 118
28 26
28 29
28 30
28 31
29 33
29 26
29 27
29 28
29 30
30 32
30 33
30 36
30 28
30 29
30 31
31 118
31 28
31 30
31 36
32 33
32 34
32 35
32 36
32 30
33 32
33 34
33 37
33 39
33 27
33 29
33 30
34 32
34 33
34 35
34 37
34 114
34 119
34 120
35 32
35 34
35 36
35 120
36 32
36 35
36 118
36 120
36 30
36 31
37 33
37 34
37 38
37 39
37 114
37 20
38 37
38 39
38 20
38 22
38 24
39 33
39 37
39 38
39 24
39 27
40 41
40 42
40 43
40 44
40 45
40 46
40 48
41 40
41 42
41 80
41 48
41 85
42 40
42 41
42 169
42 43
42 80
42 83
43 40
43 169
43 42
43 44
43 86
44 40
44 43
44 45
44 78
44 77
44 86
45 40
45 44
45 77
45 46
45 47
45 87
46 40
46 45
46 47
46 48
46 49
47 45
47 46
47 49
47 87
47 88
48 40
48 41
48 46
48 49
48 85
48 91
49 46
49 47
49 48
49 88
49 89
49 91
50 3
50 168
50 169
50 51
50 83
50 86
50 92
51 0
51 3
51 6
51 7
51 50
51 184
51 185
51 186
51 187
51 188
51 189
51 190
51 191
51 192
51 193
51 194
51 73
51 74
51 92
52 71
52 72
52 73
52 53
52 54
52 93
52 94
53 164
53 72
53 171
53 177
53 179
53 52
53 180
53 54
53 56
54 96
54 163
54 173
54 52
54 53
54 55
54 56
54 153
54 94
55 163
55 11
55 13
55 17
55 54
55 56
56 170
56 11
56 171
56 53
56 54
56 55
56 60
57 70
57 14
57 146
57 147
57 148
57 58
58 70
58 170
58 14
58 57
58 61
58 62
58 63
59 66
59 11
59 12
59 149
59 150
59 60
59 62
60 170
60 11
60 56
60 59
60 62
61 64
61 65
61 66
61 68
61 58
61 62
61 63
62 66
62 170
62 58
62 59
62 60
62 61
63 64
63 69
63 70
63 58
63 61
64 65
64 67
64 69
64 61
64 63
65 64
65 67
65 68
65 61
66 68
66 150
66 152
66 59
66 61
66 62
67 64
67 65
67 68
67 69
67 151
67 152
68 65
68 66
68 67
68 152
68 61
69 64
69 67
69 70
69 151
69 63
70 69
70 148
70 151
70 57
70 58
70 63
71 72
71 73
71 74
71 75
71 52
72 71
72 168
72 167
72 75
72 172
72 176
72 113
72 177
72 52
72 53
73 4
73 7
73 71
73 74
73 51
73 52
73 93
74 71
74 73
74 75
74 76
74 51
74 84
74 92
75 71
75 72
75 74
75 172
75 76
76 74
76 75
76 172
76 78
76 79
76 82
76 84
77 44
77 45
77 78
77 79
77 81
77 87
77 90
78 172
78 44
78 77
78 79
78 76
78 86
79 76
79 77
79 78
79 80
79 81
79 82
80 41
80 42
80 79
80 81
80 82
80 83
80 85
81 77
81 79
81 80
81 85
81 90
82 76
82 79
82 80
82 83
82 84
82 92
83 169
83 42
83 80
83 82
83 50
83 92
84 74
84 76
84 82
84 92
85 41
85 80
85 81
85 48
85 89
85 90
85 91
86 168
86 169
86 43
86 44
86 172
86 78
86 50
87 45
87 77
87 47
87 88
87 89
87 90
88 89
88 49
88 47
88 87
89 49
89 85
89 87
89 88
89 90
89 91
90 77
90 81
90 85
90 87
90 89
91 48
91 89
91 85
91 49
92 74
92 50
92 83
92 51
92 82
92 84
93 4
93 5
93 73
93 52
93 94
94 96
94 5
94 52
94 54
94 93
95 8
95 10
95 96
95 5
96 5
96 101
96 8
96 173
96 54
96 94
96 95
97 98
97 99
97 174
97 153
97 154
97 155
98 97
98 99
98 111
98 155
98 156
98 157
99 97
99 98
99 101
99 103
99 104
99 106
99 174
99 111
100 160
100 101
100 102
100 103
100 8
100 9
100 158
101 96
101 99
101 100
101 103
101 8
101 173
101 174
102 160
102 161
102 100
102 103
102 104
102 109
103 99
103 100
103 101
103 102
103 104
104 99
104 102
104 103
104 105
104 106
104 109
105 104
105 106
105 107
105 108
105 109
106 99
106 104
106 105
106 107
106 110
106 111
107 105
107 106
107 108
107 110
108 161
108 105
108 107
108 109
108 110
108 159
109 161
109 102
109 104
109 105
109 108
110 106
110 107
110 108
110 111
110 159
111 98
111 99
111 106
111 110
111 157
111 159
112 113
112 178
112 19
112 177
112 23
112 25
113 72
113 175
113 112
113 176
113 177
113 115
113 23
114 34
114 37
114 175
114 115
114 116
114 117
114 20
114 119
115 175
115 113
115 114
115 117
115 23
115 26
116 114
116 117
116 118
116 119
116 28
117 114
117 115
117 116
117 26
117 28
118 36
118 116
118 119
118 120
118 28
118 31
119 34
119 114
119 116
119 118
119 120
120 34
120 35
120 36
120 118
120 119
121 137
121 138
121 139
121 181
121 122
121 123
122 131
122 139
122 140
122 141
122 121
122 123
123 129
123 131
123 181
123 121
123 122
123 125
123 126
123 127
124 134
124 142
124 180
124 183
124 125
124 126
125 179
125 180
125 181
125 123
125 124
125 126
126 133
126 134
126 123
126 124
126 125
126 127
127 128
127 129
127 133
127 123
127 126
128 129
128 130
128 133
128 135
128 136
128 127
129 128
129 130
129 131
129 123
129 127
130 128
130 129
130 131
130 132
130 136
131 129
131 130
131 132
131 141
131 145
131 122
131 123
132 136
132 145
132 130
132 131
133 128
133 134
133 135
133 143
133 144
133 126
133 127
134 133
134 142
134 143
134 124
134 126
135 128
135 136
135 144
135 133
136 128
136 130
136 132
136 135
136 144
136 145
137 138
137 178
137 181
137 182
137 121
138 165
138 137
138 139
138 18
138 19
138 178
138 183
138 121
139 138
139 140
139 142
139 183
139 121
139 122
140 122
140 139
140 141
140 142
141 131
141 140
141 142
141 143
141 144
141 145
141 122
142 134
142 139
142 140
142 141
142 143
142 183
142 124
143 133
143 134
143 141
143 142
143 144
144 133
144 135
144 136
144 141
144 143
144 145
145 131
145 132
145 136
145 141
145 144
146 12
146 14
146 16
146 147
146 149
146 57
147 57
147 146
147 148
147 149
148 70
148 147
148 149
148 150
148 151
148 57
149 12
149 146
149 147
149 148
149 150
149 59
150 66
150 148
150 149
150 151
150 152
150 59
151 67
151 69
151 70
151 148
151 150
151 152
152 66
152 67
152 68
152 150
152 151
153 97
153 163
153 173
153 174
153 17
153 54
153 154
154 97
154 162
154 10
154 17
154 153
154 155
155 97
155 98
155 9
155 10
155 154
155 156
155 158
156 160
156 98
156 155
156 157
156 158
157 160
157 98
157 111
157 156
157 159
158 160
158 100
158 9
158 155
158 156
159 160
159 161
159 108
159 110
159 111
159 157
160 161
160 100
160 102
160 156
160 157
160 158
160 159
161 160
161 102
161 108
161 109
161 159
162 1
162 5
162 10
162 17
162 154
163 54
163 153
163 17
163 55
164 165
164 171
164 15
164 16
164 18
164 180
164 53
165 164
165 138
165 18
165 180
165 183
166 3
166 167
166 168
166 19
166 22
167 166
167 168
167 72
167 176
167 21
167 22
168 3
168 166
168 167
168 72
168 172
168 50
168 86
169 42
169 43
169 50
169 83
169 86
170 171
170 14
170 15
170 56
170 58
170 60
170 62
171 164
171 170
171 15
171 53
171 56
172 72
172 168
172 75
172 76
172 78
172 86
173 96
173 101
173 174
173 54
173 153
174 97
174 99
174 101
174 173
174 153
175 176
175 113
175 114
175 115
175 20
175 21
176 167
176 72
176 175
176 113
176 21
177 72
177 112
177 113
177 178
177 179
177 53
177 182
178 137
178 138
178 112
178 177
178 19
178 182
179 177
179 180
179 53
179 181
179 182
179 125
180 164
180 165
180 179
180 53
180 183
180 124
180 125
181 137
181 179
181 182
181 121
181 123
181 125
182 137
182 177
182 178
182 179
182 181
183 165
183 138
183 139
183 142
183 180
183 124
184 185
184 186
184 51
184 188
185 184
185 194
185 51
186 184
186 51
186 188
186 187
187 186
187 51
187 188
187 189
188 51
188 184
188 186
188 187
188 189
188 190
189 51
189 187
189 188
189 190
190 51
190 188
190 189
190 191
191 192
191 51
191 190
192 193
192 51
192 191
193 192
193 194
193 51
194 185
194 193
194 51
