 -0.447669   0.194483  -0.100021
 -0.325685   0.158236   0.069514
  0.002934   0.211651   0.051038
  0.015652   0.198342  -0.087491
  0.000088   0.177921  -0.218221
 -0.050443   0.153806  -0.317319
 -0.228097   0.129239   0.205142
  0.158880   0.222627   0.084505
  0.161063   0.215707  -0.092497
  0.132412   0.179561  -0.250732
  0.069566   0.144668  -0.380838
 -0.137191   0.083158   0.356132
  0.307220   0.235271   0.115838
  0.319615   0.229400  -0.097339
  0.270227   0.190345  -0.285992
  0.156611   0.144052  -0.427553
 -0.041024   0.036623   0.439563
  0.410281   0.220895   0.139129
  0.435415   0.210709  -0.097568
  0.373341   0.168283  -0.307800
  0.197530   0.117892  -0.443693
