0 1
0 2
0 3
0 4
0 7
0 8
0 124
1 0
1 2
1 4
1 134
1 135
1 10
2 0
2 1
2 7
2 136
2 137
2 10
2 13
2 82
3 0
3 4
3 5
3 6
3 107
3 124
3 125
4 0
4 1
4 3
4 133
4 134
4 6
5 3
5 102
5 6
5 103
5 107
5 88
6 3
6 4
6 5
6 102
6 133
7 0
7 2
7 8
7 137
7 41
7 40
7 25
7 28
8 0
8 7
8 40
8 121
8 123
8 124
9 10
9 11
9 12
9 14
9 56
10 1
10 2
10 135
10 9
10 11
10 12
10 13
11 135
11 9
11 10
11 56
11 59
12 9
12 10
12 13
12 14
12 15
12 16
13 2
13 10
13 12
13 16
13 18
13 82
14 9
14 12
14 15
14 20
14 21
14 56
14 60
15 12
15 14
15 16
15 17
15 20
15 22
16 12
16 13
16 15
16 17
16 18
17 15
17 16
17 18
17 19
17 22
18 13
18 16
18 17
18 82
18 19
18 58
18 61
19 80
19 17
19 18
19 22
19 23
19 61
20 14
20 15
20 21
20 22
20 23
21 14
21 81
21 20
21 23
21 60
22 15
22 17
22 19
22 20
22 23
23 80
23 81
23 19
23 20
23 21
23 22
24 70
24 25
24 26
24 27
24 29
25 7
25 137
25 138
25 24
25 26
25 27
25 28
26 70
26 71
26 138
26 24
26 25
27 24
27 25
27 28
27 29
27 30
27 31
28 37
28 7
28 41
28 25
28 27
28 31
29 33
29 70
29 74
29 77
29 24
29 27
29 30
30 32
30 33
30 27
30 29
30 31
31 32
31 35
31 37
31 27
31 28
31 30
32 33
32 34
32 35
32 36
32 30
32 31
33 32
33 34
33 76
33 77
33 29
33 30
34 32
34 33
34 36
34 76
35 32
35 36
35 37
35 72
35 73
35 75
35 31
36 32
36 34
36 35
36 75
36 76
37 35
37 67
37 72
37 41
37 42
37 43
37 28
37 63
37 62
37 31
38 39
38 40
38 41
38 42
38 45
38 46
38 47
39 65
39 66
39 68
39 38
39 40
39 47
39 83
39 118
39 121
39 90
39 95
40 38
40 7
40 8
40 41
40 39
40 121
41 37
41 38
41 7
41 40
41 42
41 28
42 37
42 38
42 41
42 43
42 44
42 45
43 67
43 69
43 37
43 42
43 44
43 78
44 42
44 43
44 45
44 78
44 48
44 50
45 38
45 42
45 44
45 46
45 48
46 38
46 45
46 47
46 48
46 49
46 51
47 66
47 38
47 39
47 46
47 51
48 44
48 45
48 46
48 49
48 50
48 52
49 48
49 51
49 52
49 46
50 44
50 78
50 79
50 48
50 52
51 66
51 46
51 47
51 79
51 49
51 52
52 79
52 48
52 49
52 50
52 51
53 64
53 139
53 141
53 84
53 54
53 55
53 62
53 63
54 136
54 141
54 53
54 55
54 57
55 135
55 139
55 140
55 53
55 54
55 57
55 59
56 9
56 11
56 14
56 57
56 58
56 59
56 60
57 136
57 82
57 54
57 55
57 56
57 58
57 59
58 18
58 82
58 56
58 57
58 60
58 61
59 135
59 11
59 55
59 56
59 57
60 14
60 80
60 81
60 21
60 56
60 58
60 61
61 80
61 18
61 19
61 58
61 60
62 64
62 65
62 67
62 68
62 37
62 53
62 63
63 37
63 72
63 141
63 53
63 62
64 65
64 83
64 84
64 53
64 85
64 62
65 64
65 68
65 39
65 83
65 62
66 67
66 68
66 69
66 39
66 47
66 79
66 51
67 66
67 68
67 37
67 69
67 43
67 62
68 65
68 66
68 67
68 39
68 62
69 66
69 67
69 43
69 78
69 79
70 71
70 72
70 73
70 74
70 24
70 26
70 29
71 70
71 72
71 138
71 141
71 26
72 35
72 37
72 70
72 71
72 73
72 141
72 63
73 35
73 70
73 72
73 74
73 75
74 70
74 73
74 75
74 77
74 29
75 35
75 36
75 73
75 74
75 76
75 77
76 33
76 34
76 36
76 75
76 77
77 33
77 74
77 75
77 76
77 29
78 69
78 43
78 44
78 79
78 50
79 66
79 69
79 78
79 50
79 51
79 52
80 81
80 19
80 23
80 60
80 61
81 80
81 60
81 21
81 23
82 2
82 136
82 13
82 18
82 57
82 58
83 64
83 65
83 39
83 142
83 85
83 90
84 64
84 133
84 139
84 85
84 53
84 86
85 64
85 104
85 142
85 83
85 84
85 86
85 87
85 88
86 84
86 85
86 133
86 87
87 133
87 102
87 85
87 86
87 88
88 5
88 102
88 103
88 104
88 85
88 87
89 98
89 90
89 91
89 92
89 93
90 39
90 142
90 83
90 89
90 91
90 93
90 95
91 98
91 99
91 142
91 89
91 90
92 97
92 98
92 100
92 101
92 89
92 93
92 94
93 89
93 90
93 92
93 94
93 95
94 96
94 97
94 92
94 93
94 95
95 96
95 39
95 118
95 90
95 93
95 94
96 97
96 116
96 117
96 118
96 94
96 95
97 96
97 101
97 116
97 92
97 94
98 99
98 100
98 120
98 89
98 91
98 92
99 98
99 132
99 104
99 105
99 123
99 110
99 142
99 120
99 91
100 98
100 101
100 119
100 120
100 122
100 92
101 97
101 100
101 116
101 122
101 92
102 5
102 6
102 133
102 87
102 88
103 5
103 104
103 105
103 106
103 107
103 88
104 99
104 103
104 105
104 142
104 85
104 88
105 99
105 103
105 104
105 106
105 109
105 110
106 103
106 105
106 107
106 108
106 109
106 112
107 3
107 5
107 103
107 106
107 108
107 125
107 126
108 106
108 107
108 112
108 115
108 126
109 105
109 106
109 110
109 111
109 112
109 113
110 131
110 132
110 99
110 105
110 109
110 111
111 129
111 130
111 131
111 109
111 110
111 113
112 106
112 108
112 109
112 113
112 114
112 115
113 129
113 109
113 111
113 112
113 114
114 128
114 129
114 112
114 113
114 115
115 128
115 108
115 112
115 114
115 126
115 127
116 96
116 97
116 101
116 117
116 122
117 96
117 116
117 118
117 119
117 122
118 96
118 39
118 117
118 119
118 120
118 121
118 95
119 100
119 117
119 118
119 120
119 122
120 98
120 99
120 100
120 118
120 119
120 121
120 123
121 39
121 8
121 40
121 118
121 120
121 123
122 100
122 101
122 116
122 117
122 119
123 99
123 132
123 8
123 120
123 121
123 124
124 0
124 3
124 132
124 8
124 123
124 125
125 3
125 132
125 107
125 124
125 126
126 130
126 131
126 132
126 107
126 108
126 115
126 125
126 127
127 128
127 130
127 115
127 126
128 129
128 130
128 114
128 115
128 127
129 128
129 130
129 111
129 113
129 114
130 128
130 129
130 131
130 111
130 126
130 127
131 130
131 132
131 110
131 111
131 126
132 99
132 131
132 110
132 123
132 124
132 125
132 126
133 4
133 102
133 134
133 6
133 139
133 140
133 84
133 86
133 87
134 1
134 4
134 133
134 135
134 140
135 1
135 134
135 10
135 11
135 140
135 55
135 59
136 2
136 137
136 138
136 141
136 82
136 54
136 57
137 2
137 7
137 136
137 138
137 25
138 71
138 136
138 137
138 141
138 25
138 26
139 133
139 140
139 84
139 53
139 55
140 133
140 134
140 135
140 139
140 55
141 71
141 136
141 72
141 138
141 53
141 54
141 63
142 99
142 104
142 83
142 85
142 90
142 91
