0 1
0 2
0 3
0 4
0 47
1 0
1 2
1 3
1 114
2 0
2 1
2 47
2 113
2 114
2 115
2 84
2 127
2 95
3 0
3 1
3 99
3 4
3 6
3 114
4 0
4 3
4 5
4 6
4 47
4 48
4 50
5 4
5 6
5 9
5 50
5 23
6 3
6 99
6 4
6 5
6 100
6 8
6 9
6 172
7 35
7 8
7 9
7 169
7 11
7 172
8 9
8 172
8 6
8 7
9 5
9 6
9 7
9 8
9 10
9 11
9 23
10 9
10 11
10 22
10 23
10 24
10 25
10 26
11 35
11 7
11 9
11 10
11 26
12 101
12 102
12 13
12 14
12 15
12 29
13 97
13 102
13 12
13 14
13 50
13 180
14 12
14 13
14 15
14 16
14 50
15 12
15 14
15 16
15 18
15 19
15 29
16 105
16 14
16 15
16 17
16 18
16 50
16 49
16 181
17 103
17 105
17 106
17 16
17 18
17 21
18 15
18 16
18 17
18 19
18 20
18 21
19 15
19 18
19 20
19 27
19 28
19 29
20 27
20 18
20 19
20 21
21 106
21 17
21 18
21 20
21 27
21 31
22 170
22 10
22 173
22 174
22 23
22 24
23 5
23 9
23 10
23 173
23 50
23 22
24 33
24 34
24 10
24 174
24 22
24 25
25 32
25 33
25 10
25 24
25 26
26 32
26 35
26 10
26 11
26 25
27 36
27 39
27 19
27 20
27 21
27 28
27 31
28 36
28 37
28 38
28 19
28 27
28 29
28 30
29 101
29 107
29 12
29 15
29 19
29 28
29 30
30 38
30 107
30 108
30 28
30 29
31 39
31 106
31 109
31 21
31 27
32 33
32 35
32 42
32 43
32 44
32 45
32 25
32 26
33 32
33 34
33 41
33 42
33 24
33 25
34 33
34 41
34 174
34 177
34 24
35 32
35 7
35 169
35 43
35 11
35 175
35 26
36 37
36 39
36 40
36 27
36 28
37 40
37 36
37 28
37 38
38 37
38 40
38 108
38 111
38 28
38 30
39 36
39 40
39 109
39 110
39 27
39 31
40 36
40 37
40 38
40 39
40 110
40 111
41 33
41 34
41 42
41 46
41 177
41 179
42 32
42 33
42 41
42 45
42 46
43 32
43 35
43 44
43 175
43 176
44 32
44 43
44 45
44 46
44 176
44 178
45 32
45 42
45 44
45 46
46 41
46 42
46 44
46 45
46 178
46 179
47 0
47 2
47 4
47 48
47 95
48 4
48 73
48 74
48 47
48 49
48 50
48 95
49 160
49 161
49 74
49 48
49 16
49 50
49 181
50 4
50 5
50 173
50 13
50 14
50 48
50 49
50 16
50 180
50 23
51 52
51 53
51 55
51 56
51 57
51 58
52 74
52 51
52 53
52 58
52 59
53 64
53 74
53 51
53 52
53 54
53 55
53 183
53 63
54 64
54 135
54 72
54 137
54 53
54 55
55 72
55 51
55 53
55 54
55 56
56 65
56 72
56 51
56 55
56 57
57 65
57 51
57 56
57 58
57 60
57 61
58 133
58 134
58 51
58 52
58 57
58 59
58 60
59 134
59 74
59 52
59 182
59 184
59 58
60 133
60 138
60 57
60 58
60 61
60 62
61 65
61 66
61 57
61 60
61 62
62 66
62 67
62 138
62 141
62 143
62 60
62 61
63 64
63 136
63 76
63 112
63 53
63 183
64 135
64 136
64 53
64 54
64 63
65 66
65 68
65 69
65 70
65 72
65 56
65 57
65 61
66 65
66 67
66 68
66 71
66 61
66 62
67 143
67 66
67 62
67 71
68 65
68 66
68 69
68 71
69 65
69 68
69 70
69 71
69 144
70 65
70 69
70 72
70 137
70 142
70 144
71 66
71 67
71 68
71 69
71 143
71 144
72 65
72 70
72 137
72 54
72 55
72 56
73 74
73 76
73 77
73 48
73 183
73 95
74 161
74 73
74 48
74 49
74 52
74 53
74 182
74 183
74 59
75 76
75 77
75 79
75 81
75 118
75 119
75 87
76 73
76 75
76 77
76 112
76 119
76 183
76 63
77 73
77 75
77 76
77 78
77 79
77 84
77 95
78 77
78 79
78 80
78 82
78 83
78 84
79 75
79 77
79 78
79 80
79 81
80 78
80 79
80 81
80 82
80 85
80 86
81 75
81 79
81 80
81 85
81 87
82 121
82 78
82 80
82 83
82 86
82 89
82 122
83 78
83 82
83 84
83 117
83 122
83 127
84 2
84 77
84 78
84 83
84 127
84 95
85 80
85 81
85 86
85 87
85 88
85 90
85 93
86 80
86 82
86 85
86 89
86 92
86 93
87 75
87 81
87 85
87 118
87 88
87 120
88 123
88 85
88 87
88 120
88 90
88 91
89 82
89 86
89 121
89 92
89 125
89 126
90 85
90 88
90 91
90 93
90 94
91 88
91 90
91 123
91 124
91 94
92 93
92 86
92 89
92 125
92 94
93 85
93 86
93 90
93 92
93 94
94 92
94 125
94 90
94 91
94 124
94 93
95 2
95 73
95 77
95 47
95 48
95 84
96 97
96 98
96 99
96 112
96 113
96 114
97 96
97 98
97 99
97 100
97 102
97 171
97 172
97 173
97 13
97 180
98 96
98 97
98 130
98 129
98 102
98 104
98 112
98 181
98 184
99 96
99 97
99 3
99 100
99 6
99 114
100 97
100 99
100 172
100 6
101 102
101 103
101 107
101 12
101 29
102 97
102 98
102 101
102 103
102 104
102 12
102 13
103 101
103 102
103 104
103 105
103 106
103 107
103 17
104 98
104 102
104 103
104 105
104 181
105 103
105 104
105 16
105 17
105 181
106 103
106 107
106 108
106 109
106 17
106 21
106 31
107 101
107 103
107 106
107 108
107 29
107 30
108 38
108 106
108 107
108 109
108 110
108 111
108 30
109 39
109 106
109 108
109 110
109 31
110 39
110 40
110 108
110 109
110 111
111 40
111 38
111 108
111 110
112 96
112 98
112 134
112 136
112 76
112 113
112 116
112 119
112 184
112 63
113 96
113 2
113 112
113 114
113 115
113 116
114 96
114 1
114 2
114 99
114 3
114 113
115 2
115 113
115 116
115 117
115 127
116 112
116 113
116 115
116 117
116 119
117 83
117 115
117 116
117 118
117 119
117 122
117 127
118 75
118 119
118 117
118 87
118 120
118 122
119 75
119 76
119 112
119 116
119 117
119 118
120 118
120 87
120 88
120 121
120 122
120 123
120 126
121 82
121 120
121 89
121 122
121 126
122 82
122 83
122 117
122 118
122 120
122 121
123 120
123 88
123 91
123 124
123 125
123 126
124 123
124 91
124 125
124 94
125 92
125 94
125 89
125 123
125 124
125 126
126 89
126 120
126 121
126 123
126 125
127 2
127 115
127 83
127 84
127 117
128 129
128 130
128 131
128 145
128 146
128 147
129 128
129 130
129 131
129 132
129 98
129 184
130 128
130 129
130 98
130 160
130 147
130 181
130 159
131 128
131 129
131 132
131 139
131 140
131 145
132 129
132 131
132 140
132 182
132 184
133 134
133 135
133 137
133 138
133 58
133 60
134 133
134 135
134 136
134 112
134 184
134 58
134 59
135 64
135 133
135 134
135 136
135 137
135 54
136 64
136 134
136 135
136 112
136 63
137 133
137 70
137 135
137 72
137 138
137 141
137 142
137 54
138 133
138 137
138 141
138 60
138 62
139 161
139 162
139 131
139 140
139 145
139 158
140 161
140 131
140 132
140 139
140 182
141 137
141 138
141 142
141 143
141 62
142 70
142 137
142 141
142 143
142 144
143 67
143 71
143 141
143 142
143 144
143 62
144 69
144 70
144 71
144 142
144 143
145 128
145 131
145 139
145 146
145 149
145 150
145 153
145 158
146 128
146 145
146 147
146 148
146 149
146 155
147 128
147 130
147 163
147 146
147 148
147 159
148 163
148 166
148 146
148 147
148 155
149 145
149 146
149 150
149 151
149 155
150 145
150 149
150 151
150 152
150 153
151 149
151 150
151 152
151 155
151 156
151 157
152 150
152 151
152 153
152 154
152 157
153 165
153 145
153 150
153 152
153 154
153 158
154 165
154 168
154 152
154 153
154 157
155 166
155 167
155 146
155 148
155 149
155 151
155 156
156 167
156 155
156 157
156 151
157 167
157 168
157 151
157 152
157 154
157 156
158 162
158 164
158 165
158 139
158 145
158 153
159 160
159 161
159 162
159 163
159 130
159 147
160 161
160 130
160 49
160 181
160 159
161 160
161 162
161 74
161 139
161 140
161 49
161 182
161 159
162 161
162 163
162 164
162 139
162 158
162 159
163 162
163 164
163 165
163 166
163 147
163 148
163 159
164 162
164 163
164 165
164 158
165 163
165 164
165 166
165 167
165 168
165 153
165 154
165 158
166 163
166 165
166 167
166 148
166 155
167 165
167 166
167 168
167 155
167 156
167 157
168 154
168 165
168 157
168 167
169 35
169 7
169 170
169 171
169 172
169 174
169 175
170 169
170 171
170 173
170 174
170 22
171 97
171 169
171 170
171 172
171 173
172 97
172 100
172 6
172 7
172 8
172 169
172 171
173 97
173 170
173 171
173 50
173 180
173 22
173 23
174 34
174 169
174 170
174 175
174 176
174 177
174 22
174 24
175 35
175 169
175 43
175 174
175 176
176 43
176 44
176 174
176 175
176 177
176 178
177 34
177 41
177 174
177 176
177 178
177 179
178 44
178 46
178 176
178 177
178 179
179 177
179 178
179 46
179 41
180 97
180 50
180 13
180 173
181 160
181 98
181 130
181 104
181 105
181 16
181 49
182 161
182 132
182 74
182 140
182 184
182 59
183 73
183 74
183 76
183 53
183 63
184 129
184 98
184 132
184 134
184 112
184 182
184 59
