0 1
0 2
0 3
0 36
0 37
1 0
1 160
1 2
1 36
1 70
1 80
1 81
1 84
1 154
1 158
1 159
2 0
2 1
2 3
2 80
3 0
3 2
3 37
3 137
3 80
3 83
4 5
4 6
4 14
4 15
4 16
4 17
5 4
5 7
5 6
5 14
6 4
6 5
6 7
6 8
6 17
6 147
7 5
7 6
7 71
7 8
7 14
7 19
8 6
8 71
8 72
8 7
8 147
8 148
9 128
9 10
9 11
9 13
9 21
9 22
10 128
10 129
10 9
10 11
10 142
10 143
11 9
11 10
11 12
11 13
11 140
11 142
11 24
12 11
12 13
12 20
12 23
12 24
13 9
13 11
13 12
13 20
13 21
14 4
14 5
14 7
14 15
14 19
14 25
14 28
15 4
15 14
15 16
15 18
15 25
15 26
15 27
16 4
16 73
16 74
16 75
16 15
16 17
16 18
17 4
17 6
17 75
17 16
17 146
17 147
18 73
18 76
18 15
18 16
18 27
19 71
19 7
19 77
19 14
19 28
20 32
20 33
20 34
20 12
20 13
20 21
20 23
20 31
21 9
21 13
21 20
21 22
21 30
21 31
22 128
22 134
22 9
22 21
22 30
23 32
23 130
23 131
23 132
23 12
23 20
23 24
24 132
24 11
24 12
24 140
24 23
25 14
25 15
25 26
25 28
25 29
26 25
26 27
26 29
26 15
27 76
27 15
27 79
27 18
27 26
27 29
28 77
28 14
28 78
28 19
28 25
28 29
29 78
29 79
29 25
29 26
29 27
29 28
30 35
30 134
30 136
30 21
30 22
30 31
31 34
31 35
31 20
31 21
31 30
32 33
32 130
32 133
32 20
32 23
33 32
33 34
33 35
33 133
33 135
33 20
34 33
34 35
34 20
34 31
35 33
35 34
35 135
35 136
35 30
35 31
36 0
36 1
36 37
36 70
36 38
37 0
37 3
37 36
37 38
37 137
37 138
37 139
38 161
38 36
38 37
38 70
38 139
38 150
38 183
39 40
39 41
39 44
39 45
39 151
39 152
40 39
40 41
40 42
40 45
40 56
41 39
41 40
41 42
41 43
41 149
41 150
41 151
41 153
42 96
42 40
42 41
42 43
42 178
42 56
43 41
43 42
43 178
43 180
43 153
44 39
44 45
44 46
44 47
44 48
44 152
45 39
45 40
45 44
45 48
45 56
46 44
46 47
46 48
46 49
46 50
47 100
47 44
47 46
47 50
47 179
47 152
48 44
48 45
48 46
48 49
48 52
48 53
48 54
48 56
49 46
49 48
49 50
49 51
49 52
49 55
50 99
50 100
50 101
50 46
50 47
50 49
50 51
51 49
51 50
51 101
51 55
52 48
52 49
52 53
52 55
53 103
53 48
53 52
53 54
53 55
54 96
54 102
54 103
54 48
54 53
54 56
55 101
55 103
55 49
55 51
55 52
55 53
56 96
56 40
56 42
56 45
56 48
56 54
57 64
57 65
57 68
57 58
57 59
57 60
57 61
58 67
58 68
58 57
58 59
58 62
58 63
59 57
59 58
59 60
59 157
59 158
59 63
60 157
60 57
60 59
60 156
60 61
61 65
61 172
61 156
61 87
61 57
61 60
62 67
62 90
62 58
62 91
62 92
62 63
63 173
63 62
63 58
63 59
63 92
63 158
63 159
64 65
64 66
64 68
64 69
64 57
65 64
65 66
65 87
65 88
65 57
65 61
66 64
66 65
66 69
66 88
66 89
67 68
67 90
67 69
67 58
67 62
68 64
68 67
68 69
68 57
68 58
69 64
69 66
69 67
69 68
69 89
69 90
70 1
70 161
70 36
70 38
70 154
71 7
71 72
71 8
71 73
71 76
71 77
71 19
72 166
72 71
72 8
72 73
72 74
72 168
72 148
73 71
73 72
73 74
73 76
73 16
73 18
74 166
74 72
74 73
74 75
74 16
75 166
75 74
75 16
75 145
75 17
75 146
76 71
76 73
76 77
76 78
76 79
76 18
76 27
77 71
77 76
77 78
77 19
77 28
78 76
78 77
78 79
78 28
78 29
79 27
79 76
79 29
79 78
80 1
80 2
80 3
80 81
80 82
80 83
81 1
81 80
81 82
81 84
81 85
81 86
82 162
82 167
82 80
82 81
82 83
82 86
83 162
83 3
83 164
83 137
83 80
83 82
84 160
84 1
84 170
84 81
84 85
85 170
85 171
85 81
85 84
85 86
86 167
86 171
86 174
86 81
86 82
86 177
86 180
86 85
86 153
86 155
87 65
87 172
87 173
87 88
87 91
87 92
87 61
88 65
88 66
88 87
88 89
88 90
88 91
89 88
89 66
89 69
89 90
90 67
90 69
90 88
90 89
90 91
90 62
91 87
91 88
91 90
91 92
91 62
92 173
92 87
92 91
92 62
92 63
93 97
93 98
93 104
93 106
93 94
93 95
94 106
94 115
94 117
94 181
94 93
94 95
95 97
95 167
95 174
95 181
95 93
95 94
96 99
96 100
96 102
96 42
96 178
96 179
96 54
96 56
97 98
97 174
97 175
97 93
97 95
98 97
98 104
98 175
98 119
98 93
99 96
99 100
99 101
99 102
99 50
100 96
100 99
100 47
100 50
100 179
101 99
101 102
101 103
101 50
101 51
101 55
102 96
102 99
102 101
102 103
102 54
103 101
103 102
103 53
103 54
103 55
104 98
104 105
104 106
104 119
104 120
104 93
105 104
105 106
105 107
105 120
105 123
105 124
106 104
106 105
106 107
106 108
106 112
106 115
106 93
106 94
107 105
107 106
107 108
107 109
107 110
107 124
108 106
108 107
108 109
108 111
108 112
109 107
109 108
109 110
109 111
109 118
110 107
110 109
110 118
110 124
110 127
111 108
111 109
111 112
111 113
111 114
111 118
112 106
112 108
112 111
112 113
112 115
113 111
113 112
113 114
113 115
113 116
113 125
113 126
114 113
114 126
114 118
114 111
115 106
115 112
115 113
115 116
115 117
115 94
116 113
116 115
116 117
116 122
116 125
117 115
117 116
117 181
117 121
117 122
117 94
118 109
118 110
118 111
118 114
118 126
118 127
119 98
119 104
119 175
119 150
119 183
119 120
119 121
119 182
120 104
120 105
120 119
120 121
120 122
120 123
121 181
121 182
121 119
121 120
121 117
121 122
122 116
122 117
122 120
122 121
122 123
122 124
122 125
123 120
123 105
123 122
123 124
124 105
124 107
124 110
124 122
124 123
124 125
124 126
124 127
125 113
125 116
125 122
125 124
125 126
126 113
126 114
126 118
126 124
126 125
126 127
127 118
127 110
127 124
127 126
128 129
128 130
128 131
128 133
128 134
128 9
128 10
128 22
129 128
129 131
129 165
129 10
129 143
130 128
130 32
130 131
130 133
130 23
131 128
131 129
131 130
131 163
131 132
131 165
131 23
132 131
132 163
132 140
132 141
132 23
132 24
133 128
133 32
133 130
133 33
133 134
133 135
134 128
134 133
134 135
134 136
134 22
134 30
135 33
135 35
135 133
135 134
135 136
136 35
136 30
136 134
136 135
137 163
137 164
137 37
137 3
137 138
137 140
137 141
137 83
138 37
138 137
138 139
138 140
138 142
139 37
139 38
139 138
139 142
139 143
139 144
139 145
139 146
139 147
139 183
140 132
140 137
140 138
140 11
140 141
140 142
140 24
141 137
141 163
141 140
141 132
142 10
142 138
142 11
142 140
142 139
142 143
143 129
143 162
143 165
143 10
143 139
143 142
143 144
144 145
144 162
144 139
144 143
145 162
145 166
145 75
145 139
145 144
145 146
146 75
146 139
146 145
146 17
146 147
147 6
147 8
147 169
147 139
147 17
147 146
147 148
147 183
148 8
148 72
148 168
148 169
148 147
149 161
149 41
149 150
149 153
149 155
150 161
150 38
150 41
150 175
150 176
150 149
150 119
150 151
150 183
151 39
151 41
151 176
151 150
151 152
152 39
152 44
152 47
152 176
152 177
152 179
152 151
153 41
153 43
153 180
153 149
153 86
153 155
154 1
154 161
154 70
154 155
154 156
154 157
154 158
155 161
155 171
155 149
155 86
155 153
155 154
155 156
156 171
156 172
156 157
156 154
156 155
156 60
156 61
157 60
157 154
157 59
157 156
157 158
158 159
158 1
158 154
158 59
158 157
158 63
159 160
159 1
159 170
159 173
159 158
159 63
160 1
160 170
160 84
160 159
161 38
161 70
161 149
161 150
161 154
161 155
162 163
162 164
162 165
162 166
162 167
162 143
162 144
162 145
162 82
162 83
163 162
163 131
163 164
163 165
163 132
163 137
163 141
164 83
164 137
164 162
164 163
165 129
165 162
165 131
165 163
165 143
166 162
166 167
166 72
166 168
166 74
166 75
166 145
167 162
167 166
167 168
167 169
167 174
167 82
167 181
167 86
167 95
168 166
168 167
168 72
168 169
168 148
169 167
169 168
169 147
169 148
169 181
169 182
169 183
170 160
170 171
170 172
170 173
170 84
170 85
170 159
171 170
171 172
171 85
171 86
171 155
171 156
172 170
172 171
172 173
172 87
172 156
172 61
173 159
173 170
173 172
173 87
173 92
173 63
174 97
174 167
174 175
174 176
174 177
174 86
174 95
175 97
175 98
175 174
175 176
175 150
175 119
176 174
176 175
176 177
176 150
176 151
176 152
177 174
177 176
177 178
177 179
177 180
177 86
177 152
178 96
178 42
178 43
178 177
178 179
178 180
179 96
179 100
179 47
179 177
179 178
179 152
180 43
180 177
180 178
180 86
180 153
181 167
181 169
181 117
181 182
181 121
181 94
181 95
182 169
182 181
182 119
182 121
182 183
183 38
183 169
183 139
183 147
183 150
183 119
183 182
