-0.377484 0.162647 -0.009985 -0.983720 0.051504 -0.172170
-0.251142 0.281012 -0.244975 -0.577328 0.634160 -0.514329
-0.255361 0.181908 -0.279421 -0.634433 0.400285 -0.661261
0.142565 0.280963 -0.268712 -0.172171 0.921091 -0.349212
0.046888 0.278385 -0.229375 -0.217627 0.843406 -0.491228
0.069741 0.283583 -0.163380 0.086013 0.916781 0.390019
0.192358 0.241274 -0.165522 0.271606 0.234913 0.933299
0.168084 0.290888 -0.193700 0.055685 0.940605 0.334906
0.051101 0.216847 -0.344388 0.690091 0.262962 0.674259
0.014445 0.261423 -0.357768 0.107298 0.986582 0.123054
-0.038140 0.261413 -0.304325 0.211931 0.965594 0.150711
-0.035439 0.246908 -0.405779 -0.397520 0.847718 -0.351215
-0.085647 0.246843 -0.348188 -0.564444 0.640455 -0.520788
0.236582 0.293576 -0.219187 0.166898 0.918281 0.359035
0.212662 0.283021 -0.293825 -0.164675 0.757111 -0.632190
0.149532 0.225482 -0.295746 -0.372214 -0.110159 -0.921586
0.029568 0.229340 -0.243509 -0.370585 -0.081873 -0.925183
0.206336 0.225667 -0.315592 -0.210182 -0.241853 -0.947275
0.249026 0.243189 -0.183447 0.415813 -0.003615 0.909443
0.025845 0.249762 -0.469894 -0.377712 0.803293 -0.460492
0.078024 0.261995 -0.421523 0.397416 0.876292 0.272348
0.101644 0.217839 -0.398946 0.797664 -0.026653 0.602513
-0.039775 0.195162 -0.428203 -0.749728 -0.127529 -0.649342
-0.104105 0.191001 -0.346514 -0.741514 -0.172569 -0.648365
0.283702 0.291460 -0.244504 0.474044 0.879783 0.035556
0.263726 0.284315 -0.303099 0.392618 0.676496 -0.623060
0.273121 0.230514 -0.317344 0.157654 -0.094946 -0.982919
0.304855 0.241531 -0.224176 0.725749 0.107374 0.679528
0.314526 0.237285 -0.279294 0.934950 0.121093 -0.333474
0.117242 0.215846 -0.444626 0.978195 0.069593 0.195681
0.103305 0.255779 -0.453712 0.476600 0.823723 -0.307137
0.009715 0.195610 -0.481750 -0.611094 -0.257540 -0.748490
0.058285 0.200005 -0.500000 -0.191284 -0.136212 -0.972037
0.061302 0.247103 -0.490986 0.125571 0.571600 -0.810867
0.100897 0.209267 -0.486818 0.670892 0.050710 -0.739819
-0.365076 0.288385 -0.057703 -0.724860 0.646853 -0.236981
-0.236022 0.300465 -0.066497 -0.019141 0.999361 0.030194
0.047827 0.264254 0.161790 0.004018 0.999553 -0.029612
-0.057095 0.268792 0.093829 0.244339 0.945539 -0.215068
-0.083476 0.247847 0.151967 -0.286932 0.711655 0.641262
-0.004211 0.188423 0.215640 -0.492775 -0.334332 0.803365
0.018378 0.248172 0.212457 -0.438421 0.588313 0.679467
0.095058 0.252798 0.261132 -0.378720 0.763685 0.522835
0.200868 0.277332 0.248021 0.102458 0.973843 -0.202809
0.224086 0.238241 0.207952 0.551967 0.278463 -0.785997
0.165061 0.235901 0.176383 0.421097 0.307901 -0.853156
0.165844 0.254258 0.308876 -0.332258 0.683541 0.649905
0.124891 0.270372 0.207240 0.030618 0.978440 -0.204248
0.251841 0.271051 0.280614 0.463440 0.883566 0.067341
0.268982 0.230501 0.251785 0.896848 0.252305 -0.363327
0.223237 0.253286 0.332847 0.251048 0.493745 0.832581
0.225539 0.197031 0.332441 0.065704 -0.196595 0.978281
0.157844 0.188725 0.319197 -0.310235 -0.489094 0.815194
0.269203 0.213298 0.302001 0.884741 -0.026453 0.465332
0.100006 0.189138 0.283061 -0.538114 -0.143089 0.830638
-0.221215 0.143636 0.427823 -0.089344 0.940742 0.327142
-0.256307 0.172734 0.348753 0.217377 0.956300 0.195542
-0.324577 0.127483 0.359094 -0.693308 0.552079 0.463177
-0.295086 0.092904 0.431645 -0.867712 0.234583 0.438231
-0.310277 0.054048 0.353227 -0.789343 -0.602227 0.119419
-0.160539 0.114750 0.410915 0.853770 0.511633 -0.096482
-0.193434 0.127613 0.330708 0.825222 0.525690 -0.206539
-0.212951 0.126462 0.481025 0.166422 0.740067 0.651617
-0.165597 0.096139 0.467193 0.867163 0.219582 0.447004
-0.288016 0.030791 0.423873 -0.671196 -0.729528 0.131472
-0.259100 0.037703 0.477465 -0.569976 -0.504273 0.648719
-0.274821 0.085847 0.484526 -0.569794 0.440634 0.693669
-0.208228 0.064333 0.500000 0.212888 -0.182436 0.959894
-0.361623 0.272898 0.070810 -0.581928 0.781541 0.224842
0.180180 0.184769 -0.191740 0.167086 -0.780787 0.602042
0.068408 0.234603 -0.130638 0.309230 0.004834 0.950975
0.159070 0.179779 -0.256993 -0.133765 -0.941843 -0.308284
0.056244 0.181856 -0.156677 0.198492 -0.893509 0.402792
0.038296 0.181047 -0.211073 -0.179988 -0.833000 -0.523178
0.213241 0.175120 -0.280119 -0.031009 -0.947869 -0.317148
0.237940 0.182031 -0.205504 0.305453 -0.757228 0.577325
0.298418 0.188387 -0.239881 0.564944 -0.797299 0.212491
0.279863 0.183338 -0.294013 0.444896 -0.717752 -0.535630
-0.353191 0.106753 -0.214873 -0.617235 -0.656339 -0.433866
-0.230220 0.120432 -0.264431 -0.000192 -0.695259 -0.718759
-0.204668 0.084764 -0.208582 0.275917 -0.953342 -0.122511
-0.318206 0.059213 -0.121195 -0.119791 -0.986693 -0.109937
-0.366987 0.060767 0.073027 -0.606509 -0.793789 -0.045222
-0.104024 0.127012 0.096085 0.349608 -0.932898 0.086468
-0.256954 0.057025 0.046703 0.264267 -0.963971 0.030375
-0.160506 0.050231 0.392915 0.840816 -0.474251 -0.260989
-0.198329 0.074047 0.317130 0.743968 -0.481290 -0.463542
-0.160285 0.041952 0.451241 0.787485 -0.458951 0.411377
-0.212366 0.007074 0.457356 0.175889 -0.918318 0.354618
-0.230597 0.000000 0.402411 0.198674 -0.937413 -0.285981
-0.251772 0.032306 0.325449 -0.040741 -0.951362 -0.305370
-0.362891 0.167071 -0.230259 -0.691342 0.672054 -0.265311
0.075053 0.184349 0.028592 0.009328 -0.875974 0.482268
-0.009699 0.168863 0.011412 0.312156 -0.770268 0.556098
-0.002384 0.170270 -0.047655 0.369214 -0.888729 -0.271739
0.020618 0.145736 0.172125 -0.099702 -0.963351 0.249027
0.126480 0.143792 0.237589 -0.108871 -0.983179 0.146650
0.068161 0.234103 0.056455 -0.157126 -0.053184 0.986145
-0.016321 0.224610 0.045097 -0.018180 -0.212911 0.976902
0.206642 0.173508 0.202855 0.388520 -0.681776 -0.619866
0.169882 0.140994 0.263833 0.087190 -0.994401 0.059705
0.265224 0.177705 0.248827 0.699877 -0.583420 -0.412060
0.156869 0.173573 0.182296 0.394318 -0.533044 -0.748584
0.239949 0.156409 0.296214 0.306516 -0.819254 0.484634
0.211030 0.190376 0.056380 -0.092910 -0.875609 0.474000
0.222167 0.183130 -0.025182 0.042552 -0.794445 -0.605844
0.082900 0.184626 -0.035718 0.096629 -0.910161 -0.402828
0.082858 0.237119 -0.063347 0.083656 -0.028087 -0.996099
0.286988 0.181186 -0.017894 0.132245 -0.941946 -0.308624
0.275578 0.184908 0.068613 0.074519 -0.914352 0.398003
0.356737 0.199719 0.002918 0.562345 -0.765946 -0.311600
0.350288 0.201900 0.069058 0.497428 -0.623707 0.602956
0.276953 0.244567 0.099099 -0.024984 -0.115906 0.992946
0.346575 0.250997 0.086915 0.391004 0.203676 0.897570
0.223357 0.239128 -0.053640 0.072607 0.087408 -0.993523
0.298828 0.243745 -0.047996 0.255526 -0.066970 -0.964480
0.360281 0.250432 -0.018226 0.728813 0.033835 -0.683876
0.378820 0.254788 0.037799 0.990356 0.061857 0.123969
0.205462 0.245386 0.086720 -0.191821 0.153750 0.969312
0.091268 0.295777 0.034060 -0.106557 0.845609 0.523060
-0.044128 0.294870 0.023934 -0.006380 0.894374 0.447274
0.192345 0.299278 0.053741 -0.104788 0.904638 0.413097
0.202871 0.297032 -0.027035 0.003878 0.889932 -0.456077
0.277278 0.303374 0.064608 -0.036749 0.899869 0.434610
0.288136 0.302051 -0.017299 0.066450 0.822389 -0.565032
0.351813 0.300549 0.002658 0.427768 0.817055 -0.386569
0.343146 0.301830 0.064189 0.478963 0.743349 0.466934
0.030556 0.156149 -0.362075 0.459807 -0.771418 0.439876
-0.036677 0.152277 -0.294455 0.532501 -0.713016 0.456126
-0.075508 0.146679 -0.327994 -0.250543 -0.938795 -0.236417
-0.018372 0.213080 -0.274577 0.738992 0.063606 0.670705
-0.012800 0.147563 -0.402522 -0.367459 -0.875888 -0.312720
0.028778 0.146114 -0.454788 -0.115432 -0.940467 -0.319682
0.080725 0.157426 -0.405389 0.561146 -0.776387 0.286947
0.075583 0.162699 -0.484247 0.299459 -0.805144 -0.511925
0.111036 0.171775 -0.451771 0.827487 -0.543487 -0.141021
-0.168607 0.188956 -0.295639 -0.235511 0.055084 -0.970309
-0.159027 0.262729 -0.271625 -0.104835 0.791265 -0.602420
-0.123252 0.279051 -0.202926 0.119464 0.975943 -0.182382
-0.135163 0.257105 -0.291627 -0.421715 0.700247 -0.576029
-0.138668 0.188621 -0.308457 -0.608522 -0.157088 -0.777833
-0.091684 0.269722 -0.247937 0.372964 0.916413 0.145205
-0.045529 0.214234 -0.238730 0.885783 0.109882 0.450903
-0.034909 0.218779 -0.217808 0.058908 0.089583 -0.994236
-0.050795 0.213925 -0.225113 0.792912 0.371298 -0.483145
-0.058802 0.278710 -0.184026 -0.131662 0.790962 -0.597532
-0.040253 0.281132 -0.119260 0.194795 0.940476 0.278497
-0.107925 0.284230 0.052648 0.051668 0.978167 0.201295
-0.087542 0.184187 0.166231 -0.393133 -0.439458 0.807665
0.057876 0.224571 0.119290 0.466818 0.351854 -0.811344
-0.022965 0.226398 0.069432 0.680341 0.271546 -0.680734
-0.137920 0.182552 0.147997 -0.067783 -0.265623 0.961691
-0.136093 0.256250 0.131012 -0.028121 0.661892 0.749072
-0.237157 0.153649 0.216079 0.819932 0.553716 0.145293
-0.194094 0.169480 0.167226 0.375027 0.270541 0.886658
-0.317913 0.211523 0.206967 0.002896 0.833176 0.553001
-0.298002 0.200171 0.248291 -0.080539 0.954289 0.287829
-0.361568 0.154302 0.261079 -0.865153 0.270786 0.422120
-0.378820 0.163284 0.222483 -0.964842 0.210620 0.157223
-0.356451 0.083815 0.238278 -0.710111 -0.682079 0.174672
-0.370475 0.085239 0.205007 -0.908524 -0.412047 0.069293
-0.239137 0.269042 0.112001 0.023200 0.904684 0.425451
-0.154892 0.139709 -0.279138 0.064589 -0.880127 -0.470324
-0.066864 0.150301 -0.209330 0.439452 -0.867190 -0.234230
-0.110178 0.141774 -0.287882 -0.163633 -0.894244 -0.416596
-0.065677 0.156100 -0.252790 0.556918 -0.812421 0.172670
-0.026203 0.169662 -0.186770 0.190394 -0.890927 -0.412309
-0.009084 0.171697 -0.127078 0.551121 -0.719681 0.422286
-0.033725 0.158037 -0.089451 0.450495 -0.891965 -0.038116
-0.006656 0.228121 -0.102142 0.465454 -0.088677 0.880618
-0.017325 0.223980 -0.085120 0.878981 0.474668 -0.045641
-0.289738 0.060744 0.166332 0.158348 -0.978252 0.133973
-0.197585 0.114477 0.136122 0.533623 -0.733480 0.421014
-0.246532 0.103005 0.207503 0.874871 -0.461440 -0.147221
-0.287372 0.063647 0.213247 0.093549 -0.966437 -0.239267
-0.003782 0.223323 -0.075287 0.262386 0.047336 -0.963801
0.048276 0.163665 0.128587 0.403709 -0.629784 -0.663620
-0.032022 0.151100 0.082643 0.515909 -0.678356 -0.523135
-0.059407 0.137801 0.123974 -0.095460 -0.908253 0.407387
-0.031255 0.228414 0.056731 0.668251 0.245861 0.702135
0.101114 0.294746 -0.033781 0.036199 0.865189 -0.500137
-0.034941 0.294216 -0.049729 0.151652 0.820118 -0.551732
-0.096157 0.295140 -0.081083 0.099722 0.993898 -0.047136
-0.043952 0.150697 0.039830 0.591298 -0.806269 0.017224
