 -0.391769   0.174807  -0.010419
 -0.333632   0.154384   0.105418
 -0.107404   0.209939   0.081081
 -0.082464   0.224374  -0.023111
 -0.070060   0.218653  -0.137516
 -0.128205   0.201737  -0.222264
 -0.287123   0.138045   0.198087
  0.046431   0.205006   0.164489
  0.094746   0.236973   0.000352
  0.077630   0.229279  -0.190113
 -0.023966   0.203822  -0.333819
 -0.236833   0.093145   0.361660
  0.187075   0.208640   0.241070
  0.260406   0.240565   0.022168
  0.218290   0.232648  -0.240091
  0.057606   0.203986  -0.421000
 -0.153292   0.063578   0.464943
  0.271602   0.244351   0.288456
  0.388870   0.253526   0.039234
  0.320649   0.247872  -0.276680
  0.113354   0.205591  -0.480650
