0.369191 0.269312 -0.186215 0.820550 0.396684 -0.411509
0.378171 0.162645 -0.027321 0.999518 -0.024473 0.019103
0.363557 0.167070 -0.230242 0.899647 -0.007962 -0.436545
0.256019 0.181907 -0.279407 0.365512 0.088145 -0.926624
-0.141924 0.280967 -0.268704 0.172164 0.921099 -0.349195
-0.167447 0.290892 -0.193685 -0.055684 0.940606 0.334903
-0.069099 0.283587 -0.163367 -0.086023 0.916778 0.390024
-0.191725 0.241276 -0.165509 -0.271617 0.234890 0.933301
-0.067763 0.234608 -0.130620 -0.309230 0.004850 0.950975
-0.050465 0.216848 -0.344387 -0.690076 0.262941 0.674282
0.019021 0.213081 -0.274566 -0.738972 0.063565 0.670731
0.038790 0.261419 -0.304312 -0.211936 0.965593 0.150710
0.036082 0.246910 -0.405774 0.397523 0.847697 -0.351262
-0.013804 0.261426 -0.357764 -0.107310 0.986581 0.123052
-0.235948 0.293581 -0.219176 -0.166903 0.918284 0.359023
-0.212024 0.283025 -0.293818 0.164679 0.757099 -0.632204
-0.148887 0.225483 -0.295739 0.372216 -0.110152 -0.921587
-0.046245 0.278392 -0.229361 0.217626 0.843407 -0.491227
-0.205691 0.225665 -0.315580 0.210188 -0.241893 -0.947264
-0.248392 0.243191 -0.183435 -0.415799 -0.003589 0.909450
-0.025211 0.249764 -0.469890 0.377718 0.803279 -0.460513
-0.077392 0.261998 -0.421519 -0.397392 0.876297 0.272365
-0.101010 0.217843 -0.398944 -0.797621 -0.026665 0.602569
0.040416 0.195161 -0.428193 0.749686 -0.127545 -0.649387
0.086300 0.246845 -0.348174 0.564412 0.640452 -0.520827
-0.283067 0.291464 -0.244495 -0.474050 0.879782 0.035492
-0.263087 0.284316 -0.303093 -0.392660 0.676475 -0.623056
-0.272479 0.230515 -0.317342 -0.157638 -0.094973 -0.982919
-0.304224 0.241533 -0.224166 -0.725753 0.107408 0.679519
-0.313889 0.237287 -0.279280 -0.934930 0.121076 -0.333536
-0.116612 0.215847 -0.444620 -0.978180 0.069623 0.195746
-0.102675 0.255782 -0.453713 -0.476599 0.823727 -0.307127
-0.009080 0.195610 -0.481746 0.611115 -0.257528 -0.748477
-0.057649 0.200005 -0.500000 0.191308 -0.136231 -0.972030
-0.060669 0.247105 -0.490982 -0.125524 0.571593 -0.810879
-0.100269 0.209267 -0.486817 -0.670871 0.050715 -0.739838
0.365739 0.288392 -0.057691 0.552715 0.833033 -0.023701
0.251799 0.281019 -0.244963 0.144894 0.896411 -0.418872
0.236682 0.300473 -0.066485 0.019132 0.999361 0.030197
-0.047171 0.264260 0.161810 -0.004005 0.999554 -0.029592
-0.017721 0.248175 0.212469 0.438410 0.588282 0.679501
0.084138 0.247853 0.151985 0.286938 0.711627 0.641291
0.004870 0.188422 0.215655 0.492766 -0.334317 0.803377
0.088198 0.184186 0.166247 0.393141 -0.439449 0.807667
-0.124245 0.270382 0.207265 -0.030609 0.978434 -0.204278
-0.094411 0.252804 0.261146 0.378768 0.763635 0.522873
-0.200226 0.277342 0.248045 -0.102508 0.973834 -0.202831
-0.164417 0.235905 0.176407 -0.421080 0.307920 -0.853157
-0.165200 0.254267 0.308896 0.332258 0.683507 0.649940
-0.251205 0.271055 0.280639 -0.463425 0.883575 0.067324
-0.223445 0.238246 0.207977 -0.551954 0.278474 -0.786002
-0.268347 0.230509 0.251812 -0.896819 0.252354 -0.363365
-0.222599 0.253295 0.332872 -0.251000 0.493702 0.832621
-0.224901 0.197034 0.332459 -0.065697 -0.196596 0.978281
-0.157200 0.188728 0.319221 0.310176 -0.489076 0.815227
-0.268568 0.213305 0.302023 -0.884713 -0.026470 0.465383
-0.099359 0.189137 0.283087 0.538115 -0.143040 0.830646
0.221887 0.143653 0.427826 0.089351 0.940751 0.327115
0.295765 0.092916 0.431645 0.867721 0.234592 0.438208
0.325251 0.127493 0.359094 0.693325 0.552083 0.463146
0.256978 0.172749 0.348753 -0.217398 0.956300 0.195521
0.194101 0.127623 0.330710 -0.825242 0.525661 -0.206533
0.288694 0.030800 0.423876 0.671220 -0.729502 0.131489
0.310947 0.054054 0.353229 0.789352 -0.602218 0.119403
0.213627 0.126482 0.481024 -0.166425 0.740053 0.651632
0.161208 0.114762 0.410917 -0.853775 0.511623 -0.096484
0.166270 0.096153 0.467195 -0.867127 0.219576 0.447075
0.259774 0.037711 0.477468 0.569974 -0.504175 0.648797
0.275496 0.085864 0.484522 0.569810 0.440622 0.693664
0.208906 0.064349 0.500000 -0.212845 -0.182346 0.959920
0.362290 0.272905 0.070825 0.584345 0.760898 0.282090
-0.179544 0.184771 -0.191732 -0.167084 -0.780780 0.602051
-0.055601 0.181858 -0.156660 -0.198499 -0.893499 0.402813
-0.158429 0.179778 -0.256985 0.133741 -0.941859 -0.308244
-0.037653 0.181046 -0.211062 0.179997 -0.833010 -0.523159
-0.028924 0.229345 -0.243500 0.370594 -0.081845 -0.925182
-0.212599 0.175119 -0.280105 0.031008 -0.947884 -0.317103
-0.237303 0.182034 -0.205486 -0.305434 -0.757218 0.577348
-0.297784 0.188390 -0.239865 -0.564926 -0.797317 0.212470
-0.279224 0.183338 -0.294007 -0.444910 -0.717775 -0.535587
0.353853 0.106748 -0.214859 0.602425 -0.661700 -0.446361
0.318870 0.059203 -0.121179 0.112815 -0.987529 -0.109819
0.205324 0.084759 -0.208575 -0.275921 -0.953341 -0.122509
0.230879 0.120425 -0.264423 0.000199 -0.695219 -0.718798
0.367650 0.060760 0.073029 0.604140 -0.795634 -0.044509
0.257612 0.057015 0.046710 -0.264271 -0.963970 0.030386
0.104681 0.127008 0.096101 -0.349616 -0.932894 0.086472
0.198997 0.074050 0.317134 -0.743984 -0.481304 -0.463503
0.161173 0.050240 0.392920 -0.840833 -0.474248 -0.260938
0.160958 0.041960 0.451245 -0.787464 -0.458880 0.411497
0.213038 0.007081 0.457364 -0.175898 -0.918276 0.354723
0.231270 0.000000 0.402416 -0.198682 -0.937424 -0.285939
0.252443 0.032308 0.325453 0.040764 -0.951364 -0.305359
-0.074401 0.184349 0.028608 -0.009327 -0.875972 0.482272
-0.082252 0.184625 -0.035705 -0.096636 -0.910158 -0.402833
0.003033 0.170269 -0.047643 -0.369213 -0.888733 -0.271727
-0.125835 0.143790 0.237609 0.108847 -0.983183 0.146640
0.010351 0.168861 0.011427 -0.312169 -0.770238 0.556133
0.016970 0.224612 0.045110 0.018183 -0.212904 0.976904
-0.206000 0.173510 0.202876 -0.388534 -0.681744 -0.619893
-0.156221 0.173575 0.182314 -0.394324 -0.532999 -0.748613
-0.264592 0.177707 0.248851 -0.699878 -0.583390 -0.412101
-0.169238 0.140994 0.263854 -0.087209 -0.994399 0.059708
-0.239313 0.156410 0.296233 -0.306512 -0.819234 0.484672
-0.067513 0.234105 0.056472 0.157132 -0.053184 0.986145
-0.204810 0.245388 0.086735 0.191830 0.153769 0.969307
-0.210376 0.190376 0.056394 0.092913 -0.875608 0.474002
-0.276299 0.244569 0.099118 0.024957 -0.115882 0.992949
-0.274923 0.184908 0.068628 -0.074522 -0.914355 0.397998
-0.349634 0.201901 0.069073 -0.497454 -0.623682 0.602959
-0.345924 0.251000 0.086924 -0.391027 0.203689 0.897557
-0.356087 0.199719 0.002929 -0.562362 -0.765937 -0.311592
-0.286338 0.181185 -0.017883 -0.132246 -0.941938 -0.308649
-0.298178 0.243750 -0.047984 -0.255491 -0.066984 -0.964488
-0.359630 0.250437 -0.018222 -0.728817 0.033811 -0.683874
-0.221514 0.183130 -0.025169 -0.042555 -0.794424 -0.605872
-0.222710 0.239134 -0.053628 -0.072604 0.087400 -0.993524
-0.082210 0.237121 -0.063335 -0.083668 -0.028106 -0.996097
-0.378171 0.254794 0.037812 -0.990356 0.061843 0.123980
0.044779 0.294875 0.023950 0.006388 0.894372 0.447279
-0.090620 0.295785 0.034077 0.106561 0.845595 0.523080
-0.100467 0.294754 -0.033771 -0.036189 0.865182 -0.500150
-0.202216 0.297040 -0.027022 -0.003878 0.889919 -0.456102
-0.191693 0.299286 0.053751 0.104795 0.904622 0.413131
-0.276624 0.303382 0.064622 0.036742 0.899860 0.434629
-0.287485 0.302059 -0.017289 -0.066438 0.822386 -0.565038
-0.351162 0.300557 0.002666 -0.427762 0.817061 -0.386563
-0.342495 0.301838 0.064200 -0.478962 0.743327 0.466969
-0.029919 0.156147 -0.362075 -0.459806 -0.771393 0.439922
0.037327 0.152278 -0.294449 -0.532477 -0.713017 0.456152
0.013439 0.147561 -0.402514 0.367469 -0.875872 -0.312754
0.076160 0.146677 -0.327982 0.250536 -0.938792 -0.236434
0.104759 0.191003 -0.346506 0.741480 -0.172565 -0.648404
-0.028140 0.146111 -0.454779 0.115463 -0.940461 -0.319688
-0.080094 0.157424 -0.405387 -0.561130 -0.776370 0.287025
-0.074954 0.162694 -0.484243 -0.299406 -0.805152 -0.511944
-0.110409 0.171774 -0.451769 -0.827513 -0.543461 -0.140971
0.169264 0.188955 -0.295626 0.235501 0.055077 -0.970312
0.159684 0.262736 -0.271614 0.104835 0.791246 -0.602445
0.123904 0.279055 -0.202915 -0.119475 0.975941 -0.182385
0.135822 0.257108 -0.291614 0.421713 0.700223 -0.576061
0.139323 0.188620 -0.308444 0.608539 -0.157108 -0.777816
0.092337 0.269729 -0.247924 -0.372981 0.916404 0.145223
0.046180 0.214235 -0.238718 -0.885787 0.109853 0.450902
0.051446 0.213926 -0.225099 -0.792892 0.371261 -0.483205
0.035559 0.218780 -0.217798 -0.058897 0.089561 -0.994238
0.059453 0.278714 -0.184011 0.131676 0.790934 -0.597566
0.040900 0.281139 -0.119251 -0.194773 0.940478 0.278506
0.007302 0.228123 -0.102125 -0.465387 -0.088671 0.880654
0.136751 0.256253 0.131030 0.028156 0.661868 0.749091
0.108582 0.284237 0.052662 -0.051666 0.978166 0.201302
0.057753 0.268799 0.093845 -0.244346 0.945536 -0.215075
-0.057223 0.224576 0.119310 -0.466806 0.351852 -0.811352
0.138572 0.182551 0.148016 0.067815 -0.265643 0.961683
0.318580 0.211533 0.206965 0.478740 0.731340 0.485747
0.194748 0.169479 0.167239 -0.374947 0.270471 0.886713
0.237820 0.153653 0.216075 -0.819942 0.553698 0.145303
0.298668 0.200187 0.248285 0.080527 0.954298 0.287804
0.362241 0.154313 0.261078 0.935944 0.286448 0.204832
0.357121 0.083816 0.238275 0.908420 -0.401867 0.115220
0.371145 0.085240 0.205008 0.856420 -0.501049 0.124481
0.239794 0.269046 0.112018 -0.023194 0.904673 0.425475
0.067516 0.150298 -0.209316 -0.439468 -0.867176 -0.234252
0.110832 0.141771 -0.287869 0.163622 -0.894240 -0.416609
0.155548 0.139707 -0.279124 -0.064625 -0.880099 -0.470372
0.066329 0.156101 -0.252781 -0.556951 -0.812400 0.172659
0.026850 0.169661 -0.186754 -0.190402 -0.890924 -0.412312
0.034372 0.158035 -0.089434 -0.450499 -0.891963 -0.038108
0.009730 0.171699 -0.127067 -0.551115 -0.719673 0.422307
0.017971 0.223984 -0.085110 -0.878982 0.474673 -0.045570
0.290401 0.060738 0.166335 -0.158315 -0.978249 0.134033
0.198243 0.114473 0.136137 -0.533580 -0.733475 0.421078
0.247193 0.103003 0.207502 -0.874893 -0.461420 -0.147156
0.288035 0.063647 0.213246 -0.093545 -0.966452 -0.239205
0.044606 0.150695 0.039847 -0.591332 -0.806243 0.017284
0.031911 0.228418 0.056749 -0.668216 0.245829 0.702179
0.023625 0.226403 0.069450 -0.680353 0.271528 -0.680730
0.032682 0.151098 0.082659 -0.515935 -0.678316 -0.523162
-0.019961 0.145734 0.172145 0.099687 -0.963356 0.249015
-0.047623 0.163666 0.128604 -0.403709 -0.629755 -0.663648
0.060061 0.137798 0.123991 0.095464 -0.908249 0.407395
0.004431 0.223324 -0.075276 -0.262380 0.047320 -0.963804
0.035591 0.294221 -0.049717 -0.151637 0.820125 -0.551725
0.096807 0.295144 -0.081072 -0.099730 0.993897 -0.047138
