  0.378172   0.162644  -0.027322
  0.337517   0.146839   0.102850
  0.118152   0.204669   0.077412
  0.087558   0.215182  -0.024295
  0.089332   0.220935  -0.137962
  0.156317   0.214159  -0.204325
  0.304992   0.134195   0.206987
 -0.027892   0.205240   0.163389
 -0.086670   0.236949  -0.002124
 -0.062249   0.230860  -0.188724
  0.047226   0.209143  -0.318280
  0.249265   0.090651   0.362790
 -0.163279   0.209097   0.243243
 -0.253756   0.244138   0.018896
 -0.204044   0.233211  -0.236089
 -0.044550   0.206163  -0.414231
  0.188430   0.064239   0.484380
 -0.265988   0.214257   0.303929
 -0.366042   0.226432   0.032638
 -0.308355   0.244719  -0.271090
 -0.098179   0.232414  -0.472201
