0 1
0 2
0 3
0 4
0 7
0 8
0 122
1 0
1 2
1 135
1 136
1 8
1 11
1 13
1 113
2 0
2 1
2 4
2 133
2 134
2 11
3 0
3 4
3 5
3 6
3 103
3 122
3 123
4 0
4 2
4 3
4 133
4 6
4 83
5 97
5 98
5 3
5 6
5 103
5 82
6 97
6 3
6 4
6 5
6 83
7 0
7 39
7 8
7 119
7 121
7 122
8 0
8 1
8 39
8 136
8 7
8 42
8 26
8 28
9 10
9 11
9 12
9 14
9 56
10 134
10 9
10 11
10 56
10 59
11 1
11 2
11 134
11 9
11 10
11 12
11 13
12 9
12 11
12 13
12 14
12 15
12 16
13 1
13 11
13 12
13 16
13 113
13 18
14 9
14 12
14 15
14 20
14 21
14 56
14 60
15 12
15 14
15 16
15 17
15 20
15 22
16 12
16 13
16 15
16 17
16 18
17 15
17 16
17 18
17 19
17 22
18 13
18 16
18 17
18 113
18 19
18 57
18 61
19 111
19 17
19 18
19 22
19 23
19 61
20 14
20 15
20 21
20 22
20 23
21 14
21 112
21 20
21 23
21 60
22 15
22 17
22 19
22 20
22 23
23 111
23 112
23 19
23 20
23 21
23 22
24 71
24 25
24 26
24 27
24 29
25 71
25 72
25 137
25 24
25 26
26 136
26 8
26 137
26 24
26 25
26 27
26 28
27 24
27 26
27 28
27 29
27 30
27 31
28 37
28 8
28 42
28 26
28 27
28 31
29 33
29 71
29 75
29 78
29 24
29 27
29 30
30 32
30 33
30 27
30 29
30 31
31 32
31 35
31 37
31 27
31 28
31 30
32 33
32 34
32 35
32 36
32 30
32 31
33 32
33 34
33 77
33 78
33 29
33 30
34 32
34 33
34 36
34 77
35 32
35 36
35 37
35 73
35 74
35 76
35 31
36 32
36 34
36 35
36 76
36 77
37 35
37 68
37 41
37 74
37 43
37 42
37 28
37 63
37 62
37 31
38 39
38 40
38 41
38 42
38 45
38 46
38 47
39 38
39 7
39 40
39 8
39 42
39 119
40 65
40 66
40 67
40 38
40 39
40 70
40 47
40 116
40 86
40 119
40 90
41 37
41 38
41 42
41 43
41 44
41 45
42 37
42 38
42 39
42 8
42 41
42 28
43 68
43 69
43 37
43 132
43 41
43 44
44 132
44 41
44 43
44 45
44 48
44 50
45 38
45 41
45 44
45 46
45 48
46 38
46 45
46 47
46 48
46 49
46 51
47 66
47 38
47 40
47 46
47 51
48 44
48 45
48 46
48 49
48 50
48 52
49 48
49 51
49 52
49 46
50 131
50 132
50 44
50 48
50 52
51 66
51 131
51 46
51 47
51 49
51 52
52 131
52 48
52 49
52 50
52 51
53 64
53 139
53 140
53 79
53 54
53 55
53 62
53 63
54 134
54 138
54 139
54 53
54 55
54 58
54 59
55 135
55 140
55 53
55 54
55 58
56 9
56 10
56 14
56 57
56 58
56 59
56 60
57 113
57 18
57 56
57 58
57 60
57 61
58 135
58 113
58 54
58 55
58 56
58 57
58 59
59 134
59 10
59 54
59 56
59 58
60 14
60 111
60 112
60 21
60 56
60 57
60 61
61 111
61 18
61 19
61 57
61 60
62 37
62 74
62 140
62 53
62 63
63 64
63 65
63 67
63 68
63 37
63 53
63 62
64 65
64 70
64 79
64 80
64 53
64 63
65 64
65 67
65 70
65 40
65 63
66 67
66 68
66 131
66 69
66 40
66 47
66 51
67 65
67 66
67 68
67 40
67 63
68 66
68 67
68 37
68 69
68 43
68 63
69 66
69 131
69 132
69 68
69 43
70 64
70 65
70 40
70 141
70 80
70 86
71 72
71 73
71 74
71 75
71 24
71 25
71 29
72 71
72 137
72 74
72 140
72 25
73 35
73 71
73 74
73 75
73 76
74 35
74 37
74 71
74 72
74 73
74 140
74 62
75 71
75 73
75 76
75 78
75 29
76 35
76 36
76 73
76 75
76 77
76 78
77 33
77 34
77 36
77 76
77 78
78 33
78 75
78 76
78 77
78 29
79 64
79 139
79 80
79 81
79 83
79 53
80 64
80 99
80 70
80 141
80 79
80 81
80 82
80 83
81 80
81 83
81 79
82 97
82 98
82 99
82 5
82 80
82 83
83 97
83 4
83 133
83 6
83 138
83 139
83 79
83 80
83 81
83 82
84 85
84 86
84 87
84 88
84 93
85 141
85 84
85 86
85 93
85 94
86 70
86 40
86 141
86 84
86 85
86 88
86 90
87 96
87 84
87 88
87 89
87 92
87 93
87 95
88 84
88 86
88 87
88 89
88 90
89 87
89 88
89 90
89 91
89 92
90 40
90 116
90 86
90 88
90 89
90 91
91 114
91 115
91 116
91 89
91 90
91 92
92 96
92 114
92 87
92 89
92 91
93 84
93 85
93 118
93 87
93 94
93 95
94 130
94 99
94 100
94 105
94 141
94 85
94 118
94 121
94 93
95 96
95 117
95 118
95 87
95 120
95 93
96 114
96 87
96 120
96 92
96 95
97 82
97 83
97 5
97 6
98 99
98 100
98 101
98 5
98 103
98 82
99 98
99 100
99 141
99 80
99 82
99 94
100 98
100 99
100 101
100 104
100 105
100 94
101 98
101 100
101 102
101 103
101 104
101 107
102 101
102 103
102 107
102 110
102 124
103 98
103 3
103 5
103 101
103 102
103 123
103 124
104 100
104 101
104 105
104 106
104 107
104 108
105 129
105 130
105 100
105 104
105 106
105 94
106 128
106 129
106 104
106 105
106 108
106 127
107 101
107 102
107 104
107 108
107 109
107 110
108 104
108 106
108 107
108 109
108 127
109 107
109 108
109 110
109 126
109 127
110 102
110 107
110 109
110 124
110 125
110 126
111 112
111 19
111 23
111 60
111 61
112 111
112 21
112 60
112 23
113 1
113 135
113 13
113 18
113 57
113 58
114 96
114 115
114 120
114 91
114 92
115 114
115 116
115 117
115 120
115 91
116 40
116 115
116 117
116 118
116 119
116 90
116 91
117 115
117 116
117 118
117 120
117 95
118 116
118 117
118 119
118 121
118 93
118 94
118 95
119 39
119 7
119 40
119 116
119 118
119 121
120 96
120 114
120 115
120 117
120 95
121 130
121 7
121 118
121 119
121 122
121 94
122 0
122 130
122 3
122 7
122 121
122 123
123 130
123 3
123 103
123 122
123 124
124 128
124 129
124 130
124 102
124 103
124 110
124 123
124 125
125 128
125 126
125 124
125 110
126 128
126 109
126 110
126 125
126 127
127 128
127 106
127 108
127 109
127 126
128 129
128 106
128 124
128 125
128 126
128 127
129 128
129 130
129 105
129 106
129 124
130 129
130 105
130 121
130 122
130 123
130 124
130 94
131 66
131 132
131 69
131 50
131 51
131 52
132 131
132 69
132 43
132 44
132 50
133 2
133 4
133 134
133 138
133 83
134 2
134 133
134 10
134 11
134 138
134 54
134 59
135 1
135 136
135 137
135 140
135 113
135 55
135 58
136 1
136 135
136 8
136 137
136 26
137 135
137 72
137 136
137 140
137 25
137 26
138 133
138 134
138 139
138 83
138 54
139 138
139 79
139 83
139 53
139 54
140 135
140 72
140 137
140 74
140 53
140 55
140 62
141 99
141 70
141 80
141 85
141 86
141 94
