4 16
5 7
7 5
8 72
10 143
14 25
15 18
15 26
16 4
16 18
17 75
18 15
18 16
20 32
20 33
20 34
21 30
21 31
22 30
23 130
25 14
26 15
26 27
27 26
27 29
27 79
28 29
28 78
29 27
29 28
30 21
30 22
30 31
30 35
30 136
31 21
31 30
32 20
33 20
33 34
33 35
33 135
34 20
34 33
34 35
35 30
35 33
35 34
35 135
35 136
41 149
44 47
47 44
49 51
49 52
50 51
51 49
51 50
51 55
51 101
52 49
53 55
55 51
55 53
61 87
62 91
64 69
66 89
67 68
68 67
69 64
72 8
72 74
74 72
75 17
78 28
79 27
86 180
87 61
89 66
90 91
91 62
91 90
94 117
95 167
97 174
98 175
98 176
99 100
100 99
101 51
110 127
111 114
111 118
114 111
114 118
114 126
117 94
118 111
118 114
126 114
126 127
127 110
127 126
129 131
130 23
131 129
131 132
131 163
132 131
132 141
135 33
135 35
135 136
136 30
136 35
136 135
137 141
137 164
138 140
140 138
141 132
141 137
143 10
143 144
143 145
144 143
144 145
145 143
145 144
148 169
148 181
149 41
159 160
160 159
162 165
162 166
163 131
163 164
163 165
164 137
164 163
165 162
165 163
166 162
167 95
167 168
168 167
169 148
169 181
170 173
173 170
174 97
175 98
175 176
176 98
176 175
177 180
180 86
180 177
181 148
181 169
