0.358773 0.347281 -0.079603 0.547273 0.831835 0.092434
0.234986 0.309898 -0.230299 0.061410 0.877442 -0.475736
0.228359 0.355889 -0.078425 -0.071150 0.995507 -0.062478
0.245006 0.339004 0.083673 0.285483 0.856706 0.429598
0.241888 0.228324 -0.283079 0.315369 0.157120 -0.935872
0.126522 0.227994 -0.303133 0.184832 0.129618 -0.974185
0.345269 0.321201 -0.185852 0.245847 0.753166 -0.610164
0.345427 0.231830 -0.233779 0.352691 -0.044759 -0.934669
0.019627 0.210852 -0.356698 0.691664 -0.107599 -0.714160
0.004810 0.267361 -0.351013 0.459608 0.703027 -0.542691
0.055749 0.283117 -0.296667 0.269991 0.714456 -0.645490
-0.088335 0.231753 -0.229378 0.298672 -0.054853 -0.952778
-0.107205 0.283766 -0.211514 0.095263 0.856809 -0.506757
0.001539 0.293482 -0.181583 -0.036161 0.766803 -0.640863
-0.119113 0.234555 -0.108132 -0.213918 -0.009421 0.976806
-0.055012 0.233616 -0.092531 -0.263522 -0.118691 0.957324
-0.014302 0.294758 -0.110824 -0.306530 0.910712 0.276845
0.038108 0.312828 -0.198982 -0.188969 0.953911 -0.233120
0.021505 0.322155 -0.087422 -0.213037 0.976752 -0.023897
0.051175 0.316382 0.047603 -0.174405 0.969781 0.170610
-0.009442 0.193046 0.226565 0.594829 -0.285103 0.751595
0.077780 0.217813 0.167301 0.453134 -0.361916 0.814669
0.080244 0.286579 0.138511 0.198293 0.748209 0.633138
-0.088889 0.236084 0.124108 -0.581014 0.306935 -0.753800
-0.074395 0.276024 0.159922 -0.141292 0.989407 0.033318
0.029577 0.298741 0.087084 -0.348502 0.934558 -0.071745
-0.184806 0.227733 0.182760 -0.517251 0.256623 -0.816453
-0.157777 0.268271 0.220213 -0.160044 0.977925 -0.134346
-0.258741 0.220717 0.229749 -0.621524 0.232123 -0.748216
-0.236156 0.265154 0.273514 -0.238587 0.954351 -0.179696
-0.288811 0.250982 0.311708 -0.558150 0.821579 0.116085
-0.303965 0.205457 0.279855 -0.937952 0.154161 -0.310614
-0.252480 0.234016 0.366655 -0.114593 0.375225 0.919823
-0.191687 0.243020 0.337351 0.277494 0.767029 0.578502
-0.174119 0.172562 0.346109 0.425251 -0.415285 0.804176
-0.247888 0.172595 0.364539 -0.125169 -0.357357 0.925542
-0.299121 0.185465 0.334186 -0.849836 -0.140373 0.508010
-0.106904 0.182813 0.300169 0.597854 -0.088649 0.796688
-0.033842 0.261093 0.218845 0.373597 0.650345 0.661421
-0.117422 0.251690 0.281271 0.286485 0.816475 0.501293
0.201054 0.178650 0.423289 0.016082 0.929279 0.369028
0.297507 0.125735 0.423333 0.848287 0.400281 0.346677
0.312107 0.179454 0.337934 0.669567 0.598603 0.439720
0.239743 0.217068 0.333075 -0.330640 0.909029 0.253662
0.179393 0.159128 0.318643 -0.903245 0.416354 -0.103910
0.148043 0.138582 0.406936 -0.923422 0.380808 -0.047707
0.207145 0.152820 0.482091 -0.216592 0.668285 0.711677
0.157560 0.116203 0.467340 -0.863846 0.130205 0.486639
0.278263 0.113867 0.481560 0.647666 0.385090 0.657445
0.208187 0.083826 0.500000 -0.160418 -0.238377 0.957832
0.292930 0.268249 0.185177 0.384642 0.880362 0.277512
0.396707 0.206711 -0.089443 0.970837 0.235590 0.044426
0.192490 0.101573 -0.181212 -0.147290 -0.982357 -0.115243
-0.004029 0.161505 -0.090510 -0.396918 -0.917846 -0.003778
0.011463 0.150660 -0.204586 -0.350138 -0.927284 -0.132467
-0.023859 0.225727 -0.207923 -0.133509 0.017454 -0.990894
-0.024314 0.171583 -0.182360 -0.189898 -0.895785 -0.401881
-0.245684 0.227942 -0.134407 -0.217796 0.200126 0.955256
-0.236504 0.166848 -0.160190 -0.034207 -0.766662 0.641139
-0.205106 0.214149 -0.274478 0.322478 -0.076862 -0.943451
-0.087766 0.178449 -0.192252 0.216465 -0.822935 -0.525281
-0.277489 0.150186 -0.254098 0.126502 -0.942518 -0.309283
-0.217726 0.162964 -0.232965 0.217507 -0.922782 -0.318063
-0.299733 0.155864 -0.170848 -0.170377 -0.778370 0.604245
-0.368643 0.153975 -0.203914 -0.446716 -0.856520 0.258494
-0.351812 0.149904 -0.264363 -0.387684 -0.776428 -0.496851
-0.279429 0.205310 -0.293887 0.165237 -0.168594 -0.971737
-0.395588 0.204140 -0.246260 -0.962925 -0.000409 -0.269769
-0.352586 0.201587 -0.290847 -0.259715 -0.231001 -0.937649
-0.381652 0.211141 -0.186853 -0.712230 -0.081843 0.697158
-0.318394 0.221227 -0.146587 -0.342108 0.053748 0.938122
0.317015 0.093483 -0.114983 0.061479 -0.992255 -0.107933
0.072190 0.124866 0.108448 -0.253014 -0.959757 0.121866
0.341499 0.142884 -0.216879 0.632903 -0.587275 -0.504521
0.398907 0.119907 0.032361 0.845061 -0.533886 0.028936
0.291859 0.080694 0.016865 -0.029263 -0.998249 0.051409
0.292633 0.095397 0.134675 0.130120 -0.976282 0.173037
0.192270 0.108864 0.300646 -0.690361 -0.579702 -0.432837
0.210919 0.135417 0.200900 -0.747043 -0.660915 -0.071541
0.280405 0.099912 0.185213 0.027177 -0.984265 -0.174595
0.303833 0.102992 0.320997 0.895076 -0.441620 0.061732
0.254505 0.067718 0.305652 0.152483 -0.919714 -0.361767
0.343997 0.136837 0.206984 0.824824 -0.530395 0.195823
0.344015 0.214970 0.231553 0.861609 0.318965 0.394831
0.357369 0.140299 0.169982 0.793696 -0.528719 0.300838
0.294855 0.057757 0.412114 0.801483 -0.596335 0.044832
0.197111 0.189870 0.211393 -0.839616 0.524872 0.139832
0.152840 0.069068 0.384153 -0.805121 -0.521657 -0.282229
0.155789 0.057394 0.447499 -0.732138 -0.537607 0.418273
0.215852 0.023703 0.450484 -0.088754 -0.943354 0.319696
0.234010 0.020084 0.389394 -0.124195 -0.921645 -0.367623
0.265001 0.060313 0.472130 0.494897 -0.568937 0.656801
0.359962 0.226974 0.188287 0.906586 0.387126 0.168032
0.221167 0.138597 -0.265130 0.198444 -0.590082 -0.782575
0.113212 0.149112 -0.286060 -0.072220 -0.833701 -0.547473
0.075179 0.208952 -0.313677 0.456284 -0.074566 -0.886705
0.049785 0.155519 -0.289005 0.136478 -0.793760 -0.592721
-0.061793 0.224271 -0.274368 -0.700797 0.006602 0.713330
-0.122355 0.222023 -0.325157 -0.649224 0.204691 0.732537
-0.107421 0.156531 -0.350430 -0.346140 -0.791016 0.504461
-0.034800 0.206531 -0.424830 0.719658 -0.059650 -0.691762
0.004047 0.157364 -0.327988 0.316835 -0.919166 -0.233985
-0.099147 0.196856 -0.484024 0.570168 -0.173186 -0.803066
-0.062570 0.150630 -0.397895 0.444252 -0.833038 -0.329679
-0.111668 0.141924 -0.451368 0.195377 -0.934057 -0.298941
-0.166810 0.153165 -0.480126 -0.244856 -0.851954 -0.462839
-0.165456 0.150146 -0.393498 -0.449192 -0.820945 0.352527
-0.203779 0.160203 -0.442027 -0.770232 -0.634877 -0.060605
-0.200126 0.200689 -0.482348 -0.724511 -0.050738 -0.687393
-0.153823 0.195114 -0.500000 0.077558 -0.252536 -0.964474
-0.215287 0.207686 -0.435172 -0.965981 -0.148548 0.211692
-0.194962 0.213624 -0.386720 -0.733163 -0.028846 0.679441
-0.019011 0.260444 0.075091 -0.770304 0.214375 -0.600562
0.004267 0.168132 0.078235 -0.584457 -0.671973 -0.454821
-0.139516 0.135384 0.253936 0.236791 -0.971013 0.032605
-0.065904 0.177187 0.131902 -0.338569 -0.703924 -0.624389
-0.231920 0.152728 0.221163 -0.309191 -0.701653 -0.641937
-0.179478 0.165257 0.196128 -0.337493 -0.570184 -0.748992
-0.293388 0.148632 0.274731 -0.648679 -0.651485 -0.393424
-0.184366 0.120553 0.284747 0.060417 -0.997945 0.021338
-0.260508 0.127525 0.324452 -0.183753 -0.860420 0.475303
-0.088089 0.230821 0.068156 0.255826 0.004537 0.966712
-0.229078 0.227176 0.117683 0.259295 0.172357 0.950294
-0.237957 0.172342 0.085445 0.232934 -0.880067 0.413792
-0.115871 0.233308 -0.055943 -0.177587 -0.032923 -0.983554
-0.096473 0.183697 -0.031818 -0.016692 -0.929792 -0.367708
-0.254838 0.163463 -0.002969 0.020651 -0.822709 -0.568088
-0.324981 0.149460 0.009666 0.012862 -0.952639 -0.303830
-0.401405 0.155860 0.037609 -0.456581 -0.842144 -0.286928
-0.306965 0.154522 0.103412 0.106292 -0.924859 0.365154
-0.390014 0.158699 0.109431 -0.362569 -0.697077 0.618568
-0.314194 0.214849 0.137766 0.097469 -0.051367 0.993912
-0.391385 0.212410 0.129408 -0.457262 0.009280 0.889284
-0.348247 0.211890 -0.021376 -0.303570 -0.095498 -0.948011
-0.266234 0.217204 -0.032870 -0.157700 0.089335 -0.983438
-0.413636 0.210577 0.015519 -0.770257 -0.053397 -0.635494
-0.430335 0.212429 0.078073 -0.980225 -0.062794 0.187657
-0.027325 0.257840 0.056735 0.103860 -0.074542 0.991795
0.015035 0.322510 0.017467 -0.101297 0.910354 0.401240
-0.110377 0.300388 0.045762 0.045731 0.850013 0.524774
-0.233160 0.286092 0.083142 0.014743 0.911064 0.412000
-0.324984 0.278881 0.100999 -0.036818 0.923713 0.381312
-0.249997 0.282714 -0.004381 -0.164572 0.882219 -0.441142
-0.342394 0.276472 0.012281 -0.204499 0.810885 -0.548311
-0.409774 0.266026 0.038497 -0.550012 0.759540 -0.347254
-0.396186 0.268219 0.105114 -0.425558 0.641616 0.638146
-0.127816 0.287694 -0.137796 -0.141196 0.904520 0.402378
-0.237876 0.283682 -0.164360 -0.144323 0.928116 0.343180
-0.314334 0.276915 -0.187084 -0.191486 0.933074 0.304476
-0.214371 0.274843 -0.248079 0.042430 0.930212 -0.364563
-0.292442 0.267185 -0.270264 0.042712 0.814614 -0.578429
-0.366959 0.267802 -0.211169 -0.586145 0.782496 0.210078
-0.348633 0.261556 -0.276569 -0.404211 0.561070 -0.722367
-0.016906 0.229585 -0.221849 -0.839261 -0.016199 0.543487
0.007498 0.293320 -0.248196 -0.452509 0.884499 0.113560
-0.044966 0.279457 -0.299649 -0.279940 0.950130 0.137431
-0.102371 0.273079 -0.350565 -0.204942 0.972737 0.108541
-0.176499 0.263477 -0.414792 -0.414448 0.864150 0.285445
-0.050328 0.261185 -0.406646 0.278834 0.876164 -0.393176
-0.205741 0.252368 -0.447576 -0.668832 0.723134 -0.172455
-0.122275 0.254323 -0.471529 0.244561 0.854014 -0.459185
-0.162093 0.246343 -0.491469 -0.108456 0.476654 -0.872375
0.108760 0.289788 -0.271717 0.070204 0.831380 -0.551253
-0.009178 0.236004 -0.214272 -0.900060 0.161864 -0.404589
-0.034484 0.253887 -0.084983 -0.940671 0.255706 0.223051
-0.000123 0.320915 -0.062339 -0.334139 0.826404 -0.453219
0.115754 0.299673 0.122238 -0.061965 0.702354 0.709125
0.124706 0.214354 0.153889 -0.067654 -0.063864 0.995663
0.180178 0.202937 0.180801 -0.328867 0.382850 0.863291
0.272160 0.257382 0.222663 -0.028389 0.950724 0.308737
-0.103475 0.177983 -0.131550 -0.062615 -0.904837 0.421129
-0.037418 0.173725 -0.115662 -0.326775 -0.746640 0.579436
0.183713 0.128016 0.155220 -0.301605 -0.864876 0.401278
0.006325 0.167494 -0.243495 -0.490691 -0.846839 0.205150
-0.036256 0.160349 -0.288521 -0.454955 -0.718119 0.526612
-0.031216 0.159997 0.177438 0.186311 -0.966928 0.174178
0.045436 0.148169 0.125583 0.063862 -0.814912 0.576055
0.017228 0.154576 0.047522 -0.718579 -0.693553 0.051275
-0.010935 0.263697 0.060740 -0.766806 0.231813 0.598558
-0.015937 0.171447 -0.045337 -0.421983 -0.869010 -0.258366
-0.048432 0.251650 -0.073294 -0.434369 -0.044568 -0.899632
-0.083395 0.184064 0.046481 0.100563 -0.874977 0.473606
-0.005811 0.170596 0.025785 -0.227663 -0.698380 0.678553
-0.125810 0.298326 -0.027648 -0.248566 0.854002 -0.457052
0.360761 0.151793 -0.155125 0.535480 -0.242156 -0.809087
0.356111 0.241241 -0.196605 0.937393 0.023739 -0.347462
0.419079 0.032319 -0.190150 0.378961 -0.329754 -0.864668
0.425373 0.000000 -0.068919 0.951464 -0.304655 -0.043612
0.366956 0.110405 -0.065754 -0.740768 -0.670859 0.034804
0.430335 0.032762 0.052312 0.785301 -0.092002 0.612240
0.371045 0.152119 0.023625 0.869983 -0.062169 0.489147
0.371166 0.241721 0.065105 0.987205 0.024989 0.157487
0.366512 0.331177 0.023628 0.983065 0.163755 0.082265
0.360321 0.372562 -0.065746 0.592655 0.014961 0.805317
0.356228 0.330847 -0.155121 -0.784355 -0.469973 -0.404861
