5 9
6 8
6 100
7 8
7 11
8 6
8 7
9 5
11 7
12 101
13 173
13 180
17 18
18 17
19 29
21 31
22 173
23 50
26 35
27 36
28 37
29 19
29 30
30 29
31 21
32 45
33 34
33 42
34 33
35 26
36 27
36 39
37 28
37 38
38 37
38 111
39 36
41 42
41 46
41 179
42 33
42 41
43 176
44 45
44 46
44 178
45 32
45 44
45 46
46 41
46 44
46 45
46 178
46 179
50 23
52 59
53 183
56 57
57 56
59 52
59 140
59 182
63 64
63 76
64 63
66 67
67 66
67 143
69 71
69 144
71 69
75 118
76 63
77 79
78 84
79 77
83 127
84 78
88 123
91 124
92 93
92 94
93 92
94 92
97 102
97 171
98 129
100 6
100 172
101 12
102 97
102 104
104 102
105 130
105 181
107 108
108 107
109 110
110 109
111 38
112 136
117 122
118 75
118 122
122 117
122 118
123 88
123 124
124 91
124 123
127 83
129 98
129 130
130 105
130 129
130 181
132 184
134 136
134 184
136 112
136 134
137 142
140 59
140 182
142 137
143 67
143 144
144 69
144 143
145 150
150 145
151 152
151 156
152 151
152 154
153 154
154 152
154 153
154 168
156 151
168 154
169 170
169 172
170 169
170 171
171 97
171 170
171 172
172 100
172 169
172 171
173 13
173 22
173 180
176 43
178 44
178 46
178 179
179 41
179 46
179 178
180 13
180 173
181 105
181 130
182 59
182 140
183 53
184 132
184 134
