-0.355587 0.269309 -0.186224 -0.779129 0.446541 -0.439953
-0.349949 0.167075 -0.230256 -0.874322 0.003052 -0.485337
-0.391768 0.174808 -0.010420 -0.995194 -0.090462 -0.037502
-0.242422 0.181908 -0.279419 -0.365525 0.088143 -0.926619
-0.238204 0.281013 -0.244974 -0.144901 0.896418 -0.418853
-0.146084 0.262734 -0.271623 -0.104836 0.791248 -0.602441
-0.155668 0.188959 -0.295637 -0.235516 0.055100 -0.970307
-0.091165 0.191002 -0.346516 -0.741522 -0.172561 -0.648358
-0.125727 0.188621 -0.308459 -0.608544 -0.157063 -0.777821
-0.122219 0.257107 -0.291624 -0.421713 0.700259 -0.576017
-0.025196 0.261415 -0.304324 0.211931 0.965590 0.150737
-0.072709 0.246847 -0.348186 -0.564454 0.640471 -0.520757
0.042510 0.229344 -0.243509 -0.370609 -0.081843 -0.925176
-0.021969 0.218782 -0.217807 0.058940 0.089596 -0.994233
-0.045862 0.278712 -0.184021 -0.131661 0.790955 -0.597541
0.059828 0.278389 -0.229372 -0.217640 0.843404 -0.491226
-0.027312 0.281135 -0.119263 0.194801 0.940473 0.278503
0.081347 0.234607 -0.130636 0.309252 0.004887 0.950968
0.082683 0.283585 -0.163382 0.086016 0.916779 0.390022
0.155512 0.280968 -0.268714 -0.172179 0.921092 -0.349206
0.181022 0.290890 -0.193699 0.055677 0.940599 0.334924
0.205297 0.241278 -0.165526 0.271604 0.234913 0.933299
-0.005431 0.213081 -0.274578 0.738976 0.063583 0.670725
-0.078743 0.269726 -0.247933 0.372994 0.916398 0.145223
0.064046 0.216850 -0.344386 0.690099 0.262946 0.674257
0.027388 0.261426 -0.357767 0.107313 0.986582 0.123045
-0.022498 0.246913 -0.405778 -0.397502 0.847730 -0.351207
0.249525 0.293580 -0.219189 0.166906 0.918273 0.359049
0.225608 0.283024 -0.293827 -0.164663 0.757101 -0.632206
0.162472 0.225485 -0.295748 -0.372211 -0.110131 -0.921591
0.219281 0.225669 -0.315590 -0.210163 -0.241880 -0.947273
0.261967 0.243189 -0.183446 0.415771 -0.003572 0.909462
0.038786 0.249763 -0.469895 -0.377699 0.803288 -0.460512
0.090963 0.261997 -0.421519 0.397414 0.876300 0.272324
0.114583 0.217842 -0.398946 0.797682 -0.026633 0.602490
-0.026835 0.195164 -0.428205 -0.749707 -0.127560 -0.649359
0.296648 0.291461 -0.244505 0.474068 0.879771 0.035540
0.276668 0.284316 -0.303102 0.392675 0.676487 -0.623034
0.286064 0.230517 -0.317347 0.157643 -0.094981 -0.982918
0.317798 0.241532 -0.224176 0.725727 0.107388 0.679550
0.327470 0.237286 -0.279290 0.934952 0.121084 -0.333472
0.130182 0.215851 -0.444625 0.978179 0.069630 0.195747
0.116247 0.255781 -0.453712 0.476573 0.823757 -0.307088
0.022662 0.195610 -0.481749 -0.611085 -0.257571 -0.748487
0.071226 0.200009 -0.500000 -0.191271 -0.136242 -0.972036
0.074247 0.247104 -0.490986 0.125578 0.571606 -0.810862
0.113842 0.209270 -0.486817 0.670902 0.050699 -0.739810
-0.352135 0.288388 -0.057703 -0.478283 0.877858 -0.024694
-0.223082 0.300468 -0.066495 -0.019141 0.999361 0.030199
-0.083219 0.295143 -0.081080 0.099723 0.993898 -0.047138
-0.110310 0.279053 -0.202929 0.119460 0.975944 -0.182379
0.060768 0.264259 0.161792 0.004020 0.999553 -0.029614
-0.044153 0.268794 0.093829 0.244339 0.945535 -0.215084
-0.070537 0.247849 0.151971 -0.286921 0.711670 0.641251
0.008730 0.188427 0.215643 -0.492771 -0.334355 0.803358
0.031317 0.248173 0.212458 -0.438411 0.588313 0.679473
0.107999 0.252802 0.261130 -0.378705 0.763689 0.522840
0.137835 0.270374 0.207241 0.030627 0.978440 -0.204249
0.070819 0.224573 0.119294 0.466809 0.351869 -0.811343
-0.010025 0.226400 0.069435 0.680329 0.271546 -0.680746
0.178001 0.235905 0.176385 0.421081 0.307939 -0.853150
0.213807 0.277334 0.248023 0.102473 0.973842 -0.202810
0.237027 0.238240 0.207951 0.551959 0.278495 -0.785991
-0.124979 0.182555 0.148003 -0.067789 -0.265651 0.961683
-0.074598 0.184191 0.166233 -0.393115 -0.439457 0.807675
0.178788 0.254260 0.308876 -0.332260 0.683561 0.649882
0.264786 0.271052 0.280616 0.463442 0.883566 0.067328
0.281923 0.230503 0.251785 0.896858 0.252296 -0.363308
0.236175 0.253289 0.332852 0.251037 0.493727 0.832595
0.238478 0.197033 0.332441 0.065711 -0.196598 0.978280
0.170783 0.188729 0.319202 -0.310218 -0.489096 0.815199
0.282142 0.213300 0.302003 0.884729 -0.026471 0.465353
0.112951 0.189140 0.283066 -0.538122 -0.143053 0.830639
-0.226193 0.269041 0.112006 0.023204 0.904681 0.425458
-0.094983 0.284232 0.052646 0.051659 0.978164 0.201310
-0.224216 0.153651 0.216081 0.819923 0.553736 0.145267
-0.181155 0.169480 0.167228 0.375024 0.270527 0.886664
-0.304973 0.211525 0.206966 0.002901 0.833178 0.552997
-0.348626 0.154309 0.261081 -0.865153 0.270783 0.422123
-0.285062 0.200173 0.248291 -0.080514 0.954289 0.287836
-0.311634 0.127483 0.359100 -0.693299 0.552099 0.463166
-0.243361 0.172734 0.348760 0.217362 0.956304 0.195540
-0.297334 0.054049 0.353229 -0.789342 -0.602227 0.119425
-0.343510 0.083816 0.238282 -0.710138 -0.682051 0.174672
-0.365878 0.163285 0.222485 -0.931124 0.270842 0.244237
-0.208273 0.143639 0.427826 -0.089329 0.940743 0.327142
-0.282149 0.092910 0.431647 -0.867708 0.234578 0.438242
-0.180490 0.127615 0.330711 0.825233 0.525671 -0.206544
-0.147598 0.114752 0.410918 0.853759 0.511653 -0.096471
-0.275074 0.030794 0.423875 -0.671202 -0.729522 0.131474
-0.200011 0.126463 0.481029 0.166429 0.740073 0.651608
-0.152658 0.096143 0.467195 0.867142 0.219574 0.447049
-0.246156 0.037706 0.477472 -0.569984 -0.504212 0.648759
-0.261873 0.085852 0.484527 -0.569775 0.440661 0.693667
-0.195292 0.064340 0.500000 0.212895 -0.182388 0.959901
-0.348682 0.272900 0.070814 -0.513094 0.820789 0.251079
-0.191724 0.084766 -0.208584 0.275919 -0.953342 -0.122507
-0.053922 0.150300 -0.209326 0.439459 -0.867186 -0.234232
-0.020786 0.158040 -0.089451 0.450492 -0.891967 -0.038103
-0.217280 0.120436 -0.264433 -0.000200 -0.695250 -0.718768
-0.141952 0.139709 -0.279137 0.064565 -0.880129 -0.470324
0.051235 0.181048 -0.211073 -0.179992 -0.833018 -0.523148
-0.013258 0.169664 -0.186767 0.190399 -0.890923 -0.412316
0.069186 0.181863 -0.156672 0.198508 -0.893503 0.402798
0.003854 0.171697 -0.127079 0.551118 -0.719676 0.422297
0.006284 0.228123 -0.102140 0.465439 -0.088664 0.880628
0.193123 0.184772 -0.191743 0.167081 -0.780776 0.602058
0.172008 0.179782 -0.256995 -0.133751 -0.941852 -0.308261
0.226179 0.175121 -0.280115 -0.031026 -0.947875 -0.317129
0.250882 0.182037 -0.205501 0.305430 -0.757222 0.577345
0.311363 0.188388 -0.239879 0.564913 -0.797313 0.212523
0.292806 0.183338 -0.294015 0.444879 -0.717769 -0.535622
-0.091085 0.127017 0.096087 0.349613 -0.932895 0.086470
-0.305262 0.059214 -0.121191 -0.139594 -0.983631 -0.113944
-0.340253 0.106754 -0.214870 -0.600515 -0.663794 -0.445824
-0.354042 0.060769 0.073024 -0.582071 -0.812233 -0.038355
-0.244009 0.057028 0.046702 0.264278 -0.963968 0.030381
-0.276800 0.060748 0.166334 0.158327 -0.978258 0.133956
-0.233589 0.103003 0.207502 0.874858 -0.461454 -0.147251
-0.184645 0.114477 0.136125 0.533625 -0.733487 0.421001
-0.185387 0.074047 0.317135 0.743950 -0.481319 -0.463542
-0.238830 0.032311 0.325453 -0.040746 -0.951362 -0.305370
-0.274433 0.063648 0.213252 0.093540 -0.966441 -0.239252
-0.147559 0.050235 0.392918 0.840824 -0.474251 -0.260960
-0.147347 0.041955 0.451248 0.787477 -0.458883 0.411469
-0.199423 0.007075 0.457363 0.175907 -0.918297 0.354665
-0.217656 0.000000 0.402416 0.198655 -0.937415 -0.285987
-0.357532 0.085243 0.205010 -0.876509 -0.466171 0.120067
0.095839 0.184630 -0.035715 0.096630 -0.910154 -0.402842
0.010557 0.170270 -0.047652 0.369228 -0.888714 -0.271769
0.009158 0.223327 -0.075282 0.262414 0.047326 -0.963794
0.087994 0.184351 0.028591 0.009344 -0.875972 0.482272
0.003245 0.168864 0.011415 0.312175 -0.770259 0.556101
0.061220 0.163668 0.128586 0.403709 -0.629778 -0.663625
-0.019077 0.151104 0.082643 0.515895 -0.678350 -0.523157
0.033559 0.145737 0.172125 -0.099698 -0.963351 0.249027
-0.046464 0.137802 0.123979 -0.095458 -0.908257 0.407379
0.139422 0.143795 0.237593 -0.108863 -0.983180 0.146647
0.169812 0.173576 0.182294 0.394316 -0.533049 -0.748581
0.081103 0.234106 0.056457 -0.157129 -0.053240 0.986142
-0.003378 0.224611 0.045098 -0.018145 -0.212920 0.976901
0.219584 0.173510 0.202856 0.388511 -0.681801 -0.619843
0.182825 0.140997 0.263834 0.087184 -0.994401 0.059715
0.278168 0.177707 0.248827 0.699885 -0.583424 -0.412040
0.252890 0.156411 0.296215 0.306516 -0.819250 0.484641
0.223976 0.190379 0.056381 -0.092910 -0.875619 0.473982
0.235106 0.183133 -0.025180 0.042561 -0.794451 -0.605835
0.095797 0.237123 -0.063348 0.083640 -0.028083 -0.996100
0.236300 0.239131 -0.053638 0.072620 0.087418 -0.993521
0.299930 0.181191 -0.017892 0.132257 -0.941941 -0.308636
0.288518 0.184912 0.068617 0.074530 -0.914354 0.397998
0.369679 0.199724 0.002920 0.562311 -0.765972 -0.311598
0.363230 0.201906 0.069059 0.497415 -0.623708 0.602964
0.289893 0.244571 0.099101 -0.024969 -0.115880 0.992949
0.359516 0.250999 0.086913 0.390995 0.203701 0.897568
0.311770 0.243749 -0.047993 0.255519 -0.066988 -0.964481
0.373225 0.250435 -0.018226 0.728784 0.033800 -0.683909
0.391768 0.254789 0.037799 0.990353 0.061840 0.124000
0.218404 0.245385 0.086722 -0.191812 0.153756 0.969313
0.114058 0.294746 -0.033776 0.036193 0.865203 -0.500114
-0.021997 0.294221 -0.049730 0.151674 0.820125 -0.551716
-0.031185 0.294871 0.023937 -0.006384 0.894376 0.447270
0.104209 0.295780 0.034065 -0.106562 0.845604 0.523066
0.215811 0.297036 -0.027031 0.003875 0.889933 -0.456074
0.205290 0.299281 0.053739 -0.104769 0.904621 0.413140
0.290220 0.303374 0.064608 -0.036741 0.899865 0.434619
0.301082 0.302055 -0.017297 0.066451 0.822398 -0.565018
0.364758 0.300551 0.002659 0.427758 0.817066 -0.386557
0.356088 0.301832 0.064187 0.478929 0.743344 0.466975
-0.062567 0.146680 -0.327993 -0.250535 -0.938798 -0.236413
-0.023734 0.152277 -0.294457 0.532485 -0.713012 0.456151
-0.052735 0.156105 -0.252791 0.556960 -0.812393 0.172667
-0.097234 0.141773 -0.287883 -0.163590 -0.894250 -0.416599
-0.032591 0.214237 -0.238727 0.885787 0.109854 0.450903
0.043502 0.156150 -0.362076 0.459813 -0.771410 0.439885
0.000144 0.147564 -0.402520 -0.367455 -0.875889 -0.312723
0.041717 0.146113 -0.454784 -0.115426 -0.940469 -0.319679
0.093667 0.157428 -0.405385 0.561167 -0.776366 0.286964
0.088526 0.162700 -0.484245 0.299444 -0.805146 -0.511931
0.123980 0.171777 -0.451770 0.827513 -0.543462 -0.140965
-0.037853 0.213927 -0.225112 0.792880 0.371251 -0.483234
-0.004383 0.223981 -0.085121 0.878984 0.474658 -0.045679
-0.018312 0.228415 0.056736 0.668218 0.245841 0.702173
-0.123152 0.256251 0.131016 -0.028140 0.661910 0.749055
-0.031011 0.150700 0.039832 0.591238 -0.806313 0.017224
