0 193
5 95
7 185
10 162
13 17
14 146
15 164
15 180
16 164
17 13
18 165
19 25
19 138
22 166
23 24
24 23
25 19
25 112
25 178
26 27
27 26
30 31
31 30
31 36
31 118
35 36
35 120
36 31
36 35
40 45
40 46
45 40
46 40
48 91
50 169
53 171
53 179
54 173
55 56
55 153
55 163
56 55
65 68
67 68
67 69
68 65
68 67
69 67
69 151
72 176
74 190
80 81
81 80
82 84
83 92
84 82
86 168
89 91
91 48
91 89
92 83
95 5
97 155
101 174
102 109
102 160
105 107
105 109
106 107
107 105
107 106
108 110
108 159
108 161
109 102
109 105
110 108
110 159
112 25
112 137
112 178
113 177
118 31
120 35
121 181
124 183
130 132
132 130
132 145
133 135
135 133
137 112
137 178
138 19
145 132
146 14
148 151
150 152
151 69
151 148
152 150
153 55
153 163
155 97
157 159
159 108
159 110
159 157
160 102
160 161
161 108
161 160
162 10
163 55
163 153
164 15
164 16
164 180
165 18
166 22
168 86
169 50
171 53
173 54
174 101
176 72
177 113
177 182
178 25
178 112
178 137
179 53
180 15
180 164
181 121
182 177
183 124
185 7
190 74
193 0
