 -0.377485   0.162646  -0.009986
 -0.335256   0.151211   0.097627
 -0.116591   0.210500   0.080189
 -0.087195   0.222370  -0.022938
 -0.078423   0.219056  -0.140856
 -0.149268   0.207085  -0.213560
 -0.301473   0.142063   0.183718
  0.031599   0.204432   0.162099
  0.089752   0.236048  -0.001044
  0.069985   0.230221  -0.193669
 -0.036336   0.202299  -0.327489
 -0.254867   0.095631   0.348664
  0.171516   0.208797   0.239948
  0.252579   0.241420   0.018997
  0.206142   0.232945  -0.241934
  0.048889   0.206529  -0.414087
 -0.185802   0.068824   0.484375
  0.261737   0.237617   0.291464
  0.377469   0.254586   0.034502
  0.311068   0.239904  -0.279250
  0.100730   0.226702  -0.468155
