0 193
4 96
6 194
7 184
15 164
16 164
16 180
17 165
19 24
19 137
21 166
22 167
24 19
26 27
27 26
30 36
33 35
35 33
35 36
36 30
36 35
53 173
54 171
54 179
55 56
55 60
56 55
56 154
56 163
57 64
60 55
64 57
67 68
68 67
71 176
79 172
82 92
83 84
84 83
86 168
87 88
88 87
92 82
95 101
96 4
97 155
100 158
101 95
101 174
102 109
102 160
105 107
105 109
107 105
108 109
108 110
109 102
109 105
109 108
109 161
110 108
110 159
112 177
113 138
113 178
116 117
117 116
121 181
122 123
123 122
128 135
135 128
137 19
138 113
138 178
147 151
150 152
151 147
152 150
154 56
154 163
155 97
156 159
158 100
159 110
159 156
160 102
160 161
161 109
161 160
163 56
163 154
164 15
164 16
164 180
165 17
166 21
167 22
168 86
171 54
172 79
173 53
174 101
176 71
177 112
177 182
178 113
178 138
179 54
180 16
180 164
181 121
182 177
184 7
193 0
194 6
