-0.185932 0.082563 -0.044367 0.113736 -0.993510 0.001469
-0.158151 0.060586 0.139845 0.256310 -0.960140 0.111519
-0.333864 0.050438 0.132283 -0.177823 -0.983392 0.036329
-0.216377 0.058367 -0.256041 0.047604 -0.996038 -0.075114
-0.421682 0.058429 -0.043010 -0.264170 -0.963493 0.043548
-0.234332 0.106105 -0.327231 -0.274526 -0.392051 -0.878027
-0.420060 0.051724 -0.200878 -0.510964 -0.821852 -0.251943
0.020129 0.097384 -0.150162 0.217203 -0.973588 0.070351
0.023307 0.111245 -0.007782 0.266999 -0.961241 0.068755
-0.249736 0.096986 0.339077 -0.740611 -0.296843 0.602810
-0.343853 0.119537 0.230480 -0.785833 -0.061331 0.615390
-0.305739 0.047680 0.197360 -0.399066 -0.894852 0.199966
-0.225739 0.038013 0.296096 -0.319143 -0.940639 0.115528
-0.169776 0.058275 0.177659 0.472049 -0.867522 -0.156765
-0.193353 0.075902 0.396203 -0.773146 -0.165946 0.612133
-0.173189 0.018198 0.367141 -0.307076 -0.951621 -0.011019
-0.155309 0.052170 0.242047 0.332880 -0.864522 -0.376553
-0.096730 0.017093 0.335921 0.510507 -0.721715 -0.467450
-0.127821 0.117800 0.249349 0.903669 0.070344 -0.422415
-0.065661 0.086303 0.340593 0.917245 0.062860 -0.393332
-0.101543 0.000000 0.477378 -0.368090 -0.780099 0.505919
-0.103665 0.040302 0.500000 -0.520957 -0.029500 0.853073
-0.052586 0.005145 0.441646 0.505163 -0.840941 -0.193982
-0.035971 0.051508 0.449929 0.916834 -0.151458 0.369427
0.177675 0.228679 0.170287 -0.140895 -0.065472 0.987857
0.057311 0.212081 0.150471 -0.160499 0.245517 0.956013
0.041403 0.143273 0.121864 0.063087 -0.779769 0.622881
0.178568 0.158982 0.138559 0.042246 -0.860392 0.507878
0.066633 0.136104 0.029361 0.411383 -0.893458 -0.180271
0.246514 0.237271 0.180656 -0.121495 0.055394 0.991045
0.254952 0.170620 0.153278 0.090630 -0.841623 0.532407
0.196204 0.158434 0.071524 0.279939 -0.803994 -0.524622
0.272804 0.169003 0.090566 0.323389 -0.875260 -0.359637
0.396413 0.217783 0.184873 0.375246 -0.657155 0.653711
0.411140 0.213748 0.118006 0.559216 -0.613827 -0.557220
0.217814 0.223131 0.034731 0.328524 0.036204 -0.943802
0.283338 0.232069 0.055656 0.336968 -0.057751 -0.939743
0.080663 0.222035 -0.016171 0.990537 0.028314 0.134292
0.223684 0.156202 -0.115866 0.175039 -0.925013 -0.337213
0.065241 0.127365 -0.126567 0.441584 -0.855489 -0.270448
0.059848 0.198255 -0.165920 0.672953 0.100153 -0.732874
0.223264 0.168724 -0.050020 0.153293 -0.615760 0.772878
0.068401 0.133500 -0.043337 0.385270 -0.836001 0.390728
0.234058 0.231600 -0.024419 0.071793 0.290169 0.954279
0.313248 0.242536 -0.032136 0.094039 0.093305 0.991187
0.318407 0.184159 -0.055351 0.179482 -0.816865 0.548195
0.318751 0.172565 -0.117104 0.212712 -0.937677 -0.274799
0.234575 0.205937 -0.158489 0.060516 -0.232595 -0.970689
0.434218 0.216828 -0.051894 0.500819 -0.643629 0.578724
0.433891 0.204394 -0.126868 0.428559 -0.742734 -0.514475
0.447054 0.275456 -0.062083 0.298240 0.873244 0.385353
0.311697 0.218044 -0.155709 0.095265 -0.041426 -0.994590
0.448172 0.259920 -0.135408 0.492116 0.460160 -0.738969
-0.206582 0.322447 0.043452 -0.016979 0.959003 0.282887
-0.363235 0.223105 0.165416 -0.370112 0.738185 0.564003
-0.203564 0.272155 0.148434 0.038749 0.775309 0.630393
-0.217049 0.159530 0.341738 -0.384462 0.632768 0.672156
-0.155040 0.172508 0.291504 0.540159 0.826241 0.159856
-0.203475 0.243897 0.202403 0.217968 0.851861 0.476259
-0.311759 0.208956 0.235695 -0.525260 0.594267 0.609056
-0.166660 0.139238 0.396596 -0.303278 0.760039 0.574772
-0.096557 0.150752 0.366089 0.561188 0.826982 -0.034178
0.001644 0.313045 0.001956 0.213606 0.975752 -0.047764
0.004420 0.312762 -0.057804 0.166735 0.984667 0.051297
-0.208456 0.338443 -0.109404 0.093208 0.986085 -0.137654
0.001671 0.299546 -0.146277 0.238215 0.900962 -0.362657
0.238076 0.281777 -0.134718 0.056158 0.686840 -0.724636
0.074771 0.288991 -0.146135 0.098622 0.774023 -0.625429
0.075380 0.302530 -0.056146 0.074892 0.898672 0.432180
0.240405 0.292942 -0.069248 0.076080 0.932533 0.352980
-0.007806 0.278984 -0.207305 0.208552 0.929031 -0.305627
0.191306 0.294759 0.133361 -0.101121 0.824772 0.556350
0.058933 0.298490 0.103220 -0.091045 0.776157 0.623932
0.214088 0.294923 0.064827 0.183604 0.861404 -0.473574
0.084344 0.302300 0.026196 0.200803 0.865577 -0.458753
0.256857 0.293424 0.143523 -0.055824 0.906176 0.419200
0.274780 0.293026 0.084789 0.161670 0.875999 -0.454411
0.422067 0.283174 0.114593 0.625859 0.503304 -0.595807
0.403980 0.283077 0.184957 0.113089 0.786622 0.606990
-0.423530 0.351359 -0.105077 -0.264811 0.962134 -0.064605
-0.221642 0.290631 -0.245106 -0.101875 0.778237 -0.619653
-0.424489 0.315361 -0.217887 -0.556893 0.058984 -0.828487
-0.234314 0.217544 -0.320973 -0.405301 0.574677 -0.710970
-0.447668 0.194484 -0.100020 -0.927708 0.127780 -0.350756
0.161802 0.224625 -0.307920 -0.106700 0.724885 -0.680556
0.031842 0.232047 -0.280467 -0.108562 0.481508 -0.869692
0.051985 0.261741 -0.217029 0.186979 0.968805 0.162652
0.254832 0.227083 -0.325234 -0.129595 0.738247 -0.661964
0.178638 0.246545 -0.254835 0.103620 0.988187 0.112915
0.266930 0.244007 -0.279874 0.072584 0.956255 0.283388
0.193998 0.199475 -0.203977 0.265315 0.468062 0.842927
0.277914 0.211498 -0.232504 0.325713 0.201923 0.923655
0.377450 0.240750 -0.290103 0.371205 0.898825 0.233065
0.158801 0.162960 -0.320332 -0.202900 -0.104140 -0.973646
0.027957 0.157130 -0.287782 0.570142 -0.064035 -0.819047
0.248759 0.175646 -0.340187 -0.091493 -0.365833 -0.926172
0.365216 0.220806 -0.352917 0.329765 0.340205 -0.880633
-0.425519 0.109473 -0.263648 -0.663985 0.228016 -0.712132
-0.039710 0.195179 -0.386916 -0.265469 0.384502 -0.884129
-0.005759 0.231132 -0.332005 0.124756 0.894546 -0.429213
0.065223 0.207758 -0.375857 0.306426 0.947415 0.092235
0.040059 0.181870 -0.427037 -0.336674 0.470982 -0.815369
0.033571 0.113239 -0.426812 -0.424025 -0.282535 -0.860452
-0.046420 0.111192 -0.386231 -0.295522 -0.510977 -0.807198
0.118905 0.195669 -0.408986 0.238573 0.958585 0.155558
0.081732 0.155575 -0.331329 0.571558 0.305236 0.761677
0.147150 0.153877 -0.373607 0.594526 0.296447 0.747434
0.093026 0.176009 -0.452621 -0.304047 0.578228 -0.757105
0.214897 0.182135 -0.460471 0.490558 0.863276 0.118771
0.193808 0.165608 -0.500000 0.081127 0.153905 -0.984749
0.098016 0.115732 -0.459954 -0.368992 -0.376957 -0.849558
-0.043626 0.100593 0.461306 0.569010 0.769639 0.289626
-0.101822 0.085295 0.498586 0.011537 0.531922 0.846715
-0.142265 0.152516 0.180347 0.960950 0.139256 0.239128
0.380346 0.177586 -0.280582 0.734118 -0.284582 0.616510
0.274502 0.150792 -0.245972 0.343826 -0.748617 0.566883
0.189499 0.136431 -0.220720 0.288807 -0.615663 0.733178
0.259496 0.135277 -0.301621 0.137433 -0.970636 -0.197428
0.172813 0.124930 -0.281165 0.019497 -0.932461 -0.360744
0.057528 0.117239 -0.187702 0.426213 -0.823020 0.375474
0.370816 0.163460 -0.328889 0.314705 -0.847601 -0.427239
0.035816 0.110264 -0.248545 0.280366 -0.912361 -0.298316
-0.005481 0.086333 -0.259078 0.171522 -0.983857 0.051050
-0.032996 0.082373 -0.345120 0.078165 -0.983430 -0.163569
0.049284 0.086815 -0.391442 0.021873 -0.998171 -0.056357
0.123772 0.089202 -0.431877 0.068023 -0.994874 -0.074820
0.183540 0.102834 -0.482377 0.267919 -0.861886 -0.430548
0.208412 0.123542 -0.434759 0.894782 -0.331001 0.299671
0.148560 0.113504 -0.384379 0.407820 -0.795910 0.447449
0.074603 0.107895 -0.339418 0.436802 -0.633197 0.638957
0.010789 0.108297 -0.294752 0.542487 -0.782215 0.306347
0.303369 0.280544 -0.128769 0.085273 0.865893 -0.492907
0.304744 0.290808 -0.074583 0.052749 0.881275 0.469651
-0.444786 0.124360 0.046254 -0.910301 -0.347307 0.225236
-0.379740 0.128271 0.164240 -0.838505 -0.183491 0.513069
-0.099452 0.175094 0.156615 0.281747 0.161746 0.945757
-0.015187 0.139101 0.126386 0.334965 -0.690791 0.640786
0.011161 0.206300 0.147872 -0.002645 0.164395 0.986391
-0.448172 0.226871 0.060991 -0.937494 0.122467 0.325739
-0.432565 0.316471 0.008984 -0.527674 0.756548 0.386259
-0.002184 0.299148 0.097722 0.061374 0.792166 0.607212
-0.021057 0.248604 -0.278460 0.252127 0.873756 -0.415911
