0.355589 0.269298 -0.186216 0.776857 0.448598 -0.441875
0.391778 0.174795 -0.013502 0.995194 -0.090450 -0.037508
0.349957 0.167062 -0.230250 0.871920 0.004036 -0.489632
0.242421 0.181895 -0.279414 0.365505 0.088159 -0.926625
0.238202 0.281002 -0.244965 0.144897 0.896417 -0.418858
0.155665 0.188946 -0.295629 0.235511 0.055099 -0.970309
0.146087 0.262723 -0.271614 0.104855 0.791255 -0.602429
0.091167 0.190993 -0.346505 0.741503 -0.172522 -0.648390
0.122222 0.257099 -0.291616 0.421706 0.700261 -0.576019
0.125731 0.188612 -0.308450 0.608554 -0.157060 -0.777814
0.025196 0.261404 -0.304316 -0.211952 0.965583 0.150749
0.072703 0.246835 -0.348179 0.564439 0.640461 -0.520787
-0.042511 0.229336 -0.243500 0.370606 -0.081815 -0.925180
0.045856 0.278702 -0.184013 0.131649 0.790969 -0.597525
0.021966 0.218770 -0.217800 -0.058939 0.089616 -0.994231
-0.059836 0.278378 -0.229362 0.217641 0.843403 -0.491227
0.027312 0.281124 -0.119253 -0.194804 0.940474 0.278496
-0.081356 0.234595 -0.130627 -0.309249 0.004886 0.950969
-0.082685 0.283574 -0.163374 -0.086020 0.916775 0.390030
-0.155509 0.280954 -0.268708 0.172198 0.921087 -0.349208
-0.181034 0.290880 -0.193692 -0.055666 0.940611 0.334892
-0.205313 0.241267 -0.165518 -0.271604 0.234913 0.933299
0.005431 0.213069 -0.274569 -0.738991 0.063583 0.670708
0.078745 0.269715 -0.247927 -0.372991 0.916401 0.145217
-0.064055 0.216838 -0.344385 -0.690085 0.262933 0.674277
-0.027392 0.261415 -0.357767 -0.107313 0.986581 0.123053
0.022492 0.246902 -0.405776 0.397517 0.847713 -0.351231
-0.249531 0.293570 -0.219182 -0.166894 0.918287 0.359019
-0.225607 0.283014 -0.293822 0.164668 0.757102 -0.632203
-0.162476 0.225469 -0.295743 0.372247 -0.110135 -0.921576
-0.219280 0.225654 -0.315585 0.210161 -0.241893 -0.947270
-0.261980 0.243178 -0.183439 -0.415795 -0.003589 0.909451
-0.038801 0.249752 -0.469895 0.377696 0.803293 -0.460507
-0.090979 0.261985 -0.421517 -0.397392 0.876306 0.272336
-0.114600 0.217833 -0.398951 -0.797651 -0.026695 0.602529
0.026825 0.195152 -0.428203 0.749710 -0.127526 -0.649362
-0.296655 0.291450 -0.244498 -0.474054 0.879779 0.035509
-0.276674 0.284302 -0.303098 -0.392648 0.676479 -0.623060
-0.286065 0.230505 -0.317343 -0.157636 -0.094978 -0.982919
-0.317806 0.241521 -0.224169 -0.725748 0.107386 0.679527
-0.327478 0.237275 -0.279285 -0.934938 0.121081 -0.333513
-0.130199 0.215839 -0.444627 -0.978188 0.069630 0.195706
-0.116257 0.255770 -0.453711 -0.476562 0.823740 -0.307149
-0.022666 0.195597 -0.481749 0.611086 -0.257567 -0.748487
-0.071235 0.199996 -0.500000 0.191274 -0.136244 -0.972035
-0.074256 0.247093 -0.490986 -0.125587 0.571600 -0.810864
-0.113852 0.209258 -0.486816 -0.670837 0.050731 -0.739868
0.352143 0.288377 -0.057693 0.478293 0.877853 -0.024703
0.223087 0.300458 -0.066484 0.019141 0.999361 0.030199
0.110312 0.279043 -0.202918 -0.119457 0.975944 -0.182384
0.083214 0.295133 -0.081070 -0.099728 0.993898 -0.047136
-0.060759 0.264248 0.161808 -0.004010 0.999554 -0.029581
0.070546 0.247841 0.151986 0.286952 0.711662 0.641246
0.044161 0.268786 0.093843 -0.244347 0.945536 -0.215072
-0.008720 0.188414 0.215660 0.492770 -0.334378 0.803349
-0.031311 0.248161 0.212475 0.438398 0.588322 0.679473
-0.108001 0.252790 0.261152 0.378740 0.763670 0.522842
-0.137832 0.270366 0.207262 -0.030596 0.978441 -0.204246
-0.070813 0.224565 0.119313 -0.466819 0.351868 -0.811338
0.010032 0.226392 0.069449 -0.680350 0.271542 -0.680727
-0.178006 0.235897 0.176405 -0.421082 0.307907 -0.853161
-0.213812 0.277327 0.248045 -0.102463 0.973847 -0.202790
-0.237033 0.238236 0.207975 -0.551976 0.278466 -0.785990
0.124975 0.182542 0.148015 0.067825 -0.265655 0.961679
0.074607 0.184178 0.166249 0.393150 -0.439471 0.807650
-0.178785 0.254252 0.308899 0.332273 0.683530 0.649909
-0.264785 0.271045 0.280642 -0.463423 0.883575 0.067336
-0.281930 0.230495 0.251811 -0.896848 0.252358 -0.363291
-0.236187 0.253281 0.332876 -0.251014 0.493709 0.832612
-0.238484 0.197021 0.332465 -0.065704 -0.196571 0.978286
-0.170787 0.188717 0.319226 0.310223 -0.489096 0.815197
-0.282149 0.213291 0.302026 -0.884739 -0.026457 0.465335
-0.112944 0.189127 0.283085 0.538119 -0.143078 0.830636
0.094985 0.284222 0.052660 -0.051654 0.978165 0.201306
0.226199 0.269030 0.112021 -0.023187 0.904674 0.425474
0.224222 0.153645 0.216081 -0.819935 0.553713 0.145288
0.304980 0.211517 0.206963 -0.002888 0.833165 0.553017
0.181152 0.169467 0.167241 -0.374949 0.270510 0.886700
0.348635 0.154303 0.261075 0.865178 0.270788 0.422067
0.285069 0.200174 0.248285 0.080551 0.954309 0.287761
0.311652 0.127486 0.359093 0.693337 0.552108 0.463098
0.243374 0.172738 0.348753 -0.217386 0.956304 0.195514
0.297348 0.054050 0.353225 0.789350 -0.602223 0.119391
0.343519 0.083811 0.238279 0.710125 -0.682053 0.174720
0.365887 0.163282 0.222481 0.932288 0.268835 0.242005
0.208295 0.143646 0.427824 0.089355 0.940762 0.327082
0.282170 0.092912 0.431645 0.867750 0.234565 0.438165
0.180508 0.127615 0.330707 -0.825246 0.525655 -0.206534
0.147612 0.114759 0.410916 -0.853753 0.511659 -0.096496
0.275094 0.030794 0.423874 0.671219 -0.729511 0.131451
0.200030 0.126473 0.481028 -0.166413 0.740077 0.651607
0.152672 0.096149 0.467194 -0.867143 0.219570 0.447048
0.246179 0.037710 0.477475 0.569987 -0.504210 0.648758
0.261900 0.085857 0.484526 0.569780 0.440672 0.693656
0.195310 0.064345 0.500000 -0.212872 -0.182349 0.959914
0.348684 0.272889 0.070827 0.515968 0.819179 0.250446
0.191725 0.084751 -0.208577 -0.275920 -0.953342 -0.122506
0.020780 0.158027 -0.089441 -0.450488 -0.891969 -0.038110
0.053923 0.150290 -0.209319 -0.439464 -0.867178 -0.234252
0.217278 0.120421 -0.264427 0.000176 -0.695231 -0.718787
0.141956 0.139699 -0.279125 -0.064582 -0.880128 -0.470323
0.013259 0.169651 -0.186759 -0.190384 -0.890916 -0.412338
-0.051243 0.181035 -0.211066 0.180029 -0.832998 -0.523168
-0.069188 0.181850 -0.156664 -0.198508 -0.893501 0.402803
-0.003861 0.171684 -0.127070 -0.551133 -0.719685 0.422264
-0.006291 0.228111 -0.102130 -0.465450 -0.088646 0.880624
-0.193128 0.184759 -0.191736 -0.167088 -0.780777 0.602053
-0.172013 0.179765 -0.256989 0.133748 -0.941863 -0.308231
-0.226185 0.175108 -0.280110 0.031000 -0.947882 -0.317111
-0.250888 0.182024 -0.205494 -0.305431 -0.757236 0.577326
-0.311370 0.188375 -0.239873 -0.564913 -0.797313 0.212523
-0.292813 0.183325 -0.294010 -0.444869 -0.717753 -0.535651
0.305269 0.059198 -0.121182 0.138434 -0.983797 -0.113928
0.091087 0.127002 0.096102 -0.349611 -0.932896 0.086470
0.340254 0.106740 -0.214863 0.597977 -0.664679 -0.447912
0.354050 0.060753 0.073038 0.581750 -0.812468 -0.038250
0.244015 0.057012 0.046715 -0.264277 -0.963968 0.030387
0.276800 0.060736 0.166339 -0.158332 -0.978247 0.134030
0.184643 0.114466 0.136140 -0.533583 -0.733488 0.421052
0.233594 0.102995 0.207502 -0.874881 -0.461448 -0.147137
0.185402 0.074045 0.317134 -0.743983 -0.481320 -0.463488
0.274440 0.063642 0.213248 -0.093535 -0.966456 -0.239196
0.238843 0.032308 0.325449 0.040753 -0.951369 -0.305346
0.147580 0.050236 0.392919 -0.840816 -0.474279 -0.260937
0.147361 0.041956 0.451250 -0.787457 -0.458918 0.411468
0.199445 0.007079 0.457365 -0.175887 -0.918291 0.354691
0.217675 0.000000 0.402417 -0.198685 -0.937427 -0.285930
0.357541 0.085231 0.205013 0.877739 -0.464034 0.119359
-0.095848 0.184617 -0.035703 -0.096640 -0.910148 -0.402853
-0.009166 0.223315 -0.075272 -0.262411 0.047336 -0.963795
-0.010565 0.170257 -0.047641 -0.369218 -0.888720 -0.271763
-0.087996 0.184335 0.028604 -0.009344 -0.875971 0.482273
-0.003245 0.168851 0.011428 -0.312147 -0.770243 0.556139
0.019085 0.151090 0.082657 -0.515949 -0.678326 -0.523135
-0.061211 0.163658 0.128605 -0.403717 -0.629755 -0.663642
-0.033553 0.145727 0.172141 0.099681 -0.963356 0.249015
0.046472 0.137788 0.123994 0.095461 -0.908259 0.407372
-0.139426 0.143781 0.237611 0.108857 -0.983182 0.146638
-0.169809 0.173563 0.182318 -0.394323 -0.533022 -0.748596
0.003378 0.224599 0.045111 0.018154 -0.212893 0.976907
-0.081105 0.234094 0.056471 0.157133 -0.053221 0.986142
-0.219589 0.173500 0.202880 -0.388542 -0.681771 -0.619858
-0.182823 0.140987 0.263856 -0.087207 -0.994399 0.059705
-0.278174 0.177698 0.248852 -0.699872 -0.583434 -0.412049
-0.252897 0.156401 0.296241 -0.306515 -0.819266 0.484615
-0.223982 0.190366 0.056394 0.092904 -0.875617 0.473986
-0.235112 0.183120 -0.025168 -0.042562 -0.794452 -0.605833
-0.095806 0.237111 -0.063338 -0.083641 -0.028075 -0.996100
-0.236313 0.239119 -0.053627 -0.072622 0.087420 -0.993521
-0.299937 0.181178 -0.017880 -0.132257 -0.941941 -0.308636
-0.288525 0.184899 0.068631 -0.074531 -0.914354 0.397997
-0.369688 0.199711 0.002932 -0.562315 -0.765973 -0.311590
-0.363235 0.201893 0.069073 -0.497415 -0.623708 0.602964
-0.289900 0.244559 0.099116 0.024970 -0.115879 0.992949
-0.359525 0.250987 0.086928 -0.390997 0.203689 0.897570
-0.311778 0.243738 -0.047982 -0.255526 -0.066992 -0.964478
-0.373234 0.250424 -0.018215 -0.728784 0.033800 -0.683909
-0.391778 0.254778 0.037813 -0.990353 0.061823 0.124010
-0.218409 0.245374 0.086736 0.191815 0.153757 0.969312
-0.114061 0.294736 -0.033765 -0.036185 0.865198 -0.500123
0.031179 0.294861 0.023947 0.006380 0.894375 0.447273
0.021998 0.294207 -0.049719 -0.151682 0.820117 -0.551726
-0.104218 0.295770 0.034078 0.106569 0.845605 0.523064
-0.215817 0.297026 -0.027020 -0.003875 0.889931 -0.456079
-0.205295 0.299271 0.053753 0.104773 0.904620 0.413140
-0.290227 0.303364 0.064622 0.036741 0.899865 0.434619
-0.301089 0.302045 -0.017285 -0.066452 0.822403 -0.565011
-0.364766 0.300541 0.002671 -0.427758 0.817066 -0.386557
-0.356097 0.301822 0.064201 -0.478929 0.743344 0.466975
0.062569 0.146667 -0.327986 0.250537 -0.938794 -0.236428
0.052736 0.156091 -0.252782 -0.556939 -0.812406 0.172672
0.023734 0.152267 -0.294449 -0.532501 -0.713025 0.456112
0.097237 0.141759 -0.287874 0.163638 -0.894252 -0.416576
0.032585 0.214224 -0.238717 -0.885780 0.109872 0.450912
-0.043506 0.156140 -0.362076 -0.459816 -0.771396 0.439906
-0.000151 0.147551 -0.402518 0.367439 -0.875899 -0.312714
-0.041731 0.146099 -0.454783 0.115430 -0.940471 -0.319673
-0.093676 0.157414 -0.405386 -0.561152 -0.776354 0.287025
-0.088536 0.162687 -0.484244 -0.299431 -0.805136 -0.511955
-0.123997 0.171764 -0.451772 -0.827471 -0.543513 -0.141014
0.037854 0.213914 -0.225106 -0.792892 0.371277 -0.483193
0.004377 0.223969 -0.085111 -0.878979 0.474671 -0.045651
0.018319 0.228403 0.056749 -0.668175 0.245836 0.702216
0.123155 0.256239 0.131031 0.028154 0.661895 0.749068
0.031012 0.150686 0.039845 -0.591262 -0.806294 0.017279
