  0.396705   0.206709  -0.089444
  0.330172   0.188532   0.063009
  0.084406   0.229893   0.081065
  0.043299   0.241461  -0.024648
  0.034293   0.234202  -0.132962
  0.096337   0.214524  -0.211285
  0.276945   0.173990   0.184972
 -0.058758   0.214905   0.176962
 -0.137042   0.234236   0.014678
 -0.127494   0.229399  -0.174224
 -0.037158   0.215289  -0.326079
  0.237058   0.122535   0.360528
 -0.193121   0.196464   0.266880
 -0.302057   0.217168   0.050584
 -0.279590   0.215776  -0.213164
 -0.135334   0.206234  -0.410579
  0.170849   0.076729   0.469512
 -0.296308   0.187238   0.335886
 -0.429102   0.212210   0.078272
 -0.391501   0.195707  -0.241936
 -0.198955   0.179205  -0.465604
