0 1
0 2
0 3
0 4
1 0
1 2
1 4
1 105
1 106
1 108
2 0
2 1
2 3
2 105
2 107
3 0
3 2
3 107
3 4
4 0
4 1
4 3
4 107
4 108
5 8
5 9
5 6
5 7
6 5
6 7
6 9
6 109
6 110
6 112
7 5
7 6
7 8
7 109
7 111
8 9
8 111
8 5
8 7
9 5
9 6
9 8
9 111
9 112
10 11
10 12
10 13
10 14
11 10
11 12
11 14
11 113
11 114
11 116
12 10
12 11
12 13
12 113
12 115
13 10
13 115
13 12
13 14
14 10
14 11
14 13
14 115
14 116
15 16
15 17
15 18
15 19
16 15
16 17
16 19
16 117
16 118
16 120
17 15
17 16
17 18
17 117
17 119
18 17
18 19
18 119
18 15
19 15
19 16
19 18
19 119
19 120
20 24
20 21
20 22
20 23
21 20
21 22
21 24
21 121
21 122
21 124
22 20
22 21
22 23
22 121
22 123
23 24
23 123
23 20
23 22
24 20
24 21
24 23
24 123
24 124
25 65
25 69
25 70
25 71
25 26
25 27
25 28
25 62
25 63
26 33
26 37
26 38
26 39
26 40
26 44
26 25
26 27
26 62
27 32
27 33
27 25
27 26
27 28
27 29
27 30
28 102
28 103
28 71
28 81
28 25
28 27
28 29
29 78
29 81
29 30
29 27
29 28
29 94
29 31
30 32
30 34
30 36
30 27
30 29
30 31
31 36
31 30
31 29
31 94
31 95
32 33
32 34
32 35
32 94
32 27
32 30
33 32
33 99
33 37
33 78
33 26
33 27
33 92
33 93
33 94
34 32
34 97
34 35
34 36
34 30
35 32
35 97
35 34
35 94
35 95
36 97
36 34
36 31
36 30
36 95
37 96
37 33
37 38
37 43
37 26
37 93
38 37
38 39
38 41
38 43
38 26
39 38
39 40
39 41
39 42
39 26
39 92
39 93
40 39
40 44
40 45
40 46
40 86
40 87
40 26
40 91
40 92
41 98
41 38
41 39
41 42
41 43
42 96
42 98
42 39
42 41
42 93
43 96
43 98
43 37
43 38
43 41
44 40
44 45
44 47
44 48
44 52
44 26
44 62
45 40
45 44
45 46
45 47
45 49
45 51
46 40
46 45
46 51
46 87
46 88
47 44
47 45
47 48
47 49
47 50
47 86
47 87
48 44
48 47
48 84
48 53
48 52
48 85
48 86
48 89
49 75
49 45
49 47
49 50
49 51
50 75
50 47
50 49
50 87
50 88
51 75
51 45
51 46
51 49
51 88
52 44
52 48
52 53
52 54
52 55
52 56
52 60
52 62
53 48
53 52
53 54
53 89
53 90
53 59
54 52
54 53
54 55
54 57
54 59
55 89
55 52
55 85
55 54
55 56
55 57
55 58
56 83
56 52
56 85
56 55
56 60
56 61
57 76
57 54
57 55
57 58
57 59
58 76
58 55
58 89
58 90
58 57
59 76
59 53
59 54
59 57
59 90
60 64
60 67
60 52
60 56
60 61
60 62
60 63
61 64
61 100
61 83
61 56
61 60
62 44
62 52
62 25
62 26
62 60
62 63
63 65
63 66
63 67
63 25
63 60
63 62
64 67
64 100
64 61
64 60
64 125
65 66
65 69
65 102
65 25
65 63
66 65
66 67
66 68
66 101
66 102
66 80
66 63
67 64
67 66
67 68
67 60
67 125
67 63
68 125
68 66
68 67
68 101
69 65
69 102
69 70
69 103
69 74
69 25
70 69
70 71
70 72
70 74
70 25
71 70
71 103
71 72
71 73
71 104
71 25
71 28
72 70
72 71
72 73
72 74
72 77
73 72
73 104
73 77
73 71
74 69
74 70
74 103
74 72
74 104
74 77
75 88
75 49
75 50
75 51
76 57
76 58
76 59
76 90
77 72
77 73
77 74
77 104
78 33
78 99
78 79
78 80
78 81
78 29
78 94
79 99
79 78
79 80
79 82
79 83
79 84
79 86
79 91
79 92
80 66
80 101
80 102
80 78
80 79
80 81
80 82
81 102
81 78
81 80
81 28
81 29
82 100
82 101
82 79
82 80
82 83
82 125
83 100
83 79
83 82
83 84
83 85
83 56
83 61
84 79
84 48
84 83
84 85
84 86
85 48
85 83
85 84
85 55
85 56
85 89
86 40
86 47
86 48
86 79
86 84
86 87
86 91
87 40
87 46
87 47
87 50
87 86
87 88
88 75
88 46
88 50
88 51
88 87
89 90
89 48
89 53
89 85
89 55
89 58
90 76
90 53
90 89
90 58
90 59
91 40
91 92
91 86
91 79
92 33
92 99
92 39
92 40
92 79
92 91
92 93
93 96
93 33
93 37
93 39
93 42
93 92
94 32
94 33
94 35
94 78
94 29
94 95
94 31
95 97
95 35
95 36
95 94
95 31
96 98
96 37
96 42
96 43
96 93
97 34
97 35
97 36
97 95
98 96
98 41
98 42
98 43
99 33
99 92
99 78
99 79
100 64
100 82
100 83
100 61
100 125
101 66
101 68
101 80
101 82
101 125
102 65
102 66
102 69
102 103
102 80
102 81
102 28
103 69
103 102
103 71
103 104
103 74
103 28
104 71
104 103
104 73
104 74
104 77
105 1
105 2
105 107
105 106
106 105
106 108
106 1
107 2
107 3
107 4
107 105
107 108
108 1
108 106
108 107
108 4
109 110
109 111
109 6
109 7
110 112
110 109
110 6
111 7
111 8
111 9
111 109
111 112
112 9
112 110
112 6
112 111
113 115
113 114
113 11
113 12
114 113
114 11
114 116
115 12
115 13
115 14
115 113
115 116
116 11
116 114
116 115
116 14
117 16
117 17
117 118
117 119
118 16
118 120
118 117
119 17
119 18
119 19
119 117
119 120
120 16
120 19
120 118
120 119
121 122
121 123
121 21
121 22
122 121
122 124
122 21
123 22
123 23
123 24
123 121
123 124
124 24
124 122
124 123
124 21
125 64
125 67
125 100
125 101
125 68
125 82
