0.153103 0.093203 0.440822 -0.186317 -0.919015 0.347416
0.220819 0.172058 0.444706 0.840928 -0.498870 -0.209687
0.181987 0.200300 0.500000 0.100681 0.143677 0.984490
0.167903 0.166924 0.404156 -0.167977 -0.479946 -0.861067
0.127932 0.193270 0.451004 -0.992373 -0.101242 -0.070323
-0.049220 0.098709 -0.471815 -0.121102 -0.938773 -0.322553
-0.093185 0.170069 -0.427270 -0.328152 -0.485351 0.810402
-0.113406 0.193333 -0.488414 -0.845983 0.075115 -0.527892
-0.070352 0.295182 -0.364683 -0.755746 -0.174464 0.631197
-0.092292 0.353340 -0.436318 -0.839788 0.265082 -0.473801
0.005707 0.272004 -0.394117 0.792418 -0.467140 0.392243
-0.033125 0.167382 -0.443028 0.802286 -0.436739 0.406935
-0.046005 0.188972 -0.500000 0.663037 -0.104634 -0.741238
-0.007414 0.320330 -0.462165 0.246362 0.205540 -0.947132
-0.233127 0.057517 -0.271016 -0.287713 -0.935735 -0.204014
-0.256786 0.139735 -0.217997 -0.102625 -0.418405 0.902444
-0.295199 0.163463 -0.274477 -0.958507 0.130670 -0.253358
-0.203933 0.272990 -0.170095 -0.540560 -0.081636 0.837335
-0.244398 0.333412 -0.239266 -0.921817 0.320669 -0.217774
-0.139323 0.239516 -0.221979 0.837469 -0.519863 0.168489
-0.202392 0.130155 -0.252588 0.854439 -0.488245 0.177625
-0.231654 0.151384 -0.306868 0.398730 -0.192505 -0.896636
-0.170230 0.288610 -0.289758 -0.034449 0.144546 -0.988898
-0.311913 0.018943 0.003550 -0.335087 -0.941712 -0.029903
-0.317941 0.108467 0.055755 0.178871 -0.349607 0.919663
-0.374363 0.129284 0.011096 -0.989483 0.137374 0.045300
-0.250334 0.248025 0.075976 -0.256883 -0.008534 0.966405
-0.311890 0.306109 0.016476 -0.942088 0.331251 0.052384
-0.203847 0.207829 0.007704 0.847194 -0.528160 -0.057525
-0.276050 0.094475 0.005630 0.867124 -0.494853 -0.056722
-0.321688 0.112828 -0.039574 0.103609 -0.265317 -0.958578
-0.255422 0.253903 -0.052707 -0.333692 0.076440 -0.939578
-0.319213 0.152645 0.009996 -0.669969 -0.742347 -0.007906
-0.332334 0.303416 0.017456 -0.849402 0.451029 0.274022
-0.254419 0.234347 -0.099938 -0.355371 0.018047 -0.934551
-0.245738 0.224154 0.121563 0.044325 -0.362583 0.930897
-0.167823 0.155086 0.004174 0.538425 -0.795612 -0.277670
-0.234399 0.199074 -0.251437 -0.614580 -0.740221 -0.272697
-0.264487 0.330409 -0.242521 -0.907511 0.418059 0.040622
-0.155303 0.272829 -0.332291 -0.056182 0.095342 -0.993858
-0.213731 0.245458 -0.126313 -0.233252 -0.439892 0.867230
-0.104548 0.187878 -0.216083 0.615376 -0.769763 -0.169639
-0.067699 0.230726 -0.448076 -0.429707 -0.763420 -0.482225
-0.106290 0.354521 -0.440443 -0.907722 0.350744 -0.230260
0.021246 0.314921 -0.491394 0.244672 0.160479 -0.956233
-0.086493 0.271128 -0.326057 -0.445144 -0.516918 0.731193
0.041043 0.231528 -0.377019 0.707115 -0.707079 0.005251
0.067510 0.606940 -0.182380 -0.485394 0.826573 -0.284903
0.007987 0.590805 -0.131086 -0.540105 0.789344 -0.291928
0.259931 0.734047 -0.043625 -0.425791 0.902917 0.058678
0.073268 0.546031 -0.191284 -0.972011 0.172769 -0.159204
0.093111 0.612252 -0.245529 -0.361832 0.792265 -0.491318
-0.135237 0.470735 -0.187216 -0.644303 0.736970 -0.204324
0.009953 0.518803 -0.060281 -0.750090 -0.106690 0.652673
-0.088521 0.393748 -0.084553 -0.382942 0.084762 0.919876
-0.020628 0.483335 -0.350541 -0.611499 0.708148 -0.352981
-0.003220 0.410061 -0.250016 -0.543325 -0.083376 0.835372
0.013144 0.585825 -0.056362 -0.648778 0.758357 -0.063108
-0.190657 0.446027 0.018476 -0.667276 0.744330 -0.026766
0.012314 0.514941 0.082915 -0.896854 0.399659 0.189540
-0.024535 0.575494 0.019284 -0.610168 0.776019 -0.159656
-0.111578 0.373658 0.113524 0.037655 0.080861 0.996014
0.007873 0.579310 0.082582 -0.610010 0.777551 0.152653
0.004996 0.570269 0.163912 -0.414312 0.830664 0.371946
-0.036631 0.418065 -0.267102 0.455357 0.093923 -0.885341
0.010062 0.341256 -0.163173 0.681055 -0.589035 0.434973
-0.119526 0.382958 -0.088725 0.136937 0.016966 -0.990434
-0.040447 0.310584 0.006352 0.774749 -0.611340 0.161328
0.108822 0.375292 -0.294801 0.632521 -0.553749 0.541552
0.091438 0.448554 -0.395269 0.685369 0.210698 -0.697048
0.155693 0.581677 -0.282046 0.489236 0.224072 -0.842876
0.302476 0.646379 -0.179647 0.478087 0.237002 -0.845732
0.338735 0.581253 -0.141474 0.533619 -0.714522 -0.452448
-0.226767 0.000000 0.328321 -0.248578 -0.943591 0.218734
-0.198690 0.075893 0.307452 0.804465 -0.479135 -0.351092
-0.218040 0.095179 0.368459 0.548558 -0.232465 0.803147
-0.289016 0.109115 0.348117 -0.895726 0.121510 0.427680
-0.260470 0.086550 0.283014 -0.910571 -0.107008 -0.399262
0.260923 0.306051 0.375976 0.960638 -0.158229 0.228338
0.213324 0.371074 0.433195 0.141962 0.337916 0.930408
0.185019 0.278164 0.331501 -0.174217 -0.511453 -0.841466
0.135564 0.334546 0.384754 -0.895830 0.237937 0.375332
0.236668 0.480894 0.342496 0.315060 0.707393 0.632719
0.117933 0.436762 0.275571 -0.975488 0.208780 -0.069531
0.219306 0.374655 0.453032 -0.076950 0.421199 0.903698
0.151430 0.515456 0.197478 -0.610591 0.259873 0.748094
0.247205 0.584914 0.196968 0.477295 0.588636 0.652455
0.314411 0.392940 0.260570 0.981950 -0.118142 -0.147703
0.308647 0.514207 0.145949 0.902767 -0.429875 0.014826
0.090498 0.327791 0.379598 -0.930939 -0.108126 0.348800
0.304195 0.278525 0.365164 0.909727 -0.400839 0.108279
0.130585 0.586141 0.180873 -0.117168 0.646346 0.753995
0.189975 0.259685 0.412957 -0.121675 -0.726063 0.676777
0.196226 0.348968 0.193800 0.018103 -0.629097 -0.777116
0.175490 0.231677 0.291764 -0.444281 -0.776284 -0.447211
0.209147 0.470540 0.103382 0.151793 -0.905412 -0.396469
0.288598 0.689342 0.078462 -0.027201 0.818246 0.574224
0.298557 0.752709 -0.042496 0.300292 0.953433 0.028105
0.272050 0.706102 -0.141016 -0.195510 0.858531 -0.474026
-0.139970 0.430700 0.246028 -0.696453 0.708618 0.113198
0.080568 0.517754 0.208972 0.426972 0.178329 0.886507
-0.021946 0.372742 0.311274 0.329247 0.281452 0.901322
-0.114100 0.355260 0.122737 -0.167946 -0.201267 -0.965031
-0.229643 0.203589 0.186792 -0.714872 -0.111892 -0.690245
-0.259020 0.285475 0.317663 -0.699736 0.452297 0.552989
-0.132401 0.222017 0.385769 0.435742 -0.261295 0.861309
-0.231345 0.145517 0.317096 -0.562128 -0.751951 0.344357
0.316216 0.712084 -0.148900 0.671723 0.591893 -0.445479
0.359981 0.614263 -0.130559 0.902148 0.145565 -0.406128
0.323344 0.706933 0.058780 0.723136 0.540136 0.430496
0.348980 0.588862 0.060419 0.856998 0.041423 0.513652
0.366043 0.621803 0.037093 0.951873 0.191731 0.239118
0.211869 0.520877 -0.053555 0.311800 -0.931217 -0.188722
0.064433 0.454244 0.008523 0.451055 -0.885142 -0.114337
0.091146 0.486841 -0.117930 0.481902 -0.846465 -0.226422
0.154152 0.512597 -0.230477 0.589440 -0.807806 0.003214
0.350235 0.558305 -0.052867 0.495044 -0.854665 -0.156459
0.090676 0.462695 0.128072 0.344723 -0.879476 -0.328158
0.003633 0.296889 0.188247 0.842257 -0.537138 -0.045679
-0.103052 0.140136 0.254898 0.425820 -0.818767 -0.385095
0.374363 0.591475 -0.051738 0.983873 -0.175508 -0.034504
-0.157309 0.237699 0.346164 0.143516 0.099579 0.984625
-0.241321 0.286484 0.310804 -0.864444 0.314896 0.391890
-0.138985 0.190313 0.269738 0.789895 -0.221828 0.571715
-0.213485 0.227317 0.230591 -0.948727 0.315516 -0.019130
0.358235 0.679524 -0.049120 0.903246 0.427837 -0.033214
