-0.153103 0.093203 0.440822 0.186317 -0.919015 0.347416
-0.181987 0.200300 0.500000 -0.100678 0.143675 0.984490
-0.220819 0.172058 0.444706 -0.840914 -0.498889 -0.209696
-0.167903 0.166924 0.404156 0.167977 -0.479946 -0.861067
-0.127932 0.193270 0.451004 0.992373 -0.101242 -0.070323
0.049220 0.098709 -0.471815 0.121118 -0.938779 -0.322529
0.113406 0.193333 -0.488414 0.845926 0.075171 -0.527976
0.093208 0.170075 -0.427270 0.328152 -0.485351 0.810402
0.033125 0.167382 -0.443028 -0.802162 -0.436787 0.407129
0.046005 0.188972 -0.500000 -0.663036 -0.104631 -0.741239
0.233127 0.057517 -0.271016 0.287653 -0.935756 -0.204000
0.295222 0.163463 -0.274477 0.958507 0.130668 -0.253358
0.256786 0.139735 -0.217997 0.102595 -0.418406 0.902447
0.202392 0.130155 -0.252588 -0.854445 -0.488234 0.177628
0.231654 0.151384 -0.306868 0.407572 0.048426 -0.911888
0.311913 0.018943 0.003550 0.335087 -0.941712 -0.029903
0.374363 0.129284 0.011096 0.989483 0.137372 0.045300
0.317941 0.108467 0.055755 -0.178902 -0.349599 0.919660
0.276050 0.094475 0.005630 -0.867175 -0.494762 -0.056720
0.321688 0.112828 -0.039574 -0.103629 -0.265308 -0.958578
0.226767 0.000000 0.328321 0.248533 -0.943608 0.218714
0.289016 0.109115 0.348117 0.895726 0.121510 0.427680
0.218040 0.095179 0.368459 -0.548557 -0.232469 0.803146
0.198690 0.075898 0.307452 -0.804465 -0.479135 -0.351092
0.260470 0.086550 0.283014 0.910578 -0.107011 -0.399245
-0.209147 0.470540 0.103382 -0.151796 -0.905407 -0.396479
-0.064433 0.454244 0.008523 -0.451055 -0.885142 -0.114337
-0.090676 0.462695 0.128072 -0.344715 -0.879487 -0.328136
-0.151453 0.515456 0.197478 0.610591 0.259873 0.748094
-0.080568 0.517754 0.208972 -0.426961 0.178312 0.886515
-0.003633 0.296889 0.188247 -0.842259 -0.537136 -0.045665
0.021946 0.372747 0.311274 -0.329245 0.281456 0.901321
0.114100 0.355260 0.122737 0.167946 -0.201267 -0.965031
-0.012314 0.514941 0.082915 0.896862 0.399640 0.189541
0.103052 0.140136 0.254898 -0.425819 -0.818775 -0.385078
0.229643 0.203589 0.186792 0.714875 -0.111893 -0.690241
0.132401 0.222022 0.385769 -0.435743 -0.261293 0.861309
0.111578 0.373658 0.113524 -0.037655 0.080861 0.996014
0.040447 0.310584 0.006352 -0.774749 -0.611340 0.161328
0.119526 0.382958 -0.088725 -0.136938 0.016966 -0.990434
-0.009953 0.518803 -0.060281 0.750046 -0.106770 0.652711
0.167823 0.155086 0.004174 -0.538419 -0.795611 -0.277683
0.254419 0.234353 -0.099938 0.355371 0.018047 -0.934551
0.245738 0.224154 0.121563 -0.044325 -0.362583 0.930897
-0.091146 0.486841 -0.117930 -0.481902 -0.846465 -0.226422
-0.010062 0.341256 -0.163173 -0.681055 -0.589035 0.434973
0.088521 0.393748 -0.084553 0.382942 0.084762 0.919876
0.036631 0.418065 -0.267102 -0.455352 0.093921 -0.885344
-0.073268 0.546031 -0.191284 0.971979 0.172825 -0.159335
0.104548 0.187878 -0.216083 -0.615376 -0.769763 -0.169639
0.155303 0.272829 -0.332291 0.056182 0.095342 -0.993858
0.213731 0.245458 -0.126313 0.233252 -0.439892 0.867230
-0.154152 0.512597 -0.230477 -0.589435 -0.807809 0.003206
0.003220 0.410061 -0.250016 0.543304 -0.083367 0.835387
-0.108822 0.375297 -0.294801 -0.632530 -0.553748 0.541543
-0.091438 0.448560 -0.395269 -0.685340 0.210697 -0.697077
-0.155693 0.581677 -0.282046 -0.489237 0.224074 -0.842875
-0.041043 0.231528 -0.377019 -0.707134 -0.707061 0.005189
-0.021224 0.314921 -0.491394 -0.244649 0.160496 -0.956236
0.086493 0.271128 -0.326057 0.445102 -0.516943 0.731200
-0.338735 0.581253 -0.141474 -0.533619 -0.714522 -0.452448
-0.302476 0.646379 -0.179647 -0.478087 0.237002 -0.845732
-0.211869 0.520877 -0.053555 -0.311800 -0.931217 -0.188722
-0.350235 0.558305 -0.052867 -0.495044 -0.854665 -0.156459
-0.359981 0.614263 -0.130559 -0.901651 0.144195 -0.407716
-0.308647 0.514207 0.145949 -0.902770 -0.429868 0.014815
-0.348980 0.588862 0.060419 -0.856998 0.041423 0.513652
-0.374363 0.591475 -0.051738 -0.983847 -0.175658 -0.034495
-0.366043 0.621803 0.037093 -0.951931 0.192819 0.238007
-0.314417 0.392940 0.260570 -0.981950 -0.118142 -0.147703
-0.196226 0.348968 0.193800 -0.018103 -0.629102 -0.777112
-0.117933 0.436762 0.275571 0.975486 0.208797 -0.069501
-0.175490 0.231677 0.291764 0.444309 -0.776286 -0.447179
-0.090521 0.327791 0.379598 0.930939 -0.108126 0.348800
-0.304195 0.278525 0.365164 -0.909723 -0.400847 0.108288
0.234399 0.199074 -0.251437 0.614580 -0.740221 -0.272697
0.067699 0.230726 -0.448076 0.429698 -0.763460 -0.482170
-0.189975 0.259685 0.412957 0.121688 -0.726060 0.676778
-0.004996 0.570269 0.163912 0.414285 0.830657 0.371990
-0.259931 0.734047 -0.043625 0.425770 0.902927 0.058676
-0.288598 0.689342 0.078462 0.027201 0.818246 0.574224
-0.130585 0.586141 0.180873 0.117165 0.646336 0.754004
-0.298557 0.752709 -0.042496 -0.300372 0.953408 0.028098
-0.272050 0.706102 -0.141016 0.195510 0.858531 -0.474026
-0.067510 0.606940 -0.182380 0.485364 0.826574 -0.284953
-0.093111 0.612252 -0.245529 0.361839 0.792269 -0.491308
-0.007965 0.590805 -0.131086 0.540105 0.789344 -0.291928
0.135237 0.470735 -0.187216 0.644327 0.736953 -0.204311
0.264487 0.330409 -0.242521 0.907511 0.418059 0.040622
0.020628 0.483335 -0.350541 0.611489 0.708166 -0.352963
0.106313 0.354521 -0.440443 0.907748 0.350724 -0.230187
-0.013144 0.585825 -0.056362 0.648785 0.758358 -0.063010
0.024535 0.575494 0.019284 0.610180 0.775998 -0.159707
0.190657 0.446027 0.018476 0.667273 0.744333 -0.026756
0.139970 0.430700 0.246028 0.696456 0.708617 0.113184
0.259020 0.285475 0.317663 0.699742 0.452303 0.552977
0.332334 0.303416 0.017456 0.849401 0.451028 0.274029
0.231345 0.145522 0.317096 0.562120 -0.751949 0.344375
0.319213 0.152645 0.009996 0.669969 -0.742346 -0.007925
-0.007873 0.579333 0.082582 0.610010 0.777551 0.152653
-0.316216 0.712084 -0.148900 -0.670043 0.592383 -0.447353
-0.323344 0.706933 0.058780 -0.724315 0.540026 0.428648
-0.247205 0.584914 0.196968 -0.477309 0.588628 0.652452
-0.236668 0.480894 0.342496 -0.315065 0.707396 0.632712
-0.219306 0.374655 0.453032 0.076955 0.421184 0.903705
-0.260928 0.306051 0.375976 -0.960632 -0.158246 0.228353
-0.213324 0.371074 0.433195 -0.141956 0.337917 0.930409
-0.185019 0.278164 0.331501 0.174212 -0.511460 -0.841462
-0.135564 0.334546 0.384754 0.895830 0.237937 0.375332
0.070352 0.295182 -0.364683 0.755790 -0.174402 0.631162
0.092292 0.353340 -0.436318 0.839795 0.265080 -0.473791
-0.005707 0.272004 -0.394117 -0.792368 -0.467173 0.392304
0.007414 0.320336 -0.462165 -0.246366 0.205535 -0.947132
0.203933 0.272990 -0.170095 0.540501 -0.081611 0.837376
0.244398 0.333417 -0.239266 0.921787 0.320769 -0.217752
0.139323 0.239521 -0.221979 -0.237671 -0.388595 0.890228
0.170230 0.288610 -0.289758 0.716476 0.398380 -0.572674
0.250334 0.248025 0.075976 0.256911 -0.008521 0.966398
0.311890 0.306114 0.016476 0.942091 0.331241 0.052384
0.203870 0.207835 0.007704 -0.847241 -0.528085 -0.057523
0.255422 0.253903 -0.052707 0.333727 0.076455 -0.939564
0.157309 0.237699 0.346164 -0.143516 0.099579 0.984625
0.241321 0.286484 0.310804 0.864444 0.314896 0.391890
0.138985 0.190313 0.269738 -0.789883 -0.221830 0.571731
0.213485 0.227317 0.230591 0.948727 0.315516 -0.019130
-0.358235 0.679524 -0.050048 -0.903246 0.427837 -0.033214
