 -0.358235   0.679524  -0.050048
 -0.285750   0.594231   0.057906
 -0.065472   0.491559   0.101124
  0.004211   0.482041   0.008973
 -0.031089   0.469147  -0.119029
 -0.116557   0.567667  -0.186350
 -0.227762   0.525996   0.144269
  0.068976   0.361989   0.189734
  0.142677   0.352297   0.010149
  0.102914   0.361059  -0.181367
 -0.038438   0.406848  -0.308178
 -0.204971   0.348085   0.326657
  0.181423   0.202219   0.280210
  0.264560   0.214266   0.012286
  0.199350   0.234741  -0.236536
  0.047402   0.289335  -0.412292
 -0.157850   0.110908   0.436116
  0.244507   0.054432   0.352162
  0.344395   0.083129   0.015507
  0.248785   0.097754  -0.280415
  0.088592   0.171831  -0.491333
