  0.358235   0.679524  -0.049120
  0.287431   0.590809   0.063275
  0.061926   0.513378   0.112846
 -0.020606   0.484389   0.000152
  0.013056   0.456664  -0.125273
  0.125268   0.588757  -0.178100
  0.230787   0.519837   0.153192
 -0.071522   0.361367   0.200303
 -0.156768   0.337392   0.002652
 -0.108729   0.340054  -0.184969
  0.040790   0.413641  -0.303031
  0.202794   0.340746   0.334941
 -0.181550   0.197364   0.283292
 -0.270148   0.209582   0.004771
 -0.208316   0.223187  -0.237908
 -0.043884   0.289110  -0.403990
  0.154682   0.108798   0.440314
 -0.231949   0.035071   0.348985
 -0.348733   0.089032   0.007870
 -0.247756   0.090313  -0.276449
 -0.090344   0.166055  -0.482487
