0 1
0 2
0 3
0 4
1 0
1 2
1 3
1 78
1 80
2 0
2 1
2 4
2 78
2 79
2 81
3 0
3 1
3 80
3 4
4 0
4 2
4 3
4 80
4 81
5 11
5 12
5 6
5 7
6 5
6 7
6 8
6 10
6 11
7 5
7 6
7 8
7 9
7 12
7 13
8 9
8 10
8 6
8 7
9 8
9 13
9 7
10 6
10 8
10 11
10 12
10 13
11 10
11 12
11 5
11 6
12 5
12 7
12 10
12 11
12 13
13 9
13 10
13 12
13 7
14 16
14 20
14 21
14 15
15 14
15 16
15 17
15 19
15 20
16 14
16 15
16 17
16 18
16 21
16 22
17 16
17 18
17 19
17 15
18 16
18 17
18 22
19 15
19 17
19 20
19 21
19 22
20 19
20 21
20 14
20 15
21 14
21 16
21 19
21 20
21 22
22 16
22 18
22 19
22 21
23 24
23 25
23 29
23 30
24 23
24 25
24 26
24 28
24 29
25 23
25 24
25 26
25 27
25 30
25 31
26 24
26 25
26 27
26 28
27 25
27 26
27 31
28 24
28 26
28 29
28 30
28 31
29 24
29 28
29 30
29 23
30 23
30 25
30 28
30 29
30 31
31 25
31 27
31 28
31 30
32 33
32 34
32 35
32 36
33 32
33 34
33 35
33 58
33 61
34 32
34 33
34 66
34 36
34 58
35 32
35 33
35 67
35 36
35 61
36 32
36 34
36 67
36 35
36 66
37 40
37 41
37 38
37 39
38 37
38 39
38 40
38 52
38 54
39 64
39 37
39 38
39 41
39 52
40 65
40 37
40 38
40 41
40 54
41 64
41 65
41 37
41 39
41 40
42 43
42 44
42 45
42 46
43 42
43 44
43 45
43 55
43 56
44 69
44 42
44 43
44 46
44 55
45 68
45 42
45 43
45 46
45 56
46 68
46 69
46 42
46 44
46 45
47 98
47 48
47 49
47 50
47 51
48 64
48 47
48 49
48 50
48 52
48 53
48 57
49 96
49 97
49 98
49 47
49 48
49 57
49 60
49 62
49 63
50 64
50 47
50 48
50 114
50 51
50 115
50 55
50 56
51 98
51 69
51 70
51 47
51 50
51 55
52 64
52 38
52 39
52 48
52 53
52 54
53 65
53 66
53 48
53 113
53 114
53 52
53 54
53 57
53 60
54 65
54 38
54 40
54 52
54 53
55 69
55 43
55 44
55 50
55 51
55 56
56 68
56 43
56 45
56 50
56 115
56 55
57 48
57 49
57 60
57 53
58 33
58 34
58 66
58 59
58 60
58 61
59 99
59 102
59 113
59 117
59 58
59 60
59 61
59 62
59 63
60 66
60 49
60 53
60 57
60 58
60 59
60 62
61 33
61 67
61 35
61 113
61 58
61 59
62 49
62 59
62 60
62 63
63 96
63 99
63 100
63 59
63 49
63 91
63 62
64 65
64 39
64 41
64 48
64 50
64 114
64 52
65 64
65 40
65 41
65 114
65 53
65 54
66 34
66 67
66 36
66 113
66 53
66 58
66 60
67 66
67 35
67 36
67 113
67 61
68 69
68 45
68 46
68 115
68 56
69 68
69 70
69 44
69 46
69 51
69 115
69 55
70 98
70 69
70 71
70 72
70 51
70 115
71 98
71 70
71 72
71 107
71 108
72 70
72 71
72 108
72 112
72 115
72 116
72 120
73 74
73 75
73 76
73 77
74 123
74 73
74 75
74 77
75 73
75 74
75 76
75 121
75 123
76 73
76 75
76 77
76 121
76 122
76 124
77 73
77 74
77 76
77 123
77 124
78 80
78 1
78 2
78 79
79 81
79 2
79 78
80 1
80 3
80 4
80 78
80 81
81 80
81 2
81 4
81 79
82 83
82 84
82 85
82 86
82 87
82 90
83 82
83 84
83 85
83 89
83 93
83 94
83 95
84 82
84 83
84 89
84 90
84 92
85 100
85 82
85 83
85 117
85 86
85 91
85 95
86 96
86 110
86 82
86 85
86 87
86 88
86 91
87 82
87 86
87 88
87 90
87 93
87 95
88 110
88 116
88 86
88 87
88 95
89 83
89 84
89 94
89 92
90 82
90 84
90 87
90 92
90 93
90 94
91 96
91 100
91 85
91 86
91 63
92 89
92 90
92 84
92 94
93 83
93 87
93 90
93 94
93 95
94 83
94 89
94 90
94 92
94 93
95 112
95 113
95 83
95 116
95 85
95 117
95 87
95 88
95 93
96 97
96 109
96 110
96 49
96 86
96 91
96 63
97 96
97 98
97 107
97 109
97 49
97 125
98 97
98 70
98 71
98 107
98 47
98 49
98 51
99 100
99 101
99 102
99 103
99 104
99 59
99 63
100 99
100 101
100 85
100 117
100 118
100 91
100 63
101 99
101 100
101 104
101 105
101 118
102 99
102 103
102 117
102 118
102 119
102 59
103 99
103 102
103 104
103 106
103 119
104 99
104 101
104 103
104 105
104 106
105 101
105 104
105 106
105 118
105 119
106 104
106 105
106 119
106 103
107 97
107 98
107 71
107 108
107 125
108 71
108 72
108 107
108 120
108 125
109 96
109 97
109 110
109 111
109 125
110 96
110 109
110 111
110 116
110 86
110 88
110 120
111 120
111 125
111 109
111 110
112 72
112 113
112 114
112 115
112 116
112 95
113 66
113 67
113 112
113 114
113 53
113 117
113 59
113 61
113 95
114 64
114 65
114 112
114 113
114 50
114 115
114 53
115 68
115 69
115 70
115 72
115 112
115 114
115 50
115 56
116 72
116 110
116 112
116 88
116 120
116 95
117 100
117 102
117 113
117 85
117 118
117 59
117 95
118 100
118 101
118 102
118 105
118 117
118 119
119 102
119 103
119 105
119 106
119 118
120 72
120 108
120 110
120 111
120 116
120 125
121 123
121 122
121 75
121 76
122 124
122 121
122 76
123 74
123 75
123 77
123 121
123 124
124 122
124 123
124 76
124 77
125 97
125 107
125 108
125 109
125 111
125 120
