  0.494019   0.185661  -0.138711
  0.435599   0.154505   0.023596
  0.105832   0.139930   0.058977
  0.098350   0.118645  -0.105356
  0.098301   0.119976  -0.270763
  0.175040   0.112232  -0.405291
  0.388864   0.129580   0.153441
 -0.060215   0.135708   0.061238
 -0.108486   0.139299  -0.106153
 -0.083259   0.136934  -0.275621
  0.008115   0.106215  -0.421843
  0.342331   0.120566   0.334889
 -0.214891   0.130522   0.063328
 -0.310268   0.145037  -0.105993
 -0.257431   0.132788  -0.278778
 -0.126632   0.079101  -0.433019
  0.257877   0.126816   0.453475
 -0.338732   0.114520   0.065838
 -0.479694   0.139616  -0.105194
 -0.395764   0.104975  -0.279705
 -0.234894   0.048820  -0.441974
