0 1
0 2
0 3
0 4
0 132
0 41
1 0
1 2
1 132
1 103
1 47
1 48
2 0
2 1
2 3
2 47
3 0
3 32
3 2
3 4
3 5
3 6
3 47
3 31
4 0
4 3
4 5
4 41
4 42
5 3
5 4
5 6
5 7
5 137
5 42
5 138
6 32
6 33
6 3
6 5
6 7
6 8
7 5
7 6
7 8
7 9
7 138
8 33
8 6
8 7
8 9
8 10
9 7
9 8
9 10
9 11
9 12
9 138
9 139
10 33
10 34
10 8
10 9
10 11
11 34
11 35
11 36
11 9
11 10
11 12
11 13
12 9
12 11
12 139
12 13
12 14
12 140
13 36
13 11
13 12
13 14
13 15
14 140
14 12
14 13
14 15
14 16
14 141
15 36
15 37
15 13
15 14
15 16
16 37
16 38
16 141
16 14
16 15
17 37
17 38
17 139
17 140
17 18
17 19
17 20
18 35
18 36
18 37
18 17
18 19
19 34
19 35
19 17
19 18
19 20
19 21
20 139
20 17
20 19
20 21
20 22
21 32
21 33
21 34
21 19
21 20
21 22
21 23
21 24
22 137
22 138
22 139
22 20
22 21
22 23
23 137
23 21
23 22
23 24
23 25
24 32
24 21
24 23
24 25
24 26
24 31
25 137
25 42
25 142
25 23
25 24
25 26
25 27
26 24
26 25
26 27
26 28
26 29
26 31
27 142
27 150
27 25
27 26
27 28
28 150
28 26
28 27
28 29
28 30
29 45
29 26
29 28
29 30
29 31
30 45
30 46
30 52
30 53
30 150
30 28
30 29
31 32
31 3
31 45
31 47
31 24
31 26
31 29
32 33
32 3
32 6
32 21
32 24
32 31
33 32
33 34
33 6
33 8
33 10
33 21
34 33
34 35
34 10
34 11
34 19
34 21
35 34
35 36
35 11
35 18
35 19
36 35
36 37
36 11
36 13
36 15
36 18
37 36
37 38
37 15
37 16
37 17
37 18
38 37
38 140
38 141
38 16
38 17
39 130
39 131
39 40
39 44
39 150
40 39
40 41
40 42
40 43
40 44
40 150
41 0
41 4
41 132
41 40
41 42
41 43
41 121
41 122
42 4
42 5
42 40
42 41
42 137
42 142
42 150
42 25
43 40
43 41
43 122
43 44
44 130
44 39
44 40
44 43
44 122
44 123
44 124
45 46
45 47
45 48
45 49
45 50
45 29
45 30
45 31
46 45
46 50
46 51
46 52
46 30
47 1
47 2
47 3
47 45
47 48
47 31
48 1
48 103
48 45
48 47
48 49
48 82
48 83
49 70
49 71
49 45
49 48
49 81
49 50
49 82
50 96
50 71
50 72
50 73
50 45
50 46
50 49
50 51
50 95
51 96
51 46
51 50
51 52
51 56
51 57
51 58
52 46
52 51
52 53
52 54
52 56
52 30
53 52
53 55
53 54
53 150
53 30
54 130
54 52
54 53
54 55
54 56
55 130
55 131
55 53
55 54
55 150
56 130
56 51
56 52
56 54
56 57
56 124
57 51
57 56
57 58
57 59
57 124
57 125
58 96
58 51
58 57
58 59
58 60
58 126
59 128
59 125
59 57
59 58
59 60
59 61
59 62
59 127
60 97
60 58
60 59
60 61
60 126
61 97
61 98
61 59
61 60
61 62
61 63
62 64
62 128
62 59
62 61
62 63
63 64
63 98
63 99
63 112
63 61
63 62
64 128
64 129
64 112
64 62
64 63
65 66
65 67
65 68
65 143
65 144
65 146
66 65
66 67
66 143
66 113
66 114
66 115
67 65
67 66
67 68
67 69
67 113
67 116
68 65
68 67
68 69
68 70
68 146
69 67
69 68
69 70
69 71
69 104
69 116
70 68
70 69
70 71
70 81
70 49
70 146
70 147
71 69
71 70
71 72
71 104
71 49
71 50
72 71
72 104
72 73
72 74
72 105
72 50
73 72
73 74
73 75
73 50
73 93
73 94
73 95
74 72
74 73
74 105
74 75
74 76
74 117
74 118
75 73
75 74
75 76
75 77
75 92
75 93
76 74
76 75
76 77
76 78
76 118
77 75
77 76
77 78
77 79
77 92
78 76
78 77
78 79
78 80
78 118
78 119
79 77
79 78
79 110
79 80
79 91
79 92
80 110
80 78
80 79
80 119
80 120
81 70
81 106
81 107
81 49
81 82
81 147
82 106
82 48
82 81
82 49
82 83
82 84
83 102
83 103
83 48
83 82
83 84
83 85
84 133
84 134
84 106
84 82
84 83
84 85
84 86
85 102
85 83
85 84
85 86
85 87
86 134
86 135
86 84
86 85
86 87
86 88
87 100
87 102
87 85
87 86
87 88
87 89
88 135
88 86
88 87
88 89
88 90
89 100
89 101
89 111
89 87
89 88
89 90
90 135
90 136
90 111
90 88
90 89
91 110
91 79
91 119
91 120
91 92
92 75
92 77
92 79
92 118
92 119
92 91
92 93
93 73
93 75
93 117
93 118
93 92
93 94
94 73
94 108
94 117
94 93
94 95
95 96
95 73
95 108
95 50
95 94
96 108
96 109
96 50
96 51
96 58
96 126
96 95
97 98
97 60
97 61
97 126
97 127
98 128
98 97
98 99
98 63
98 61
98 127
99 128
99 129
99 98
99 112
99 63
100 101
100 102
100 135
100 134
100 87
100 89
101 100
101 135
101 136
101 111
101 89
102 100
102 133
102 134
102 103
102 83
102 85
102 87
103 1
103 132
103 133
103 102
103 48
103 83
104 69
104 71
104 72
104 105
104 116
104 122
104 123
105 72
105 104
105 74
105 117
105 123
106 132
106 133
106 107
106 81
106 82
106 84
106 121
107 106
107 81
107 147
107 116
107 121
107 122
108 96
108 109
108 117
108 123
108 94
108 95
109 96
109 108
109 123
109 124
109 125
109 126
110 80
110 91
110 120
110 79
111 136
111 89
111 90
111 101
112 64
112 129
112 99
112 63
113 66
113 67
113 144
113 114
113 146
113 116
113 147
114 66
114 144
114 145
114 113
114 115
114 149
115 66
115 143
115 114
115 148
115 149
116 67
116 69
116 104
116 107
116 113
116 147
116 122
117 105
117 74
117 108
117 118
117 123
117 93
117 94
118 74
118 76
118 78
118 117
118 119
118 92
118 93
119 78
119 80
119 118
119 120
119 91
119 92
120 80
120 91
120 110
120 119
121 132
121 41
121 106
121 107
121 122
122 104
122 41
122 43
122 107
122 44
122 116
122 121
122 123
123 104
123 105
123 108
123 44
123 109
123 117
123 122
123 124
124 130
124 44
124 109
124 56
124 57
124 123
124 125
125 109
125 57
125 59
125 124
125 126
125 127
126 96
126 97
126 109
126 58
126 60
126 125
126 127
127 128
127 97
127 98
127 59
127 125
127 126
128 64
128 129
128 98
128 99
128 59
128 62
128 127
129 128
129 64
129 99
129 112
130 131
130 39
130 44
130 54
130 55
130 56
130 124
131 130
131 55
131 150
131 39
132 0
132 1
132 133
132 103
132 41
132 106
132 121
133 132
133 102
133 134
133 103
133 106
133 84
134 100
134 133
134 102
134 135
134 84
134 86
135 100
135 101
135 134
135 136
135 86
135 88
135 90
136 90
136 111
136 101
136 135
137 5
137 42
137 138
137 22
137 23
137 25
138 5
138 7
138 137
138 9
138 139
138 22
139 9
139 138
139 12
139 140
139 17
139 20
139 22
140 38
140 139
140 12
140 141
140 14
140 17
141 16
141 38
141 140
141 14
142 25
142 42
142 27
142 150
143 65
143 66
143 144
143 145
143 115
143 148
144 65
144 143
144 145
144 146
144 114
144 113
145 143
145 144
145 114
145 148
145 149
146 65
146 68
146 70
146 144
146 113
146 147
147 70
147 107
147 81
147 146
147 113
147 116
148 145
148 115
148 149
148 143
149 145
149 114
149 115
149 148
150 131
150 39
150 40
150 42
150 142
150 53
150 55
150 27
150 28
150 30
