0 1
0 2
0 3
0 82
1 0
1 2
1 34
1 103
1 82
2 0
2 1
2 3
2 103
3 0
3 2
3 103
3 82
3 91
4 5
4 6
4 7
4 8
4 49
4 51
5 4
5 6
5 48
5 49
5 50
6 4
6 5
6 7
6 12
6 13
6 14
6 48
7 4
7 6
7 8
7 9
7 11
7 12
8 4
8 7
8 9
8 10
8 51
9 8
9 10
9 11
9 7
10 8
10 9
10 11
10 51
11 7
11 9
11 10
11 12
11 51
12 6
12 7
12 11
12 13
12 49
12 51
13 6
13 12
13 14
13 15
13 47
13 49
13 50
14 6
14 13
14 15
14 16
14 48
14 18
14 59
15 13
15 14
15 47
15 16
15 19
16 14
16 15
16 17
16 18
16 19
17 16
17 18
17 19
17 52
17 22
17 55
17 56
18 76
18 14
18 16
18 17
18 80
18 52
18 54
18 59
19 47
19 16
19 17
19 15
19 21
19 22
19 88
20 21
20 22
20 23
20 24
20 28
21 19
21 20
21 22
21 88
21 28
21 29
21 30
22 17
22 19
22 20
22 21
22 23
22 56
22 57
23 20
23 22
23 24
23 25
23 57
24 20
24 23
24 25
24 26
24 27
24 28
25 58
25 23
25 24
25 57
25 26
26 24
26 25
26 58
26 27
27 58
27 24
27 57
27 26
27 28
28 20
28 21
28 24
28 57
28 56
28 27
28 30
29 21
29 87
29 88
29 30
29 31
30 21
30 55
30 56
30 28
30 29
30 31
31 105
31 55
31 87
31 29
31 30
32 33
32 36
32 78
32 81
32 91
32 92
33 32
33 36
33 79
33 80
33 82
33 83
33 91
34 1
34 103
34 79
34 81
34 82
34 92
35 36
35 37
35 38
35 77
35 78
36 32
36 33
36 35
36 37
36 78
36 83
36 85
37 35
37 36
37 38
37 40
37 42
37 45
37 84
37 85
38 35
38 37
38 39
38 40
38 41
38 77
39 38
39 71
39 104
39 41
39 77
39 93
40 37
40 38
40 41
40 42
40 43
41 38
41 71
41 40
41 39
41 43
41 76
41 59
42 37
42 40
42 43
42 44
42 45
42 46
42 60
43 70
43 40
43 41
43 42
43 44
43 59
44 98
44 70
44 42
44 43
44 60
44 61
45 37
45 42
45 46
45 47
45 84
45 87
45 88
46 42
46 45
46 47
46 48
46 60
47 13
47 45
47 46
47 48
47 15
47 50
47 19
47 88
48 5
48 6
48 14
48 46
48 47
48 50
48 59
48 60
49 4
49 5
49 12
49 13
49 50
49 51
50 5
50 13
50 47
50 48
50 49
51 4
51 8
51 10
51 11
51 12
51 49
52 101
52 17
52 18
52 53
52 54
52 55
53 100
53 101
53 83
53 52
53 54
53 89
53 90
54 80
54 18
54 83
54 52
54 53
55 101
55 105
55 17
55 52
55 56
55 30
55 31
56 17
56 22
56 55
56 57
56 28
56 30
57 22
57 23
57 56
57 25
57 58
57 27
57 28
58 25
58 26
58 27
58 57
59 70
59 41
59 43
59 76
59 14
59 48
59 18
59 60
59 61
59 62
60 42
60 44
60 46
60 48
60 59
60 61
61 98
61 44
61 59
61 60
61 62
61 63
62 64
62 69
62 70
62 59
62 61
62 63
63 64
63 65
63 98
63 99
63 61
63 62
64 65
64 66
64 68
64 69
64 62
64 63
65 64
65 66
65 99
65 67
65 63
66 64
66 65
66 67
66 68
67 65
67 66
67 99
67 68
68 64
68 66
68 99
68 67
68 69
69 64
69 98
69 99
69 68
69 70
69 62
70 98
70 69
70 43
70 44
70 59
70 62
71 97
71 39
71 104
71 41
71 75
71 76
72 73
72 74
72 102
72 95
73 96
73 97
73 102
73 72
73 74
74 72
74 73
74 96
74 95
75 97
75 102
75 71
75 76
75 93
75 94
76 71
76 41
76 75
76 77
76 78
76 80
76 18
76 59
76 93
77 35
77 38
77 39
77 76
77 78
77 93
78 32
78 35
78 36
78 76
78 77
78 79
78 80
78 81
79 33
79 34
79 78
79 80
79 81
79 82
80 33
80 76
80 78
80 79
80 18
80 83
80 54
81 32
81 34
81 78
81 79
81 92
82 0
82 1
82 34
82 3
82 33
82 79
82 91
83 33
83 36
83 80
83 85
83 53
83 54
83 90
84 37
84 105
84 45
84 85
84 86
84 87
85 36
85 37
85 83
85 84
85 86
85 90
86 105
86 84
86 85
86 89
86 90
87 105
87 45
87 84
87 88
87 29
87 31
88 45
88 47
88 19
88 21
88 87
88 29
89 100
89 105
89 53
89 86
89 90
90 83
90 53
90 85
90 86
90 89
91 32
91 33
91 3
91 103
91 82
91 92
92 32
92 34
92 103
92 81
92 91
93 39
93 104
93 75
93 76
93 77
93 94
94 96
94 102
94 104
94 75
94 93
94 95
95 96
95 102
95 72
95 74
95 94
96 97
96 104
96 73
96 74
96 94
96 95
97 96
97 102
97 71
97 104
97 73
97 75
98 99
98 69
98 70
98 44
98 61
98 63
99 65
99 98
99 67
99 68
99 69
99 63
100 89
100 101
100 53
100 105
101 100
101 105
101 52
101 53
101 55
102 97
102 72
102 73
102 75
102 94
102 95
103 1
103 2
103 34
103 3
103 91
103 92
104 96
104 97
104 39
104 71
104 93
104 94
105 100
105 101
105 84
105 55
105 86
105 87
105 89
105 31
