0 1
0 2
0 3
0 10
0 11
0 116
1 0
1 2
1 67
1 66
1 116
2 0
2 1
2 67
2 3
2 4
2 69
2 71
3 0
3 2
3 4
3 5
3 9
3 10
4 2
4 3
4 5
4 6
4 71
4 74
5 3
5 4
5 6
5 7
5 8
5 9
6 4
6 5
6 7
6 74
6 75
7 5
7 6
7 8
7 75
7 77
8 5
8 7
8 9
8 77
8 78
8 79
9 3
9 5
9 8
9 10
9 79
9 80
9 81
10 0
10 3
10 9
10 11
10 81
10 82
11 0
11 101
11 103
11 10
11 12
11 82
11 116
12 103
12 11
12 14
12 16
12 116
13 57
13 116
13 14
13 15
14 12
14 13
14 15
14 16
14 116
15 13
15 14
15 16
15 17
15 57
15 58
16 103
16 12
16 14
16 15
16 17
16 21
17 15
17 16
17 18
17 21
17 58
17 59
18 17
18 113
18 19
18 21
18 59
18 60
18 63
19 112
19 18
19 21
19 61
19 63
20 33
20 34
20 37
20 103
20 104
20 21
20 22
20 23
20 27
20 28
21 103
21 16
21 17
21 18
21 19
21 20
21 22
21 61
22 20
22 21
22 23
22 24
22 59
22 60
22 61
23 33
23 20
23 22
23 24
23 25
23 26
24 39
24 40
24 22
24 23
24 25
24 58
24 59
24 57
25 38
25 39
25 23
25 24
25 26
25 27
26 33
26 23
26 25
26 27
26 28
26 29
26 30
27 37
27 38
27 20
27 25
27 26
27 28
28 34
28 36
28 20
28 26
28 27
28 29
29 36
29 105
29 106
29 26
29 28
29 30
30 33
30 35
30 105
30 26
30 29
31 32
31 105
31 106
31 107
32 35
32 36
32 105
32 107
32 31
33 34
33 35
33 20
33 23
33 26
33 30
34 33
34 35
34 36
34 20
34 28
35 32
35 33
35 34
35 36
35 105
35 30
36 32
36 34
36 35
36 106
36 107
36 28
36 29
37 38
37 104
37 43
37 44
37 45
37 20
37 27
38 37
38 39
38 40
38 41
38 42
38 43
38 25
38 27
39 24
39 25
39 40
39 38
40 38
40 39
40 41
40 116
40 24
40 57
41 38
41 40
41 42
41 116
41 55
41 56
42 41
42 43
42 38
42 55
43 37
43 38
43 42
43 44
43 54
43 55
44 37
44 43
44 108
44 45
44 48
44 50
44 54
45 37
45 104
45 44
45 46
45 47
45 50
46 104
46 45
46 47
46 48
46 49
47 45
47 46
47 110
47 49
47 50
47 51
47 53
48 104
48 44
48 108
48 46
48 49
48 54
49 108
49 109
49 46
49 47
49 48
49 110
50 44
50 109
50 45
50 47
50 108
50 51
51 109
51 47
51 50
51 52
51 53
52 109
52 51
52 53
52 110
53 51
53 52
53 110
53 47
54 102
54 104
54 43
54 44
54 48
54 85
54 55
55 41
55 42
55 43
55 83
55 84
55 85
55 54
55 56
56 66
56 67
56 68
56 41
56 82
56 83
56 116
56 55
57 40
57 13
57 15
57 116
57 24
57 58
58 15
58 17
58 24
58 57
58 59
59 17
59 18
59 22
59 24
59 58
59 60
60 111
60 113
60 18
60 22
60 59
60 61
61 111
61 112
61 19
61 21
61 22
61 60
62 64
62 65
62 114
62 115
63 64
63 65
63 112
63 113
63 18
63 19
63 115
64 65
64 113
64 114
64 62
64 63
65 64
65 115
65 62
65 63
66 56
66 1
66 67
66 116
67 1
67 66
67 2
67 68
67 69
67 56
68 67
68 69
68 70
68 81
68 82
68 56
69 2
69 67
69 68
69 70
69 71
70 68
70 69
70 71
70 72
70 80
70 81
71 2
71 4
71 69
71 70
71 72
71 73
71 74
72 70
72 71
72 73
72 79
72 80
73 71
73 72
73 74
73 75
73 76
73 78
73 79
74 4
74 6
74 71
74 73
74 75
75 6
75 7
75 73
75 74
75 76
75 77
76 73
76 75
76 77
76 78
77 7
77 8
77 75
77 76
77 78
78 8
78 73
78 76
78 77
78 79
79 8
79 73
79 72
79 9
79 78
79 80
80 70
80 72
80 9
80 79
80 81
81 68
81 70
81 9
81 10
81 80
81 82
82 68
82 100
82 101
82 10
82 11
82 81
82 83
82 56
83 99
83 100
83 82
83 84
83 55
83 56
84 99
84 83
84 85
84 86
84 55
84 91
85 102
85 84
85 55
85 86
85 87
85 54
86 96
86 84
86 85
86 87
86 91
86 92
87 96
87 102
87 85
87 86
87 88
87 89
88 96
88 87
88 89
88 90
88 93
88 94
89 102
89 87
89 88
89 90
89 91
90 88
90 89
90 91
90 92
90 93
91 99
91 102
91 84
91 86
91 89
91 90
91 92
92 96
92 97
92 86
92 90
92 91
92 93
93 97
93 98
93 88
93 90
93 92
93 94
94 96
94 98
94 88
94 93
94 95
95 96
95 97
95 98
95 94
96 97
96 86
96 87
96 88
96 92
96 94
96 95
97 96
97 98
97 92
97 93
97 95
98 97
98 93
98 94
98 95
99 100
99 101
99 102
99 83
99 84
99 91
100 101
100 83
100 99
100 82
101 99
101 100
101 102
101 103
101 11
101 82
102 99
102 101
102 103
102 104
102 85
102 54
102 87
102 89
102 91
103 101
103 102
103 104
103 11
103 12
103 16
103 20
103 21
104 37
104 102
104 103
104 45
104 46
104 48
104 20
104 54
105 32
105 35
105 106
105 29
105 30
105 31
106 36
106 105
106 107
106 29
106 31
107 32
107 106
107 36
107 31
108 44
108 109
108 48
108 49
108 50
109 108
109 110
109 49
109 50
109 51
109 52
110 109
110 47
110 49
110 52
110 53
111 112
111 113
111 114
111 60
111 61
112 111
112 114
112 19
112 115
112 61
112 63
113 64
113 111
113 18
113 114
113 60
113 63
114 64
114 111
114 112
114 113
114 115
114 62
115 65
115 112
115 114
115 62
115 63
116 0
116 1
116 66
116 40
116 41
116 11
116 12
116 13
116 14
116 56
116 57
