-0.241656 0.022634 -0.424401 -0.265366 -0.963995 -0.017138
-0.264153 0.049035 -0.383163 -0.271372 -0.363394 0.891236
-0.296439 0.062424 -0.425383 -0.945860 -0.323649 -0.024503
-0.262324 0.050017 -0.466747 -0.237257 -0.353714 -0.904763
-0.234690 0.074193 -0.030663 -0.019837 -0.045999 -0.998745
-0.096469 0.094631 -0.024847 -0.033802 0.218534 -0.975244
-0.090334 0.033885 0.031243 0.095980 -0.990169 -0.101752
-0.222388 0.019587 0.029770 0.089926 -0.995948 -0.000135
-0.378774 0.045774 -0.018576 -0.186653 -0.377187 -0.907133
-0.354682 0.014863 0.029158 -0.208007 -0.978127 -0.001308
-0.416787 0.060929 0.028484 -0.944545 -0.328301 -0.007302
-0.379516 0.045805 0.076003 -0.197809 -0.375852 0.905321
-0.235421 0.074036 0.089988 -0.032714 0.002067 0.999463
-0.093495 0.095002 0.085917 -0.047472 0.195753 0.979503
0.011212 0.032866 0.031640 -0.263239 -0.908738 0.323883
0.013522 0.107999 0.084187 -0.106587 -0.131201 0.985609
0.091054 0.025398 0.031855 -0.096488 -0.878508 0.467883
0.239089 0.023146 0.054149 -0.046373 -0.979572 0.195672
0.070150 0.000000 -0.159848 -0.019714 -0.999739 0.011538
0.169855 0.104325 0.114984 -0.370018 0.079650 0.925604
0.273339 0.150376 0.297536 -0.199907 0.960924 0.191473
0.294698 0.179992 0.166005 0.059411 0.913115 0.403351
0.201953 0.100281 0.158986 -0.958132 -0.221194 0.181813
0.200746 0.089557 0.280672 -0.977395 0.211329 0.006299
0.253841 0.114072 0.445054 -0.034752 0.921929 0.385797
0.196518 0.052850 0.424155 -0.920726 -0.377144 0.100129
0.253653 0.059220 0.475317 -0.131446 -0.320481 0.938090
0.317671 0.051329 0.440612 0.875487 -0.387843 0.288271
0.344606 0.090121 0.294056 0.962679 0.119918 0.242628
0.375402 0.194389 0.072335 0.440969 0.800438 0.406011
0.377519 0.104514 0.157998 0.878766 -0.051479 0.474468
0.428001 0.104378 0.076265 0.896999 -0.187596 0.400251
-0.073882 0.137521 -0.420800 -0.179585 0.983082 0.036042
-0.064460 0.090278 -0.470771 0.008403 -0.198238 -0.980118
-0.177356 0.072724 -0.372089 -0.027832 -0.125972 0.991643
0.009900 0.166822 -0.345160 -0.351020 0.902484 -0.249615
0.024256 0.155106 -0.428838 -0.122641 0.896164 -0.426438
0.287774 0.229795 -0.254845 -0.081803 0.986641 -0.140882
-0.020562 0.170653 -0.283604 -0.311896 0.948968 -0.046692
-0.131963 0.144356 -0.282538 -0.157747 0.987179 0.024367
-0.006353 0.170648 -0.204875 -0.388554 0.916588 -0.094298
-0.048364 0.101091 -0.228052 -0.844053 0.174383 0.507115
-0.036276 0.177750 -0.124615 -0.260422 0.965485 0.004335
-0.064737 0.102068 -0.191110 -0.412278 0.420023 -0.808460
-0.152538 0.152848 -0.130264 -0.143580 0.989460 0.018826
0.286577 0.234477 -0.088969 -0.042565 0.997499 0.056433
0.006195 0.170130 -0.050428 -0.393946 0.908736 0.137862
0.002354 0.177023 0.028238 -0.239455 0.900709 0.362469
-0.025030 0.101002 -0.029587 -0.855733 -0.130576 -0.500671
-0.248517 0.127691 0.025850 -0.157774 0.987464 0.004795
-0.103649 0.154233 0.028008 -0.187378 0.969588 -0.157442
-0.385218 0.102721 0.028855 -0.319993 0.947419 -0.001579
0.234605 0.015683 -0.175390 0.087202 -0.996179 -0.004722
0.275508 0.021902 -0.384214 0.138602 -0.934544 -0.327745
0.146428 0.021207 -0.396191 0.023934 -0.980257 -0.196272
0.363529 0.031674 0.056626 0.391650 -0.909570 0.138900
0.298001 0.035981 0.147505 0.154620 -0.973225 0.170076
0.272519 0.030211 0.281994 -0.099989 -0.988085 -0.117004
0.256559 0.012976 0.410897 -0.032142 -0.988873 0.145249
-0.029666 0.018594 -0.144536 -0.462687 -0.883939 0.067621
-0.059386 0.101702 -0.063466 -0.392693 0.229518 0.890569
-0.145964 0.094109 -0.069204 -0.042654 0.046991 0.997984
-0.141610 0.029976 -0.129987 0.075317 -0.997145 -0.005363
-0.302883 0.074052 -0.069654 -0.069717 -0.020970 0.997346
-0.286604 0.014335 -0.136264 0.091385 -0.995771 -0.009410
-0.460753 0.042785 -0.091122 -0.228955 -0.380205 0.896116
-0.431822 0.008926 -0.141688 -0.206547 -0.978373 -0.011202
-0.500000 0.059482 -0.144667 -0.943746 -0.328426 -0.038473
-0.456630 0.043104 -0.194988 -0.156188 -0.376879 -0.912999
-0.297568 0.076241 -0.203856 0.011982 -0.022327 -0.999679
-0.145718 0.095530 -0.190969 -0.018134 0.108950 -0.993882
-0.124344 0.093779 -0.230184 -0.050283 0.057723 0.997066
-0.371787 0.018364 -0.284011 -0.203844 -0.978984 -0.006180
-0.395100 0.047425 -0.239669 -0.195759 -0.380642 0.903764
-0.430458 0.061734 -0.284482 -0.944413 -0.328715 -0.005507
-0.122165 0.037658 -0.282742 0.059349 -0.998059 -0.018882
-0.012316 0.019984 -0.280291 -0.418528 -0.896164 -0.147391
-0.051505 0.102768 -0.337029 -0.383030 0.240171 -0.891968
-0.008166 0.090053 -0.368165 -0.964560 -0.054802 0.258110
-0.057327 0.036989 -0.421187 0.028345 -0.955427 0.293864
0.029147 0.027128 -0.397231 -0.162368 -0.946179 -0.279968
-0.065061 0.084817 -0.372528 -0.088031 0.284737 0.954555
-0.163648 0.025832 -0.423267 0.120185 -0.970317 -0.209857
0.044851 0.088804 -0.472940 0.085727 -0.096986 -0.991587
0.480882 0.200984 -0.247336 0.378437 0.901130 -0.211544
0.294118 0.184204 -0.383978 0.110415 0.785607 -0.608794
0.402007 0.168756 -0.347825 0.639871 0.419648 -0.643786
0.490399 0.204386 -0.079097 0.504294 0.834748 0.221095
0.230962 0.202165 0.076087 -0.091525 0.933999 0.345354
0.427651 0.097641 -0.385468 0.751335 -0.168384 -0.638078
0.303295 0.091794 -0.436107 0.242740 0.048283 -0.968889
-0.175114 0.077469 -0.475317 -0.067530 0.312719 -0.947442
-0.210938 0.105778 -0.423533 -0.166593 0.952105 0.256403
-0.127824 0.096178 -0.334839 -0.031586 0.051912 -0.998152
-0.258415 0.078028 -0.341497 -0.022435 -0.021423 -0.999519
-0.394750 0.047917 -0.329043 -0.185665 -0.373891 -0.908699
-0.400629 0.101232 -0.284220 -0.335966 0.941770 0.014014
-0.258907 0.074783 -0.226019 -0.034641 -0.021609 0.999166
-0.315112 0.135603 -0.137685 -0.131401 0.991210 0.015401
-0.465342 0.105412 -0.143120 -0.331363 0.943494 -0.004213
0.390745 0.042727 -0.355272 0.593635 -0.765418 -0.248462
0.437058 0.038505 -0.180815 0.341798 -0.939773 0.000942
-0.246861 0.023501 -0.283792 0.096534 -0.995084 -0.022130
-0.268099 0.099941 -0.424762 -0.406437 0.913589 0.012829
-0.271417 0.127800 -0.284132 -0.140809 0.989533 0.031571
0.500000 0.123466 -0.160729 0.925260 -0.377731 -0.034845
