-0.126027 0.028339 0.063402 0.120086 -0.761361 0.637110
-0.028398 0.148375 0.133350 -0.069300 0.069080 0.995201
-0.127075 0.127941 0.114087 -0.021570 0.001271 0.999767
-0.164655 0.131421 0.130431 0.694983 0.000669 0.719026
-0.212387 0.024695 0.074760 0.199712 -0.950794 0.236866
-0.223793 0.032723 0.148564 0.343511 -0.929955 0.131086
-0.178924 0.129798 0.166511 0.971377 -0.018762 0.236803
-0.228293 0.027579 0.199214 0.678916 -0.733770 0.025578
-0.188357 0.120392 0.213744 0.986358 -0.087352 0.139523
-0.231794 0.027223 0.246357 0.681080 -0.726969 -0.087447
-0.193597 0.112960 0.259119 0.992242 0.093958 0.081410
-0.192049 0.105315 0.323587 0.976679 0.177073 0.121420
-0.233178 0.006241 0.305365 0.585041 -0.806009 -0.089869
-0.203290 0.061378 0.423641 0.930009 -0.241239 0.277283
-0.250235 0.008481 0.408057 0.258301 -0.896220 0.360652
-0.248275 0.081408 0.466982 0.271914 -0.330266 0.903873
-0.299488 0.066687 0.462687 -0.190017 -0.496694 0.846870
-0.361167 0.100986 0.320374 -0.980221 0.166607 0.106812
-0.300912 0.176222 0.345637 -0.495786 0.813062 0.305164
-0.313585 0.190127 0.261784 -0.544621 0.804477 0.237076
-0.362715 0.107082 0.252591 -0.987767 0.110865 0.109659
-0.313154 0.215014 0.215374 -0.565265 0.756050 0.329944
-0.369243 0.116104 0.203091 -0.983925 -0.163426 0.071990
-0.374319 0.128633 0.147666 -0.948470 0.085259 0.305183
-0.315654 0.234859 0.161490 -0.541321 0.763055 0.353156
-0.413400 0.127702 0.072766 -0.746974 -0.120900 0.653769
-0.363599 0.246477 0.053168 -0.392393 0.782914 0.482776
-0.499281 0.153760 0.012389 -0.877722 0.147573 0.455880
-0.500000 0.257342 -0.057792 -0.630215 0.762266 0.147577
-0.288979 0.297498 -0.064758 -0.048324 0.983388 0.174966
-0.396014 0.300710 -0.204729 -0.206840 0.956390 -0.206241
-0.219292 0.258602 0.087775 0.159588 0.930902 0.328562
-0.223628 0.231448 0.168984 0.552917 0.761676 0.337836
-0.230794 0.212206 0.218840 0.702396 0.633629 0.324276
-0.234417 0.191532 0.264552 0.515729 0.805039 0.293148
-0.251783 0.175838 0.346877 0.463104 0.838647 0.286714
-0.252207 0.126037 0.463023 0.562847 0.694859 0.447631
-0.305105 0.124064 0.463297 -0.670715 0.535039 0.513688
-0.350809 0.053370 0.423093 -0.940604 -0.219158 0.259297
-0.398946 0.025531 -0.251557 -0.276513 -0.960679 0.025216
-0.408591 0.041533 -0.161264 -0.168799 -0.985631 -0.006122
-0.110525 0.024791 -0.043646 0.064778 -0.997241 -0.036251
-0.373867 0.008289 0.011484 -0.259044 -0.965064 0.039345
-0.090543 0.029983 -0.146598 0.026028 -0.999200 0.030377
-0.103565 0.017263 -0.297241 0.099921 -0.994676 0.025204
-0.112758 0.277824 -0.089125 0.115136 0.990227 0.078700
-0.116621 0.275776 -0.260640 0.066782 0.978386 -0.195708
-0.130979 0.240689 0.063025 0.116203 0.765974 0.632282
0.013471 0.228283 0.066848 0.149186 0.893084 0.424435
0.063388 0.257650 -0.089501 0.338688 0.935201 0.103394
0.050791 0.256862 -0.255578 0.296425 0.944852 -0.139238
-0.020520 0.218659 -0.404905 0.095834 0.846398 -0.523857
-0.187473 0.228900 -0.381930 -0.103108 0.761686 -0.639690
-0.421976 0.233976 -0.318517 -0.501164 0.541010 -0.675384
-0.216984 0.110316 -0.426621 -0.245563 0.047983 -0.968192
-0.420592 0.115036 -0.359126 -0.587853 -0.200282 -0.783783
-0.066676 0.140518 -0.449062 -0.101709 -0.024379 -0.994515
0.045434 0.137634 -0.466982 -0.053849 -0.032267 -0.998028
0.060080 0.217090 -0.405995 0.215346 0.924686 -0.313977
0.095112 0.131873 -0.465324 -0.009838 -0.023435 -0.999677
0.110257 0.207369 -0.409139 0.242855 0.963408 0.113435
0.208359 0.178318 -0.406885 0.395210 0.917426 -0.046243
0.175355 0.105863 -0.461557 0.135987 0.039941 -0.989905
0.291247 0.125489 -0.402145 0.699029 0.713172 -0.052386
0.251995 0.062878 -0.448103 0.259789 -0.402251 -0.877897
0.325971 0.217090 -0.099318 0.239165 0.970930 0.009704
0.311037 0.124201 -0.175698 0.069257 0.014327 -0.997496
0.207578 0.144183 -0.180520 0.042358 0.059706 -0.997317
0.213339 0.233976 -0.097002 0.132122 0.976815 -0.168451
0.141700 0.146375 -0.182363 0.229301 0.188389 -0.954951
0.145461 0.243833 -0.097331 0.266738 0.944204 0.193206
0.097900 0.182791 -0.182637 0.598469 0.628368 -0.496979
0.096995 0.182743 -0.191008 0.577505 0.539625 0.612612
0.123554 0.239024 -0.265024 0.312896 0.900925 -0.300716
0.116477 0.143567 -0.192070 0.263909 0.023015 0.964273
0.182781 0.224947 -0.267435 0.159759 0.981087 -0.109295
0.178040 0.143067 -0.195104 0.045496 0.248948 0.967448
0.318826 0.203225 -0.265682 0.243007 0.939813 0.240205
0.294172 0.122468 -0.194631 0.051056 -0.051150 0.997385
0.407378 0.161692 -0.264682 0.612806 0.789403 0.036202
0.377607 0.091121 -0.209311 0.369060 -0.338043 0.865749
0.081966 0.183243 -0.007278 0.360359 0.505540 0.783945
0.079130 0.182722 -0.000264 0.696882 0.713614 -0.071489
0.091276 0.228591 0.073136 0.135813 0.945355 0.296411
0.091919 0.143731 0.001593 0.247350 -0.126728 -0.960603
0.151633 0.221570 0.074082 0.085775 0.983465 -0.159496
0.151441 0.141354 -0.001127 -0.028895 -0.013354 -0.999493
0.248467 0.211897 0.073170 0.221374 0.974423 0.038637
0.242350 0.126825 0.000860 0.109281 0.127482 -0.985802
0.394089 0.162665 0.073033 0.456761 0.887592 0.059590
0.368935 0.093793 0.016601 0.243986 -0.378196 -0.892994
0.382848 0.091505 -0.318237 0.388135 -0.377246 -0.840855
0.301817 0.123064 -0.335232 0.067766 0.076227 -0.994785
0.178184 0.142423 -0.334026 0.008656 -0.021002 -0.999742
0.120958 0.143615 -0.334472 0.148069 -0.009225 -0.988934
0.053599 0.185771 -0.329252 0.163490 0.508362 -0.845482
0.050099 0.183058 -0.335020 0.696945 0.709063 -0.107226
0.104449 0.134422 -0.336609 0.104895 0.301912 0.947548
0.182068 0.108268 -0.339041 0.078782 0.040306 0.996077
0.257660 0.064851 -0.347090 0.292934 -0.377815 0.878320
0.231033 0.122749 0.142686 0.081628 0.061977 0.994734
0.362098 0.091121 0.126499 0.280370 -0.339155 0.897979
0.142673 0.138039 0.143680 0.023879 0.161208 0.986631
0.079774 0.140874 0.140481 -0.058981 0.124926 0.990411
0.101448 0.108007 -0.177109 0.621005 -0.628211 -0.468724
0.100140 0.108035 -0.195995 0.562293 -0.615941 0.551764
0.070725 0.098294 0.003175 0.642633 -0.764770 -0.046358
0.077918 0.099075 -0.016232 0.425665 -0.704456 0.567936
0.056052 0.111795 -0.328642 0.146875 -0.558660 -0.816289
0.052983 0.112412 -0.332417 0.663830 -0.745181 -0.063516
0.411235 0.117632 -0.263928 0.930020 -0.364930 0.043458
0.398302 0.118152 0.072157 0.922192 -0.383737 0.048039
0.288938 0.083360 -0.401172 0.854296 -0.518412 -0.037787
0.204482 0.058042 -0.096893 -0.131123 -0.984692 0.114840
0.302392 0.032771 -0.098544 -0.097510 -0.995173 -0.011085
0.461200 0.090717 -0.157784 0.248428 -0.361973 -0.898476
0.136720 0.061446 -0.097119 0.182132 -0.975880 -0.120358
0.116121 0.064803 -0.261743 0.172563 -0.935453 -0.308465
0.174951 0.064043 -0.263634 -0.155004 -0.983849 0.089520
0.286506 0.033792 -0.263134 -0.137866 -0.990400 -0.010029
0.360317 0.041985 -0.262777 0.557808 -0.829626 0.023914
0.003730 0.035724 -0.016458 0.346012 -0.922694 0.170037
0.071533 0.055562 -0.111182 0.271396 -0.962452 0.005475
0.055627 0.056754 -0.254283 0.413447 -0.894919 -0.167871
-0.020520 0.069447 -0.402056 0.240360 -0.846614 -0.474839
0.046811 0.068139 -0.391986 0.049799 -0.968128 -0.245454
0.060196 0.141162 -0.334773 0.375592 0.112720 0.919905
0.090823 0.063159 -0.395973 -0.257021 -0.867205 0.426492
0.157777 0.030915 -0.398055 -0.306513 -0.941126 -0.142588
0.228773 0.022366 -0.399788 0.371217 -0.928542 -0.002684
-0.172752 0.009693 -0.373833 -0.077052 -0.804881 -0.588412
-0.384608 0.036751 -0.332396 -0.578183 -0.680613 -0.449967
0.009683 0.068735 0.085199 0.140352 -0.865478 0.480884
0.065985 0.062899 0.084275 0.083175 -0.961899 0.260447
0.143460 0.060467 0.080144 -0.131491 -0.990096 0.049200
0.227533 0.040985 0.079870 -0.105962 -0.979501 -0.171315
0.344521 0.043273 0.070869 0.411919 -0.911214 0.003473
-0.320990 0.036080 0.142522 -0.638913 -0.726409 0.253222
-0.318538 0.026579 0.197152 -0.363837 -0.929006 -0.067608
-0.315942 0.024579 0.245816 -0.619285 -0.774678 -0.127910
-0.317442 0.008097 0.306461 -0.559957 -0.821641 -0.106557
-0.315086 0.000000 0.397980 -0.333578 -0.869444 0.364407
-0.499020 0.055137 -0.025020 -0.744786 -0.643200 0.177729
0.494924 0.166097 -0.098900 0.424024 0.905651 -0.000470
0.315038 0.122468 -0.022178 0.081512 0.020796 0.996455
0.462844 0.089334 -0.039700 0.252318 -0.361123 0.897734
0.209003 0.142423 -0.013998 0.083665 0.281738 0.955837
0.137912 0.144998 -0.011114 0.207133 -0.181886 0.961256
0.500000 0.118180 -0.098852 0.914907 -0.403286 -0.017464
0.437910 0.036724 -0.098235 0.396666 -0.917819 -0.016278
-0.491205 0.149166 -0.175603 -0.949068 -0.185753 -0.254492
