  0.500000   0.123466  -0.160729
  0.392259   0.114878  -0.005254
  0.040957   0.110855   0.027722
  0.023929   0.096413  -0.125623
  0.017642   0.101033  -0.279216
  0.055386   0.099443  -0.414666
  0.306067   0.108008   0.119126
 -0.125418   0.088933   0.025976
 -0.163248   0.091294  -0.132376
 -0.142683   0.090653  -0.281883
 -0.085704   0.083786  -0.420091
  0.271476   0.085202   0.297993
 -0.277511   0.068101   0.024387
 -0.339524   0.068926  -0.138545
 -0.292829   0.068096  -0.284214
 -0.195090   0.066652  -0.424242
  0.228611   0.057158   0.451441
 -0.406932   0.057415   0.022938
 -0.488983   0.053334  -0.143812
 -0.419098   0.056112  -0.286265
 -0.282861   0.072633  -0.427782
