 -0.494019   0.185661  -0.134566
 -0.436498   0.155682   0.024221
 -0.109545   0.132368   0.061216
 -0.098399   0.118730  -0.103548
 -0.086067   0.126177  -0.280772
 -0.164510   0.106984  -0.416001
 -0.390481   0.131698   0.151251
  0.059783   0.139687   0.058834
  0.111306   0.140194  -0.104862
  0.085320   0.138216  -0.277435
  0.004264   0.103725  -0.422656
 -0.342977   0.122917   0.330913
  0.215081   0.131640   0.057855
  0.310175   0.146490  -0.104942
  0.258521   0.130691  -0.272335
  0.135314   0.073097  -0.424970
 -0.256072   0.128000   0.452336
  0.346384   0.128164   0.056728
  0.484686   0.149024  -0.104766
  0.392960   0.108275  -0.266914
  0.239816   0.035287  -0.425129
