  0.491205   0.149165  -0.178191
  0.370352   0.139685  -0.035544
 -0.046261   0.139746   0.065236
 -0.062860   0.156577  -0.098826
 -0.051657   0.145435  -0.261159
 -0.031719   0.151447  -0.387730
  0.273670   0.132102   0.078573
 -0.182646   0.129508   0.069970
 -0.219946   0.143581  -0.103148
 -0.187407   0.143064  -0.264590
 -0.137009   0.114826  -0.391657
  0.273493   0.100526   0.279413
 -0.303637   0.110177   0.074251
 -0.371900   0.115125  -0.107314
 -0.313487   0.114953  -0.267492
 -0.221586   0.087751  -0.394446
  0.232132   0.068247   0.444033
 -0.388190   0.108819   0.077142
 -0.477393   0.094510  -0.110412
 -0.400603   0.103960  -0.269635
 -0.281581   0.078806  -0.396189
