0 1
0 2
0 109
0 111
0 114
1 0
1 113
1 2
1 114
2 0
2 1
2 111
2 112
2 113
3 4
3 5
3 6
3 7
3 79
3 81
3 82
4 3
4 36
4 5
4 8
4 9
4 10
4 81
4 115
5 3
5 4
5 7
5 105
5 106
5 115
6 3
6 7
6 8
6 9
6 79
6 80
7 3
7 5
7 6
7 9
7 105
7 108
8 4
8 6
8 9
8 10
8 11
8 80
9 4
9 6
9 7
9 8
9 108
9 110
9 115
10 35
10 4
10 36
10 8
10 11
10 12
11 8
11 10
11 12
11 13
11 78
11 80
12 35
12 10
12 75
12 11
12 13
12 76
13 11
13 12
13 77
13 78
13 76
14 42
14 43
14 15
14 16
14 17
14 157
15 77
15 78
15 14
15 16
15 157
16 78
16 79
16 14
16 17
16 15
16 93
16 94
17 42
17 74
17 14
17 16
17 93
17 95
18 33
18 34
18 45
18 19
18 20
18 116
18 117
19 33
19 35
19 36
19 37
19 38
19 18
19 20
20 37
20 18
20 19
20 117
20 123
20 124
20 125
21 116
21 23
21 118
21 22
21 126
21 127
22 32
22 116
22 21
22 117
22 23
22 28
23 46
23 47
23 21
23 22
23 118
23 28
23 29
24 122
24 119
24 120
24 25
24 26
24 27
24 30
25 46
25 47
25 119
25 24
25 26
26 129
26 46
26 24
26 25
26 27
27 129
27 24
27 121
27 26
27 120
28 32
28 22
28 23
28 29
28 30
28 31
29 46
29 23
29 121
29 28
29 31
30 32
30 120
30 24
30 122
30 28
30 31
31 120
31 121
31 28
31 29
31 30
32 117
32 22
32 122
32 123
32 28
32 30
33 34
33 35
33 18
33 19
33 157
34 33
34 43
34 44
34 45
34 18
34 157
35 33
35 36
35 10
35 75
35 12
35 19
35 157
36 98
36 35
36 4
36 38
36 104
36 10
36 81
36 19
37 128
37 38
37 39
37 41
37 42
37 19
37 20
37 125
38 98
38 36
38 37
38 39
38 40
38 19
39 40
39 41
39 37
39 38
40 98
40 38
40 39
40 41
40 73
40 56
41 37
41 39
41 40
41 42
41 74
41 56
42 128
42 37
42 41
42 74
42 43
42 44
42 14
42 17
43 34
43 42
43 44
43 14
43 157
44 128
44 34
44 42
44 43
44 45
44 127
45 34
45 44
45 18
45 116
45 127
46 121
46 129
46 47
46 23
46 25
46 26
46 29
47 46
47 23
47 118
47 119
47 25
48 97
48 130
48 132
48 138
48 49
48 50
49 96
49 97
49 141
49 48
49 50
49 54
49 55
49 155
50 131
50 132
50 133
50 141
50 48
50 49
51 134
51 135
51 136
51 52
51 53
52 136
52 51
52 140
52 53
53 134
53 137
53 139
53 140
53 51
53 52
54 98
54 104
54 74
54 141
54 49
54 55
54 57
55 74
55 49
55 54
55 155
55 93
55 95
56 40
56 41
56 73
56 74
56 57
56 58
57 98
57 74
57 54
57 56
57 58
57 59
58 73
58 56
58 57
58 59
58 60
58 61
59 98
59 99
59 100
59 57
59 58
59 60
60 100
60 101
60 58
60 59
60 61
60 62
60 63
61 71
61 72
61 73
61 58
61 60
61 62
62 64
62 70
62 71
62 60
62 61
62 63
63 64
63 65
63 101
63 60
63 62
64 65
64 66
64 68
64 70
64 62
64 63
65 64
65 66
65 67
65 101
65 102
65 103
65 63
66 64
66 65
66 67
66 68
66 69
67 65
67 66
67 69
67 103
68 64
68 66
68 69
68 70
68 103
69 66
69 67
69 68
69 103
70 64
70 68
70 102
70 71
70 103
70 62
71 100
71 101
71 70
71 102
71 72
71 61
71 62
72 99
72 100
72 71
72 73
72 61
73 98
73 99
73 72
73 40
73 56
73 58
73 61
74 41
74 42
74 17
74 54
74 55
74 56
74 57
74 95
75 35
75 12
75 157
75 76
76 75
76 12
76 77
76 13
76 157
77 76
77 13
77 78
77 15
77 157
78 11
78 77
78 13
78 15
78 16
78 79
78 80
79 3
79 6
79 78
79 16
79 80
79 82
79 87
79 94
80 6
80 8
80 11
80 78
80 79
81 3
81 4
81 36
81 104
81 155
81 82
81 83
81 152
81 91
81 92
82 3
82 79
82 81
82 83
82 84
82 87
83 81
83 82
83 84
83 85
83 151
83 152
84 82
84 83
84 85
84 86
84 87
84 150
84 91
84 92
85 142
85 143
85 83
85 84
85 86
85 151
86 142
86 84
86 85
86 150
86 149
86 154
87 79
87 82
87 84
87 92
87 93
87 94
88 153
88 144
88 147
88 148
88 89
88 90
89 88
89 90
89 147
89 146
90 144
90 145
90 146
90 88
90 89
91 81
91 84
91 150
91 151
91 152
91 92
92 155
92 81
92 84
92 87
92 91
92 93
93 16
93 17
93 55
93 87
93 155
93 92
93 94
93 95
94 16
94 93
94 79
94 87
95 17
95 74
95 93
95 55
96 97
96 131
96 104
96 49
96 155
96 156
97 96
97 130
97 131
97 48
97 49
98 99
98 36
98 38
98 40
98 73
98 104
98 54
98 57
98 59
99 98
99 100
99 72
99 73
99 59
100 99
100 101
100 71
100 72
100 59
100 60
101 65
101 100
101 102
101 71
101 60
101 63
102 65
102 101
102 70
102 103
102 71
103 65
103 67
103 68
103 69
103 102
103 70
104 96
104 98
104 36
104 141
104 81
104 54
104 155
104 156
105 5
105 7
105 106
105 107
105 108
106 5
106 105
106 107
106 110
106 112
106 115
107 105
107 106
107 108
107 109
107 112
107 113
107 114
108 7
108 105
108 9
108 107
108 109
108 110
109 0
109 107
109 108
109 110
109 111
109 114
110 9
110 106
110 108
110 109
110 111
110 112
110 115
111 0
111 2
111 109
111 110
111 112
112 2
112 106
112 107
112 110
112 111
112 113
113 1
113 2
113 107
113 112
113 114
114 0
114 1
114 107
114 109
114 113
115 4
115 5
115 9
115 106
115 110
116 45
116 18
116 117
116 21
116 22
116 127
117 32
117 18
117 116
117 20
117 22
117 123
118 47
118 23
118 21
118 119
118 124
118 126
119 47
119 118
119 24
119 25
119 122
119 123
119 124
120 24
120 121
120 27
120 30
120 31
121 129
121 46
121 120
121 27
121 29
121 31
122 32
122 119
122 24
122 123
122 30
123 32
123 20
123 117
123 119
123 122
123 124
124 20
124 118
124 119
124 123
124 125
124 126
125 128
125 37
125 20
125 124
125 126
126 128
126 21
126 118
126 124
126 125
126 127
127 128
127 44
127 45
127 116
127 21
127 126
128 37
128 42
128 44
128 125
128 126
128 127
129 121
129 26
129 27
129 46
130 97
130 131
130 133
130 137
130 138
130 139
130 48
131 96
131 97
131 130
131 133
131 141
131 50
131 156
132 133
132 134
132 138
132 48
132 50
133 130
133 131
133 132
133 134
133 135
133 139
133 50
134 132
134 133
134 135
134 137
134 138
134 51
134 53
135 133
135 134
135 136
135 139
135 140
135 51
136 140
136 51
136 52
136 135
137 130
137 134
137 138
137 139
137 53
138 130
138 132
138 134
138 137
138 48
139 130
139 133
139 135
139 137
139 140
139 53
140 135
140 136
140 139
140 52
140 53
141 131
141 104
141 49
141 50
141 54
141 156
142 143
142 144
142 85
142 86
142 153
142 154
143 142
143 144
143 145
143 148
143 85
143 149
143 150
143 151
144 142
144 143
144 145
144 88
144 153
144 90
145 143
145 144
145 146
145 147
145 148
145 90
146 89
146 90
146 145
146 147
147 145
147 146
147 148
147 88
147 89
148 143
148 145
148 147
148 149
148 88
148 153
149 143
149 148
149 86
149 150
149 153
149 154
150 143
150 84
150 149
150 86
150 151
150 91
151 143
151 83
151 85
151 150
151 152
151 91
152 81
152 83
152 91
152 151
153 142
153 144
153 148
153 149
153 88
153 154
154 86
154 153
154 149
154 142
155 96
155 104
155 49
155 81
155 55
155 92
155 93
156 104
156 131
156 96
156 141
157 33
157 34
157 35
157 43
157 75
157 76
157 14
157 15
157 77
