 -0.491205   0.149166  -0.175603
 -0.363641   0.138705  -0.036004
  0.039013   0.138418   0.063288
  0.111340   0.159993  -0.103056
  0.103674   0.127445  -0.263540
  0.017772   0.128909  -0.383995
 -0.261589   0.130336   0.075675
  0.178594   0.133352   0.070084
  0.252963   0.135330  -0.099927
  0.221880   0.135967  -0.263959
  0.136388   0.116478  -0.392542
 -0.270091   0.099534   0.274580
  0.299069   0.115618   0.076455
  0.390617   0.111494  -0.097048
  0.330821   0.111782  -0.263109
  0.221151   0.088948  -0.397621
 -0.213382   0.067010   0.431495
  0.389464   0.117655   0.080651
  0.486213   0.098939  -0.095054
  0.404874   0.108140  -0.262985
  0.282369   0.086641  -0.401999
