0 1
0 2
0 3
0 4
0 5
0 12
0 13
0 14
0 15
0 26
1 0
1 2
1 34
1 66
1 67
1 70
1 25
1 26
2 0
2 1
2 3
2 70
2 88
2 91
2 92
2 93
3 0
3 2
3 4
3 19
3 89
3 90
3 91
4 0
4 3
4 5
4 6
4 16
4 19
5 0
5 4
5 6
5 7
5 106
5 12
6 4
6 5
6 7
6 8
6 13
6 14
6 16
7 5
7 6
7 8
7 9
7 106
7 11
8 6
8 7
8 104
8 9
8 13
9 7
9 8
9 104
9 10
9 11
9 105
10 107
10 9
10 11
10 105
11 7
11 9
11 10
11 107
11 106
12 0
12 5
12 104
12 106
12 13
13 0
13 6
13 104
13 8
13 12
13 14
14 0
14 6
14 13
14 15
14 16
14 17
15 0
15 14
15 112
15 17
15 26
15 30
15 31
16 4
16 6
16 14
16 17
16 18
16 19
17 14
17 15
17 16
17 18
17 20
17 21
17 22
17 30
18 16
18 17
18 19
18 20
19 3
19 4
19 37
19 38
19 16
19 18
19 20
19 89
20 37
20 17
20 18
20 19
20 116
20 21
21 36
21 17
21 20
21 116
21 22
21 23
22 17
22 21
22 23
22 24
22 30
23 35
23 36
23 21
23 22
23 24
23 25
24 22
24 23
24 25
24 26
24 27
24 30
25 1
25 34
25 35
25 23
25 24
25 26
26 0
26 1
26 15
26 112
26 24
26 25
26 27
26 28
27 111
27 24
27 26
27 28
27 29
27 30
27 31
28 108
28 112
28 26
28 27
28 29
29 33
29 108
29 109
29 110
29 111
29 27
29 28
30 15
30 17
30 22
30 24
30 27
30 31
31 111
31 112
31 15
31 113
31 27
31 30
32 33
32 114
32 109
32 110
33 32
33 108
33 109
33 114
33 29
34 1
34 66
34 35
34 116
34 25
35 34
35 36
35 116
35 23
35 25
36 35
36 116
36 21
36 23
37 38
37 19
37 116
37 20
37 54
37 83
38 89
38 83
38 19
38 37
39 64
39 40
39 41
39 42
39 63
40 64
40 39
40 41
40 43
40 44
40 45
41 40
41 42
41 43
41 39
42 39
42 41
42 43
42 62
42 63
43 40
43 41
43 42
43 44
43 58
43 60
43 62
44 40
44 43
44 45
44 46
44 58
45 64
45 40
45 44
45 46
45 47
46 44
46 45
46 47
46 48
46 57
46 58
47 64
47 45
47 46
47 48
47 49
47 63
48 65
48 46
48 47
48 49
48 50
48 57
49 47
49 48
49 50
49 51
49 61
49 62
49 63
50 65
50 66
50 48
50 49
50 51
50 52
51 49
51 50
51 52
51 53
51 59
51 61
52 66
52 67
52 68
52 50
52 51
52 82
52 53
52 54
53 51
53 52
53 54
53 55
53 56
53 59
54 37
54 103
54 82
54 83
54 116
54 53
54 52
54 55
55 102
55 103
55 53
55 54
55 56
55 57
56 53
56 55
56 57
56 58
56 59
57 65
57 102
57 46
57 48
57 55
57 56
57 58
58 43
58 44
58 46
58 56
58 57
58 59
58 60
59 51
59 53
59 56
59 58
59 60
59 61
60 43
60 58
60 59
60 61
60 62
61 49
61 51
61 59
61 60
61 62
62 42
62 43
62 49
62 60
62 61
62 63
63 64
63 39
63 42
63 47
63 49
63 62
64 39
64 40
64 45
64 47
64 63
65 66
65 102
65 48
65 50
65 116
65 57
66 65
66 1
66 34
66 67
66 50
66 52
66 116
67 1
67 66
67 68
67 69
67 70
67 52
68 82
68 67
68 52
68 69
69 67
69 68
69 70
69 71
69 81
69 82
70 1
70 2
70 67
70 69
70 71
70 72
70 84
70 85
70 88
71 69
71 70
71 72
71 73
71 74
71 80
71 81
72 70
72 71
72 73
72 85
72 86
73 71
73 72
73 74
73 75
73 86
74 71
74 73
74 75
74 76
74 79
74 80
75 73
75 74
75 76
75 77
75 86
75 87
76 74
76 75
76 77
76 78
76 79
77 75
77 76
77 78
77 87
78 76
78 77
78 87
78 79
79 74
79 76
79 78
79 80
79 85
79 86
79 87
80 71
80 74
80 79
80 81
80 84
80 85
81 69
81 71
81 80
81 82
81 83
81 84
82 68
82 69
82 81
82 83
82 52
82 54
83 37
83 38
83 81
83 82
83 84
83 54
83 88
83 89
84 70
84 80
84 81
84 83
84 85
84 88
85 70
85 72
85 79
85 80
85 84
85 86
86 72
86 73
86 75
86 79
86 85
86 87
87 75
87 77
87 78
87 79
87 86
88 2
88 70
88 83
88 84
88 89
88 90
88 93
89 3
89 38
89 83
89 19
89 88
89 90
90 96
90 3
90 88
90 89
90 91
90 93
90 95
91 96
91 97
91 2
91 3
91 90
91 92
92 97
92 2
92 91
92 93
92 94
93 2
93 88
93 90
93 92
93 94
93 95
94 97
94 99
94 101
94 92
94 93
94 95
95 96
95 101
95 90
95 93
95 94
96 97
96 101
96 115
96 90
96 91
96 95
97 96
97 98
97 99
97 115
97 91
97 92
97 94
98 115
98 97
98 99
98 100
99 97
99 98
99 100
99 101
99 94
100 115
100 98
100 99
100 101
101 96
101 99
101 100
101 115
101 94
101 95
102 65
102 103
102 116
102 55
102 57
103 54
103 116
103 102
103 55
104 8
104 9
104 105
104 106
104 12
104 13
105 104
105 9
105 106
105 107
105 10
106 5
106 7
106 104
106 105
106 107
106 12
106 11
107 10
107 105
107 106
107 11
108 33
108 112
108 113
108 114
108 28
108 29
109 32
109 33
109 29
109 110
110 32
110 109
110 111
110 114
110 29
111 110
111 113
111 114
111 27
111 29
111 31
112 108
112 15
112 113
112 26
112 28
112 31
113 108
113 111
113 112
113 114
113 31
114 32
114 33
114 108
114 110
114 111
114 113
115 96
115 97
115 98
115 100
115 101
116 65
116 66
116 34
116 36
116 37
116 102
116 103
116 35
116 20
116 21
116 54
