0 1
0 2
0 3
0 4
0 37
0 39
1 0
1 2
1 37
1 69
1 101
1 10
1 12
1 79
2 0
2 1
2 10
2 3
3 0
3 2
3 4
3 5
3 6
3 7
3 9
3 10
4 0
4 35
4 3
4 5
4 39
4 77
4 28
5 32
5 3
5 4
5 6
5 28
5 31
6 3
6 5
6 7
6 8
6 30
6 31
7 8
7 9
7 3
7 6
8 6
8 7
8 9
8 115
8 119
8 23
8 29
8 30
9 3
9 7
9 8
9 10
9 11
9 22
9 23
10 1
10 2
10 3
10 9
10 11
10 12
11 9
11 10
11 12
11 13
11 22
11 157
12 64
12 1
12 66
12 68
12 69
12 10
12 11
12 13
13 66
13 11
13 12
13 14
13 157
14 66
14 67
14 105
14 13
14 15
14 157
15 104
15 105
15 14
15 16
15 157
16 104
16 15
16 17
16 18
16 25
16 26
16 157
17 16
17 18
17 19
17 157
18 16
18 17
18 19
18 20
18 24
18 25
19 17
19 18
19 20
19 21
19 157
20 18
20 19
20 21
20 23
20 24
21 19
21 20
21 22
21 23
21 157
22 9
22 11
22 21
22 23
22 157
23 8
23 9
23 115
23 20
23 21
23 22
23 24
24 18
24 115
24 20
24 116
24 23
24 25
25 16
25 18
25 116
25 24
25 26
25 27
26 35
26 36
26 103
26 104
26 16
26 25
26 27
26 28
27 121
27 116
27 117
27 118
27 25
27 26
27 28
27 29
28 32
28 33
28 34
28 35
28 4
28 5
28 26
28 27
28 29
28 30
29 8
29 119
29 120
29 121
29 27
29 28
29 30
30 33
30 6
30 8
30 28
30 29
30 31
31 32
31 33
31 131
31 5
31 6
31 134
31 151
31 30
32 34
32 131
32 132
32 5
32 28
32 31
33 34
33 132
33 134
33 28
33 30
33 31
34 32
34 33
34 28
34 132
35 4
35 37
35 36
35 38
35 77
35 78
35 26
35 28
36 35
36 37
36 102
36 103
36 79
36 80
36 81
36 86
36 26
37 0
37 1
37 35
37 36
37 38
37 39
37 79
38 35
38 37
38 39
38 40
38 41
38 78
39 0
39 4
39 37
39 38
39 40
39 43
39 76
39 77
40 38
40 39
40 41
40 42
40 43
40 44
41 38
41 135
41 40
41 42
41 76
41 77
41 78
42 135
42 40
42 41
42 136
42 73
42 44
42 138
43 39
43 40
43 135
43 76
43 44
43 45
44 40
44 136
44 42
44 43
44 45
45 135
45 136
45 137
45 43
45 44
46 109
46 110
46 47
46 48
46 49
46 50
46 111
47 46
47 111
47 48
47 113
47 112
48 46
48 47
48 49
48 114
48 113
49 46
49 48
49 50
49 51
49 114
50 109
50 46
50 49
50 51
50 52
51 49
51 50
51 113
51 52
51 53
51 54
51 114
52 108
52 109
52 50
52 51
52 53
53 107
53 108
53 51
53 52
53 54
53 55
53 56
54 112
54 113
54 51
54 53
54 55
55 111
55 112
55 53
55 54
55 56
55 57
56 106
56 107
56 53
56 55
56 57
56 58
57 110
57 111
57 55
57 56
57 58
57 59
58 105
58 106
58 56
58 57
58 59
58 60
59 109
59 110
59 57
59 58
59 60
59 61
60 68
60 104
60 105
60 58
60 59
60 61
60 62
61 108
61 109
61 59
61 60
61 62
61 63
62 64
62 68
62 60
62 61
62 63
63 64
63 65
63 107
63 108
63 61
63 62
64 65
64 66
64 68
64 12
64 62
64 63
65 64
65 66
65 67
65 106
65 107
65 63
66 64
66 65
66 67
66 12
66 13
66 14
67 65
67 66
67 105
67 106
67 14
68 64
68 69
68 70
68 103
68 104
68 12
68 60
68 62
69 1
69 68
69 101
69 70
69 102
69 12
70 68
70 69
70 102
70 103
71 72
71 73
71 74
71 139
72 71
72 73
72 74
72 75
72 138
73 71
73 72
73 136
73 42
73 138
73 139
74 72
74 75
74 139
74 71
75 72
75 137
75 74
75 136
75 138
75 139
76 135
76 39
76 41
76 43
76 77
77 35
77 4
77 39
77 41
77 76
77 78
78 41
78 35
78 77
78 38
79 1
79 36
79 37
79 100
79 101
79 80
80 36
80 100
80 79
80 81
80 82
80 93
81 36
81 80
81 82
81 83
81 86
82 80
82 81
82 83
82 84
82 93
82 94
83 81
83 82
83 84
83 85
83 86
84 99
84 82
84 83
84 85
84 92
84 94
84 95
85 100
85 83
85 84
85 86
85 92
85 93
86 100
86 36
86 101
86 102
86 81
86 83
86 85
87 96
87 88
87 89
87 90
87 91
87 94
87 95
88 96
88 89
88 97
88 87
89 97
89 98
89 87
89 88
89 90
90 98
90 99
90 87
90 89
90 91
90 92
91 87
91 90
91 92
91 93
91 94
92 99
92 84
92 85
92 90
92 91
92 93
93 100
93 80
93 82
93 85
93 91
93 92
93 94
94 82
94 84
94 87
94 91
94 93
94 95
95 96
95 99
95 84
95 87
95 94
96 97
96 98
96 99
96 87
96 88
96 95
97 88
97 89
97 98
97 96
98 96
98 97
98 99
98 89
98 90
99 96
99 98
99 84
99 90
99 92
99 95
100 101
100 79
100 80
100 85
100 86
100 93
101 1
101 100
101 69
101 102
101 79
101 86
102 36
102 69
102 70
102 101
102 103
102 86
103 36
103 68
103 70
103 102
103 104
103 26
104 68
104 103
104 105
104 15
104 16
104 26
104 60
105 67
105 104
105 106
105 14
105 15
105 58
105 60
106 65
106 67
106 105
106 107
106 56
106 58
107 65
107 106
107 108
107 53
107 56
107 63
108 107
108 109
108 52
108 53
108 61
108 63
109 108
109 46
109 110
109 50
109 52
109 59
109 61
110 109
110 46
110 111
110 57
110 59
111 46
111 47
111 110
111 112
111 55
111 57
112 47
112 111
112 113
112 54
112 55
113 47
113 112
113 48
113 114
113 51
113 54
114 48
114 49
114 51
114 113
115 8
115 116
115 23
115 119
115 24
116 115
116 117
116 119
116 24
116 25
116 27
117 140
117 145
117 116
117 118
117 119
117 120
117 27
118 140
118 141
118 117
118 121
118 27
119 8
119 115
119 116
119 117
119 120
119 29
120 145
120 146
120 117
120 119
120 121
120 29
121 141
121 146
121 118
121 120
121 27
121 29
122 130
122 123
122 124
122 125
122 126
123 143
123 122
123 124
123 130
124 142
124 143
124 122
124 123
124 125
125 140
125 141
125 142
125 122
125 124
125 126
126 130
126 141
126 144
126 145
126 146
126 122
126 125
127 128
127 129
127 149
127 153
127 154
127 155
128 129
128 154
128 147
128 127
129 128
129 147
129 148
129 149
129 127
130 143
130 144
130 122
130 123
130 126
131 32
131 132
131 133
131 150
131 151
131 31
132 32
132 33
132 34
132 131
132 133
132 134
133 131
133 132
133 134
133 148
133 149
133 150
133 152
133 153
134 33
134 132
134 133
134 151
134 152
134 31
135 41
135 42
135 43
135 76
135 45
135 137
135 138
136 73
136 42
136 137
136 44
136 45
136 75
136 139
137 135
137 136
137 138
137 75
137 45
138 135
138 72
138 137
138 42
138 75
138 73
139 71
139 136
139 73
139 74
139 75
140 141
140 142
140 144
140 145
140 117
140 118
140 125
141 140
141 146
141 118
141 121
141 125
141 126
142 140
142 143
142 144
142 124
142 125
143 130
143 142
143 144
143 123
143 124
144 130
144 140
144 142
144 143
144 145
144 126
145 140
145 144
145 146
145 117
145 120
145 126
146 141
146 145
146 120
146 121
146 126
147 128
147 129
147 154
147 148
148 129
148 133
148 147
148 149
148 153
148 154
149 129
149 133
149 148
149 150
149 155
149 127
150 131
150 133
150 149
150 151
150 155
150 156
151 131
151 134
151 150
151 152
151 156
151 31
152 133
152 134
152 151
152 153
152 155
152 156
153 133
153 148
153 152
153 154
153 155
153 127
154 128
154 147
154 148
154 153
154 127
155 149
155 150
155 152
155 153
155 156
155 127
156 152
156 155
156 150
156 151
157 11
157 13
157 14
157 15
157 16
157 17
157 19
157 21
157 22
