4 5
5 4
29 30
30 29
32 131
33 134
34 132
37 79
38 40
39 43
40 38
41 78
43 39
44 136
46 110
46 111
47 48
47 111
48 47
49 50
49 51
49 114
50 49
51 49
51 52
52 51
53 107
55 112
56 106
57 58
57 110
57 111
58 57
58 59
59 58
59 110
61 62
61 109
62 61
63 108
65 107
74 75
75 74
76 77
77 76
78 41
79 37
80 82
82 80
84 99
85 86
86 85
88 89
89 88
89 97
90 92
92 90
94 95
95 94
96 98
97 89
98 96
99 84
106 56
107 53
107 65
108 63
109 61
110 46
110 57
110 59
111 46
111 47
111 57
112 55
114 49
117 145
118 140
120 146
122 123
122 124
123 122
123 130
124 122
130 123
131 32
132 34
133 148
134 33
136 44
140 118
142 144
144 142
145 117
146 120
148 133
149 150
150 149
