-0.027709 0.225457 -0.083331 -0.448045 0.892543 0.051212
0.094009 0.230844 -0.006562 -0.272599 0.941634 0.197522
0.062504 0.250976 -0.085778 -0.149667 0.987535 0.048721
0.067929 0.234734 -0.165519 -0.299461 0.953056 -0.044810
-0.020053 0.136907 -0.160137 -0.500805 0.282593 -0.818129
-0.010881 0.136340 -0.177311 -0.378736 0.432312 0.818331
-0.000272 0.227706 -0.242738 -0.488790 0.862492 -0.131118
0.073150 0.250976 -0.235248 -0.144022 0.985488 -0.089843
0.105413 0.227941 -0.300121 -0.237268 0.895090 -0.377516
0.295974 0.272095 -0.230736 -0.061464 0.990242 -0.125070
0.284971 0.272095 -0.068130 -0.094412 0.994058 0.054178
0.456996 0.271966 -0.060228 0.251754 0.963150 0.094669
0.275823 0.250052 0.095900 -0.143091 0.931725 0.333788
0.411892 0.252591 0.099617 0.654897 0.656303 0.374668
0.456996 0.143066 0.093613 0.950408 -0.009993 0.310846
0.422285 0.061870 0.066435 0.462449 -0.878364 -0.120904
0.256252 0.058875 -0.140036 0.212222 -0.977209 0.004843
0.423826 0.057531 -0.303579 0.474648 -0.874081 0.103396
0.303858 0.051447 -0.347178 0.139626 -0.891268 -0.431447
0.456996 0.143324 -0.347653 0.758177 -0.163106 -0.631319
0.333650 0.137925 -0.388830 0.255623 0.083377 -0.963174
0.431827 0.221924 -0.311703 0.607727 0.516299 -0.603411
0.456996 0.271966 -0.220232 0.401564 0.880605 -0.251559
0.314615 0.223675 -0.347178 0.073242 0.807993 -0.584622
0.211826 0.128820 -0.410054 0.148969 0.006993 -0.988817
0.173559 0.047958 -0.357430 -0.064604 -0.973633 -0.218783
0.127722 0.059657 -0.136541 -0.106665 -0.994102 0.019612
0.078050 0.079765 -0.357516 -0.171269 -0.969001 -0.178058
0.020649 0.071739 -0.243237 -0.258692 -0.956915 -0.131881
0.043598 0.128752 -0.319057 -0.761595 0.442179 0.473763
0.031997 0.140698 -0.308140 -0.210506 0.294316 -0.932237
-0.105181 0.198994 -0.240827 -0.166686 0.977785 -0.127095
-0.101119 0.134510 -0.176460 -0.004457 -0.363856 0.931445
-0.099812 0.127988 -0.310754 -0.009387 -0.291278 -0.956592
-0.093617 0.073817 -0.242115 0.005871 -0.998803 0.048562
-0.000433 0.071536 -0.091203 -0.241926 -0.967975 0.067047
0.055594 0.086755 0.062015 -0.147668 -0.967252 0.206440
0.001213 0.142665 -0.016794 -0.414398 0.188083 0.890449
-0.132433 0.133116 -0.020105 0.003078 -0.323852 0.946103
-0.145354 0.202630 -0.082246 -0.132908 0.990367 0.038848
-0.182616 0.128012 -0.025973 0.001999 -0.107257 0.994229
-0.177519 0.058646 -0.084780 0.069436 -0.966343 -0.247710
-0.282181 0.047471 -0.082406 0.087936 -0.979586 0.180772
-0.194051 0.199246 -0.081235 -0.123957 0.990437 0.060570
-0.293961 0.113058 -0.024820 -0.018519 0.200751 0.979467
-0.311153 0.182307 -0.080699 -0.173843 0.974426 0.142381
0.299247 0.011250 0.301255 -0.633188 -0.753021 -0.178977
0.358042 0.002589 0.357467 0.353374 -0.930990 0.091568
0.303538 0.000000 0.355784 -0.322284 -0.909160 0.263745
0.273210 0.050454 0.384238 -0.960179 -0.227737 0.161837
0.272871 0.061759 0.342050 -0.993359 0.087469 0.074751
0.301214 0.098443 0.411317 -0.420700 0.669631 0.612051
0.301103 0.114118 0.358909 -0.626721 0.694071 0.354240
0.362911 0.113329 0.358644 0.453058 0.799910 0.393553
0.363029 0.097783 0.411360 0.587784 0.598788 0.544025
0.397197 0.058875 0.340706 0.998013 -0.054043 0.032384
0.403207 0.083155 0.287552 0.997366 -0.046415 0.055739
0.359694 0.026925 0.269318 0.531436 -0.801911 -0.272975
0.359780 0.042274 0.229140 0.477651 -0.850397 -0.220621
0.300209 0.039383 0.228363 -0.566707 -0.789011 -0.237287
0.293632 0.054011 0.171245 -0.562586 -0.823584 0.072151
0.267317 0.102930 0.248341 -0.991477 -0.091908 0.092334
0.253441 0.127692 0.193628 -0.942494 0.006287 0.334164
0.298150 0.158846 0.266347 -0.514620 0.774847 0.367122
0.291074 0.187731 0.201542 -0.420481 0.772113 0.476485
0.365692 0.157958 0.266051 0.504200 0.782500 0.365344
0.373625 0.189279 0.188986 0.405294 0.729254 0.551295
0.419431 0.128949 0.167479 0.948134 0.051661 0.313644
0.220228 0.140107 0.129816 -0.558411 -0.043676 0.828414
0.112157 0.233957 0.072994 -0.161227 0.683500 0.711923
0.146301 0.139071 0.120409 -0.078713 -0.079685 0.993707
-0.429851 0.053512 -0.083701 -0.322100 -0.946291 -0.028025
-0.458897 0.095718 -0.132731 -0.266736 -0.342675 -0.900792
-0.328819 0.047236 -0.080459 -0.003145 -0.999802 -0.019648
-0.500000 0.105593 -0.083498 -0.952407 -0.304828 0.000688
-0.461726 0.153107 -0.081858 -0.352897 0.934111 0.053857
-0.189576 0.131803 -0.150614 -0.050178 0.157430 -0.986255
-0.141649 0.136907 -0.154590 -0.023926 -0.308237 -0.951009
-0.129370 0.061642 -0.085828 0.071364 -0.996905 -0.032992
0.012142 0.149224 -0.001865 -0.372124 0.468698 -0.801153
-0.054074 0.113693 -0.002333 0.017508 -0.113707 -0.993360
-0.038053 0.073866 0.055524 0.162488 -0.985058 -0.057080
-0.095269 0.105834 -0.003504 0.075671 -0.316624 -0.945528
-0.080623 0.064940 0.055641 0.211712 -0.967966 0.134978
-0.169129 0.043341 0.055678 0.217196 -0.975610 -0.031800
-0.095195 0.110777 0.121229 0.014932 -0.122181 0.992396
-0.052120 0.118865 0.124157 -0.015070 -0.059756 0.998099
-0.256932 0.122865 0.059032 -0.303025 0.940491 -0.153792
-0.333628 0.106949 0.057922 -0.505745 0.862549 -0.015207
-0.326656 0.057666 0.107180 -0.353119 0.185276 0.917050
-0.234760 0.077213 0.119225 -0.086981 -0.136905 0.986758
-0.200591 0.146665 0.059358 -0.338614 0.938008 0.074039
-0.190026 0.092050 0.122055 -0.057084 0.122117 0.990873
-0.110359 0.175138 0.057639 -0.246765 0.959964 -0.132577
-0.190106 0.087107 -0.002685 -0.139056 0.327493 -0.934565
-0.236806 0.069070 0.001507 -0.054584 -0.152154 -0.986848
-0.332043 0.052803 0.010488 -0.240663 -0.122602 -0.962834
-0.369849 0.056668 0.059568 -0.968305 -0.240875 0.066068
-0.312219 0.020699 0.057232 -0.051415 -0.972053 0.229061
-0.205905 0.036751 0.056178 0.160972 -0.986916 0.009180
-0.062944 0.189575 0.056430 -0.320398 0.945157 -0.063423
0.033828 0.219798 0.057102 -0.325791 0.875831 0.356062
0.070961 0.140883 0.118054 -0.070294 -0.046079 0.996462
0.164134 0.067924 0.063797 -0.166969 -0.899301 0.404202
0.270208 0.045788 0.066737 -0.085853 -0.992330 0.088942
0.373853 0.060588 0.163682 0.499838 -0.859705 0.105207
0.403195 0.099737 0.246874 0.988256 -0.119516 0.095218
0.365815 0.144915 0.307894 0.523024 0.776023 0.352469
0.298267 0.145741 0.308177 -0.501273 0.766451 0.401594
0.267347 0.086299 0.289013 -0.997914 -0.054163 0.035134
0.300104 0.023763 0.268455 -0.463899 -0.824362 -0.324383
0.353770 0.013987 0.302007 0.504470 -0.830682 -0.235536
0.397567 0.047976 0.383288 0.916707 -0.342562 0.205667
0.358880 0.039057 0.432707 0.288351 -0.465920 0.836524
0.297071 0.039722 0.432652 -0.486101 -0.438054 0.756184
0.144704 0.226357 -0.368445 0.050443 0.724083 -0.687866
0.119092 0.128506 -0.425859 0.032751 -0.145167 -0.988865
-0.008119 0.111018 -0.431382 0.036489 -0.123562 -0.991666
-0.006283 0.068626 -0.372322 0.135568 -0.986570 0.091104
0.084338 0.206489 -0.377556 -0.337204 0.831080 -0.442267
-0.027142 0.177246 -0.376594 -0.248510 0.967704 0.042324
-0.022667 0.106481 -0.321751 -0.067749 -0.028684 0.997290
-0.211200 0.040838 -0.335010 -0.419342 0.132539 0.898101
-0.245892 0.039735 -0.377303 -0.851115 -0.514030 -0.106662
-0.181661 0.018536 -0.375330 0.135930 -0.976052 0.169839
-0.131595 0.078508 -0.321387 0.038340 -0.312998 0.948980
-0.151684 0.131273 -0.376908 -0.437657 0.887121 0.146535
-0.398808 0.147596 -0.245185 -0.357389 0.933608 -0.025496
-0.435325 0.106838 -0.243983 -0.951611 -0.307087 0.011568
-0.389593 0.093807 -0.195261 -0.262085 -0.335293 0.904925
-0.222863 0.087649 -0.379633 -0.624210 0.722043 -0.298355
-0.138591 0.132019 -0.179450 -0.031520 -0.142686 0.989266
-0.131268 0.070919 -0.241733 0.064675 -0.996928 0.044181
-0.230623 0.061482 -0.242510 0.095315 -0.994623 0.040488
-0.139633 0.125491 -0.306186 -0.013863 -0.140349 -0.990005
-0.292820 0.119851 -0.148277 -0.056033 0.144484 -0.987919
-0.342140 0.109649 -0.023834 -0.086244 0.145764 0.985553
-0.388600 0.161681 -0.084521 -0.182592 0.974738 -0.128631
-0.350783 0.113335 -0.145756 -0.085053 -0.034941 -0.995764
-0.457794 0.092488 -0.036347 -0.266680 -0.326830 0.906678
-0.053359 0.062462 -0.374363 0.211005 -0.968735 -0.130496
-0.072308 0.098387 -0.322429 -0.092841 0.111063 0.989467
-0.119341 0.046947 -0.374905 0.359417 -0.917236 -0.171750
-0.200591 0.042607 -0.428189 -0.131500 -0.430893 -0.892770
-0.126380 0.086207 -0.430698 -0.063435 -0.036379 -0.997323
-0.058117 0.102924 -0.432707 -0.112918 0.294115 -0.949076
-0.076789 0.166342 -0.377278 -0.314042 0.929080 0.195418
-0.369103 0.055626 -0.243009 -0.300281 -0.953674 0.018341
-0.276158 0.056736 -0.243280 0.064515 -0.997017 0.042378
-0.291828 0.115314 -0.183740 -0.066972 0.002252 0.997752
-0.244998 0.123765 -0.182933 -0.087605 0.369816 0.924966
-0.143387 0.189322 -0.240334 -0.121367 0.991908 -0.037272
-0.244197 0.120153 -0.308171 -0.060871 0.378933 -0.923420
-0.292488 0.108792 -0.306051 -0.057257 -0.013527 -0.998268
-0.390252 0.092100 -0.294844 -0.275084 -0.389261 -0.879093
-0.330176 0.156269 -0.243490 -0.198479 0.978803 -0.050509
-0.257259 0.174743 -0.243065 -0.173686 0.984359 -0.029503
0.500000 0.182012 -0.143821 0.904917 -0.425156 0.019173
