1 113
1 114
3 82
5 106
7 105
21 127
24 122
25 26
26 25
26 46
26 129
28 31
29 46
30 32
30 120
30 122
31 28
32 30
32 117
32 122
46 26
46 29
47 118
48 49
49 48
50 141
59 100
61 73
62 64
64 62
66 69
68 69
69 66
69 68
70 71
71 70
73 61
82 3
83 85
84 86
85 83
86 84
88 89
89 88
91 150
92 155
96 97
97 96
100 59
105 7
106 5
110 115
113 1
114 1
115 110
117 32
118 47
118 126
119 124
120 30
122 24
122 30
122 32
122 123
123 122
124 119
124 125
125 124
125 128
126 118
127 21
128 125
129 26
132 134
133 135
134 132
135 133
141 50
142 144
143 145
144 142
145 143
148 149
149 148
150 91
151 152
152 151
155 92
