-0.432932 0.050020 0.216662 -0.665823 -0.746109 0.000002
-0.487979 0.124507 0.213704 -0.970035 -0.203774 0.132320
-0.440799 0.121227 0.298436 -0.898756 0.064457 0.433685
-0.393940 0.053488 0.284359 -0.435959 -0.876735 0.203165
-0.425359 0.117836 0.345343 -0.934735 0.041029 0.352969
-0.378696 0.051236 0.330295 -0.524653 -0.830069 0.189012
-0.383388 0.113941 0.452417 -0.826566 -0.248056 0.505230
-0.344732 0.056264 0.427446 -0.248428 -0.891573 0.378658
-0.314879 0.047544 0.309470 0.544942 -0.826415 -0.141691
-0.330131 0.050124 0.263535 0.641850 -0.751359 -0.153261
-0.343837 0.045649 0.198271 0.592297 -0.788601 0.165202
-0.352850 0.000000 0.086547 -0.288986 -0.957319 0.005259
-0.324662 0.029775 -0.162279 -0.373039 -0.927810 -0.003155
-0.411856 0.118829 -0.442572 -0.838615 -0.052408 -0.542198
-0.378290 0.021405 -0.395643 -0.564425 -0.810220 -0.158010
-0.274615 0.108570 -0.466466 -0.148946 0.006999 -0.988821
-0.231497 0.017475 -0.407195 0.064606 -0.973632 -0.218786
-0.170128 0.108221 -0.484277 -0.026867 -0.146051 -0.988912
0.015377 0.095990 -0.490507 -0.020855 -0.136527 -0.990417
0.018111 0.048271 -0.423964 -0.037855 -0.996965 0.068031
-0.049138 0.045013 -0.278541 0.263051 -0.958361 -0.111120
-0.123892 0.053313 -0.407300 0.169507 -0.970783 -0.169848
-0.085089 0.108500 -0.363951 0.621697 0.475311 0.622553
-0.069704 0.121018 -0.351672 0.136107 0.287686 -0.948004
-0.154723 0.220239 -0.342623 0.237704 0.896332 -0.374280
-0.043404 0.222197 -0.277982 0.340145 0.934398 -0.105838
0.185149 0.207064 -0.276087 0.021438 0.998574 -0.048901
-0.021139 0.121004 -0.204278 0.229809 0.385670 0.893558
0.187687 0.140115 -0.209340 0.060771 -0.364082 0.929382
0.226595 0.141339 -0.212438 0.107488 0.296398 0.948996
0.225581 0.200966 -0.275569 0.154476 0.977111 -0.146258
0.425813 0.132856 -0.279387 0.977625 -0.210043 0.011478
0.376968 0.111221 -0.336686 0.196496 -0.345344 -0.917674
0.187023 0.133248 -0.348595 0.062370 -0.226928 -0.971912
0.186295 0.076711 -0.277415 0.118405 -0.992893 -0.011990
0.228357 0.134724 -0.343854 0.076227 0.170485 -0.982407
0.225406 0.077550 -0.277017 -0.069102 -0.993302 0.092604
-0.008377 0.120619 -0.184928 0.368308 0.333512 -0.867824
-0.112493 0.227889 -0.190998 0.292680 0.955137 -0.045295
-0.118381 0.246203 -0.269548 0.140828 0.986028 -0.088972
-0.369416 0.269978 -0.264465 -0.125107 0.984122 -0.125902
-0.357018 0.269978 -0.081267 -0.074798 0.995158 0.063758
-0.106382 0.246203 -0.101155 0.144519 0.988346 0.047827
-0.013671 0.220602 -0.098399 0.322009 0.946072 0.035469
0.194016 0.220686 -0.097392 -0.035183 0.998830 -0.033186
0.199924 0.149513 -0.175873 0.070063 -0.307391 -0.949001
0.198050 0.066788 -0.101273 0.102598 -0.992475 0.066830
0.250182 0.070655 -0.100141 0.055450 -0.993349 -0.100909
0.190589 0.144045 -0.029954 0.046846 -0.242004 0.969144
0.245273 0.145961 -0.036324 0.062235 0.097261 0.993311
0.252182 0.151080 -0.171565 0.074866 0.287546 -0.954836
0.455680 0.138709 -0.154048 0.210186 -0.297925 -0.931162
0.500000 0.156149 -0.098588 0.985383 -0.170353 0.000534
0.429813 0.086837 -0.098805 0.323797 -0.945557 -0.032825
-0.032754 0.125577 -0.023429 0.325081 0.241311 0.914380
-0.141870 0.223518 -0.011912 0.263249 0.943471 0.201399
-0.346711 0.245154 0.103532 0.039321 0.970743 0.236879
-0.390416 0.215435 -0.395643 -0.391196 0.766771 -0.508948
-0.198994 0.218462 -0.419600 -0.050454 0.724068 -0.687881
-0.130975 0.196078 -0.429859 0.268154 0.859023 -0.436087
0.029216 0.172380 -0.428789 0.132426 0.980877 0.142628
0.032188 0.092543 -0.366993 0.050532 -0.072584 0.996081
0.253245 0.039391 -0.429593 0.898397 -0.426043 -0.106629
0.071557 0.046677 -0.426278 -0.261169 -0.963591 -0.057302
0.202141 0.037474 -0.486913 0.093164 -0.432122 -0.896990
0.183589 0.008245 -0.427362 -0.040141 -0.999187 -0.003782
-0.500000 0.248007 0.107714 -0.612522 0.786775 0.076170
-0.438414 0.196638 0.199201 -0.311870 0.820117 0.479735
-0.345704 0.199414 0.183383 0.518144 0.833717 0.190897
-0.400667 0.190288 0.285219 -0.346118 0.918065 0.193285
-0.328389 0.191344 0.261416 0.522042 0.850799 -0.060104
-0.385353 0.191086 0.332155 -0.379126 0.903202 0.201221
-0.313075 0.192072 0.308352 0.579530 0.806542 -0.116769
-0.276468 0.177827 0.430054 0.537575 0.830695 0.144773
-0.342522 0.177128 0.452110 -0.514158 0.727729 0.453929
-0.324459 0.121815 0.491997 0.020244 -0.180807 0.983310
-0.258412 0.122514 0.469941 0.729349 -0.179417 0.660196
-0.286684 0.052901 0.407391 0.491283 -0.813944 0.310058
-0.250287 0.116927 0.408726 0.973261 -0.170024 -0.154448
-0.279824 0.121738 0.297876 0.960858 0.052084 -0.272101
-0.295264 0.125164 0.250962 0.975437 0.073305 -0.207725
-0.301467 0.132374 0.182173 0.999533 0.020924 -0.022256
-0.288663 0.123171 0.101462 0.523084 -0.048966 0.850874
-0.162317 0.227022 0.077722 0.092786 0.624096 0.775819
-0.091466 0.214477 0.059813 0.143159 0.907456 0.395005
-0.049048 0.142926 -0.006619 0.245916 0.447711 -0.859698
0.076711 0.210456 0.059247 0.106362 0.984517 -0.139335
0.086550 0.128374 -0.004339 0.064426 -0.166321 -0.983965
0.149457 0.124605 -0.004724 0.036386 -0.297865 -0.953914
0.086865 0.083221 0.058268 0.037842 -0.997725 -0.055798
0.148366 0.074411 0.058428 -0.001958 -0.992165 0.124919
0.084795 0.133500 0.132545 0.018120 -0.055346 0.998303
0.148534 0.129836 0.130266 0.092745 -0.127462 0.987498
0.308033 0.083949 0.059967 0.176452 -0.983481 0.040374
0.321278 0.124339 0.007304 0.202222 0.324271 -0.924097
0.308719 0.184065 0.060736 0.226937 0.973667 -0.021743
0.143234 0.189673 0.062421 0.098180 0.985991 -0.134838
0.314103 0.128444 0.116238 0.214357 0.325411 0.920955
0.361668 0.138765 0.062596 0.997793 -0.007337 0.065993
-0.111249 0.118234 0.128475 0.064141 -0.068500 0.995587
-0.200785 0.120123 0.131133 -0.150747 -0.008321 0.988537
-0.219875 0.038586 0.067358 0.173858 -0.881302 0.439408
-0.080117 0.063026 0.065344 0.214117 -0.960740 0.176444
-0.179862 0.030656 -0.158342 0.117232 -0.993029 0.012245
-0.020062 0.044614 -0.107266 0.276369 -0.959441 0.055617
0.380262 0.174226 -0.280744 0.279024 0.959914 -0.026652
0.376010 0.112892 -0.224501 0.206075 -0.298832 0.931790
0.357361 0.067767 -0.278289 0.266171 -0.963782 0.016631
0.246888 0.224218 -0.096288 0.071085 0.986900 0.144830
0.449883 0.202931 -0.096735 0.194447 0.979771 0.047317
0.454924 0.134682 -0.045471 0.178998 -0.289813 0.940196
0.086082 0.165779 -0.429551 0.352936 0.926706 0.129043
0.088746 0.089088 -0.367755 0.176067 0.122535 0.976722
0.072320 0.092571 -0.491997 0.120455 0.272633 -0.954548
0.221966 0.090382 -0.432208 0.539190 0.840431 -0.054314
0.214183 0.036593 -0.381937 0.138004 -0.360906 0.922335
-0.494019 0.185661 -0.134566 -0.983173 -0.137126 -0.120698
