 -0.500000   0.123466  -0.157061
 -0.392049   0.112289   0.008298
 -0.047307   0.110291   0.043834
 -0.022570   0.097935  -0.127790
 -0.013780   0.100346  -0.281440
 -0.056234   0.103320  -0.412094
 -0.305687   0.103346   0.140586
  0.117146   0.090499   0.048552
  0.163632   0.090569  -0.120786
  0.147802   0.090475  -0.281471
  0.072106   0.081196  -0.417109
 -0.270758   0.083456   0.313117
  0.270402   0.067371   0.053050
  0.337950   0.069157  -0.113901
  0.291168   0.070038  -0.281275
  0.172653   0.065800  -0.421067
 -0.234777   0.053919   0.456971
  0.400173   0.070869   0.056358
  0.482487   0.047771  -0.108107
  0.420258   0.062043  -0.281297
  0.252529   0.071564  -0.424486
