-0.273721 0.030211 0.284607 0.099985 -0.988086 -0.117000
-0.299197 0.035981 0.150118 -0.088812 -0.977424 0.191718
-0.203145 0.100281 0.161599 0.996421 -0.022005 0.081611
-0.201943 0.089557 0.283285 0.977391 0.211344 0.006318
-0.197715 0.052850 0.426768 0.920727 -0.377139 0.100139
-0.257756 0.012976 0.413510 0.032141 -0.988873 0.145249
-0.254855 0.059220 0.477930 0.131440 -0.320475 0.938093
-0.318873 0.051329 0.443225 -0.875475 -0.387870 0.288272
-0.345808 0.090121 0.296669 -0.962686 0.119923 0.242598
-0.378710 0.104514 0.160611 -0.878769 -0.051486 0.474463
-0.364725 0.031674 0.059239 -0.392011 -0.909450 0.138664
-0.429198 0.104378 0.078878 -0.897454 -0.188647 0.398733
-0.240296 0.023146 0.056762 0.025812 -0.981414 0.190156
-0.235807 0.015683 -0.172777 -0.087205 -0.996179 -0.004723
-0.071352 0.000000 -0.157235 0.018871 -0.999753 0.011727
-0.092250 0.025398 0.034468 0.058349 -0.886172 0.459669
-0.276705 0.021902 -0.381601 -0.143003 -0.938226 -0.315091
-0.438254 0.038505 -0.178202 -0.342917 -0.939365 0.001037
0.209286 0.022634 -0.423351 0.265203 -0.963992 -0.019661
0.264054 0.062424 -0.424856 0.945585 -0.323646 -0.033494
0.232171 0.049035 -0.382343 0.279746 -0.363300 0.888681
0.145478 0.072724 -0.370443 0.037229 -0.126009 0.991330
0.084428 0.033885 0.051614 -0.094978 -0.990169 -0.102687
0.091112 0.094631 -0.004419 0.043390 0.218502 -0.974871
0.229390 0.074193 -0.008871 0.029678 -0.046100 -0.998496
0.216493 0.019587 0.051452 -0.089914 -0.995949 -0.001032
0.373355 0.045774 0.004638 0.195559 -0.377269 -0.905221
0.348782 0.014863 0.052131 0.208043 -0.978119 0.000761
0.410887 0.060934 0.052069 0.944576 -0.328287 0.002092
0.373156 0.045805 0.099217 0.188930 -0.375795 0.907240
0.228931 0.074036 0.111785 0.022883 0.002127 0.999736
0.087046 0.095002 0.106319 0.037833 0.195786 0.979917
-0.017117 0.032866 0.051008 0.248911 -0.914138 0.319992
-0.019949 0.107999 0.103539 0.021921 -0.153193 0.987953
-0.295895 0.179992 0.168617 -0.059410 0.913117 0.403347
-0.274541 0.150376 0.300149 0.199899 0.960924 0.191481
-0.255043 0.114072 0.447667 0.034750 0.921929 0.385796
-0.171047 0.104325 0.117597 0.372528 -0.075526 0.924942
-0.376604 0.194389 0.074948 -0.440969 0.800432 0.406024
-0.232159 0.202165 0.078700 0.077411 0.933984 0.348829
-0.288970 0.229795 -0.252232 0.083801 0.986056 -0.143776
0.005151 0.170648 -0.202262 0.391536 0.915450 -0.093006
0.020170 0.170653 -0.284686 0.286345 0.945980 -0.152080
-0.050166 0.166822 -0.351222 0.315618 0.894529 -0.316547
-0.056656 0.155106 -0.425284 0.130223 0.901981 -0.411671
-0.295315 0.184204 -0.381365 -0.120109 0.793449 -0.596668
0.031657 0.090278 -0.468043 0.009746 -0.198381 -0.980077
0.041555 0.137521 -0.418177 0.203797 0.978363 -0.035662
0.235724 0.099941 -0.423972 0.406553 0.913583 0.008994
0.008893 0.090059 -0.356234 0.996764 -0.069619 -0.040181
0.127741 0.096178 -0.335283 0.064728 0.175188 -0.982405
0.131571 0.144356 -0.282956 0.158989 0.969567 0.186179
0.035853 0.177750 -0.118365 0.261378 0.965063 0.018323
0.067318 0.102068 -0.183491 0.468339 0.410163 -0.782576
0.152240 0.152848 -0.118689 0.142566 0.989460 0.025383
-0.287774 0.234477 -0.086356 0.043781 0.997409 0.057076
-0.020420 0.170130 -0.039140 0.401850 0.905004 0.139587
0.242654 0.127691 0.047778 0.157724 0.987463 0.006351
0.097775 0.154233 0.048505 0.188906 0.969593 -0.155577
0.379317 0.102721 0.052126 0.319985 0.947421 0.001583
-0.008228 0.177023 0.047689 0.225434 0.908080 0.352945
0.030146 0.018594 -0.138563 0.475759 -0.876897 0.068596
0.011913 0.019984 -0.281419 0.374357 -0.910484 -0.175715
-0.061245 0.027128 -0.393615 0.169747 -0.942743 -0.287090
-0.147630 0.021207 -0.393578 -0.024547 -0.982160 -0.186440
-0.391942 0.042727 -0.352659 -0.596550 -0.763303 -0.247985
-0.428848 0.097641 -0.382855 -0.753870 -0.168798 -0.634970
-0.304486 0.091794 -0.433494 -0.273933 0.048696 -0.960515
0.024994 0.036989 -0.418402 -0.007641 -0.973097 0.230268
0.131294 0.025832 -0.421490 -0.122170 -0.970315 -0.208718
0.142264 0.077469 -0.473640 0.058533 0.312695 -0.948048
0.033188 0.084817 -0.369821 0.152731 0.319387 0.935235
0.051426 0.102768 -0.337922 0.328364 0.147828 -0.932912
0.246469 0.023501 -0.283536 -0.096406 -0.995083 -0.022700
0.258363 0.078028 -0.341168 0.028325 -0.021413 -0.999369
0.394624 0.047917 -0.327920 0.190985 -0.373814 -0.907628
0.394447 0.047425 -0.238541 0.190457 -0.380713 0.904867
0.258175 0.074783 -0.225690 0.028725 -0.021571 0.999355
0.047653 0.101091 -0.228967 0.870001 0.164719 0.464722
0.148206 0.095530 -0.179644 0.063565 0.108922 -0.992016
0.141313 0.029976 -0.118914 -0.075007 -0.997144 -0.008820
0.300489 0.076241 -0.185570 0.033782 -0.022429 -0.999178
0.286442 0.014335 -0.118543 -0.090845 -0.995772 -0.013583
0.431760 0.008926 -0.117320 0.206842 -0.978373 -0.001732
0.458982 0.043104 -0.169428 0.197808 -0.376934 -0.904872
0.500000 0.059482 -0.117173 0.944531 -0.328388 0.004787
0.458344 0.042785 -0.065489 0.187715 -0.380168 0.905668
0.299648 0.074052 -0.051259 0.024002 -0.020883 0.999494
0.142880 0.094109 -0.058000 -0.003067 0.047060 0.998887
0.056130 0.101702 -0.056234 0.405788 0.258850 0.876546
0.019726 0.101002 -0.009854 0.889094 -0.080015 -0.450677
-0.482074 0.200984 -0.244723 -0.380086 0.900358 -0.211873
-0.491601 0.204386 -0.076484 -0.504953 0.834438 0.220762
-0.403209 0.168756 -0.345212 -0.642984 0.416471 -0.642747
-0.071237 0.088804 -0.477930 -0.093144 -0.098955 -0.990723
0.178579 0.105778 -0.422201 0.169008 0.952103 0.254825
0.400237 0.101232 -0.283055 0.335868 0.941773 0.015991
0.314986 0.135603 -0.118673 0.130549 0.991211 0.021394
0.465305 0.105412 -0.117220 0.331217 0.943491 0.010977
0.229547 0.050017 -0.465900 0.228715 -0.353766 -0.906939
0.121768 0.037658 -0.283222 -0.059253 -0.998058 -0.019230
0.371400 0.018364 -0.283024 0.203877 -0.978984 -0.004975
0.430067 0.061734 -0.283149 0.944450 -0.328655 0.000071
0.123644 0.093779 -0.230660 0.044408 0.057714 0.997345
0.271026 0.127800 -0.283734 0.140615 0.989534 0.032402
-0.500000 0.123466 -0.157061 -0.925257 -0.377737 -0.034846
