 -0.500000   0.182011  -0.147961
 -0.411939   0.152346   0.005750
 -0.081723   0.152468   0.052448
 -0.068431   0.149933  -0.091923
 -0.056041   0.154037  -0.241244
 -0.127402   0.130966  -0.354634
 -0.341490   0.128613   0.128719
  0.076861   0.132672   0.055622
  0.131272   0.138543  -0.086040
  0.107873   0.132228  -0.240291
  0.014639   0.115553  -0.369125
 -0.331326   0.081730   0.291246
  0.231230   0.113169   0.058730
  0.323345   0.112489  -0.079094
  0.277784   0.111492  -0.239447
  0.134927   0.080314  -0.379296
 -0.308024   0.033544   0.419677
  0.367211   0.101251   0.061026
  0.484538   0.112589  -0.075136
  0.403950   0.087390  -0.238080
  0.233132   0.042016  -0.387450
