0 1
0 2
0 3
0 4
0 5
0 7
0 8
1 0
1 2
1 37
1 8
1 9
1 10
1 12
2 0
2 1
2 34
2 3
2 35
2 37
3 0
3 2
3 35
3 4
3 36
4 0
4 3
4 36
4 5
4 6
5 0
5 4
5 6
5 7
6 4
6 5
6 36
6 7
7 0
7 36
7 5
7 6
7 8
8 0
8 1
8 34
8 35
8 36
8 7
8 9
9 1
9 34
9 38
9 8
9 10
9 11
10 1
10 9
10 105
10 11
10 12
10 13
10 17
11 38
11 9
11 10
11 105
11 92
12 1
12 37
12 10
12 13
12 14
12 15
13 64
13 10
13 12
13 14
13 16
13 17
14 32
14 64
14 12
14 13
14 15
14 61
14 62
14 63
15 32
15 33
15 37
15 12
15 14
16 64
16 65
16 66
16 67
16 13
16 17
16 94
17 65
17 105
17 10
17 13
17 16
18 99
18 19
18 20
18 69
19 48
19 18
19 99
19 20
20 69
20 48
20 18
20 19
20 21
21 68
21 69
21 71
21 48
21 20
21 95
22 32
22 23
22 24
22 25
22 90
22 30
22 31
23 90
23 22
23 24
23 57
23 58
24 22
24 23
24 25
24 26
24 59
24 57
25 22
25 24
25 26
25 27
25 29
25 30
26 59
26 24
26 25
26 27
26 28
27 25
27 26
27 28
27 29
28 59
28 26
28 27
28 29
29 59
29 25
29 27
29 28
29 30
30 22
30 25
30 59
30 31
30 29
30 57
31 32
31 33
31 22
31 57
31 58
31 60
31 30
32 33
32 14
32 15
32 22
32 90
32 61
32 31
33 32
33 37
33 15
33 60
33 31
34 2
34 35
34 37
34 38
34 39
34 8
34 9
35 2
35 34
35 3
35 36
35 8
36 35
36 4
36 3
36 6
36 7
36 8
37 33
37 34
37 2
37 1
37 39
37 12
37 15
37 60
38 34
38 39
38 9
38 11
38 92
39 34
39 37
39 38
39 92
39 55
39 60
40 41
40 42
40 43
40 44
40 45
40 52
40 55
40 91
41 40
41 42
41 78
41 52
41 53
42 40
42 41
42 72
42 43
42 78
42 50
42 51
43 40
43 72
43 42
43 44
43 49
44 40
44 43
44 45
44 46
44 47
44 49
44 94
45 67
45 40
45 44
45 91
45 93
45 94
46 68
46 69
46 70
46 44
46 47
46 94
46 63
47 70
47 71
47 44
47 46
47 49
47 95
48 99
48 70
48 19
48 20
48 21
48 95
49 68
49 71
49 72
49 43
49 44
49 47
49 62
49 63
50 100
50 72
50 104
50 42
50 74
50 51
50 62
51 103
51 104
51 42
51 78
51 50
52 40
52 41
52 53
52 54
52 55
52 56
52 89
53 41
53 78
53 79
53 52
53 54
53 61
54 97
54 79
54 52
54 53
54 88
54 89
55 39
55 40
55 92
55 52
55 56
55 91
55 60
56 52
56 55
56 89
56 90
56 60
57 23
57 24
57 58
57 59
57 30
57 31
58 23
58 57
58 90
58 60
58 31
59 24
59 57
59 26
59 28
59 29
59 30
60 33
60 90
60 37
60 39
60 55
60 56
60 58
60 31
61 32
61 14
61 78
61 79
61 80
61 53
61 88
61 89
61 90
61 62
62 100
62 103
62 72
62 14
62 78
62 49
62 50
62 61
62 63
63 64
63 68
63 46
63 14
63 49
63 62
63 94
64 13
64 14
64 16
64 94
64 63
65 16
65 17
65 66
65 105
66 65
66 67
66 105
66 16
66 93
67 66
67 45
67 16
67 93
67 94
68 69
68 71
68 46
68 49
68 21
68 63
69 99
69 68
69 70
69 46
69 18
69 20
69 21
70 99
70 69
70 46
70 47
70 48
70 95
71 68
71 47
71 49
71 21
71 95
72 42
72 43
72 49
72 50
72 62
73 100
73 101
73 74
73 75
73 76
73 77
74 96
74 100
74 104
74 73
74 75
74 50
75 96
75 101
75 102
75 73
75 74
76 96
76 101
76 102
76 73
76 77
77 96
77 100
77 103
77 104
77 73
77 76
78 103
78 41
78 42
78 51
78 53
78 61
78 62
79 97
79 80
79 81
79 53
79 54
79 61
80 79
80 81
80 82
80 87
80 88
80 61
81 97
81 98
81 79
81 80
81 82
81 84
82 80
82 81
82 83
82 84
82 86
82 87
83 82
83 84
83 85
83 86
84 98
84 81
84 82
84 83
84 85
85 98
85 83
85 84
85 86
86 98
86 82
86 83
86 85
86 87
87 97
87 98
87 80
87 82
87 86
87 88
88 97
88 80
88 54
88 87
88 89
88 61
89 52
89 54
89 56
89 90
89 88
89 61
90 32
90 22
90 23
90 56
90 89
90 58
90 60
90 61
91 40
91 105
91 45
91 55
91 92
91 93
92 38
92 39
92 105
92 11
92 55
92 91
93 66
93 67
93 105
93 45
93 91
94 64
94 67
94 44
94 45
94 46
94 16
94 63
95 70
95 71
95 47
95 48
95 21
96 102
96 104
96 74
96 75
96 76
96 77
97 98
97 79
97 81
97 54
97 87
97 88
98 97
98 81
98 84
98 85
98 86
98 87
99 69
99 70
99 48
99 18
99 19
100 103
100 73
100 74
100 77
100 50
100 62
101 73
101 75
101 76
101 102
102 96
102 75
102 76
102 101
103 100
103 104
103 77
103 78
103 51
103 62
104 96
104 103
104 74
104 77
104 50
104 51
105 65
105 66
105 10
105 11
105 17
105 91
105 92
105 93
