0 1
0 2
0 3
0 4
0 50
0 51
1 0
1 2
1 74
1 138
1 76
1 51
1 52
1 53
2 0
2 1
2 138
2 3
3 0
3 2
3 4
3 5
3 138
3 139
4 0
4 3
4 5
4 6
4 18
4 19
4 50
5 3
5 4
5 6
5 7
5 139
5 143
6 4
6 5
6 7
6 8
6 17
6 18
7 5
7 6
7 8
7 9
7 143
7 144
7 145
8 6
8 7
8 9
8 10
8 16
8 17
9 7
9 8
9 135
9 10
9 11
9 145
10 8
10 9
10 11
10 12
10 14
10 15
10 16
11 135
11 9
11 10
11 12
11 13
12 10
12 11
12 13
12 14
13 11
13 12
13 14
13 135
14 135
14 10
14 12
14 13
14 15
15 135
15 10
15 14
15 16
15 145
16 8
16 10
16 15
16 144
16 17
16 145
17 130
17 6
17 8
17 143
17 16
17 144
17 18
18 130
18 4
18 6
18 140
18 17
18 19
18 20
19 4
19 50
19 18
19 20
19 21
20 140
20 141
20 18
20 19
20 21
20 22
21 131
21 48
21 49
21 50
21 19
21 20
21 22
21 23
22 131
22 132
22 141
22 112
22 114
22 20
22 21
23 131
23 48
23 21
23 24
23 25
23 26
23 27
23 28
24 131
24 103
24 105
24 23
24 25
25 96
25 105
25 119
25 23
25 24
25 26
25 95
26 23
26 25
26 27
26 92
26 93
26 95
27 92
27 23
27 26
27 28
27 29
27 30
28 41
28 42
28 43
28 48
28 23
28 27
28 29
29 40
29 41
29 27
29 28
29 30
29 31
30 32
30 102
30 136
30 27
30 92
30 29
30 31
31 32
31 33
31 34
31 40
31 29
31 30
32 33
32 136
32 137
32 30
32 31
33 32
33 34
33 35
33 134
33 137
33 31
34 33
34 35
34 36
34 38
34 39
34 40
34 31
35 33
35 34
35 36
35 37
35 134
36 34
36 35
36 37
36 38
37 134
37 35
37 36
37 38
38 34
38 36
38 37
38 134
38 39
39 34
39 134
39 38
39 40
39 137
40 34
40 102
40 39
40 136
40 41
40 137
40 29
40 31
41 102
41 40
41 42
41 90
41 28
41 29
42 41
42 43
42 44
42 88
42 90
42 28
43 42
43 44
43 45
43 46
43 47
43 48
43 28
44 42
44 43
44 45
44 87
44 88
45 43
45 44
45 46
45 150
45 87
46 43
46 45
46 150
46 47
47 129
47 43
47 46
47 48
47 150
48 129
48 43
48 47
48 49
48 21
48 23
48 28
49 48
49 129
49 50
49 21
50 0
50 129
50 4
50 49
50 19
50 51
50 21
50 124
51 0
51 1
51 50
51 53
51 124
52 1
52 73
52 74
52 53
52 54
52 55
53 1
53 51
53 52
53 54
53 124
53 125
53 126
54 52
54 53
54 55
54 56
54 126
55 73
55 52
55 54
55 56
55 57
56 54
56 55
56 57
56 58
56 59
56 126
56 127
57 71
57 73
57 55
57 56
57 58
58 67
58 69
58 71
58 56
58 57
58 59
58 60
59 128
59 56
59 58
59 60
59 61
59 127
60 67
60 58
60 59
60 61
60 62
61 64
61 128
61 59
61 60
61 62
61 63
62 66
62 67
62 60
62 61
62 63
63 64
63 65
63 66
63 61
63 62
64 128
64 65
64 61
64 63
65 64
65 128
65 66
65 86
65 63
66 65
66 67
66 68
66 86
66 62
66 63
67 66
67 68
67 69
67 58
67 60
67 62
68 66
68 67
68 69
68 70
68 86
69 67
69 68
69 70
69 71
69 58
70 68
70 69
70 71
70 72
70 85
70 86
71 69
71 70
71 72
71 73
71 57
71 58
72 70
72 71
72 73
72 74
72 75
72 83
72 84
72 85
73 71
73 72
73 74
73 52
73 55
73 57
74 1
74 72
74 73
74 75
74 76
74 52
75 72
75 74
75 76
75 77
75 82
75 83
76 1
76 74
76 75
76 138
76 109
76 77
76 78
77 75
77 76
77 78
77 79
77 81
77 82
78 76
78 109
78 77
78 79
78 80
79 77
79 78
79 80
79 81
79 150
80 109
80 78
80 79
80 150
80 87
80 88
80 89
81 77
81 79
81 82
81 150
81 123
82 75
82 77
82 81
82 83
82 123
82 124
82 125
83 72
83 75
83 82
83 84
83 125
84 72
84 83
84 85
84 125
84 126
84 127
85 70
85 72
85 84
85 86
85 127
86 128
86 65
86 66
86 68
86 70
86 85
86 127
87 44
87 45
87 80
87 150
87 88
88 42
88 44
88 80
88 87
88 89
88 90
89 109
89 80
89 88
89 90
89 91
90 102
90 41
90 42
90 88
90 89
90 91
90 92
91 103
91 104
91 109
91 110
91 89
91 90
91 92
91 93
91 94
92 26
92 102
92 27
92 90
92 91
92 93
92 30
93 26
93 91
93 92
93 94
93 95
94 96
94 97
94 103
94 105
94 91
94 93
94 95
95 96
95 25
95 26
95 93
95 94
96 97
96 98
96 119
96 25
96 94
96 95
97 96
97 98
97 99
97 105
97 106
97 94
98 96
98 97
98 99
98 100
98 101
98 119
98 120
99 97
99 98
99 100
99 106
99 107
100 98
100 99
100 101
100 107
100 108
100 122
101 98
101 100
101 120
101 121
101 122
102 136
102 41
102 40
102 90
102 92
102 30
103 131
103 104
103 105
103 24
103 91
103 94
104 131
104 103
104 110
104 111
104 112
104 91
105 97
105 103
105 106
105 119
105 24
105 25
105 94
106 97
106 99
106 105
106 107
106 119
107 99
107 100
107 106
107 108
107 119
107 120
108 100
108 107
108 120
108 121
108 122
109 138
109 139
109 76
109 78
109 110
109 80
109 89
109 91
110 130
110 104
110 139
110 140
110 109
110 111
110 91
111 104
111 140
111 141
111 110
111 142
111 112
111 113
112 131
112 104
112 111
112 113
112 114
112 22
113 142
113 111
113 112
113 114
113 115
114 132
114 112
114 113
114 115
114 116
114 22
115 142
115 113
115 114
115 116
115 117
115 149
116 132
116 133
116 114
116 115
116 117
116 118
117 115
117 148
117 116
117 147
117 118
117 149
118 133
118 146
118 147
118 116
118 117
119 96
119 98
119 105
119 106
119 107
119 120
119 25
120 98
120 101
120 107
120 108
120 119
120 121
121 120
121 122
121 108
121 101
122 100
122 121
122 108
122 101
123 81
123 82
123 124
123 150
124 129
124 50
124 51
124 82
124 53
124 150
124 123
124 125
125 82
125 83
125 84
125 53
125 124
125 126
126 84
126 53
126 54
126 56
126 125
126 127
127 128
127 84
127 85
127 86
127 56
127 59
127 126
128 64
128 65
128 86
128 59
128 61
128 127
129 47
129 48
129 49
129 50
129 150
129 124
130 139
130 140
130 110
130 143
130 17
130 18
131 103
131 104
131 112
131 21
131 22
131 23
131 24
132 133
132 141
132 142
132 114
132 116
132 149
132 22
133 132
133 146
133 116
133 148
133 118
133 149
134 33
134 35
134 37
134 38
134 39
134 137
135 9
135 11
135 13
135 14
135 15
135 145
136 32
136 102
136 40
136 137
136 30
137 32
137 33
137 134
137 39
137 136
137 40
138 1
138 2
138 3
138 139
138 76
138 109
139 130
139 3
139 5
139 138
139 109
139 110
139 143
140 130
140 141
140 110
140 111
140 18
140 20
141 132
141 140
141 142
141 111
141 20
141 22
142 132
142 141
142 111
142 113
142 115
142 149
143 130
143 5
143 7
143 139
143 144
143 17
144 7
144 143
144 16
144 145
144 17
145 135
145 7
145 9
145 15
145 144
145 16
146 147
146 148
146 133
146 118
147 146
147 148
147 117
147 118
148 133
148 146
148 147
148 117
148 149
149 132
149 133
149 142
149 115
149 148
149 117
150 129
150 45
150 46
150 79
150 80
150 81
150 47
150 87
150 123
150 124
