  0.500000   0.182012  -0.143821
  0.410710   0.156832  -0.006455
  0.069892   0.152850   0.051380
  0.041626   0.161150  -0.088677
  0.061860   0.159132  -0.243122
  0.114756   0.129113  -0.361667
  0.339277   0.136687   0.103438
 -0.083563   0.116245   0.055315
 -0.155997   0.134225  -0.083509
 -0.114169   0.133817  -0.243329
 -0.031136   0.114827  -0.369483
  0.330555   0.089032   0.274910
 -0.229772   0.077088   0.059115
 -0.334111   0.112215  -0.078889
 -0.280635   0.112987  -0.243569
 -0.143538   0.076608  -0.374831
  0.303147   0.039305   0.428571
 -0.356073   0.066578   0.062079
 -0.484258   0.112419  -0.075310
 -0.424573   0.101514  -0.243867
 -0.239222   0.040507  -0.379555
