0.200591 0.042607 -0.428189 0.131498 -0.430888 -0.892773
0.245892 0.039735 -0.377303 0.851115 -0.514030 -0.106662
0.181661 0.018536 -0.375330 -0.135930 -0.976052 0.169839
-0.043598 0.128752 -0.319057 0.761583 0.442164 0.473795
-0.078050 0.079759 -0.357516 0.171266 -0.969000 -0.178061
0.022661 0.106481 -0.321751 0.067765 -0.028718 0.997288
-0.084332 0.206489 -0.377556 0.337198 0.831093 -0.442246
0.027155 0.177246 -0.376594 0.248523 0.967700 0.042335
-0.119085 0.128506 -0.425859 -0.032759 -0.145159 -0.988866
0.008119 0.111018 -0.431382 -0.036480 -0.123547 -0.991668
-0.173565 0.047958 -0.357430 0.064584 -0.973633 -0.218786
-0.211826 0.128820 -0.410053 -0.148966 0.006997 -0.988818
-0.303864 0.051447 -0.347178 -0.139629 -0.891266 -0.431450
-0.333650 0.137925 -0.388830 -0.255623 0.083384 -0.963174
-0.456996 0.271966 -0.060228 -0.252774 0.962870 0.094797
-0.456996 0.271966 -0.220232 -0.398640 0.881941 -0.251528
-0.295974 0.272095 -0.230736 0.061464 0.990242 -0.125070
-0.284971 0.272095 -0.068130 0.094412 0.994058 0.054178
-0.373853 0.060588 0.163682 -0.499838 -0.859705 0.105207
-0.270208 0.045788 0.066737 0.082916 -0.992625 0.088429
-0.293632 0.054011 0.171245 0.562586 -0.823584 0.072151
-0.365815 0.144915 0.307894 -0.523070 0.775998 0.352455
-0.403219 0.083137 0.287552 -0.997373 -0.046349 0.055668
-0.362911 0.113329 0.358644 -0.453168 0.799849 0.393548
-0.299247 0.011250 0.301255 0.633222 -0.753000 -0.178943
-0.272871 0.061759 0.342050 0.993365 0.087211 0.074964
-0.273234 0.050423 0.384238 0.960179 -0.227737 0.161837
-0.303538 0.000000 0.355784 0.322132 -0.909205 0.263775
-0.397209 0.058844 0.340706 -0.998018 -0.053987 0.032348
-0.363028 0.097783 0.411360 -0.587829 0.598799 0.543964
-0.353770 0.013987 0.302007 -0.504227 -0.830822 -0.235565
-0.397585 0.047958 0.383288 -0.916621 -0.342716 0.205797
-0.359694 0.026925 0.269318 -0.531265 -0.801994 -0.273064
-0.422285 0.061870 0.066435 -0.461949 -0.878743 -0.120059
-0.456996 0.143065 0.093613 -0.951373 -0.009355 0.307900
-0.256252 0.058875 -0.140036 -0.212300 -0.977192 0.004843
-0.127722 0.059657 -0.136541 0.106210 -0.994182 0.017944
-0.220228 0.140107 0.129815 0.555871 -0.044341 0.830085
-0.163246 0.066697 0.063797 0.161882 -0.902208 0.399769
-0.146301 0.139071 0.120409 0.076804 -0.078115 0.993981
-0.069069 0.139071 0.118054 0.068099 -0.064944 0.995563
-0.112157 0.233957 0.072994 0.161095 0.677989 0.717202
-0.275823 0.250052 0.095900 0.143091 0.931725 0.333788
-0.411892 0.252591 0.099617 -0.658749 0.653389 0.373004
-0.373625 0.189279 0.188986 -0.405294 0.729254 0.551295
-0.419431 0.128949 0.167479 -0.948134 0.051661 0.313644
-0.301214 0.098443 0.411317 0.420855 0.669518 0.612068
-0.301103 0.114118 0.358909 0.626653 0.694082 0.354339
0.194051 0.199246 -0.081235 0.123963 0.990437 0.060570
0.145354 0.202630 -0.082246 0.135131 0.990230 0.034407
0.182616 0.128012 -0.025973 -0.001999 -0.107255 0.994230
0.457794 0.092488 -0.036347 0.266680 -0.326830 0.906678
0.500000 0.105593 -0.083498 0.952407 -0.304828 0.000688
0.461726 0.153107 -0.081858 0.352897 0.934111 0.053857
-0.000763 0.144268 -0.016794 0.425477 0.204227 0.881624
0.027709 0.225457 -0.083331 0.445963 0.894009 0.043189
-0.041533 0.221820 0.057102 0.260233 0.891045 0.371910
-0.011649 0.154309 -0.001865 0.350065 0.491982 -0.797125
0.058136 0.203247 0.056430 0.206419 0.976412 -0.063333
0.058296 0.126854 -0.002333 -0.003975 -0.114953 -0.993363
0.106932 0.194518 0.057639 0.131548 0.982408 -0.132552
0.099473 0.128814 0.121229 -0.000403 -0.123056 0.992400
0.195851 0.121429 0.122055 0.042248 0.127983 0.990876
0.199882 0.176913 0.059358 0.225449 0.971434 0.074086
0.242021 0.111973 0.119225 0.102559 -0.125660 0.986758
0.258640 0.159931 0.059032 0.189702 0.969725 -0.153777
0.335588 0.103448 0.107180 0.328712 0.225707 0.917063
0.336685 0.153199 0.057922 0.400207 0.916297 -0.015320
0.325620 0.065014 0.057232 0.166002 -0.959148 0.229083
0.378596 0.107547 0.059568 0.989988 -0.124733 0.066075
0.218153 0.068392 0.056178 -0.043226 -0.999024 0.009102
0.180860 0.070587 0.055678 -0.100360 -0.994442 -0.031830
0.090424 0.081577 0.055641 -0.095779 -0.986205 0.135006
0.055738 0.131754 0.124157 0.022031 -0.057569 0.998098
-0.094009 0.230844 -0.006562 0.267183 0.942490 0.200813
-0.423826 0.057531 -0.303579 -0.475453 -0.873525 0.104400
-0.456996 0.143324 -0.347653 -0.753275 -0.163982 -0.636936
-0.431827 0.221924 -0.311703 -0.601808 0.519221 -0.606826
-0.314615 0.223675 -0.347178 -0.073242 0.807993 -0.584622
-0.105413 0.227941 -0.300121 0.237268 0.895093 -0.377508
-0.144704 0.226357 -0.368445 -0.050442 0.724082 -0.687867
-0.020649 0.071739 -0.243237 0.258709 -0.956911 -0.131875
-0.031997 0.140698 -0.308140 0.210510 0.294321 -0.932234
0.099806 0.127988 -0.310754 0.009387 -0.291278 -0.956592
0.105181 0.198994 -0.240827 0.166689 0.977784 -0.127099
0.139633 0.125491 -0.306186 0.013863 -0.140363 -0.990003
0.143381 0.189322 -0.240334 0.121367 0.991908 -0.037272
0.000272 0.227706 -0.242738 0.488790 0.862492 -0.131118
0.398808 0.147596 -0.245185 0.357389 0.933608 -0.025496
0.435325 0.106838 -0.243983 0.951593 -0.307144 0.011569
0.390252 0.092100 -0.294844 0.275082 -0.389277 -0.879087
0.101113 0.134510 -0.176460 0.004457 -0.363856 0.931445
0.010881 0.136340 -0.177311 0.378744 0.432321 0.818323
-0.067929 0.234734 -0.165519 0.299461 0.953056 -0.044810
-0.073150 0.250976 -0.235248 0.144022 0.985488 -0.089843
-0.062504 0.250976 -0.085778 0.149667 0.987535 0.048721
0.141649 0.136907 -0.154590 0.023926 -0.308237 -0.951009
0.189576 0.131803 -0.150614 0.050178 0.157430 -0.986255
-0.047426 0.087137 0.062015 0.189318 -0.961414 0.199603
0.047090 0.085399 0.055524 -0.044921 -0.997357 -0.057103
0.100133 0.123913 -0.003504 -0.037701 -0.323348 -0.945529
0.196511 0.116535 -0.002685 0.099387 0.341603 -0.934574
0.245023 0.104138 0.001507 0.072191 -0.144618 -0.986851
0.341512 0.099244 0.010488 0.253447 -0.093280 -0.962841
0.000433 0.071536 -0.091203 0.245463 -0.967319 0.063575
0.076789 0.166342 -0.377278 0.314058 0.929069 0.195442
0.072308 0.098387 -0.322429 0.092838 0.111061 0.989468
0.151684 0.131273 -0.376908 0.437658 0.887124 0.146515
0.058111 0.102924 -0.432707 0.112924 0.294102 -0.949080
0.126374 0.086207 -0.430697 0.063433 -0.036379 -0.997323
0.053359 0.062462 -0.374363 -0.211009 -0.968737 -0.130477
0.119341 0.046947 -0.374905 -0.359412 -0.917239 -0.171742
0.131595 0.078508 -0.321387 -0.038340 -0.312998 0.948980
0.211200 0.040838 -0.335010 0.419342 0.132539 0.898101
0.222863 0.087649 -0.379633 0.624197 0.722045 -0.298379
0.006283 0.068626 -0.372322 -0.135529 -0.986576 0.091105
-0.403195 0.099737 0.246874 -0.988268 -0.119468 0.095154
-0.359780 0.042274 0.229140 -0.477622 -0.850394 -0.220699
-0.298267 0.145741 0.308177 0.501138 0.766560 0.401555
-0.267335 0.086324 0.289013 0.997914 -0.054163 0.035134
-0.358042 0.002589 0.357466 -0.353194 -0.931056 0.091594
-0.358880 0.039057 0.432707 -0.288269 -0.465931 0.836546
-0.300104 0.023763 0.268455 0.463997 -0.824314 -0.324366
-0.300209 0.039383 0.228363 0.566719 -0.789001 -0.237290
-0.267317 0.102930 0.248341 0.991486 -0.091870 0.092282
-0.253441 0.127692 0.193628 0.942494 0.006287 0.334164
-0.298150 0.158846 0.266347 0.514620 0.774847 0.367122
-0.365691 0.157958 0.266051 -0.504200 0.782500 0.365344
-0.291073 0.187731 0.201542 0.420481 0.772113 0.476485
-0.297071 0.039722 0.432652 0.486088 -0.438057 0.756191
0.292820 0.119851 -0.148277 0.056034 0.144485 -0.987919
0.177519 0.058646 -0.084780 -0.069435 -0.966346 -0.247696
0.293961 0.113058 -0.024820 0.018520 0.200736 0.979470
0.282181 0.047471 -0.082406 -0.087936 -0.979586 0.180772
0.342140 0.109649 -0.023834 0.086243 0.145783 0.985550
0.328819 0.047236 -0.080459 0.003145 -0.999802 -0.019648
0.429851 0.053512 -0.083701 0.322100 -0.946291 -0.028025
0.388600 0.161681 -0.084521 0.182580 0.974742 -0.128617
0.311140 0.182307 -0.080699 0.173843 0.974426 0.142381
0.350783 0.113335 -0.145756 0.085053 -0.034941 -0.995764
0.458897 0.095718 -0.132731 0.266736 -0.342675 -0.900792
0.132427 0.133116 -0.020105 -0.003416 -0.322469 0.946574
0.244197 0.120153 -0.308171 0.060870 0.378940 -0.923417
0.230623 0.061482 -0.242510 -0.095317 -0.994623 0.040488
0.292488 0.108792 -0.306051 0.057257 -0.013513 -0.998268
0.276152 0.056736 -0.243280 -0.064516 -0.997016 0.042379
0.369097 0.055626 -0.243009 0.300270 -0.953678 0.018341
0.389593 0.093807 -0.195261 0.262082 -0.335308 0.904921
0.291828 0.115314 -0.183740 0.066973 0.002265 0.997752
0.244998 0.123765 -0.182933 0.087604 0.369824 0.924962
0.138591 0.132019 -0.179450 0.031519 -0.142698 0.989264
0.131268 0.070919 -0.241733 -0.064673 -0.996928 0.044181
0.093617 0.073817 -0.242115 -0.005871 -0.998803 0.048562
0.330176 0.156269 -0.243490 0.198479 0.978803 -0.050509
0.257259 0.174743 -0.243065 0.173680 0.984360 -0.029503
0.020053 0.136907 -0.160137 0.500805 0.282593 -0.818129
0.129370 0.061642 -0.085828 -0.071364 -0.996904 -0.032995
-0.500000 0.182011 -0.147961 -0.904917 -0.425156 0.019173
