0.049138 0.045013 -0.278541 -0.261921 -0.958991 -0.108319
0.179862 0.030656 -0.158342 -0.117232 -0.993029 0.012254
0.020062 0.044614 -0.107266 -0.276365 -0.959443 0.055603
0.008377 0.120619 -0.184928 -0.368308 0.333512 -0.867824
0.021139 0.121004 -0.204278 -0.229812 0.385667 0.893559
-0.187687 0.140115 -0.209340 -0.060770 -0.364079 0.929383
-0.185142 0.207064 -0.276087 -0.021438 0.998574 -0.048887
-0.226602 0.141339 -0.212438 -0.107486 0.296408 0.948994
-0.225588 0.200966 -0.275569 -0.154727 0.976959 -0.147009
-0.380262 0.174226 -0.280744 -0.279101 0.959858 -0.027861
-0.425813 0.132856 -0.279387 -0.977637 -0.209978 0.011608
-0.376010 0.112892 -0.224501 -0.206081 -0.298826 0.931791
-0.186295 0.076711 -0.277415 -0.118202 -0.992919 -0.011860
-0.187023 0.133248 -0.348595 -0.062371 -0.226903 -0.971918
0.069697 0.121018 -0.351672 -0.138244 0.291526 -0.946520
0.081536 0.106417 -0.363951 -0.621733 0.475313 0.622515
0.043404 0.222197 -0.277982 -0.340154 0.934395 -0.105839
0.154723 0.220239 -0.342623 -0.238779 0.896991 -0.372009
0.118374 0.246203 -0.269548 -0.140828 0.986028 -0.088972
0.112493 0.227889 -0.190998 -0.292680 0.955137 -0.045292
0.369416 0.269978 -0.264465 0.123824 0.984268 -0.126033
0.390409 0.215435 -0.395643 0.387235 0.767720 -0.510545
0.198994 0.218462 -0.419600 0.050456 0.724066 -0.687883
0.274615 0.108570 -0.466466 0.148947 0.006997 -0.988820
0.170128 0.108221 -0.484277 0.026856 -0.146053 -0.988912
0.231497 0.017475 -0.407195 -0.064607 -0.973632 -0.218786
0.123899 0.053313 -0.407300 -0.167196 -0.970693 -0.172629
-0.015398 0.096018 -0.490507 0.020855 -0.136543 -0.990415
-0.018111 0.048271 -0.423964 0.037873 -0.996978 0.067824
-0.071564 0.046677 -0.426278 0.261392 -0.963552 -0.056941
0.130982 0.196078 -0.429859 -0.270377 0.861248 -0.430289
-0.029209 0.172380 -0.428789 -0.129909 0.981161 0.142993
-0.253245 0.039391 -0.429593 -0.898391 -0.426072 -0.106562
-0.214176 0.036593 -0.381937 -0.138014 -0.360917 0.922329
0.324662 0.029775 -0.162279 0.372843 -0.927889 -0.003162
0.378290 0.021405 -0.395643 0.563766 -0.810561 -0.158615
0.411856 0.118829 -0.442572 0.835493 -0.052183 -0.547018
0.357018 0.269978 -0.081267 0.075408 0.995110 0.063791
0.106382 0.246203 -0.101155 -0.144519 0.988345 0.047832
0.286684 0.052901 0.407391 -0.491262 -0.813954 0.310066
0.324459 0.121815 0.491997 -0.020244 -0.180807 0.983310
0.258412 0.122514 0.469941 -0.729318 -0.179420 0.660230
0.250280 0.116927 0.408726 -0.973261 -0.170024 -0.154448
0.276468 0.177827 0.430054 -0.537575 0.830693 0.144782
0.342522 0.177128 0.452110 0.514142 0.727749 0.453916
0.383388 0.113941 0.452417 0.826554 -0.248071 0.505241
0.425359 0.117836 0.345350 0.934737 0.041060 0.352959
0.378696 0.051236 0.330295 0.524639 -0.830081 0.188996
0.393940 0.053488 0.284359 0.435939 -0.876743 0.203173
0.330131 0.050131 0.263535 -0.641835 -0.751372 -0.153261
0.343837 0.045649 0.198271 -0.592299 -0.788600 0.165201
0.301467 0.132374 0.182173 -0.999533 0.020924 -0.022276
0.288663 0.123171 0.101462 -0.523100 -0.048987 0.850862
0.345704 0.199414 0.183383 -0.518161 0.833703 0.190912
0.346704 0.245154 0.103532 -0.038578 0.970995 0.235967
0.438414 0.196638 0.199208 0.311859 0.820112 0.479749
0.400667 0.190288 0.285219 0.346104 0.918066 0.193307
0.440799 0.121227 0.298436 0.898765 0.064449 0.433669
0.385346 0.191086 0.332155 0.379118 0.903207 0.201214
0.328389 0.191344 0.261416 -0.522018 0.850812 -0.060136
0.313068 0.192072 0.308352 -0.579547 0.806531 -0.116758
0.295257 0.125164 0.250962 -0.975432 0.073295 -0.207750
0.279824 0.121738 0.297876 -0.960861 0.052064 -0.272096
0.314879 0.047544 0.309470 -0.544923 -0.826422 -0.141725
0.344732 0.056264 0.427446 0.248428 -0.891573 0.378658
0.432932 0.050020 0.216662 0.665931 -0.746013 0.000016
0.352857 0.000000 0.086547 0.288702 -0.957405 0.005246
0.219882 0.038593 0.067358 -0.173855 -0.881304 0.439407
0.200785 0.120123 0.131133 0.150747 -0.008315 0.988537
0.111249 0.118234 0.128475 -0.064134 -0.068501 0.995588
0.080117 0.063026 0.065344 -0.214090 -0.960746 0.176444
-0.084795 0.133500 0.132545 -0.018120 -0.055337 0.998303
-0.086872 0.083221 0.058268 -0.037844 -0.997725 -0.055790
-0.148359 0.074411 0.058428 0.001958 -0.992165 0.124921
-0.148534 0.129836 0.130266 -0.092745 -0.127478 0.987496
-0.308033 0.083949 0.059967 -0.176254 -0.983553 0.039463
-0.314096 0.128444 0.116238 -0.214359 0.325407 0.920956
-0.361661 0.138556 0.062596 -0.997777 -0.007339 0.066235
-0.308719 0.184065 0.060736 -0.227845 0.973495 -0.019868
-0.143241 0.189673 0.062421 -0.097956 0.986087 -0.134301
-0.076718 0.210456 0.059247 -0.106361 0.984516 -0.139342
0.091459 0.214477 0.059813 -0.143156 0.907464 0.394988
0.162317 0.227022 0.077722 -0.092786 0.624102 0.775814
0.141877 0.223518 -0.011912 -0.263256 0.943471 0.201394
0.049048 0.142926 -0.006619 -0.245913 0.447693 -0.859708
-0.086557 0.128374 -0.004339 -0.064425 -0.166330 -0.983963
-0.149457 0.124605 -0.004724 -0.036343 -0.297606 -0.953997
-0.321299 0.124535 0.007304 -0.202232 0.324268 -0.924096
0.032754 0.125570 -0.023429 -0.325078 0.241317 0.914380
0.013671 0.220602 -0.098399 -0.322013 0.946069 0.035514
-0.194016 0.220686 -0.097392 0.035202 0.998829 -0.033173
-0.199924 0.149513 -0.175873 -0.070063 -0.307391 -0.949001
-0.198050 0.066788 -0.101273 -0.102599 -0.992476 0.066819
-0.190589 0.144045 -0.029954 -0.046843 -0.242012 0.969142
-0.245266 0.145961 -0.036324 -0.062293 0.097361 0.993298
-0.246888 0.224224 -0.096288 -0.071086 0.986901 0.144822
-0.252182 0.151080 -0.171565 -0.074820 0.287311 -0.954911
-0.250182 0.070655 -0.100141 -0.055414 -0.993519 -0.099240
-0.429813 0.086837 -0.098805 -0.323817 -0.945693 -0.028427
-0.454952 0.134947 -0.045464 -0.178994 -0.289808 0.940198
-0.500000 0.156149 -0.098588 -0.985382 -0.170359 0.000849
-0.449883 0.202931 -0.096735 -0.194516 0.979866 0.045010
0.487972 0.124507 0.213704 0.969956 -0.205014 0.130974
0.500000 0.248014 0.107714 0.612965 0.786512 0.075315
-0.228343 0.134605 -0.343854 -0.076160 0.170352 -0.982436
-0.376947 0.111053 -0.336686 -0.196610 -0.345507 -0.917589
-0.225413 0.077550 -0.277017 0.069188 -0.993197 0.093662
-0.357368 0.067767 -0.278289 -0.266188 -0.963753 0.018023
-0.088746 0.089088 -0.367755 -0.176070 0.122526 0.976722
-0.183589 0.008252 -0.427362 0.040124 -0.999191 -0.002769
-0.202092 0.037370 -0.486913 -0.093172 -0.432136 -0.896982
-0.072320 0.092571 -0.491997 -0.120406 0.272585 -0.954568
-0.032188 0.092543 -0.366993 -0.050304 -0.076446 0.995804
-0.086082 0.165779 -0.429551 -0.352926 0.926710 0.129039
-0.221966 0.090382 -0.432208 -0.539331 0.840306 -0.054846
-0.455652 0.138451 -0.154048 -0.210186 -0.297925 -0.931162
0.494019 0.185661 -0.138711 0.983175 -0.137105 -0.120700
