  0.499999   0.120687  -0.159803
  0.377781   0.112912  -0.006326
  0.039508   0.111385   0.022283
 -0.011590   0.107646  -0.116028
 -0.018883   0.105742  -0.276500
  0.045904   0.102458  -0.413547
  0.280007   0.106692   0.116456
 -0.131439   0.089866   0.031875
 -0.188141   0.083298  -0.115860
 -0.174347   0.086262  -0.274225
 -0.092450   0.083727  -0.415477
  0.261578   0.081989   0.295511
 -0.293691   0.073242   0.040870
 -0.355567   0.071079  -0.115902
 -0.317447   0.073078  -0.272217
 -0.204264   0.071616  -0.417075
  0.244405   0.067846   0.461467
 -0.425926   0.086431   0.047643
 -0.492884   0.086494  -0.116384
 -0.442376   0.071632  -0.270645
 -0.295992   0.079416  -0.418663
