0 1
0 2
0 3
0 4
0 5
0 7
0 8
1 0
1 2
1 8
1 9
1 10
1 76
1 15
2 0
2 1
2 3
2 73
2 74
2 76
3 0
3 2
3 4
3 74
3 75
4 0
4 3
4 5
4 6
4 75
5 0
5 4
5 6
5 7
6 75
6 4
6 5
6 7
7 0
7 5
7 6
7 8
7 75
8 0
8 1
8 7
8 73
8 9
8 74
8 75
9 1
9 8
9 73
9 10
9 11
9 72
10 1
10 9
10 11
10 12
10 13
10 14
10 15
11 71
11 72
11 9
11 10
11 12
12 71
12 10
12 107
12 11
12 13
13 10
13 107
13 12
13 14
13 21
13 22
13 23
14 10
14 13
14 15
14 16
14 20
14 21
15 1
15 10
15 76
15 14
15 16
15 17
16 101
16 14
16 47
16 15
16 17
16 18
16 19
16 20
17 69
17 76
17 15
17 16
17 18
18 68
18 69
18 101
18 105
18 16
18 17
18 59
19 35
19 102
19 47
19 16
19 20
19 85
19 27
20 14
20 16
20 19
20 85
20 21
21 13
21 14
21 20
21 85
21 22
21 24
21 25
22 24
22 13
22 21
22 23
23 70
23 107
23 13
23 84
23 22
23 24
24 84
24 21
24 22
24 23
24 25
25 83
25 84
25 85
25 21
25 24
26 32
26 33
26 102
26 27
26 28
26 29
26 30
27 33
27 34
27 35
27 102
27 19
27 26
28 102
28 86
28 87
28 88
28 26
28 29
29 88
29 26
29 28
29 30
29 31
30 32
30 26
30 29
30 31
31 32
31 88
31 29
31 30
32 33
32 88
32 26
32 30
32 31
33 32
33 34
33 87
33 88
33 26
33 27
34 33
34 35
34 86
34 87
34 27
35 34
35 36
35 47
35 81
35 82
35 19
35 86
35 27
36 35
36 37
36 47
36 82
36 92
37 36
37 38
37 39
37 47
37 89
37 90
37 92
38 37
38 39
38 40
38 45
38 46
38 47
39 37
39 38
39 40
39 41
39 90
39 91
40 38
40 39
40 41
40 42
40 44
40 45
41 39
41 40
41 42
41 43
41 91
42 40
42 41
42 43
42 44
43 41
43 42
43 91
43 44
44 40
44 42
44 43
44 45
44 91
45 38
45 40
45 44
45 46
45 90
45 91
46 38
46 45
46 47
46 48
46 89
46 90
47 35
47 36
47 37
47 38
47 101
47 46
47 16
47 48
47 19
48 101
48 103
48 46
48 47
48 80
48 89
48 92
49 101
49 104
49 50
49 51
49 56
49 57
50 104
50 49
50 51
50 52
50 94
50 95
51 49
51 50
51 52
51 53
51 55
51 56
52 50
52 51
52 53
52 54
52 95
53 51
53 52
53 54
53 55
54 52
54 53
54 95
54 55
55 51
55 53
55 54
55 56
55 95
56 49
56 51
56 55
56 57
56 94
56 95
57 101
57 49
57 56
57 58
57 93
57 94
58 96
58 101
58 105
58 106
58 57
58 93
59 67
59 68
59 105
59 18
59 60
59 61
59 62
60 98
60 99
60 105
60 59
60 61
61 98
61 100
61 59
61 60
61 62
61 63
62 64
62 66
62 67
62 59
62 61
62 63
63 64
63 65
63 100
63 61
63 62
64 65
64 66
64 62
64 63
65 64
65 66
65 100
65 63
66 64
66 65
66 67
66 100
66 62
67 66
67 98
67 68
67 100
67 59
67 62
68 97
68 98
68 67
68 99
68 69
68 18
68 59
69 97
69 68
69 76
69 17
69 18
70 71
70 107
70 78
70 79
70 83
70 84
70 23
71 70
71 72
71 11
71 107
71 12
71 77
71 78
72 71
72 73
72 9
72 11
72 77
73 2
73 8
73 9
73 74
73 72
73 76
73 77
74 2
74 3
74 8
74 73
74 75
75 3
75 4
75 6
75 7
75 8
75 74
76 1
76 2
76 97
76 69
76 73
76 77
76 15
76 17
77 97
77 71
77 72
77 73
77 76
77 78
78 96
78 97
78 70
78 71
78 106
78 77
78 79
79 96
79 70
79 78
79 80
79 81
79 82
79 83
79 92
80 96
80 103
80 79
80 48
80 92
81 35
81 102
81 79
81 82
81 83
81 85
81 86
82 35
82 36
82 79
82 81
82 92
83 70
83 79
83 81
83 84
83 85
83 25
84 70
84 83
84 23
84 24
84 25
85 102
85 81
85 83
85 19
85 20
85 21
85 25
86 34
86 35
86 102
86 81
86 87
86 28
87 33
87 34
87 86
87 88
87 28
88 32
88 33
88 87
88 28
88 29
88 31
89 37
89 46
89 48
89 90
89 92
90 37
90 39
90 45
90 46
90 89
90 91
91 39
91 41
91 43
91 44
91 45
91 90
92 36
92 37
92 79
92 48
92 80
92 82
92 89
93 96
93 103
93 104
93 57
93 58
93 94
94 104
94 50
94 56
94 57
94 93
94 95
95 50
95 52
95 54
95 55
95 56
95 94
96 103
96 106
96 78
96 79
96 80
96 58
96 93
97 99
97 68
97 69
97 105
97 106
97 76
97 77
97 78
98 67
98 100
98 99
98 68
98 60
98 61
99 97
99 98
99 68
99 105
99 60
100 65
100 98
100 67
100 66
100 61
100 63
101 103
101 104
101 105
101 47
101 16
101 49
101 18
101 48
101 57
101 58
102 81
102 19
102 85
102 86
102 26
102 27
102 28
103 96
103 101
103 104
103 48
103 80
103 93
104 101
104 103
104 49
104 50
104 93
104 94
105 97
105 99
105 101
105 106
105 18
105 58
105 59
105 60
106 96
106 97
106 105
106 78
106 58
107 70
107 71
107 12
107 13
107 23
