-0.434463 0.008580 -0.136199 -0.206547 -0.978373 -0.011203
-0.294868 0.013780 -0.130984 0.091371 -0.995772 -0.009410
-0.462273 0.041128 -0.087596 -0.228961 -0.380258 0.896092
-0.500000 0.057178 -0.139062 -0.943746 -0.328424 -0.038477
-0.458309 0.041434 -0.187429 -0.156193 -0.376850 -0.913010
-0.305407 0.073289 -0.195959 0.011965 -0.022359 -0.999678
-0.376752 0.017653 -0.273015 -0.203844 -0.978984 -0.006179
-0.399162 0.045589 -0.230380 -0.195769 -0.380711 0.903733
-0.433151 0.059343 -0.273457 -0.944413 -0.328715 -0.005506
-0.398826 0.046061 -0.316303 -0.185654 -0.373823 -0.908729
-0.256664 0.022591 -0.272794 0.096545 -0.995083 -0.022129
-0.251660 0.021757 -0.407968 -0.265366 -0.963995 -0.017138
-0.176674 0.024831 -0.406868 0.120188 -0.970317 -0.209858
-0.273287 0.047136 -0.368327 -0.271402 -0.363399 0.891225
-0.304322 0.060006 -0.408903 -0.945860 -0.323649 -0.024503
-0.271529 0.048080 -0.448674 -0.237245 -0.353740 -0.904756
-0.074469 0.035557 -0.404879 0.028342 -0.955425 0.293869
-0.081327 0.086782 -0.452532 0.008385 -0.198268 -0.980112
0.008655 0.026077 -0.381846 -0.162348 -0.946179 -0.279979
0.121394 0.020386 -0.380841 0.023937 -0.980257 -0.196272
0.048070 0.000000 -0.153656 -0.019713 -0.999739 0.011538
-0.244964 0.071319 -0.029468 -0.019837 -0.046031 -0.998743
-0.112096 0.090967 -0.023882 -0.033808 0.218522 -0.975246
-0.106198 0.032573 0.030031 0.095966 -0.990170 -0.101751
-0.233138 0.018828 0.028619 0.089930 -0.995948 -0.000135
-0.383468 0.044001 -0.017854 -0.186618 -0.377188 -0.907140
-0.360310 0.014287 0.028031 -0.208007 -0.978127 -0.001308
-0.420010 0.058570 0.027378 -0.944545 -0.328302 -0.007302
-0.384182 0.044031 0.073063 -0.197831 -0.375825 0.905328
-0.245667 0.071169 0.086506 -0.032724 0.002082 0.999462
-0.109237 0.091323 0.082597 -0.047479 0.195754 0.979503
-0.008585 0.031593 0.030418 -0.263224 -0.908743 0.323883
-0.006365 0.103817 0.080930 -0.106589 -0.131180 0.985612
0.068165 0.024414 0.030624 -0.096492 -0.878511 0.467876
0.143915 0.100285 0.110538 -0.370014 0.079662 0.925605
0.210467 0.022249 0.052054 -0.046366 -0.979573 0.195672
0.442897 0.193201 -0.237750 0.407530 0.883747 -0.230021
0.367076 0.162221 -0.334348 0.486052 0.548824 -0.680107
0.263365 0.177070 -0.369111 0.110432 0.785607 -0.608791
0.257266 0.220896 -0.244969 -0.081803 0.986641 -0.140879
0.256116 0.225397 -0.085521 -0.042564 0.997499 0.056435
0.452045 0.196471 -0.076037 0.502214 0.829432 0.244590
0.202655 0.194336 0.073143 -0.091526 0.934001 0.345348
0.341501 0.186861 0.069536 0.440960 0.800447 0.406003
0.263923 0.173021 0.159578 0.059419 0.913111 0.403357
0.243391 0.144553 0.286016 -0.199908 0.960924 0.191472
0.174770 0.096397 0.152827 -0.958128 -0.221211 0.181814
0.173609 0.086089 0.269805 -0.977396 0.211323 0.006299
0.224648 0.109654 0.427821 -0.034738 0.921929 0.385798
0.169545 0.050803 0.407737 -0.920725 -0.377146 0.100132
0.224468 0.056927 0.456908 -0.131406 -0.320482 0.938096
0.286006 0.049341 0.423551 0.875489 -0.387834 0.288277
0.311898 0.086631 0.282666 0.962679 0.119916 0.242628
0.392064 0.100336 0.073319 0.831924 0.004492 0.554871
0.465553 0.078091 -0.053556 0.780119 -0.546260 0.304982
0.465719 0.081693 -0.280812 0.845941 -0.314056 -0.430990
0.391727 0.093860 -0.370533 0.534912 -0.173394 -0.826924
0.272186 0.088239 -0.419211 0.242774 0.048228 -0.968883
0.023751 0.085365 -0.454627 0.085734 -0.097046 -0.991580
0.003953 0.149099 -0.412233 -0.122667 0.896174 -0.426409
-0.090384 0.132195 -0.404507 -0.179567 0.983083 0.036094
-0.187695 0.074469 -0.456908 -0.067477 0.312626 -0.947477
-0.222132 0.101682 -0.407134 -0.166574 0.952111 0.256394
-0.277080 0.096071 -0.408315 -0.406445 0.913585 0.012828
-0.189850 0.069908 -0.357672 -0.027827 -0.125890 0.991654
-0.081904 0.081532 -0.358104 -0.088019 0.284785 0.954542
-0.009846 0.160362 -0.331786 -0.351044 0.902468 -0.249639
-0.027203 0.086556 -0.353905 -0.964569 -0.054742 0.258089
-0.039129 0.164044 -0.272624 -0.311905 0.948966 -0.046681
-0.146216 0.138766 -0.271589 -0.157739 0.987180 0.024394
-0.268243 0.071887 -0.217259 -0.034612 -0.021554 0.999168
-0.025470 0.164039 -0.196934 -0.388560 0.916585 -0.094302
-0.065849 0.097171 -0.219218 -0.844064 0.174364 0.507103
-0.054234 0.170866 -0.119782 -0.260420 0.965486 0.004335
-0.081593 0.098115 -0.183707 -0.412268 0.420010 -0.808472
-0.165994 0.146929 -0.125217 -0.143580 0.989460 0.018826
-0.310516 0.071184 -0.066949 -0.069716 -0.020970 0.997346
-0.013408 0.163542 -0.048477 -0.393947 0.908734 0.137871
-0.076449 0.097763 -0.061006 -0.392682 0.229516 0.890575
-0.017100 0.170168 0.027142 -0.239457 0.900713 0.362459
-0.043424 0.097090 -0.028438 -0.855732 -0.130555 -0.500677
-0.258256 0.122746 0.024847 -0.157785 0.987462 0.004795
-0.118998 0.148260 0.026926 -0.187380 0.969589 -0.157437
-0.389663 0.098743 0.027735 -0.319988 0.947420 -0.001579
0.206157 0.015076 -0.168596 0.087203 -0.996179 -0.004722
0.245476 0.021054 -0.369327 0.138601 -0.934544 -0.327747
0.356251 0.041073 -0.341517 0.356229 -0.893177 -0.274474
0.400769 0.037014 -0.173810 0.278673 -0.960345 -0.008839
0.330088 0.030448 0.054430 0.279500 -0.949561 0.142172
0.267098 0.034587 0.141795 0.154617 -0.973226 0.170074
0.242603 0.029041 0.271081 -0.099996 -0.988085 -0.117002
0.227261 0.012473 0.394987 -0.032137 -0.988872 0.145257
0.343536 0.100466 0.151882 0.878760 -0.051492 0.474478
-0.047880 0.017874 -0.138932 -0.462687 -0.883939 0.067619
-0.159674 0.090464 -0.066522 -0.042659 0.047033 0.997982
-0.155489 0.028815 -0.124951 0.075324 -0.997145 -0.005363
-0.159438 0.091831 -0.183571 -0.018117 0.108927 -0.993885
-0.031201 0.019210 -0.269439 -0.418533 -0.896161 -0.147395
-0.138891 0.090148 -0.221268 -0.050282 0.057687 0.997068
-0.136797 0.036200 -0.271795 0.059358 -0.998058 -0.018882
-0.267771 0.075007 -0.328264 -0.022435 -0.021423 -0.999519
-0.142237 0.092454 -0.321864 -0.031570 0.051965 -0.998150
-0.068873 0.098788 -0.323969 -0.383045 0.240128 -0.891972
-0.280270 0.122851 -0.273131 -0.140803 0.989534 0.031572
-0.404477 0.097311 -0.273206 -0.335952 0.941775 0.014013
-0.322271 0.130351 -0.132356 -0.131396 0.991210 0.015401
-0.466684 0.101330 -0.137570 -0.331379 0.943488 -0.004213
0.500000 0.111128 -0.159180 0.990192 -0.137844 -0.022772
