-0.193193 0.083546 0.213725 0.979200 -0.155748 0.130039
-0.177459 0.093079 0.159228 0.931230 -0.130142 0.340403
-0.226106 0.147066 0.222804 0.687277 0.664292 0.293882
-0.194586 0.076489 0.257992 0.998153 -0.049285 0.035521
-0.228175 0.133442 0.267608 0.520905 0.811237 0.265616
-0.198295 0.066589 0.322002 0.993465 0.046068 0.104429
-0.278828 0.067275 0.463125 -0.500817 0.295346 0.813605
-0.311071 0.031742 0.422211 -0.905950 -0.363368 0.217299
-0.275903 0.034816 0.461077 -0.256601 -0.717066 0.648053
-0.230413 0.019655 0.242248 0.578222 -0.805872 -0.127391
-0.146568 0.097413 0.117153 0.654875 -0.149225 0.740858
-0.224827 0.028693 0.139361 0.406135 -0.910941 0.072385
-0.214024 0.163677 0.169287 0.514208 0.765749 0.386288
-0.292288 0.151322 0.220555 -0.392348 0.867690 0.305249
-0.205610 0.193201 0.085519 0.155374 0.933514 0.323126
-0.293541 0.169393 0.170809 -0.364573 0.858645 0.360298
-0.106252 0.184338 0.049836 0.243857 0.738049 0.629141
-0.101398 0.096474 0.098231 0.184549 -0.276041 0.943262
-0.060572 0.094792 0.094274 0.064427 -0.070350 0.995440
-0.052777 0.177250 0.045152 0.107897 0.722728 0.682659
-0.005915 0.094359 0.092030 0.069153 0.093624 0.993203
-0.007643 0.172303 0.044533 0.193790 0.832727 0.518664
0.019683 0.095958 0.088981 0.103092 -0.063833 0.992621
0.027215 0.165055 0.044053 0.341163 0.877271 0.337645
0.049774 0.094937 0.088315 0.028494 -0.034801 0.998988
0.064853 0.157569 0.043589 0.269554 0.945469 0.182834
0.091478 0.090361 0.089904 -0.016944 -0.054534 0.998368
0.103792 0.150471 0.043150 0.158944 0.986912 0.027249
0.122951 0.086327 0.092319 -0.036893 -0.063133 0.997323
0.132438 0.145704 0.042867 0.141267 0.980964 0.133245
0.161049 0.080528 0.094640 -0.043095 -0.054011 0.997610
0.168534 0.139952 0.042516 0.120534 0.978383 0.168041
0.355106 0.098940 0.072323 0.236343 0.954001 0.184457
0.331272 0.120586 0.041665 0.160022 0.948285 -0.274132
0.348142 0.100446 0.081269 0.031361 0.684462 0.728374
0.399796 0.092754 0.072880 0.287245 0.894522 0.342521
0.408432 0.082112 0.079932 0.409068 0.167696 0.896962
0.433648 0.087689 0.039802 0.752148 0.656834 0.053321
0.356117 0.102680 0.012136 0.245621 0.966806 -0.070407
0.400730 0.096438 0.013266 0.290895 0.921695 -0.256628
0.349921 0.105321 0.003005 0.038843 0.757925 -0.651184
0.345975 0.107493 0.040875 0.265657 0.961925 0.064240
0.407261 0.099677 0.040504 0.192777 0.979168 0.063771
0.154910 0.095081 -0.054871 -0.005294 0.093218 0.995632
0.153656 0.040207 -0.116023 -0.133164 -0.972747 -0.189816
0.196639 0.088705 -0.053066 -0.058440 -0.200064 0.978038
0.160223 0.103650 -0.171908 0.011189 0.288997 -0.957265
0.164639 0.154103 -0.108883 0.119658 0.988741 -0.089852
0.203892 0.149501 -0.109229 0.084885 0.961040 0.263053
0.198357 0.097975 -0.173280 -0.023548 0.190706 -0.981365
0.191924 0.034466 -0.116441 -0.122724 -0.989674 -0.074053
-0.084322 0.188470 -0.394029 -0.006070 0.852018 -0.523478
-0.081284 0.211617 -0.319485 0.212970 0.950433 -0.226540
-0.029965 0.187629 -0.330509 0.368988 0.893643 -0.255439
-0.008628 0.184797 -0.418115 0.148274 0.894618 -0.421514
-0.013818 0.057185 -0.395845 0.212201 -0.849577 -0.482898
0.016067 0.122299 -0.464430 -0.019212 -0.052371 -0.998443
0.017155 0.067843 -0.417537 0.314018 -0.922455 -0.224656
0.002639 0.085357 -0.350257 0.822999 -0.340751 -0.454490
0.022314 0.118822 -0.363809 0.526700 -0.028438 0.849575
0.047819 0.068679 -0.417888 -0.010679 -0.960587 0.277776
0.051693 0.122825 -0.463001 0.065311 -0.027936 -0.997474
0.026906 0.174485 -0.411527 0.392622 0.916876 -0.072021
-0.000343 0.148691 -0.351701 0.775681 0.629669 0.042861
0.060438 0.165013 -0.411749 0.228504 0.963847 0.137062
0.077312 0.120132 -0.462563 0.065243 0.233002 -0.970285
0.069909 0.068462 -0.417878 -0.078550 -0.987448 -0.137026
0.077043 0.111831 -0.368023 0.001418 -0.056325 0.998411
0.097864 0.108231 -0.367244 -0.059673 -0.362304 0.930148
0.107176 0.155913 -0.412224 0.145089 0.985185 0.091432
0.121125 0.104413 -0.367105 -0.014792 -0.055989 0.998322
0.130782 0.153226 -0.412600 0.099727 0.991015 0.089132
0.143942 0.101086 -0.367100 0.024793 -0.142648 0.989463
0.155111 0.151239 -0.412879 0.086284 0.992281 0.089069
0.185032 0.099296 -0.369468 0.041812 -0.032879 0.998584
0.183794 0.107477 -0.464611 0.017631 0.095577 -0.995266
0.179528 0.148877 -0.413049 0.149510 0.985289 0.082782
0.274072 0.114143 -0.447319 0.385081 0.291804 -0.875536
0.300454 0.093508 -0.416779 0.839481 -0.541057 -0.050302
0.268119 0.085429 -0.451012 0.171249 -0.601899 -0.779994
0.274980 0.110072 -0.386910 0.372989 0.167552 0.912582
0.296430 0.114040 -0.415484 0.718411 0.694688 0.035981
0.129034 0.122995 -0.320795 0.040037 -0.098081 -0.994373
0.150040 0.059811 -0.274691 -0.152308 -0.964374 -0.216297
0.121775 0.061590 -0.274593 -0.057557 -0.991844 0.113720
0.084142 0.061028 -0.274634 0.433958 -0.891627 -0.129157
0.082667 0.125740 -0.324004 0.391666 0.188414 -0.900610
0.132036 0.164601 -0.268098 0.175094 0.981376 0.079010
0.159486 0.159308 -0.268423 0.146049 0.983338 0.108245
0.121837 0.114602 -0.222562 0.037260 -0.113612 0.992826
0.151521 0.109650 -0.220921 -0.023619 -0.019815 0.999525
0.193178 0.154907 -0.268686 0.115989 0.987689 0.104959
0.187255 0.103330 -0.219492 -0.022598 0.063374 0.997734
0.257234 0.148557 -0.269094 0.093026 0.978120 0.186085
0.293887 0.145652 -0.269280 0.096752 0.994202 -0.046917
0.281026 0.090552 -0.216521 -0.014953 -0.204555 0.978741
0.188829 0.113003 -0.322729 -0.018656 0.188662 -0.981865
0.156158 0.118590 -0.321445 0.012433 0.284098 -0.958715
0.182875 0.054482 -0.275016 -0.144022 -0.985344 -0.091405
0.078318 0.117372 -0.219250 0.440977 0.099450 0.891991
0.093505 0.173051 -0.267567 0.422312 0.906297 0.016677
0.040535 0.149769 -0.333408 0.383095 0.542082 -0.747921
0.052034 0.184302 -0.266886 0.413542 0.908321 -0.062741
-0.002675 0.199221 -0.261552 0.304367 0.951262 -0.049610
-0.048866 0.211427 -0.256011 0.220808 0.975293 0.006927
-0.096255 0.220439 -0.250744 0.117340 0.993086 -0.003393
-0.105195 0.218773 -0.185279 0.114216 0.992446 0.044791
-0.262867 0.234223 -0.231729 -0.030575 0.998180 -0.051974
-0.141038 0.223921 -0.301254 0.031620 0.979054 -0.201129
-0.125025 0.193273 -0.385966 -0.010819 0.818346 -0.574624
-0.103627 0.119126 -0.453963 -0.120765 -0.090599 -0.988538
-0.044992 0.120937 -0.459096 -0.120186 -0.100833 -0.987617
-0.077105 0.048085 -0.381405 -0.004027 -0.887383 -0.461016
-0.069512 0.024153 -0.271524 -0.036275 -0.990293 -0.134178
-0.015257 0.024628 -0.269532 0.117565 -0.977489 -0.175199
-0.050935 0.014094 -0.154373 -0.064926 -0.994430 -0.083033
-0.101805 0.023416 -0.166295 -0.082531 -0.994404 -0.065955
-0.109477 0.011695 -0.070415 -0.018718 -0.999794 -0.007797
-0.056212 0.008471 -0.057925 -0.006996 -0.996657 0.081400
0.001246 0.011519 -0.140362 0.208361 -0.976448 -0.055994
-0.006776 0.014904 -0.041990 0.420176 -0.901108 0.107038
0.046664 0.031664 -0.126423 0.610283 -0.791802 0.024577
0.054938 0.078140 -0.209722 0.779876 -0.402361 0.479477
0.050646 0.141819 -0.208081 0.660438 0.500885 0.559406
0.006683 0.193190 -0.103658 0.331161 0.939402 0.088636
0.049558 0.178349 -0.107382 0.503117 0.857568 0.107009
0.014906 0.180877 -0.188705 0.528969 0.847947 0.034322
-0.035258 0.202610 -0.182427 0.266753 0.963385 0.027066
-0.046803 0.192602 -0.031162 0.236030 0.953233 0.188775
-0.036532 0.203750 -0.102615 0.194396 0.977694 0.079524
-0.004331 0.171451 -0.028206 0.525313 0.830176 0.186692
0.043310 0.131523 -0.040576 0.627086 0.450675 0.635338
0.033545 0.130480 -0.023372 0.602913 0.679831 -0.417522
0.042779 0.059088 -0.045658 0.644583 -0.592537 0.483128
0.081934 0.110908 -0.175349 0.465287 0.226048 -0.855809
0.079396 0.042446 -0.115884 0.397042 -0.916765 -0.043588
0.052648 0.075937 -0.192332 0.871379 -0.338030 -0.355577
0.089342 0.166050 -0.108120 0.465524 0.882931 0.060995
0.047716 0.140700 -0.185997 0.704768 0.576993 -0.412772
0.070936 0.102974 -0.052870 0.428728 0.074326 0.900371
0.120166 0.099610 -0.056852 0.010442 -0.253586 0.967257
0.132552 0.158281 -0.108574 0.142092 0.969636 0.199035
0.129059 0.107565 -0.171279 0.035598 -0.109710 -0.993326
0.120769 0.041786 -0.115879 -0.059994 -0.990783 0.121448
0.101811 0.098883 -0.021401 0.091141 0.050154 -0.994574
0.129761 0.095349 -0.021133 0.006200 0.069653 -0.997552
0.122931 0.034930 0.035887 -0.119899 -0.991935 -0.041109
0.093206 0.036116 0.035949 -0.029402 -0.990676 -0.133030
0.061392 0.101493 -0.027757 0.355848 0.058559 -0.932707
0.055537 0.037112 0.036006 0.217368 -0.968928 0.118028
0.032854 0.058516 -0.027979 0.760601 -0.594967 -0.259808
0.025224 0.033785 0.035789 0.319995 -0.880472 0.349818
-0.009809 0.025959 0.035319 0.060388 -0.844955 0.531416
-0.113449 0.027378 0.030826 0.071865 -0.894977 0.440286
-0.061763 0.025840 0.032333 -0.020157 -0.844528 0.535132
-0.213317 0.024788 0.053628 0.086176 -0.979234 0.183504
-0.232756 0.010410 -0.076043 -0.075351 -0.995895 -0.050160
-0.385248 0.030055 -0.082455 -0.298698 -0.953800 0.032339
-0.333326 0.033233 0.056512 -0.330851 -0.927208 0.175563
-0.482754 0.071794 -0.169303 -0.618025 -0.782819 -0.072386
-0.465952 0.087281 -0.049057 -0.835553 -0.400272 0.376342
-0.500000 0.133813 -0.155601 -0.953643 0.300928 -0.002806
-0.465101 0.104857 -0.275171 -0.851568 -0.121377 -0.510000
-0.430862 0.212133 -0.226111 -0.409442 0.893258 -0.185599
-0.440298 0.205319 -0.064327 -0.562624 0.780050 0.273818
-0.394694 0.102040 0.079840 -0.859094 -0.054806 0.508875
-0.305638 0.031871 0.144283 -0.423348 -0.898005 0.119843
0.157768 0.029936 0.035588 -0.123517 -0.992338 0.003067
-0.108811 0.206856 -0.034412 0.127497 0.974308 0.185655
-0.261629 0.227016 -0.071322 -0.026979 0.993548 0.110155
-0.341765 0.188522 0.081470 -0.349792 0.866294 0.356624
-0.346821 0.097217 0.158526 -0.907647 0.087310 0.410554
-0.339686 0.086048 0.204960 -0.986099 0.073901 0.148820
-0.301532 0.024556 0.194472 -0.485715 -0.871542 -0.067047
-0.290178 0.000000 0.394875 -0.350073 -0.912507 0.211614
-0.106397 0.215528 -0.101857 0.138492 0.987150 0.079722
0.044198 0.086636 -0.338464 0.423861 -0.450861 -0.785536
-0.364846 0.189038 -0.322621 -0.414506 0.633484 -0.653363
-0.389695 0.123459 -0.359156 -0.630412 0.204751 -0.748771
-0.358480 0.069726 -0.336963 -0.392192 -0.688635 -0.609892
-0.274485 0.122077 -0.412636 -0.377426 0.035907 -0.925344
-0.266499 0.205092 -0.358165 -0.167783 0.872300 -0.459284
-0.177608 0.200846 -0.376989 -0.069553 0.771858 -0.631979
-0.155230 0.119100 -0.443207 -0.153033 -0.000043 -0.988221
-0.125691 0.049436 -0.380373 -0.042891 -0.883474 -0.466513
-0.120439 0.025469 -0.271400 -0.036374 -0.994899 -0.094088
-0.209046 0.029715 -0.166976 -0.072572 -0.992790 -0.095398
-0.404259 0.053744 -0.171439 -0.147667 -0.981237 -0.123966
-0.394581 0.058872 -0.271926 -0.257189 -0.947421 -0.190389
-0.249976 0.053140 -0.366852 -0.196926 -0.870586 -0.450888
-0.206374 0.119663 -0.432286 -0.221919 0.040354 -0.974230
-0.173363 0.048755 -0.378738 -0.081511 -0.893701 -0.441196
-0.216557 0.028729 -0.264327 -0.116394 -0.988831 -0.093088
0.120589 0.112936 -0.462888 -0.047045 0.071167 -0.996354
0.143174 0.109809 -0.464822 -0.013623 -0.021982 -0.999666
0.132603 0.059470 -0.418569 -0.112916 -0.989853 -0.086260
0.110070 0.063298 -0.418187 -0.173253 -0.982368 -0.070256
0.099556 0.116361 -0.462026 -0.032337 -0.134260 -0.990418
0.089079 0.066837 -0.417816 -0.124653 -0.946399 -0.297978
0.172377 0.057881 -0.418775 -0.030575 -0.996162 -0.082010
0.085463 0.159607 -0.412090 0.176302 0.948209 0.264231
0.055124 0.115432 -0.368462 0.092618 0.106581 0.989981
-0.231796 0.120086 0.313991 0.417985 0.873301 0.250270
-0.220705 0.091965 0.370252 0.757147 0.615116 0.219911
-0.243305 0.111486 0.348735 0.097302 0.901340 0.422040
-0.228696 0.088715 0.376824 0.178256 0.931028 0.318451
-0.230161 0.078062 0.424847 0.408709 0.851748 0.327844
-0.248314 0.082354 0.433478 0.166612 0.946404 0.276694
-0.246411 0.096732 0.364701 0.060063 0.954822 0.291046
-0.277162 0.097563 0.363659 -0.056700 0.917670 0.393277
-0.277193 0.082731 0.433240 -0.098971 0.954492 0.281334
-0.247092 0.067255 0.461990 0.317849 0.673282 0.667581
-0.222887 0.067244 0.432652 0.906558 0.260718 0.331931
-0.215597 0.032686 0.420447 0.873979 -0.453411 0.174868
-0.245400 0.041714 0.464822 0.463078 -0.470539 0.751100
-0.296523 0.078454 0.423496 -0.392392 0.862455 0.319687
-0.303890 0.067518 0.432317 -0.902793 0.306453 0.301749
-0.304643 0.092677 0.368782 -0.726907 0.648290 0.226554
-0.328724 0.068287 0.321326 -0.987811 0.107668 0.112413
-0.246369 0.002714 0.404073 0.205074 -0.962007 0.180244
-0.232776 0.003162 0.300526 0.549629 -0.832154 -0.073679
-0.228979 0.022766 0.195349 0.493901 -0.869299 -0.019503
-0.292344 0.134669 0.266030 -0.498935 0.830511 0.247618
-0.290931 0.122407 0.314491 -0.435811 0.869206 0.233560
-0.280030 0.113049 0.348296 -0.109426 0.872266 0.476632
-0.296255 0.089257 0.375148 -0.176660 0.929699 0.323189
-0.333743 0.077268 0.253932 -0.995726 0.036439 0.084865
0.224956 0.073136 0.097869 -0.029855 -0.136164 0.990236
0.236604 0.131290 0.041979 0.094256 0.995543 0.003114
0.260845 0.070221 0.099938 -0.016168 -0.076611 0.996930
0.275501 0.128453 0.041804 0.078941 0.995467 -0.053049
0.304493 0.069112 0.098839 -0.001159 -0.083188 0.996533
0.302430 0.126534 0.041964 0.006250 0.977673 0.210040
0.308352 0.076840 -0.020849 0.066620 0.094145 -0.993327
0.409722 0.086724 0.005399 0.415028 0.282087 -0.864973
0.402597 0.051448 0.000271 0.201671 -0.591536 -0.780650
0.437919 0.062276 0.038214 0.854743 -0.518828 -0.015203
0.378279 0.020965 0.035490 0.288821 -0.955901 -0.053245
0.400895 0.046481 0.080221 0.189961 -0.708514 0.679649
0.409495 0.114731 -0.141120 0.240576 0.967891 -0.072876
0.398857 0.119982 -0.111153 0.264358 0.962460 0.061532
0.466251 0.111372 -0.111726 0.189342 0.979909 0.062678
0.458560 0.108076 -0.141611 0.276594 0.929542 -0.243817
0.495280 0.098620 -0.112546 0.737294 0.674154 0.043737
0.458560 0.104124 -0.079886 0.277193 0.895808 0.347408
0.409412 0.110862 -0.080247 0.237185 0.952595 0.190540
0.382685 0.134231 -0.110245 0.042238 0.996897 0.066433
0.402505 0.117625 -0.151149 0.021361 0.758993 -0.650748
0.468294 0.097851 -0.151123 0.392188 0.295228 -0.871223
0.500000 0.071764 -0.114243 0.848986 -0.527533 -0.030525
0.468212 0.092760 -0.071622 0.392933 0.181928 0.901391
0.401927 0.112481 -0.070188 0.003613 0.673864 0.738847
0.354327 0.078331 -0.050538 0.022957 -0.025791 0.999404
0.459999 0.054765 -0.071106 0.192425 -0.695374 0.692407
0.434417 0.026991 -0.117024 0.293846 -0.954020 -0.059170
0.460443 0.060192 -0.156401 0.195282 -0.590668 -0.782928
0.356406 0.086244 -0.175865 0.041445 0.098502 -0.994273
0.350958 0.140772 -0.109796 0.136588 0.988514 0.064683
0.321306 0.142671 -0.109616 0.051833 0.996363 -0.067629
0.306345 0.079099 -0.049083 -0.009672 -0.076600 0.997015
0.278524 0.144388 -0.109518 0.054708 0.998498 0.002989
0.266814 0.081266 -0.050724 -0.031885 -0.135492 0.990265
0.293784 0.026093 -0.116957 -0.077364 -0.991719 0.102507
0.256465 0.028889 -0.116781 -0.087340 -0.971446 -0.220599
0.267469 0.090768 -0.176504 -0.038104 0.009227 -0.999231
0.307181 0.087560 -0.178356 -0.017808 -0.261496 -0.965040
0.339846 0.022621 -0.117246 -0.020024 -0.997713 -0.064551
0.204738 0.143749 -0.413353 0.049850 0.995554 0.079924
0.221370 0.126132 -0.383949 0.023910 0.635389 0.771822
0.269084 0.080812 -0.386796 0.179438 -0.680769 0.710180
0.248000 0.059868 -0.418770 0.268332 -0.960549 -0.073096
0.220462 0.130635 -0.446896 0.019007 0.762103 -0.647177
0.226039 0.128004 -0.439416 0.251467 0.965901 -0.061637
0.266091 0.122056 -0.440086 0.281391 0.933740 -0.221244
0.266798 0.118951 -0.392739 0.283199 0.886044 0.367047
0.226730 0.124909 -0.391434 0.252429 0.947151 0.197953
0.217728 0.132214 -0.414091 0.275888 0.959443 0.057916
0.272690 0.124295 -0.414772 0.200082 0.977893 0.060768
0.247339 0.094870 -0.217713 -0.052079 -0.280774 0.958360
0.322126 0.089427 -0.218249 0.040748 -0.027813 0.998782
0.309760 0.041992 -0.275790 -0.018520 -0.997097 -0.073850
0.412848 0.069845 -0.237311 0.193694 -0.698262 0.689139
0.391119 0.046548 -0.275496 0.291234 -0.954894 -0.057961
0.413715 0.074358 -0.307320 0.193191 -0.583622 -0.788709
0.324076 0.096665 -0.325030 0.060034 0.097051 -0.993467
0.281949 0.100508 -0.327450 -0.020069 -0.251838 -0.967561
0.248041 0.105136 -0.325706 -0.035786 0.011543 -0.999293
0.238265 0.048895 -0.275367 -0.122117 -0.988001 -0.094556
0.270218 0.045459 -0.275584 -0.096236 -0.991302 -0.089775
0.044012 0.042740 -0.275749 0.557492 -0.803709 -0.207976
0.369705 0.120013 -0.294872 0.248478 0.965804 -0.074032
0.360435 0.124579 -0.270585 0.271322 0.960422 0.063033
0.418368 0.116603 -0.271085 0.195122 0.978674 0.064217
0.411956 0.113937 -0.295027 0.276605 0.929473 -0.244068
0.443346 0.105822 -0.271761 0.723885 0.688056 0.050688
0.411579 0.110681 -0.244564 0.280325 0.895351 0.346071
0.369396 0.116774 -0.244177 0.245699 0.950676 0.189332
0.346527 0.136815 -0.269816 0.060475 0.995781 0.069015
0.363700 0.122531 -0.303420 0.041501 0.760172 -0.648395
0.420416 0.105450 -0.302801 0.385012 0.301645 -0.872225
0.447463 0.083830 -0.273149 0.840494 -0.541219 -0.025543
0.419833 0.101256 -0.237919 0.392341 0.183105 0.901410
0.362958 0.118203 -0.235583 0.017161 0.675141 0.737489
0.319278 0.142903 -0.269440 0.165850 0.983685 0.069703
0.292298 0.018448 0.035160 -0.030782 -0.997242 -0.067541
0.263755 0.079460 -0.024656 0.010415 -0.164704 -0.986288
0.250455 0.022343 0.035123 -0.100163 -0.991796 -0.079420
0.227669 0.083082 -0.023609 -0.015826 0.087179 -0.996067
0.216531 0.025149 0.035294 -0.092013 -0.947818 -0.305245
0.164629 0.090139 -0.021767 0.003134 0.096406 -0.995337
-0.298628 0.020088 0.242929 -0.432982 -0.892267 -0.128007
-0.297875 0.006598 0.303049 -0.596255 -0.801097 -0.052189
