0 1
0 2
0 3
0 4
1 0
1 2
1 4
1 5
1 76
1 95
2 0
2 1
2 3
2 106
2 76
3 0
3 2
3 4
3 106
4 0
4 1
4 3
4 5
4 106
5 96
5 1
5 4
5 105
5 106
5 95
6 8
6 9
6 10
6 7
7 70
7 6
7 8
7 104
7 10
8 104
8 9
8 6
8 7
9 100
9 6
9 8
9 104
9 10
10 99
10 100
10 6
10 7
10 70
10 9
11 12
11 13
11 14
11 15
12 64
12 11
12 13
12 15
12 16
12 17
12 61
13 64
13 11
13 12
13 14
13 63
14 63
14 11
14 13
14 15
15 11
15 12
15 14
15 61
15 63
16 64
16 65
16 67
16 12
16 17
16 18
17 12
17 16
17 18
17 58
17 59
17 60
17 61
18 97
18 67
18 16
18 17
18 19
18 20
18 58
19 18
19 20
19 85
19 84
19 58
20 33
20 97
20 35
20 18
20 19
20 84
20 93
20 31
21 81
21 83
21 22
21 23
21 24
21 25
22 80
22 81
22 82
22 21
22 23
23 80
23 21
23 22
23 24
23 29
23 30
23 31
24 21
24 23
24 25
24 26
24 28
24 29
25 83
25 21
25 24
25 26
25 27
26 24
26 25
26 27
26 28
27 25
27 26
27 83
27 28
28 83
28 24
28 26
28 27
28 29
29 81
29 83
29 23
29 24
29 28
29 30
30 32
30 79
30 81
30 82
30 23
30 29
30 31
31 32
31 33
31 80
31 20
31 23
31 93
31 30
32 33
32 34
32 79
32 30
32 31
33 32
33 34
33 35
33 20
33 31
34 32
34 33
34 35
34 42
34 44
34 46
34 79
35 33
35 34
35 46
35 20
35 84
35 88
35 89
36 37
36 38
36 39
36 40
36 41
36 107
36 55
37 36
37 38
37 55
37 56
37 57
38 36
38 37
38 39
38 57
38 58
38 59
39 66
39 36
39 68
39 38
39 71
39 40
39 73
39 59
40 36
40 39
40 73
40 41
40 42
40 77
40 79
41 36
41 40
41 42
41 43
41 107
41 53
41 54
42 34
42 40
42 41
42 43
42 44
42 79
43 41
43 42
43 44
43 53
43 92
44 34
44 42
44 43
44 45
44 46
44 52
44 92
45 44
45 46
45 47
45 48
45 52
46 34
46 35
46 44
46 45
46 47
46 89
46 90
47 45
47 46
47 48
47 49
47 90
48 45
48 47
48 49
48 50
48 51
48 52
49 47
49 48
49 50
49 90
49 91
50 48
50 49
50 91
50 51
51 48
51 50
51 52
51 90
51 91
52 44
52 45
52 48
52 51
52 89
52 90
52 92
53 41
53 43
53 54
53 88
53 92
54 41
54 107
54 53
54 87
54 88
55 36
55 37
55 107
55 86
55 87
55 56
56 37
56 85
56 86
56 55
56 57
57 37
57 38
57 85
57 56
57 58
58 38
58 17
58 18
58 19
58 85
58 57
58 59
59 66
59 67
59 38
59 39
59 17
59 58
59 60
60 65
60 67
60 17
60 59
60 61
60 62
61 12
61 15
61 17
61 60
61 62
61 63
62 64
62 65
62 60
62 61
62 63
63 64
63 13
63 14
63 15
63 61
63 62
64 65
64 12
64 13
64 16
64 62
64 63
65 64
65 67
65 16
65 60
65 62
66 67
66 68
66 102
66 39
66 59
67 97
67 66
67 65
67 102
67 16
67 18
67 59
67 60
68 66
68 69
68 102
68 71
68 39
68 72
69 98
69 68
69 101
69 102
69 103
69 72
70 98
70 99
70 7
70 104
70 103
70 10
71 68
71 39
71 72
71 73
71 74
72 97
72 98
72 68
72 69
72 71
72 74
72 93
73 39
73 40
73 71
73 74
73 75
73 77
73 78
74 96
74 71
74 72
74 73
74 75
74 93
75 96
75 73
75 74
75 105
75 78
75 94
76 1
76 2
76 105
76 106
76 94
76 95
77 40
77 73
77 78
77 79
77 80
78 73
78 75
78 77
78 80
78 93
78 94
79 32
79 34
79 40
79 42
79 77
79 80
79 82
79 30
80 77
80 78
80 79
80 82
80 22
80 23
80 93
80 31
81 82
81 83
81 21
81 22
81 29
81 30
82 79
82 80
82 81
82 22
82 30
83 81
83 21
83 25
83 27
83 28
83 29
84 35
84 19
84 20
84 85
84 87
84 88
85 19
85 84
85 86
85 87
85 56
85 57
85 58
86 56
86 85
86 87
86 55
87 107
87 84
87 85
87 86
87 55
87 88
87 54
88 35
88 84
88 53
88 54
88 87
88 89
88 92
89 35
89 46
89 52
89 88
89 90
89 92
90 46
90 47
90 49
90 51
90 52
90 89
90 91
91 49
91 90
91 51
91 50
92 43
92 44
92 52
92 53
92 88
92 89
93 96
93 97
93 72
93 74
93 78
93 80
93 20
93 95
93 94
93 31
94 105
94 75
94 76
94 78
94 93
94 95
95 96
95 1
95 5
95 76
95 93
95 94
96 5
96 105
96 74
96 75
96 93
96 95
97 98
97 99
97 67
97 101
97 102
97 72
97 18
97 20
97 93
98 97
98 99
98 69
98 70
98 103
98 72
99 97
99 98
99 100
99 101
99 70
99 10
100 99
100 101
100 103
100 104
100 9
100 10
101 97
101 99
101 100
101 69
101 102
101 103
102 97
102 66
102 67
102 68
102 101
102 69
103 98
103 100
103 101
103 69
103 70
103 104
104 100
104 70
104 103
104 8
104 7
104 9
105 96
105 5
105 106
105 75
105 76
105 94
106 2
106 3
106 4
106 5
106 105
106 76
107 36
107 41
107 54
107 55
107 87
