-0.243758 0.029041 0.273596 0.099992 -0.988086 -0.116998
-0.268248 0.034587 0.144309 -0.088823 -0.977423 0.191717
-0.175915 0.096397 0.155341 0.996421 -0.022017 0.081611
-0.174759 0.086089 0.272320 0.977393 0.211338 0.006318
-0.170695 0.050803 0.410252 0.920726 -0.377141 0.100142
-0.228411 0.012473 0.397502 0.032136 -0.988872 0.145257
-0.225623 0.056927 0.459422 0.131401 -0.320476 0.938099
-0.287162 0.049341 0.426066 -0.875477 -0.387861 0.288278
-0.313053 0.086631 0.285180 -0.962687 0.119921 0.242597
-0.344681 0.100466 0.154397 -0.878763 -0.051499 0.474472
-0.331238 0.030448 0.056945 -0.279509 -0.949558 0.142178
-0.393214 0.100336 0.075833 -0.831917 0.004461 0.554882
-0.466704 0.078091 -0.051042 -0.784343 -0.543244 0.299488
-0.401920 0.037014 -0.171296 -0.278993 -0.960253 -0.008828
-0.207312 0.015076 -0.166081 -0.087205 -0.996179 -0.004723
-0.211627 0.022249 0.054568 0.025811 -0.981415 0.190154
-0.049226 0.000000 -0.151141 0.018871 -0.999753 0.011727
-0.069315 0.024414 0.033138 0.058359 -0.886172 0.459667
0.002909 0.031593 0.049037 0.248915 -0.914135 0.319997
-0.039510 0.026077 -0.378372 0.169735 -0.942747 -0.287087
-0.122550 0.020386 -0.378327 -0.024555 -0.982160 -0.186439
-0.246627 0.021054 -0.366813 -0.143002 -0.938226 -0.315092
-0.357401 0.041073 -0.339002 -0.356229 -0.893177 -0.274474
-0.466869 0.081693 -0.278298 -0.844445 -0.313626 -0.434226
-0.392877 0.093860 -0.368018 -0.534902 -0.173405 -0.826929
-0.273332 0.088239 -0.416697 -0.273969 0.048641 -0.960508
0.145573 0.024831 -0.405158 -0.122169 -0.970318 -0.208707
0.043389 0.035557 -0.402199 -0.007641 -0.973102 0.230250
0.156117 0.074469 -0.455293 0.058513 0.312679 -0.948055
0.240021 0.048080 -0.447858 0.228703 -0.353791 -0.906933
0.220544 0.021757 -0.406956 0.265203 -0.963992 -0.019659
0.273191 0.060006 -0.408393 0.945585 -0.323646 -0.033489
0.242543 0.047136 -0.367526 0.279776 -0.363306 0.888670
0.159207 0.069908 -0.356087 0.037222 -0.125946 0.991339
0.051266 0.081532 -0.355490 0.152755 0.319372 0.935237
0.027911 0.086571 -0.342428 0.996760 -0.069673 -0.040182
0.068798 0.098788 -0.324826 0.328389 0.147870 -0.932896
0.142157 0.092454 -0.322289 0.064701 0.175278 -0.982391
0.136415 0.036200 -0.272254 -0.059263 -0.998057 -0.019231
0.267721 0.075007 -0.327956 0.028303 -0.021344 -0.999371
0.256287 0.022591 -0.272556 -0.096412 -0.995083 -0.022700
0.398705 0.046061 -0.315221 0.191030 -0.373890 -0.907587
0.376380 0.017653 -0.272053 0.203877 -0.978984 -0.004975
0.432775 0.059343 -0.272174 0.944450 -0.328655 0.000071
0.398534 0.045589 -0.229298 0.190411 -0.380636 0.904909
0.267540 0.071887 -0.216950 0.028728 -0.021603 0.999354
0.138218 0.090148 -0.221722 0.044440 0.057604 0.997350
0.030815 0.019210 -0.270521 0.374369 -0.910479 -0.175715
0.065171 0.097176 -0.220090 0.870009 0.164671 0.464723
0.155203 0.028815 -0.114304 -0.074985 -0.997146 -0.008820
0.308216 0.073289 -0.178379 0.033791 -0.022444 -0.999177
0.294712 0.013780 -0.113947 -0.090854 -0.995772 -0.013584
0.460570 0.041434 -0.162861 0.197808 -0.376934 -0.904872
0.434402 0.008580 -0.112771 0.206842 -0.978373 -0.001732
0.500000 0.057178 -0.112631 0.944531 -0.328388 0.004786
0.459957 0.041128 -0.062943 0.187703 -0.380144 0.905681
0.307407 0.071184 -0.049274 0.024004 -0.020883 0.999494
0.156710 0.090464 -0.055744 -0.003056 0.047042 0.998888
0.073319 0.097763 -0.054051 0.405770 0.258869 0.876549
0.100522 0.032573 0.049615 -0.094978 -0.990169 -0.102691
0.106947 0.090967 -0.004242 0.043382 0.218514 -0.974869
0.239870 0.071319 -0.008522 0.029695 -0.046072 -0.998497
0.227472 0.018828 0.049459 -0.089923 -0.995948 -0.001032
0.378259 0.044001 0.004463 0.195561 -0.377212 -0.905244
0.354638 0.014287 0.050118 0.208043 -0.978119 0.000761
0.414338 0.058575 0.050052 0.944576 -0.328287 0.002092
0.378068 0.044031 0.095385 0.188914 -0.375825 0.907230
0.239428 0.071169 0.107456 0.022848 0.002134 0.999737
0.103038 0.091323 0.102202 0.037840 0.195761 0.979921
0.000186 0.103817 0.099529 0.021956 -0.153204 0.987951
-0.444042 0.193201 -0.235236 -0.404574 0.885122 -0.229953
-0.453200 0.196471 -0.073522 -0.506119 0.827470 0.243181
-0.342657 0.186861 0.072050 -0.440960 0.800440 0.406016
-0.265073 0.173021 0.162093 -0.059419 0.913113 0.403353
-0.244547 0.144553 0.288531 0.199901 0.960924 0.191480
-0.225804 0.109654 0.430336 0.034736 0.921929 0.385797
-0.145060 0.100285 0.113053 0.372529 -0.075531 0.924942
-0.203806 0.194336 0.075657 0.077409 0.933986 0.348824
-0.257266 0.225397 -0.083007 0.043782 0.997409 0.057077
-0.258417 0.220896 -0.242455 0.083800 0.986056 -0.143776
0.024314 0.164039 -0.194419 0.391533 0.915452 -0.093009
-0.035100 0.149099 -0.408805 0.130223 0.901988 -0.411655
-0.028860 0.160362 -0.337621 0.315618 0.894529 -0.316547
-0.264515 0.177070 -0.366597 -0.120113 0.793456 -0.596658
-0.368232 0.162221 -0.331834 -0.486050 0.548831 -0.680103
-0.049115 0.085365 -0.459422 -0.093161 -0.098963 -0.990721
0.059308 0.132195 -0.401973 0.203806 0.978362 -0.035660
0.191026 0.101682 -0.405851 0.169011 0.952105 0.254816
0.245959 0.096071 -0.407554 0.406539 0.913589 0.008994
0.145839 0.138766 -0.271988 0.158999 0.969564 0.186186
0.279893 0.122851 -0.272742 0.140610 0.989535 0.032403
0.404100 0.097311 -0.272094 0.335861 0.941776 0.015991
0.038752 0.164044 -0.273651 0.286348 0.945980 -0.152072
0.165707 0.146929 -0.114088 0.142550 0.989462 0.025382
0.322151 0.130351 -0.114072 0.130564 0.991209 0.021394
0.466649 0.101330 -0.112676 0.331206 0.943494 0.010976
0.053828 0.170866 -0.113776 0.261378 0.965063 0.018324
0.011454 0.170168 0.045848 0.225441 0.908078 0.352947
0.252620 0.122746 0.045928 0.157723 0.987463 0.006351
0.113352 0.148260 0.046631 0.188906 0.969592 -0.155583
0.383991 0.098743 0.050118 0.319973 0.947425 0.001583
0.048342 0.017874 -0.133192 0.475747 -0.876903 0.068595
0.049794 0.086782 -0.449918 0.009778 -0.198321 -0.980088
0.084074 0.098115 -0.176380 0.468290 0.410186 -0.782593
0.161829 0.091831 -0.172687 0.063565 0.108922 -0.992016
0.038325 0.097090 -0.009467 0.889093 -0.079998 -0.450681
-0.000266 0.163542 -0.037619 0.401850 0.905004 0.139587
-0.500000 0.111128 -0.161762 -0.990192 -0.137842 -0.022793
