0 1
0 2
0 3
0 5
0 6
0 146
0 147
1 0
1 160
1 2
1 161
1 147
1 148
1 149
2 0
2 1
2 161
2 3
2 4
2 162
3 0
3 2
3 4
3 6
3 208
3 185
4 2
4 3
4 162
4 8
4 9
4 208
5 0
5 6
5 139
5 141
5 143
5 209
5 146
6 0
6 3
6 5
6 209
6 185
6 186
7 37
7 8
7 9
7 10
7 11
7 210
8 4
8 7
8 9
8 208
8 209
8 210
8 187
9 32
9 162
9 4
9 7
9 8
9 10
10 32
10 33
10 7
10 9
10 11
10 12
11 37
11 38
11 7
11 10
11 12
11 13
12 33
12 10
12 11
12 13
12 14
13 38
13 11
13 12
13 14
13 15
13 151
13 153
14 33
14 34
14 12
14 13
14 15
14 16
15 13
15 14
15 16
15 17
15 153
15 154
16 34
16 35
16 14
16 15
16 17
16 18
17 15
17 16
17 18
17 19
17 154
18 35
18 36
18 16
18 17
18 19
18 20
19 17
19 18
19 20
19 154
19 155
19 156
20 36
20 18
20 19
20 27
20 156
21 22
21 23
21 24
21 25
21 30
21 31
22 32
22 161
22 162
22 21
22 23
22 31
23 160
23 161
23 21
23 22
23 24
24 160
24 21
24 23
24 25
24 26
24 27
24 159
25 21
25 24
25 26
25 28
25 29
25 30
26 24
26 25
26 27
26 28
27 36
27 156
27 20
27 24
27 26
27 28
27 158
27 159
28 36
28 25
28 26
28 27
28 29
29 35
29 36
29 25
29 28
29 30
30 34
30 35
30 21
30 25
30 29
30 31
31 32
31 33
31 34
31 21
31 22
31 30
32 33
32 162
32 9
32 10
32 22
32 31
33 32
33 34
33 10
33 12
33 14
33 31
34 33
34 35
34 14
34 16
34 30
34 31
35 34
35 36
35 16
35 18
35 29
35 30
36 35
36 18
36 20
36 27
36 28
36 29
37 38
37 7
37 40
37 11
37 210
37 211
38 37
38 39
38 40
38 41
38 11
38 13
38 151
39 38
39 40
39 41
39 42
39 43
39 124
39 125
40 99
40 37
40 38
40 39
40 211
40 124
40 127
41 38
41 39
41 42
41 151
41 152
42 39
42 41
42 43
42 44
42 45
42 152
43 39
43 42
43 44
43 125
43 126
44 42
44 43
44 45
44 46
44 126
45 42
45 44
45 46
45 47
45 48
45 49
45 152
46 103
46 104
46 105
46 44
46 45
46 47
46 188
46 126
47 45
47 46
47 48
47 188
47 158
48 45
48 47
48 49
48 50
48 51
48 157
48 158
49 153
49 45
49 48
49 51
49 151
49 152
49 57
49 59
50 48
50 51
50 52
50 53
50 54
50 157
51 48
51 49
51 50
51 52
51 59
51 60
52 64
52 67
52 50
52 51
52 54
52 60
52 189
53 50
53 54
53 55
53 56
53 155
53 157
54 64
54 50
54 52
54 53
54 56
54 62
55 153
55 53
55 56
55 57
55 154
55 155
56 53
56 54
56 55
56 57
56 58
56 62
57 49
57 55
57 56
57 153
57 58
57 59
58 56
58 57
58 59
58 61
58 62
58 63
59 49
59 51
59 57
59 58
59 60
59 61
60 51
60 52
60 189
60 59
60 61
60 191
61 58
61 59
61 60
61 63
61 191
62 64
62 65
62 212
62 54
62 56
62 58
62 63
63 212
63 58
63 61
63 62
63 191
64 65
64 66
64 67
64 52
64 54
64 62
65 64
65 66
65 204
65 206
65 207
65 212
65 62
66 64
66 65
66 67
66 68
66 202
66 203
66 204
67 64
67 66
67 68
67 69
67 52
67 189
68 66
68 67
68 69
68 70
68 201
68 202
69 67
69 68
69 70
69 72
69 189
69 190
70 68
70 69
70 71
70 72
70 200
70 201
70 75
71 70
71 72
71 73
71 74
71 75
72 192
72 69
72 70
72 71
72 73
72 190
73 192
73 195
73 71
73 72
73 74
74 195
74 197
74 71
74 73
74 75
75 197
75 70
75 71
75 200
75 74
76 213
76 214
76 77
76 78
77 224
77 76
77 78
77 79
77 213
78 225
78 228
78 229
78 230
78 76
78 77
78 79
78 214
79 224
79 226
79 228
79 231
79 232
79 77
79 78
79 223
80 228
80 231
80 233
80 235
80 81
80 82
81 230
81 231
81 234
81 80
81 82
81 83
82 235
82 80
82 81
82 83
82 84
82 85
83 234
83 81
83 82
83 84
83 86
83 87
83 88
84 82
84 83
84 85
84 88
84 89
85 235
85 82
85 84
85 86
85 87
85 89
85 90
86 234
86 235
86 83
86 85
86 87
87 83
87 85
87 86
87 88
87 90
87 91
87 92
88 83
88 84
88 87
88 89
88 92
89 84
89 85
89 88
89 90
89 92
89 93
89 94
90 85
90 87
90 89
90 91
90 94
91 87
91 90
91 92
91 94
91 95
92 96
92 87
92 88
92 89
92 91
92 93
92 95
93 96
93 97
93 98
93 89
93 92
93 94
94 98
94 99
94 211
94 89
94 90
94 91
94 93
94 95
95 96
95 99
95 106
95 91
95 92
95 94
96 97
96 100
96 106
96 92
96 93
96 95
97 96
97 98
97 100
97 101
97 144
97 145
97 93
98 97
98 144
98 210
98 211
98 93
98 94
99 40
99 106
99 211
99 127
99 94
99 95
100 96
100 97
100 101
100 103
100 105
100 106
101 97
101 100
101 102
101 103
101 145
101 146
101 147
102 101
102 103
102 104
102 147
102 148
102 150
102 188
103 100
103 101
103 102
103 104
103 105
103 46
104 102
104 188
104 46
104 103
105 100
105 103
105 106
105 46
105 122
105 123
105 126
106 96
106 99
106 100
106 105
106 123
106 127
106 95
107 108
107 109
107 110
107 247
107 248
107 250
108 107
108 109
108 112
108 113
108 115
108 250
109 107
109 108
109 110
109 111
109 115
109 117
110 107
110 109
110 111
110 112
110 113
110 248
111 109
111 110
111 112
111 114
111 117
111 119
112 108
112 110
112 111
112 113
112 114
112 115
113 108
113 110
113 112
113 248
113 249
113 250
114 111
114 112
114 115
114 116
114 119
114 121
115 108
115 109
115 112
115 114
115 116
115 117
116 114
116 115
116 117
116 118
116 121
116 123
116 127
117 109
117 111
117 115
117 116
117 118
117 119
118 116
118 117
118 119
118 120
118 124
118 127
119 111
119 114
119 117
119 118
119 120
119 121
120 118
120 119
120 121
120 122
120 124
120 125
121 114
121 116
121 119
121 120
121 122
121 123
122 105
122 120
122 121
122 123
122 125
122 126
123 105
123 106
123 116
123 121
123 122
123 127
124 39
124 40
124 118
124 120
124 125
124 127
125 39
125 43
125 120
125 122
125 124
125 126
126 105
126 43
126 44
126 46
126 122
126 125
127 99
127 40
127 106
127 116
127 118
127 123
127 124
128 129
128 130
128 292
128 133
128 293
128 287
129 128
129 130
129 133
129 134
129 135
130 128
130 129
130 131
130 132
130 293
130 135
130 136
131 130
131 291
131 132
131 293
131 292
131 133
132 130
132 131
132 133
132 134
132 136
132 137
133 128
133 129
133 131
133 132
133 292
133 134
134 129
134 132
134 133
134 135
134 137
134 138
135 129
135 130
135 134
135 136
135 138
135 139
135 140
136 130
136 132
136 135
136 137
136 140
137 132
137 134
137 136
137 138
137 140
137 142
138 134
138 135
138 137
138 139
138 142
138 143
139 5
139 135
139 138
139 140
139 141
139 143
140 135
140 136
140 137
140 139
140 141
140 142
140 144
140 210
141 5
141 139
141 140
141 209
141 210
142 137
142 138
142 140
142 143
142 144
142 145
143 5
143 138
143 139
143 142
143 145
143 146
144 97
144 98
144 140
144 142
144 145
144 210
145 97
145 101
145 142
145 143
145 144
145 146
146 0
146 101
146 5
146 143
146 145
146 147
147 0
147 1
147 101
147 102
147 146
147 148
148 1
148 102
148 147
148 149
148 150
149 160
149 1
149 148
149 150
149 159
150 102
150 148
150 149
150 188
150 158
150 159
151 38
151 41
151 13
151 49
151 152
151 153
152 41
152 42
152 45
152 49
152 151
153 13
153 15
153 49
153 55
153 151
153 57
153 154
154 15
154 17
154 19
154 55
154 153
154 155
155 19
155 53
155 55
155 154
155 156
155 157
156 155
156 19
156 20
156 27
156 157
156 158
157 48
157 50
157 53
157 155
157 156
157 158
158 47
158 48
158 188
158 150
158 27
158 156
158 157
158 159
159 160
159 149
159 150
159 24
159 27
159 158
160 1
160 161
160 149
160 23
160 24
160 159
161 160
161 1
161 2
161 162
161 22
161 23
162 32
162 161
162 2
162 4
162 9
162 22
163 164
163 165
163 166
163 294
163 300
163 308
163 309
163 311
164 163
164 165
164 168
164 169
164 297
164 311
165 163
165 164
165 166
165 167
165 169
165 170
166 163
166 165
166 294
166 167
166 168
166 295
166 296
166 297
167 165
167 166
167 168
167 170
167 171
167 172
168 164
168 166
168 167
168 169
168 297
168 172
169 164
169 165
169 168
169 170
169 172
169 173
170 165
170 167
170 169
170 171
170 173
170 174
171 167
171 170
171 172
171 174
171 175
171 176
172 167
172 168
172 169
172 171
172 173
172 176
173 169
173 170
173 172
173 174
173 176
173 177
173 179
173 180
174 170
174 171
174 173
174 175
174 178
174 179
175 176
175 178
175 171
175 174
176 171
176 172
176 173
176 175
176 177
176 178
177 173
177 176
177 178
177 180
177 181
177 182
178 174
178 175
178 176
178 177
178 179
178 182
178 183
179 173
179 174
179 178
179 180
179 183
179 184
180 173
180 177
180 179
180 181
180 184
181 177
181 180
181 182
181 184
181 186
182 177
182 178
182 181
182 183
182 186
182 187
183 208
183 178
183 179
183 182
183 184
183 185
183 187
184 179
184 180
184 181
184 183
184 185
184 186
185 3
185 6
185 208
185 183
185 184
185 186
186 6
186 209
186 181
186 182
186 184
186 185
186 187
187 8
187 208
187 209
187 182
187 183
187 186
188 102
188 104
188 46
188 47
188 150
188 158
189 67
189 69
189 52
189 60
189 190
189 191
190 192
190 193
190 69
190 72
190 212
190 189
190 191
191 212
191 189
191 60
191 61
191 190
191 63
192 193
192 194
192 195
192 72
192 73
192 190
193 192
193 194
193 206
193 212
193 190
194 192
194 193
194 195
194 196
194 205
194 206
195 192
195 194
195 196
195 197
195 73
195 74
196 194
196 195
196 197
196 198
196 203
196 204
196 205
197 195
197 196
197 198
197 199
197 200
197 74
197 75
198 196
198 197
198 199
198 202
198 203
199 197
199 198
199 200
199 201
199 202
200 197
200 70
200 199
200 201
200 75
201 68
201 70
201 199
201 200
201 202
202 66
202 68
202 198
202 199
202 201
202 203
203 66
203 196
203 198
203 202
203 204
204 65
204 66
204 196
204 203
204 205
204 207
205 194
205 196
205 204
205 206
205 207
206 65
206 193
206 194
206 205
206 207
206 212
207 65
207 204
207 205
207 206
208 3
208 4
208 8
208 183
208 185
208 187
209 5
209 6
209 8
209 141
209 210
209 186
209 187
210 98
210 37
210 7
210 8
210 140
210 141
210 144
210 209
210 211
211 98
211 99
211 37
211 40
211 210
211 94
212 65
212 193
212 206
212 62
212 63
212 190
212 191
213 224
213 76
213 77
213 214
213 215
213 216
214 225
214 76
214 78
214 213
214 215
215 225
215 213
215 214
215 216
215 217
215 218
216 224
216 213
216 215
216 217
216 220
216 221
217 215
217 216
217 218
217 219
217 220
218 225
218 226
218 215
218 217
218 219
219 226
219 227
219 217
219 218
219 220
220 227
220 216
220 217
220 219
220 221
220 222
221 224
221 216
221 220
221 222
221 223
222 226
222 227
222 220
222 221
222 223
223 224
223 226
223 79
223 221
223 222
224 77
224 79
224 213
224 216
224 221
224 223
225 226
225 230
225 231
225 232
225 78
225 214
225 215
225 218
226 225
226 227
226 232
226 79
226 218
226 219
226 222
226 223
227 226
227 219
227 220
227 222
228 229
228 231
228 233
228 78
228 79
228 80
229 228
229 230
229 233
229 234
229 78
230 225
230 229
230 231
230 234
230 78
230 81
231 225
231 228
231 230
231 232
231 79
231 80
231 81
232 225
232 226
232 79
232 231
233 228
233 229
233 234
233 235
233 80
234 229
234 230
234 233
234 235
234 81
234 83
234 86
235 233
235 234
235 80
235 82
235 85
235 86
236 237
236 238
236 239
236 240
236 241
236 242
236 243
236 244
237 236
237 238
237 244
237 245
237 246
238 236
238 237
238 239
238 246
238 247
238 248
239 236
239 238
239 240
239 245
239 248
239 249
240 236
240 239
240 241
240 245
240 251
240 253
240 254
241 236
241 240
241 242
241 254
241 255
242 241
242 243
242 236
242 255
243 256
243 236
243 242
243 244
243 255
244 256
244 257
244 236
244 237
244 243
244 245
244 251
244 252
245 237
245 239
245 240
245 244
245 246
245 249
245 251
246 237
246 238
246 245
246 247
246 249
246 250
247 107
247 238
247 246
247 248
247 250
248 107
248 110
248 239
248 238
248 113
248 247
248 249
249 239
249 113
249 245
249 246
249 248
249 250
250 107
250 108
250 113
250 246
250 247
250 249
251 240
251 244
251 245
251 252
251 253
252 257
252 258
252 259
252 261
252 244
252 251
252 253
253 261
253 262
253 240
253 251
253 252
253 254
254 262
254 263
254 240
254 241
254 253
254 255
255 256
255 263
255 241
255 242
255 243
255 254
256 257
256 263
256 264
256 243
256 244
256 255
257 256
257 258
257 264
257 244
257 252
258 257
258 259
258 260
258 264
258 252
259 258
259 261
259 252
259 260
260 258
260 259
260 261
260 262
260 263
260 264
261 259
261 260
261 262
261 252
261 253
262 260
262 261
262 263
262 253
262 254
263 256
263 260
263 262
263 264
263 254
263 255
264 256
264 257
264 258
264 260
264 263
265 266
265 267
265 268
265 280
265 281
266 265
266 267
266 270
266 271
266 272
266 281
267 265
267 266
267 268
267 269
267 270
268 265
268 267
268 269
268 280
268 282
269 267
269 268
269 270
269 275
269 276
269 282
270 266
270 267
270 269
270 271
270 274
270 275
271 266
271 270
271 272
271 273
271 274
272 266
272 271
272 273
272 280
272 281
273 271
273 272
273 274
273 279
273 280
274 270
274 271
274 273
274 275
274 278
274 279
275 269
275 270
275 274
275 276
275 277
275 278
276 269
276 275
276 277
276 282
276 283
277 283
277 275
277 276
277 278
278 274
278 275
278 277
278 279
278 283
279 288
279 289
279 273
279 274
279 278
279 280
279 283
279 284
280 289
280 265
280 268
280 272
280 273
280 279
280 281
280 282
281 280
281 265
281 266
281 272
282 288
282 289
282 290
282 268
282 269
282 276
282 280
282 283
283 290
283 276
283 277
283 278
283 279
283 282
283 284
283 285
284 288
284 279
284 283
284 285
284 286
284 287
285 290
285 283
285 284
285 286
286 290
286 291
286 293
286 284
286 285
286 287
287 288
287 128
287 292
287 293
287 284
287 286
288 289
288 290
288 292
288 279
288 282
288 284
288 287
289 288
289 280
289 282
289 279
290 288
290 291
290 292
290 282
290 283
290 285
290 286
291 290
291 131
291 292
291 293
291 286
292 288
292 128
292 290
292 291
292 131
292 133
292 287
293 128
293 130
293 291
293 131
293 286
293 287
294 163
294 166
294 295
294 309
294 310
295 296
295 310
295 166
295 294
296 166
296 295
296 297
296 298
296 310
297 164
297 166
297 168
297 296
297 298
297 299
297 300
297 311
298 296
298 297
298 299
298 304
298 305
298 310
299 297
299 298
299 300
299 301
299 304
300 163
300 297
300 299
300 301
300 302
300 307
300 308
300 311
301 299
301 300
301 302
301 303
301 304
302 307
302 300
302 301
302 303
303 301
303 302
303 304
303 305
303 306
303 307
304 298
304 299
304 301
304 303
304 305
305 298
305 303
305 304
305 306
305 309
305 310
306 303
306 305
306 307
306 308
306 309
307 300
307 302
307 303
307 306
307 308
308 163
308 300
308 306
308 307
308 309
309 163
309 294
309 305
309 306
309 308
309 310
310 294
310 295
310 296
310 298
310 305
310 309
311 297
311 164
311 163
311 300
