0.029965 0.163827 -0.336689 -0.368977 0.875838 -0.311068
0.081284 0.188460 -0.327192 -0.212977 0.934334 -0.285764
0.084322 0.160670 -0.400142 0.006120 0.817443 -0.575977
0.008628 0.155495 -0.423950 -0.148270 0.866362 -0.476899
0.044992 0.089185 -0.460835 0.120186 -0.162714 -0.979326
-0.040535 0.125853 -0.337205 -0.383075 0.493992 -0.780529
0.000343 0.123630 -0.355395 -0.775647 0.631158 0.003232
0.015257 0.004978 -0.265591 -0.117584 -0.986558 -0.113475
0.013818 0.029534 -0.393699 -0.212211 -0.878243 -0.428550
0.077105 0.021357 -0.378723 0.003997 -0.914590 -0.404363
0.069507 0.004375 -0.267551 0.036237 -0.996767 -0.071706
0.050935 0.001692 -0.149999 0.064996 -0.997676 -0.020440
0.101805 0.010256 -0.162488 0.082556 -0.996581 -0.003332
0.109477 0.004576 -0.066055 0.018743 -0.998311 0.054995
0.209046 0.016498 -0.163561 0.072557 -0.996824 -0.032831
0.232756 0.002935 -0.071591 0.075324 -0.997081 0.012485
0.404259 0.040197 -0.169519 0.147664 -0.987087 -0.062094
0.385248 0.022136 -0.079226 0.298732 -0.949873 0.092196
0.482754 0.058345 -0.168529 0.616742 -0.786827 -0.023087
0.465952 0.081359 -0.049496 0.836316 -0.374831 0.400097
0.500000 0.120689 -0.159800 0.953641 0.300162 -0.021703
0.206368 0.089597 -0.433994 0.221857 -0.020883 -0.974856
0.155230 0.088359 -0.444858 0.153036 -0.062102 -0.986267
0.177608 0.174093 -0.383902 0.069566 0.730638 -0.679212
0.266499 0.179509 -0.365392 0.167759 0.841721 -0.513189
0.274485 0.093245 -0.414540 0.377415 -0.022274 -0.925776
0.364846 0.165725 -0.328905 0.414518 0.591175 -0.691872
0.430862 0.194841 -0.234040 0.409298 0.879904 -0.241339
0.389695 0.097975 -0.361250 0.630414 0.157299 -0.760155
0.358480 0.045743 -0.335724 0.392205 -0.725570 -0.565441
0.249976 0.027316 -0.364521 0.196926 -0.897177 -0.395341
0.173363 0.022193 -0.376102 0.081480 -0.919632 -0.384236
0.125685 0.022771 -0.377773 0.042889 -0.911016 -0.410135
0.120439 0.005690 -0.267515 0.036347 -0.998847 -0.031372
0.216557 0.009389 -0.260659 0.116406 -0.992725 -0.030764
0.394581 0.039000 -0.270141 0.257200 -0.957509 -0.130481
0.465101 0.084692 -0.276259 0.850615 -0.154800 -0.502485
-0.001246 0.000000 -0.135859 -0.208354 -0.978038 0.005433
0.056212 0.002136 -0.053391 0.006990 -0.989574 0.143853
0.009809 0.025453 0.038564 -0.060411 -0.809901 0.583447
0.006776 0.009564 -0.037894 -0.420183 -0.892594 0.163469
0.061763 0.025144 0.035598 0.020107 -0.809216 0.587167
0.060572 0.097857 0.093082 -0.064456 -0.007705 0.997891
0.005915 0.097284 0.090879 -0.069116 0.155813 0.985366
0.052777 0.177064 0.038879 -0.107926 0.764197 0.635889
0.106252 0.184436 0.043114 -0.243858 0.776115 0.581532
0.046803 0.187588 -0.038244 -0.236034 0.963211 0.128502
0.108811 0.201610 -0.042387 -0.127508 0.984046 0.124074
0.205610 0.195517 0.078173 -0.155363 0.951968 0.263855
0.146568 0.101901 0.115750 -0.654850 -0.102434 0.748785
0.293541 0.177116 0.164789 0.364598 0.879578 0.305633
0.214024 0.171312 0.163628 -0.514248 0.788464 0.337450
0.292288 0.162202 0.215567 0.392311 0.885161 0.250163
0.346821 0.104300 0.157066 0.907661 0.112909 0.404233
0.339686 0.096082 0.204104 0.986102 0.083074 0.143882
0.305638 0.038201 0.146945 0.423322 -0.888725 0.175974
0.301532 0.034048 0.197495 0.485717 -0.874031 -0.012192
0.224827 0.034713 0.142235 -0.406095 -0.904622 0.129409
0.228979 0.032315 0.198486 -0.493913 -0.868801 0.035128
0.177459 0.100219 0.158010 -0.931237 -0.108512 0.347882
0.226106 0.158096 0.218084 -0.687295 0.681412 0.251604
0.193193 0.094132 0.213013 -0.979202 -0.147269 0.139552
0.298628 0.032629 0.246143 0.433046 -0.898515 -0.071703
0.230413 0.032155 0.245487 -0.578208 -0.812290 -0.076552
0.333743 0.090397 0.253530 0.995726 0.041697 0.082411
0.297875 0.022946 0.306990 0.596235 -0.802808 -0.001757
0.328724 0.085656 0.321352 0.987810 0.114521 0.105436
0.292344 0.148444 0.261995 0.498880 0.844453 0.194983
0.290931 0.139245 0.311133 0.435826 0.882147 0.178526
0.231796 0.136893 0.310782 -0.418015 0.887284 0.194912
0.243305 0.130496 0.345996 -0.097363 0.926089 0.364525
0.228696 0.109541 0.375462 -0.178475 0.949150 0.259349
0.220705 0.112363 0.368694 -0.757184 0.627675 0.180820
0.230161 0.101917 0.424058 -0.408977 0.870509 0.273774
0.248314 0.106745 0.432400 -0.166545 0.961906 0.216794
0.246411 0.116779 0.362854 -0.059892 0.971226 0.230508
-0.434417 0.016911 -0.113537 -0.293882 -0.955841 0.000834
-0.460443 0.047579 -0.154925 -0.195288 -0.638678 -0.744280
-0.339846 0.012531 -0.113480 0.020046 -0.999798 -0.001764
-0.356406 0.072352 -0.175983 -0.041453 0.035841 -0.998497
-0.267469 0.076824 -0.176907 0.038154 -0.053583 -0.997834
-0.278524 0.134546 -0.113423 -0.054677 0.996714 -0.059756
-0.198357 0.084222 -0.174142 0.023573 0.128669 -0.991407
-0.203892 0.139668 -0.113454 -0.084915 0.975667 0.202147
-0.160223 0.089979 -0.173131 -0.011147 0.228328 -0.973520
-0.153656 0.030174 -0.113366 0.133155 -0.982743 -0.128396
-0.196639 0.082525 -0.053581 0.058492 -0.138192 0.988677
-0.154910 0.088767 -0.055784 0.005225 0.155571 0.987811
-0.164639 0.144285 -0.113392 -0.119568 0.981170 -0.151684
-0.129059 0.093920 -0.172744 -0.035644 -0.171905 -0.984468
-0.120769 0.031747 -0.113320 0.059960 -0.981212 0.183378
-0.120171 0.093167 -0.058044 -0.010380 -0.192347 0.981272
-0.132552 0.148469 -0.113346 -0.142122 0.980218 0.137747
-0.081934 0.096995 -0.177025 -0.465277 0.171893 -0.868315
-0.079396 0.032412 -0.113372 -0.397074 -0.917678 0.014100
-0.070936 0.096773 -0.054283 -0.428765 0.130710 0.893910
-0.089342 0.156259 -0.113382 -0.465496 0.885034 0.005391
-0.047716 0.126059 -0.189510 -0.704732 0.549956 -0.448219
-0.052648 0.061033 -0.191769 -0.871356 -0.359735 -0.333660
-0.042779 0.053424 -0.044322 -0.644609 -0.560996 0.519387
-0.049558 0.168573 -0.113423 -0.503122 0.862594 0.052914
-0.014906 0.165994 -0.194746 -0.528977 0.848423 -0.018995
0.035258 0.188073 -0.189845 -0.266746 0.963184 -0.033524
-0.006683 0.183621 -0.110637 -0.331156 0.943116 0.029448
0.036532 0.194227 -0.110261 -0.194425 0.980753 0.017944
0.004331 0.166669 -0.033973 -0.525320 0.840264 0.134147
-0.043310 0.126039 -0.043806 -0.627065 0.489714 0.605781
-0.157768 0.029436 0.038590 0.123539 -0.990181 0.065417
-0.129761 0.091155 -0.022129 -0.006259 0.006840 -0.999957
-0.122931 0.034440 0.038575 0.119853 -0.992563 0.021300
-0.161049 0.083639 0.094341 0.043156 0.008766 0.999030
-0.122951 0.089278 0.091663 0.036887 -0.000353 0.999319
-0.132438 0.145441 0.038580 -0.141224 0.987403 0.071357
-0.168534 0.139673 0.038595 -0.120532 0.987010 0.106227
-0.103792 0.150208 0.038564 -0.158918 0.986679 -0.034790
-0.101811 0.094663 -0.022619 -0.091097 -0.012420 -0.995765
-0.061392 0.096876 -0.029124 -0.355791 -0.000115 -0.934565
-0.093206 0.035627 0.038559 0.029458 -0.997074 -0.070539
-0.055537 0.036627 0.038549 -0.217304 -0.959619 0.178632
-0.091478 0.093152 0.089002 0.016943 0.008250 0.999822
-0.049774 0.097619 0.087129 -0.028588 0.027966 0.999200
-0.064853 0.157322 0.038559 -0.269607 0.955071 0.123093
-0.027215 0.164828 0.038554 -0.341213 0.896733 0.281858
-0.033545 0.126075 -0.026570 -0.602947 0.652236 -0.459395
-0.025224 0.033295 0.038549 -0.319986 -0.856773 0.404413
-0.019683 0.098682 0.087732 -0.103073 -0.001375 0.994673
0.007643 0.172086 0.038569 -0.193761 0.863682 0.465307
-0.032854 0.053971 -0.026642 -0.760583 -0.610141 -0.221904
-0.188824 0.089835 -0.324236 0.018638 0.126612 -0.991777
-0.156158 0.095489 -0.323302 -0.012396 0.223290 -0.974673
-0.150040 0.039759 -0.272953 0.152242 -0.976064 -0.155313
-0.187255 0.086662 -0.220602 0.022516 0.125935 0.991783
-0.151521 0.092878 -0.222417 0.023609 0.042992 0.998796
-0.193178 0.135057 -0.272937 -0.116029 0.992325 0.042760
-0.159486 0.139457 -0.272947 -0.146062 0.988193 0.046271
-0.129034 0.099931 -0.322936 -0.040043 -0.160372 -0.986244
-0.121775 0.041544 -0.272968 0.057680 -0.982731 0.175823
-0.121837 0.097728 -0.224367 -0.037215 -0.050968 0.998007
-0.132036 0.144760 -0.272958 -0.175099 0.984401 0.017183
-0.082667 0.102463 -0.326310 -0.391714 0.131403 -0.910655
-0.084142 0.040981 -0.272968 -0.433989 -0.897967 -0.072864
-0.044198 0.062524 -0.338288 -0.423884 -0.499347 -0.755629
-0.078318 0.100694 -0.221241 -0.441002 0.155361 0.883957
-0.093505 0.153236 -0.272963 -0.422345 0.905539 -0.040299
-0.054938 0.062137 -0.209257 -0.779886 -0.371419 0.503812
-0.050646 0.125791 -0.211625 -0.660459 0.535028 0.526820
-0.052034 0.164503 -0.272989 -0.413505 0.902603 -0.119670
0.002675 0.179721 -0.268593 -0.304291 0.946296 -0.109227
0.048866 0.192246 -0.263832 -0.220848 0.973794 -0.054326
0.096255 0.201579 -0.259143 -0.117383 0.990907 -0.065755
0.105195 0.204029 -0.193704 -0.114247 0.993296 -0.017646
0.113449 0.026583 0.033994 -0.071814 -0.865553 0.495641
0.101398 0.099786 0.096931 -0.184520 -0.216258 0.958741
0.213317 0.025438 0.056914 -0.086176 -0.965772 0.244660
0.333326 0.034043 0.059266 0.330848 -0.914342 0.233491
0.394694 0.104176 0.078225 0.859099 -0.022751 0.511304
0.440298 0.198194 -0.072143 0.563760 0.795021 0.223867
0.341765 0.190585 0.074423 0.349830 0.886967 0.301512
0.261629 0.219417 -0.080484 0.026989 0.998504 0.047551
0.262867 0.216534 -0.241030 0.030568 0.992942 -0.114592
0.141038 0.201883 -0.309771 -0.031608 0.964481 -0.262255
0.125025 0.165973 -0.392388 0.010837 0.780636 -0.624892
0.103627 0.087699 -0.455593 0.120826 -0.152507 -0.980889
-0.183794 0.075406 -0.465493 -0.017654 0.032913 -0.999302
-0.155111 0.122335 -0.416619 -0.086258 0.995918 0.026594
-0.143174 0.077722 -0.465849 0.013753 -0.084767 -0.996306
-0.172377 0.028786 -0.416634 0.030572 -0.999347 -0.019274
-0.132603 0.030390 -0.416526 0.112919 -0.993315 -0.023962
-0.143942 0.075148 -0.367771 -0.024726 -0.080189 0.996473
-0.130782 0.124326 -0.416459 -0.099630 0.994665 0.026754
-0.120589 0.080962 -0.464116 0.047000 0.008411 -0.998859
-0.110070 0.034228 -0.416382 0.173245 -0.984843 -0.008434
-0.121125 0.078470 -0.367987 0.014782 0.006861 0.999867
-0.107176 0.127035 -0.416253 -0.145191 0.988967 0.029387
-0.099556 0.084434 -0.463471 0.037427 -0.306775 -0.951046
-0.089079 0.037788 -0.416237 0.127733 -0.991498 -0.024809
-0.097864 0.082272 -0.368369 0.059645 -0.303167 0.951069
-0.077043 0.085821 -0.369365 -0.001527 0.006469 0.999978
-0.069909 0.039403 -0.416402 0.084647 -0.974427 -0.208153
-0.077312 0.088169 -0.464245 -0.081198 0.317444 -0.944794
-0.085463 0.130728 -0.416351 -0.176419 0.962909 0.204165
-0.055124 0.089386 -0.370030 -0.092701 0.168551 0.981324
-0.047819 0.039619 -0.416423 0.010735 -0.941252 0.337535
-0.051693 0.090830 -0.464848 -0.065288 -0.090507 -0.993753
-0.060438 0.136155 -0.416346 -0.228609 0.970523 0.076303
-0.026906 0.145621 -0.416722 -0.392533 0.910575 -0.129501
-0.022314 0.093064 -0.365599 -0.526620 0.024964 0.849734
-0.017155 0.038809 -0.416026 -0.314041 -0.934740 -0.166253
0.106397 0.206031 -0.110245 -0.138518 0.990204 0.017570
0.228175 0.147309 0.263646 -0.520941 0.826300 0.214123
0.198295 0.084010 0.322131 -0.993465 0.052536 0.101328
0.194586 0.089860 0.257631 -0.998152 -0.046962 0.038557
0.222887 0.091609 0.432523 -0.906560 0.281064 0.314885
0.215597 0.056354 0.422515 -0.873982 -0.441533 0.202989
0.245400 0.068152 0.466241 -0.463060 -0.422466 0.779165
0.247092 0.093461 0.461810 -0.317900 0.713919 0.623906
0.278828 0.093559 0.462939 0.500883 0.345808 0.793431
0.277193 0.107101 0.432142 0.098979 0.970277 0.220831
0.296523 0.102226 0.422686 0.392407 0.880831 0.264864
0.296255 0.109969 0.373755 0.176583 0.948177 0.264159
0.277162 0.117537 0.361761 0.056764 0.940554 0.334866
0.280030 0.132028 0.345459 0.109446 0.900468 0.420925
0.304643 0.112982 0.367183 0.726953 0.661191 0.185378
0.303890 0.091862 0.432173 0.902816 0.324747 0.281892
0.311071 0.055519 0.424331 0.905937 -0.349027 0.239704
0.275903 0.061033 0.462929 0.256646 -0.674971 0.691770
0.246369 0.025417 0.408061 -0.205023 -0.948796 0.240316
0.290178 0.022131 0.399043 0.350000 -0.897443 0.268508
-0.016067 0.090206 -0.466241 0.019205 -0.115005 -0.993179
-0.002639 0.060512 -0.349978 -0.822977 -0.368685 -0.432182
-0.044012 0.022662 -0.272932 -0.557458 -0.815209 -0.157083
-0.046664 0.020981 -0.123209 -0.610305 -0.788679 0.074256
0.232776 0.019356 0.304679 -0.549609 -0.835152 -0.021232
-0.500000 0.061771 -0.113573 -0.848982 -0.528415 0.002661
-0.459999 0.047517 -0.069450 -0.192442 -0.650478 0.734741
-0.468212 0.085403 -0.072354 -0.392926 0.238190 0.888186
-0.495280 0.088679 -0.113568 -0.737252 0.675617 0.001289
-0.458560 0.096221 -0.081315 -0.277185 0.915897 0.290347
-0.401927 0.105177 -0.072158 -0.003619 0.718952 0.695050
-0.409412 0.102928 -0.082104 -0.237254 0.962679 0.130232
-0.466251 0.101457 -0.113552 -0.189342 0.981911 0.001067
-0.458555 0.096294 -0.143174 -0.276622 0.912384 -0.301722
-0.409495 0.102969 -0.143096 -0.240593 0.961414 -0.133406
-0.402505 0.105223 -0.153290 -0.021325 0.716593 -0.697166
-0.468294 0.085491 -0.152021 -0.392191 0.239933 -0.888042
-0.354327 0.072326 -0.050409 -0.022956 0.037062 0.999049
-0.382685 0.124367 -0.113506 -0.042180 0.999103 0.003676
-0.398857 0.110083 -0.113521 -0.264395 0.964414 0.001009
-0.307181 0.073512 -0.178552 0.017769 -0.321593 -0.946711
-0.293779 0.016023 -0.113418 0.077355 -0.983320 0.164612
-0.306345 0.073188 -0.049000 0.009745 -0.013819 0.999857
-0.321306 0.132833 -0.113413 -0.051853 0.990148 -0.130070
-0.350958 0.130919 -0.113470 -0.136635 0.990618 0.002466
-0.256465 0.018814 -0.113418 0.087266 -0.983396 -0.159110
-0.266814 0.075246 -0.050775 0.031859 -0.073025 0.996821
-0.191919 0.024406 -0.113423 0.122830 -0.992359 -0.011710
-0.292298 0.017947 0.038879 0.030759 -0.999516 -0.004761
-0.263755 0.075075 -0.024646 -0.010461 -0.226318 -0.973997
-0.250455 0.021827 0.038606 0.100160 -0.994827 -0.016974
-0.260845 0.073683 0.100279 0.016007 -0.013851 0.999776
-0.304493 0.072512 0.099252 0.001146 -0.020441 0.999790
-0.400895 0.048756 0.082094 -0.189936 -0.664412 0.722828
-0.378279 0.020475 0.039054 -0.288840 -0.957352 0.006940
-0.402597 0.048689 0.001989 -0.201654 -0.639383 -0.741974
-0.308352 0.072708 -0.020679 -0.066605 0.031633 -0.997278
-0.275501 0.128149 0.038606 -0.079006 0.990162 -0.115483
-0.227669 0.078764 -0.023831 0.015847 0.024438 -0.999576
-0.216531 0.024643 0.038600 0.091999 -0.965120 -0.245110
-0.224956 0.076463 0.098040 0.029889 -0.073685 0.996834
-0.236604 0.130996 0.038606 -0.094273 0.993772 -0.059414
-0.164629 0.085914 -0.022433 -0.003148 0.033701 -0.999427
-0.302430 0.126240 0.038884 -0.006270 0.988931 0.148245
-0.331272 0.120292 0.038967 -0.159919 0.929238 -0.333080
-0.348142 0.102675 0.079747 -0.031292 0.728815 0.683995
-0.408432 0.084294 0.079566 -0.409038 0.223769 0.884655
-0.437919 0.061885 0.039178 -0.854734 -0.518772 0.017440
-0.409722 0.084212 0.004893 -0.414991 0.227199 -0.881001
-0.349921 0.102634 0.001339 -0.038858 0.715493 -0.697538
-0.356117 0.100565 0.010619 -0.245603 0.960496 -0.130870
-0.345975 0.107173 0.038992 -0.265647 0.964063 0.003628
-0.407261 0.099353 0.039116 -0.192803 0.981235 0.002178
-0.355106 0.100617 0.070920 -0.236340 0.963691 0.124267
-0.399796 0.094472 0.071859 -0.287337 0.914177 0.285862
-0.433648 0.087338 0.039168 -0.752153 0.658880 0.011928
-0.400730 0.094411 0.012131 -0.290976 0.903709 -0.314076
-0.369396 0.098527 -0.246075 -0.245755 0.960682 0.129207
-0.418368 0.096670 -0.272922 -0.195096 0.980780 0.002674
-0.411579 0.092424 -0.246075 -0.280315 0.915334 0.289114
-0.362958 0.100498 -0.237594 -0.017181 0.720049 0.693710
-0.419833 0.083438 -0.238864 -0.392319 0.239345 0.888144
-0.443346 0.085868 -0.272922 -0.723934 0.689830 0.007361
-0.411956 0.092507 -0.296652 -0.276602 0.912340 -0.301873
-0.369705 0.098579 -0.296879 -0.248546 0.959249 -0.134411
-0.363700 0.100560 -0.305566 -0.041514 0.717842 -0.694968
-0.420411 0.083551 -0.303869 -0.384998 0.246261 -0.889456
-0.447463 0.063830 -0.272922 -0.840504 -0.541739 0.008485
-0.412848 0.052129 -0.236279 -0.193683 -0.653559 0.731674
-0.391119 0.026480 -0.272922 -0.291218 -0.956654 0.002193
-0.413715 0.052232 -0.306438 -0.193210 -0.631962 -0.750529
-0.324076 0.073383 -0.325505 -0.060013 0.034507 -0.997601
-0.346527 0.116929 -0.272927 -0.060543 0.998145 0.006350
-0.360435 0.104661 -0.272927 -0.271408 0.962461 0.002633
-0.322126 0.072867 -0.218486 -0.040740 0.034982 0.998557
-0.309755 0.021909 -0.272932 0.018517 -0.999767 -0.011066
-0.281949 0.077067 -0.328167 0.020034 -0.312085 -0.949843
-0.270218 0.025386 -0.272942 0.096276 -0.994979 -0.027356
-0.238265 0.028827 -0.272942 0.122111 -0.991988 -0.032384
-0.248041 0.081802 -0.326717 0.035829 -0.051230 -0.998044
-0.293887 0.125776 -0.272942 -0.096697 0.989301 -0.109237
-0.319278 0.123026 -0.272932 -0.165734 0.986140 0.007774
-0.281026 0.074095 -0.216836 0.014975 -0.142666 0.989658
-0.247339 0.078331 -0.218290 0.052054 -0.220013 0.974107
-0.257234 0.128680 -0.272942 -0.093041 0.987869 0.124333
-0.182875 0.034425 -0.272942 0.143991 -0.989142 -0.029399
-0.268119 0.054255 -0.450538 -0.171287 -0.649739 -0.740608
-0.248000 0.030777 -0.416748 -0.268343 -0.963241 -0.012587
-0.269084 0.053682 -0.386156 -0.179438 -0.634858 0.751503
-0.185032 0.073218 -0.370020 -0.041783 0.029872 0.998680
-0.274980 0.082875 -0.388106 -0.373039 0.224536 0.900236
-0.221370 0.099090 -0.386156 -0.023997 0.682616 0.730383
-0.204738 0.114834 -0.416614 -0.049821 0.998609 0.017245
-0.226730 0.097397 -0.393554 -0.252456 0.957706 0.138077
-0.217728 0.103263 -0.416629 -0.275901 0.961183 -0.002418
-0.272690 0.095329 -0.416805 -0.200000 0.979796 -0.000775
-0.266798 0.091372 -0.394483 -0.283201 0.907291 0.310837
-0.296425 0.085047 -0.416877 -0.718472 0.695513 -0.007723
-0.266091 0.091496 -0.441933 -0.281371 0.917946 -0.279653
-0.226039 0.097475 -0.441634 -0.251477 0.960112 -0.122248
-0.220457 0.099631 -0.449264 -0.019075 0.719891 -0.693825
-0.274072 0.083144 -0.448650 -0.385074 0.236305 -0.892120
-0.300454 0.064469 -0.416877 -0.839498 -0.543121 -0.016211
-0.179528 0.119957 -0.416629 -0.149411 0.988558 0.020712
