0 6
1 148
2 161
3 185
4 162
5 6
6 0
6 5
6 186
8 9
8 209
9 8
9 32
11 37
13 38
21 22
22 21
23 161
31 32
32 9
32 31
37 11
37 211
38 13
39 41
39 124
40 127
41 39
42 152
43 125
44 126
46 105
49 59
49 152
51 60
52 67
53 54
54 53
56 62
58 63
59 49
60 51
60 189
61 191
62 56
63 58
63 212
65 212
66 202
67 52
68 201
69 70
69 189
70 69
70 71
70 72
70 75
70 190
70 201
71 70
71 72
71 73
71 74
71 75
71 200
72 70
72 71
72 75
72 190
72 200
73 71
73 74
73 192
73 194
73 195
73 197
74 71
74 73
74 192
74 194
74 195
74 197
75 70
75 71
75 72
75 199
75 200
75 201
75 202
76 77
77 76
77 221
77 224
79 223
80 228
81 231
82 84
83 88
84 82
84 89
85 90
86 87
87 86
87 91
88 83
88 92
89 84
89 93
90 85
90 94
91 87
91 95
92 88
93 89
93 98
94 90
94 211
95 91
95 106
96 100
97 101
97 145
98 93
98 144
99 127
100 96
100 103
101 97
103 100
103 104
104 103
105 46
106 95
106 116
106 123
107 109
108 115
108 250
109 107
109 117
110 111
111 110
111 119
112 113
112 114
113 112
114 112
114 121
115 108
115 116
115 250
116 106
116 115
116 123
117 109
117 118
118 117
118 124
119 111
119 120
120 119
120 125
121 114
121 122
122 121
122 126
123 106
123 116
124 39
124 118
125 43
125 120
126 44
126 122
127 40
127 99
128 129
129 128
129 135
130 136
130 293
131 132
132 131
132 137
133 134
134 133
134 138
135 129
136 130
136 140
137 132
137 138
137 142
138 134
138 137
138 143
140 136
140 210
142 137
142 144
142 145
143 138
143 146
144 98
144 142
144 145
145 97
145 142
145 144
146 143
146 147
147 146
147 148
148 1
148 147
148 149
149 148
152 42
152 49
161 2
161 23
162 4
163 165
163 170
163 300
163 307
163 308
164 169
164 173
164 311
165 163
165 170
166 167
167 166
167 171
167 175
168 172
168 176
168 297
169 164
169 173
169 180
169 184
170 163
170 165
170 174
171 167
171 175
171 178
172 168
172 176
172 177
172 297
173 164
173 169
173 180
173 184
174 170
174 179
174 183
175 167
175 171
175 178
176 168
176 172
176 177
176 181
177 172
177 176
177 181
177 186
178 171
178 175
178 182
178 187
179 174
179 180
179 183
179 184
179 208
180 169
180 173
180 179
180 184
181 176
181 177
181 186
182 178
182 187
183 174
183 179
183 208
184 169
184 173
184 179
184 180
185 3
186 6
186 177
186 181
186 209
187 178
187 182
189 60
189 69
190 70
190 72
191 61
192 73
192 74
192 193
192 194
192 195
193 192
193 206
194 73
194 74
194 192
194 195
194 196
194 205
195 73
195 74
195 192
195 194
195 196
195 197
195 203
195 205
196 194
196 195
196 197
196 203
196 205
197 73
197 74
197 195
197 196
197 198
197 199
197 200
197 203
197 205
198 197
198 199
198 202
198 203
198 204
198 205
199 75
199 197
199 198
199 200
199 201
199 202
200 71
200 72
200 75
200 197
200 199
200 201
200 202
201 68
201 70
201 75
201 199
201 200
201 202
202 66
202 75
202 198
202 199
202 200
202 201
203 195
203 196
203 197
203 198
203 204
203 205
204 198
204 203
204 205
204 207
205 194
205 195
205 196
205 197
205 198
205 203
205 204
206 193
206 207
207 204
207 206
208 179
208 183
209 8
209 186
210 140
211 37
211 94
212 63
212 65
213 215
213 216
214 215
214 217
215 213
215 214
215 216
215 217
215 220
216 213
216 215
216 217
216 220
216 221
216 224
217 214
217 215
217 216
217 220
218 219
218 226
218 227
219 218
219 220
219 226
219 227
220 215
220 216
220 217
220 219
220 221
220 224
221 77
221 216
221 220
221 222
221 224
222 221
222 223
222 224
222 226
222 227
223 79
223 222
223 226
223 227
224 77
224 216
224 220
224 221
224 222
225 230
226 218
226 219
226 222
226 223
226 227
226 232
227 218
227 219
227 222
227 223
227 226
227 232
228 80
229 233
230 225
230 234
231 81
231 232
232 226
232 227
232 231
233 229
233 235
234 230
235 233
236 238
237 246
238 236
238 247
239 240
239 248
240 239
241 254
241 262
243 255
243 256
243 260
243 263
243 264
244 257
245 249
245 251
246 237
247 238
248 239
249 245
250 108
250 115
251 245
251 252
251 259
252 251
252 253
252 257
252 258
252 259
252 261
253 252
253 254
253 259
253 261
253 262
254 241
254 253
254 255
254 261
254 262
254 263
255 243
255 254
255 256
255 260
255 262
255 263
255 264
256 243
256 255
256 260
256 263
256 264
257 244
257 252
257 258
257 259
258 252
258 257
258 259
258 264
259 251
259 252
259 253
259 257
259 258
259 261
260 243
260 255
260 256
260 263
260 264
261 252
261 253
261 254
261 259
261 262
262 241
262 253
262 254
262 255
262 261
262 263
263 243
263 254
263 255
263 256
263 260
263 262
263 264
264 243
264 255
264 256
264 258
264 260
264 263
265 267
265 268
265 269
265 272
265 280
265 281
265 282
266 267
266 269
266 270
266 271
266 272
266 274
266 275
266 281
267 265
267 266
267 268
267 269
267 270
267 271
267 272
267 275
267 276
267 281
268 265
268 267
268 269
268 272
268 280
268 281
268 282
269 265
269 266
269 267
269 268
269 270
269 275
269 276
270 266
270 267
270 269
270 271
270 274
270 275
270 276
270 278
271 266
271 267
271 270
271 272
271 273
271 274
271 278
271 281
272 265
272 266
272 267
272 268
272 271
272 273
272 274
272 280
272 281
273 271
273 272
273 279
273 280
273 281
274 266
274 270
274 271
274 272
274 275
274 278
275 266
275 267
275 269
275 270
275 274
275 276
275 277
275 278
276 267
276 269
276 270
276 275
276 277
277 275
277 276
277 278
278 270
278 271
278 274
278 275
278 277
279 273
280 265
280 268
280 272
280 273
280 281
280 289
281 265
281 266
281 267
281 268
281 271
281 272
281 273
281 280
281 289
282 265
282 268
282 290
283 285
284 287
285 283
286 293
287 284
288 289
288 292
289 280
289 281
289 288
289 292
290 282
290 291
291 290
292 288
292 289
293 130
293 286
294 295
294 296
294 305
294 306
294 309
294 310
295 294
295 296
295 309
295 310
296 294
296 295
296 298
296 310
297 168
297 172
298 296
298 299
298 301
298 303
298 304
298 305
298 306
298 310
299 298
299 300
299 301
299 302
299 304
299 307
299 308
300 163
300 299
300 301
300 302
300 307
300 308
300 311
301 298
301 299
301 300
301 302
301 304
301 307
301 308
302 299
302 300
302 301
302 307
302 308
302 311
303 298
303 304
303 305
303 306
303 307
303 308
303 309
303 310
304 298
304 299
304 301
304 303
304 305
304 306
304 307
304 308
304 309
304 310
305 294
305 298
305 303
305 304
305 306
305 309
305 310
306 294
306 298
306 303
306 304
306 305
306 307
306 308
306 309
306 310
307 163
307 299
307 300
307 301
307 302
307 303
307 304
307 306
307 308
308 163
308 299
308 300
308 301
308 302
308 303
308 304
308 306
308 307
309 294
309 295
309 303
309 304
309 305
309 306
309 310
310 294
310 295
310 296
310 298
310 303
310 304
310 305
310 306
310 309
311 164
311 300
311 302
