  0.500000   0.111128  -0.159180
  0.376804   0.105393   0.007281
  0.024111   0.103609   0.026712
 -0.000904   0.100018  -0.122763
  0.005763   0.093864  -0.268539
  0.043879   0.096033  -0.394681
  0.278247   0.100806   0.140449
 -0.136530   0.087024   0.027146
 -0.181602   0.088099  -0.128394
 -0.151155   0.087520  -0.270627
 -0.090045   0.082002  -0.402780
  0.240353   0.079328   0.305132
 -0.284661   0.065117   0.027644
 -0.347081   0.065956  -0.133446
 -0.298029   0.067861  -0.272395
 -0.201234   0.065126  -0.409460
  0.215717   0.062580   0.446627
 -0.415686   0.061853   0.027842
 -0.492600   0.065835  -0.138099
 -0.427535   0.057491  -0.274046
 -0.290953   0.065677  -0.414961
