 -0.500000   0.111128  -0.161762
 -0.375210   0.108030  -0.018725
 -0.018470   0.105545   0.045877
  0.005478   0.093638  -0.120218
  0.012006   0.096056  -0.271716
 -0.035325   0.093878  -0.395397
 -0.275378   0.105552   0.095704
  0.139092   0.084234   0.046921
  0.187096   0.086118  -0.116325
  0.165666   0.084714  -0.271832
  0.083175   0.079729  -0.399035
 -0.244396   0.083928   0.274920
  0.281921   0.065039   0.047866
  0.349927   0.064919  -0.112632
  0.303957   0.065748  -0.271832
  0.183099   0.062606  -0.402052
 -0.214588   0.062696   0.447939
  0.405289   0.059392   0.048545
  0.495054   0.056915  -0.109493
  0.423864   0.054826  -0.271898
  0.257226   0.071151  -0.404474
