0 3
1 10
2 4
3 0
4 2
5 203
6 8
6 207
6 210
6 211
6 214
6 215
6 216
7 174
7 215
7 216
8 6
8 214
8 216
9 220
9 221
10 1
10 17
13 222
17 10
17 18
18 17
18 20
19 21
20 18
20 22
20 24
21 19
21 23
22 20
22 24
23 21
23 25
24 20
24 22
24 26
25 23
25 27
26 24
26 28
27 25
27 29
28 26
28 30
29 27
29 31
30 28
31 29
32 33
32 34
32 35
32 41
33 32
33 34
33 38
33 40
33 41
33 230
33 232
34 32
34 33
34 41
34 231
35 32
35 36
35 37
35 39
35 42
35 236
35 238
36 35
36 37
36 42
36 236
36 238
37 35
37 36
37 39
37 42
37 234
37 236
38 33
38 39
38 40
38 41
39 35
39 37
39 38
39 40
39 42
39 234
40 33
40 38
40 39
40 41
40 233
41 32
41 33
41 34
41 38
41 40
41 232
42 35
42 36
42 37
42 39
42 234
42 236
43 45
43 140
44 50
44 143
45 43
46 49
46 142
47 141
49 46
50 44
51 109
53 63
54 62
55 57
56 61
57 55
57 60
58 59
58 63
58 176
58 201
59 58
59 67
59 201
60 57
60 66
60 198
61 56
61 65
62 54
62 64
62 200
63 53
63 58
63 101
64 62
64 69
64 200
65 61
65 193
65 197
66 60
66 195
66 196
66 198
67 59
67 68
67 70
67 201
68 67
68 70
68 201
69 64
69 71
69 197
69 200
70 67
70 68
70 72
71 69
71 73
71 76
71 200
72 70
72 74
73 71
73 76
73 267
74 72
74 268
74 275
75 193
75 194
75 271
76 71
76 73
76 267
76 268
76 272
76 275
76 276
77 78
77 79
77 80
77 81
77 271
77 273
77 277
78 77
78 79
78 80
78 81
78 269
78 273
78 274
78 277
79 77
79 78
79 81
79 270
79 271
79 273
79 277
80 77
80 78
80 81
80 269
80 273
80 274
80 277
81 77
81 78
81 79
81 80
81 273
81 274
81 277
82 86
82 97
83 84
83 85
83 98
84 83
84 85
85 83
85 84
85 289
86 82
86 101
87 88
87 91
87 100
88 87
88 91
89 90
89 99
90 89
90 92
91 87
91 88
92 90
93 94
93 303
94 93
94 303
95 278
95 279
96 97
97 82
97 96
98 83
98 287
99 89
99 123
100 87
101 63
101 86
102 103
103 102
103 104
104 103
109 51
109 182
112 184
113 185
115 116
116 115
118 120
119 121
120 118
121 119
121 135
122 136
123 99
123 134
123 138
124 125
124 129
125 124
125 137
128 130
129 124
130 128
131 132
131 139
132 131
132 148
133 139
133 150
134 123
134 136
134 138
135 121
135 143
136 122
136 134
137 125
137 141
138 123
138 134
139 131
139 133
139 140
139 148
140 43
140 139
141 47
141 137
142 46
143 44
143 135
144 145
144 148
145 144
145 309
146 147
146 167
147 146
147 149
148 132
148 139
148 144
148 150
149 147
149 151
150 133
150 148
151 149
151 152
152 151
152 154
153 154
154 152
154 153
166 173
167 146
167 308
171 172
172 171
172 226
173 166
173 310
174 7
174 219
176 58
182 109
183 190
184 112
185 113
190 183
193 65
193 75
193 194
193 197
194 75
194 193
194 197
195 66
195 196
195 198
195 199
196 66
196 195
196 198
197 65
197 69
197 193
197 194
198 60
198 66
198 195
198 196
199 195
200 62
200 64
200 69
200 71
201 58
201 59
201 67
201 68
202 203
202 204
202 208
202 224
203 5
203 202
203 204
203 205
203 208
203 224
204 202
204 203
204 205
204 208
204 224
205 203
205 204
205 208
205 209
205 224
206 207
206 211
206 212
206 213
206 214
207 6
207 206
207 210
207 211
207 212
207 214
207 215
207 216
208 202
208 203
208 204
208 205
208 209
208 224
209 205
209 208
209 217
209 224
209 225
210 6
210 207
210 211
210 215
210 216
210 225
211 6
211 206
211 207
211 210
211 212
211 214
212 206
212 207
212 211
212 213
212 214
213 206
213 212
213 219
214 6
214 8
214 206
214 207
214 211
214 212
215 6
215 7
215 207
215 210
215 216
215 225
216 6
216 7
216 8
216 207
216 210
216 215
216 225
217 209
217 218
217 223
217 224
217 225
218 217
219 174
219 213
220 9
221 9
222 13
222 223
223 217
223 222
223 224
224 202
224 203
224 204
224 205
224 208
224 209
224 217
224 223
224 225
225 209
225 210
225 215
225 216
225 217
225 224
226 172
227 229
228 230
229 227
229 231
230 33
230 228
230 232
231 34
231 229
232 33
232 41
232 230
233 40
233 305
234 37
234 39
234 42
234 235
235 234
235 236
235 237
236 35
236 36
236 37
236 42
236 235
236 238
237 235
237 238
238 35
238 36
238 236
238 237
239 240
239 246
239 247
240 239
240 244
240 245
240 246
240 247
240 251
241 242
241 243
241 244
241 248
241 249
242 241
242 243
242 248
242 249
242 255
243 241
243 242
243 248
243 249
244 240
244 241
244 250
244 253
245 240
245 246
245 251
245 252
246 239
246 240
246 245
246 247
246 251
246 257
247 239
247 240
247 246
248 241
248 242
248 243
248 249
248 255
249 241
249 242
249 243
249 248
249 255
250 244
250 253
251 240
251 245
251 246
251 252
252 245
252 251
253 244
253 250
255 242
255 248
255 249
257 246
257 258
258 257
258 260
259 261
260 258
261 259
262 263
262 266
263 262
264 265
265 264
266 262
267 73
267 76
267 268
267 271
267 272
267 275
267 276
268 74
268 76
268 267
268 269
268 272
268 274
268 275
268 276
269 78
269 80
269 268
269 270
269 274
269 275
270 79
270 269
271 75
271 77
271 79
271 267
271 272
271 273
271 276
271 277
272 76
272 267
272 268
272 271
272 273
272 275
272 276
273 77
273 78
273 79
273 80
273 81
273 271
273 272
273 274
273 277
274 78
274 80
274 81
274 268
274 269
274 273
274 275
274 277
275 74
275 76
275 267
275 268
275 269
275 272
275 274
275 276
276 76
276 267
276 268
276 271
276 272
276 275
277 77
277 78
277 79
277 80
277 81
277 271
277 273
277 274
278 95
279 95
279 302
280 288
281 292
281 294
281 295
281 300
281 301
282 283
282 300
283 282
283 293
283 299
283 300
284 285
285 284
285 286
286 285
287 98
287 288
288 280
288 287
289 85
290 291
290 293
290 297
290 298
290 299
291 290
291 296
291 297
291 298
291 302
292 281
292 293
292 294
292 295
292 299
292 300
292 301
293 283
293 290
293 292
293 294
293 298
293 299
293 300
293 301
294 281
294 292
294 293
294 295
294 299
294 300
294 301
295 281
295 292
295 294
295 296
295 301
295 302
296 291
296 295
296 297
296 302
297 290
297 291
297 296
297 298
297 302
297 303
298 290
298 291
298 293
298 297
298 299
299 283
299 290
299 292
299 293
299 294
299 298
299 300
300 281
300 282
300 283
300 292
300 293
300 294
300 299
300 301
301 281
301 292
301 293
301 294
301 295
301 300
302 279
302 291
302 295
302 296
302 297
303 93
303 94
303 297
304 306
305 233
305 307
306 304
306 308
307 305
308 167
308 306
309 145
310 173
310 311
311 310
