0 1
0 2
0 3
0 9
0 221
1 0
1 2
1 10
1 11
1 12
1 221
2 0
2 1
2 3
2 4
2 12
2 13
3 0
3 2
3 4
3 5
3 9
3 220
4 2
4 3
4 5
4 202
4 13
4 222
5 3
5 4
5 202
5 203
5 212
5 213
5 220
6 7
6 8
6 210
6 211
6 214
6 215
6 216
7 6
7 8
7 174
7 311
7 216
7 218
8 6
8 7
8 174
8 214
8 219
9 0
9 3
9 310
9 220
9 221
10 1
10 11
10 12
10 14
10 16
10 17
10 153
10 155
11 1
11 166
11 10
11 173
11 155
11 221
12 1
12 2
12 10
12 13
12 14
12 15
13 2
13 226
13 4
13 172
13 12
13 15
13 222
14 168
14 169
14 10
14 170
14 12
14 15
14 16
15 170
15 171
15 12
15 13
15 14
15 172
16 128
16 168
16 10
16 14
16 17
16 18
16 19
17 10
17 16
17 18
17 153
17 154
18 16
18 17
18 19
18 20
18 152
18 154
19 128
19 16
19 18
19 20
19 21
20 18
20 19
20 21
20 22
20 152
21 128
21 130
21 19
21 20
21 22
21 23
22 20
22 21
22 23
22 151
22 24
22 152
23 130
23 132
23 21
23 22
23 24
23 25
24 23
24 149
24 22
24 151
24 25
24 26
25 132
25 148
25 23
25 24
25 26
25 27
26 147
26 149
26 24
26 25
26 27
26 28
27 144
27 148
27 25
27 26
27 28
27 29
28 146
28 147
28 26
28 27
28 29
28 30
29 144
29 145
29 27
29 28
29 30
29 31
30 227
30 167
30 146
30 28
30 29
30 31
31 227
31 228
31 145
31 309
31 29
31 30
32 33
32 34
32 35
32 41
32 42
33 32
33 34
33 38
33 40
33 41
33 232
33 233
34 32
34 33
34 35
34 36
34 231
34 232
35 32
35 34
35 36
35 37
35 42
36 34
36 35
36 37
36 231
36 236
36 238
37 35
37 36
37 39
37 234
37 42
37 236
38 33
38 39
38 40
38 41
38 42
39 37
39 38
39 40
39 42
39 234
40 33
40 38
40 39
40 233
40 234
41 32
41 33
41 42
41 38
42 32
42 35
42 37
42 38
42 39
42 41
43 140
43 44
43 45
43 141
43 143
43 47
43 48
44 43
44 45
44 46
44 142
44 143
44 49
44 50
45 261
45 43
45 44
45 48
45 50
46 44
46 142
46 47
46 48
46 49
47 43
47 141
47 142
47 46
47 48
48 260
48 261
48 43
48 45
48 46
48 47
48 49
49 260
49 264
49 44
49 46
49 48
49 50
50 261
50 263
50 264
50 44
50 45
50 49
51 109
51 110
51 111
51 52
51 53
51 54
52 103
52 104
52 105
52 108
52 109
52 51
52 53
53 101
53 102
53 103
53 51
53 52
53 54
53 63
54 111
54 51
54 53
54 56
54 62
54 63
55 289
55 111
55 112
55 114
55 56
55 57
55 58
56 111
56 54
56 55
56 57
56 61
56 62
57 55
57 56
57 58
57 59
57 60
57 61
58 289
58 101
58 176
58 55
58 57
58 59
58 63
59 64
59 201
59 57
59 58
59 60
59 62
59 63
60 66
60 67
60 201
60 57
60 59
60 61
61 64
61 65
61 66
61 56
61 57
61 60
61 62
62 64
62 54
62 56
62 59
62 61
62 63
63 101
63 53
63 54
63 58
63 59
63 62
64 65
64 200
64 201
64 59
64 61
64 62
65 64
65 66
65 197
65 198
65 69
65 200
65 61
66 65
66 67
66 68
66 198
66 60
66 61
67 66
67 68
67 69
67 200
67 201
67 60
68 66
68 67
68 196
68 69
68 198
68 70
69 193
69 65
69 67
69 68
69 197
69 70
69 71
69 200
70 195
70 196
70 68
70 69
70 71
70 72
71 193
71 194
71 69
71 70
71 72
71 73
72 195
72 70
72 71
72 199
72 73
72 74
73 194
73 71
73 72
73 74
73 75
73 76
74 199
74 72
74 73
74 267
74 76
74 268
74 269
74 80
75 194
75 199
75 73
75 267
75 76
75 77
75 79
75 271
76 267
76 73
76 74
76 75
77 75
77 78
77 271
77 79
77 81
77 273
78 269
78 77
78 79
78 80
78 81
78 270
79 199
79 75
79 77
79 78
79 270
80 74
80 268
80 269
80 78
80 81
80 274
81 77
81 78
81 80
81 273
81 274
81 277
82 97
82 83
82 84
82 85
82 86
82 87
82 88
83 96
83 97
83 98
83 82
83 84
83 90
83 92
84 82
84 83
84 85
84 89
84 90
85 289
85 99
85 176
85 82
85 84
85 86
85 89
85 122
86 100
86 101
86 176
86 82
86 85
86 87
87 99
87 100
87 82
87 86
87 88
87 89
88 97
88 82
88 87
88 89
88 90
88 91
89 99
89 84
89 85
89 87
89 88
89 90
90 83
90 84
90 88
90 89
90 91
90 92
91 96
91 97
91 88
91 90
91 92
91 93
92 98
92 83
92 278
92 90
92 91
92 93
93 96
93 286
93 278
93 91
93 92
93 94
93 95
94 303
94 93
94 279
94 284
94 285
94 286
94 95
95 288
95 278
95 279
95 280
95 93
95 94
95 287
96 97
96 98
96 83
96 91
96 93
96 286
97 96
97 82
97 83
97 88
97 91
98 96
98 83
98 278
98 92
98 286
98 287
99 100
99 85
99 87
99 89
99 122
99 123
100 99
100 101
100 102
100 86
100 87
100 123
101 100
101 102
101 176
101 53
101 86
101 58
101 63
102 100
102 101
102 103
102 53
102 123
102 126
103 102
103 104
103 52
103 53
103 126
103 127
104 103
104 105
104 106
104 52
104 127
105 104
105 106
105 107
105 108
105 52
106 104
106 105
106 169
106 107
106 175
106 127
107 163
107 105
107 106
107 169
107 108
107 181
108 105
108 107
108 109
108 52
108 181
108 182
109 108
109 110
109 51
109 52
109 182
109 183
110 109
110 111
110 112
110 51
110 183
110 184
111 110
111 112
111 51
111 54
111 55
111 56
112 110
112 111
112 113
112 114
112 55
112 184
113 112
113 114
113 115
113 116
113 184
113 185
114 289
114 112
114 113
114 115
114 119
114 55
115 113
115 114
115 116
115 117
115 118
115 119
116 113
116 115
116 117
116 185
116 186
117 115
117 116
117 118
117 153
117 186
117 155
117 156
118 115
118 117
118 119
118 120
118 153
118 154
118 152
119 289
119 114
119 115
119 118
119 120
119 121
120 133
120 119
120 150
120 118
120 151
120 121
120 152
121 289
121 133
121 135
121 136
121 119
121 120
122 289
122 99
122 136
122 138
122 85
122 123
123 99
123 100
123 102
123 138
123 122
123 126
124 128
124 129
124 130
124 125
124 126
124 127
125 130
125 131
125 137
125 138
125 124
125 126
126 102
126 103
126 138
126 123
126 124
126 125
126 127
127 129
127 103
127 104
127 106
127 175
127 124
127 126
128 129
128 130
128 168
128 175
128 16
128 19
128 21
128 124
129 128
129 175
129 124
129 127
130 128
130 131
130 132
130 21
130 23
130 124
130 125
131 130
131 132
131 133
131 137
131 139
131 150
131 125
132 130
132 131
132 148
132 150
132 23
132 25
133 131
133 135
133 139
133 150
133 120
133 121
134 135
134 136
134 137
134 138
134 141
134 142
135 133
135 134
135 136
135 139
135 140
135 142
135 143
135 121
136 289
136 134
136 135
136 138
136 121
136 122
137 131
137 134
137 138
137 139
137 141
137 125
138 134
138 136
138 137
138 122
138 123
138 125
138 126
139 131
139 133
139 135
139 137
139 140
139 141
140 135
140 43
140 139
140 141
140 143
141 134
141 137
141 139
141 140
141 43
141 142
141 47
142 134
142 135
142 44
142 141
142 46
142 47
142 143
143 135
143 43
143 140
143 44
143 142
144 145
144 146
144 147
144 148
144 27
144 29
145 167
145 144
145 146
145 309
145 29
145 31
146 167
146 144
146 145
146 147
146 28
146 30
147 144
147 146
147 148
147 149
147 26
147 28
148 132
148 144
148 147
148 149
148 150
148 25
148 27
149 147
149 148
149 150
149 151
149 24
149 26
150 131
150 132
150 133
150 148
150 149
150 151
150 120
151 149
151 150
151 22
151 120
151 24
151 152
152 18
152 20
152 118
152 151
152 120
152 22
152 154
153 10
153 17
153 117
153 118
153 154
153 155
154 17
154 18
154 118
154 152
154 153
155 166
155 10
155 11
155 117
155 153
155 156
155 158
156 187
156 117
156 186
156 155
156 157
156 158
157 160
157 187
157 156
157 158
157 159
158 160
158 165
158 166
158 155
158 156
158 157
159 160
159 161
159 162
159 187
159 188
159 157
160 161
160 164
160 165
160 157
160 158
160 159
161 160
161 162
161 163
161 164
161 159
162 161
162 163
162 178
162 179
162 188
162 159
163 161
163 162
163 164
163 169
163 107
163 177
163 178
163 181
164 160
164 161
164 163
164 165
164 169
164 170
165 160
165 164
165 166
165 170
165 171
165 158
166 165
166 11
166 171
166 173
166 155
166 158
167 227
167 145
167 146
167 308
167 309
167 30
168 128
168 169
168 14
168 175
168 16
169 163
169 164
169 168
169 106
169 107
169 170
169 14
169 175
170 164
170 165
170 169
170 171
170 14
170 15
171 165
171 166
171 170
171 172
171 173
171 15
172 226
172 171
172 173
172 13
172 15
172 310
173 166
173 11
173 172
173 171
173 310
173 221
174 8
174 219
174 311
174 7
175 128
175 129
175 168
175 169
175 106
175 127
176 289
176 101
176 85
176 86
176 58
177 178
177 163
177 180
177 181
178 162
178 163
178 177
178 179
178 180
179 162
179 178
179 180
179 188
179 189
180 177
180 178
180 179
180 181
180 189
180 190
181 163
181 107
181 108
181 177
181 180
181 182
181 190
182 108
182 109
182 181
182 183
182 190
183 109
183 110
183 182
183 184
183 190
183 191
184 110
184 112
184 113
184 183
184 185
184 191
185 192
185 113
185 116
185 184
185 186
185 191
186 192
186 116
186 117
186 185
186 187
186 156
187 192
187 156
187 186
187 188
187 157
187 159
188 192
188 162
188 179
188 187
188 189
188 159
189 192
189 179
189 180
189 188
189 190
189 191
190 180
190 181
190 182
190 183
190 189
190 191
191 192
191 183
191 184
191 185
191 189
191 190
192 185
192 186
192 187
192 188
192 189
192 191
193 194
193 195
193 196
193 69
193 197
193 71
194 193
194 195
194 199
194 71
194 73
194 75
195 193
195 194
195 196
195 70
195 199
195 72
196 193
196 195
196 68
196 197
196 198
196 70
197 65
197 193
197 196
197 69
197 198
198 65
198 66
198 196
198 197
198 68
199 194
199 195
199 72
199 74
199 75
199 269
199 270
199 79
200 64
200 65
200 67
200 69
200 201
201 64
201 67
201 200
201 59
201 60
202 4
202 5
202 203
202 204
202 222
202 223
203 5
203 202
203 204
203 205
203 206
203 212
204 224
204 202
204 203
204 205
204 208
204 209
204 223
205 203
205 204
205 206
205 207
205 208
206 203
206 205
206 207
206 211
206 212
207 205
207 206
207 208
207 210
207 211
208 204
208 205
208 207
208 209
208 210
209 224
209 225
209 204
209 208
209 210
210 225
210 6
210 207
210 208
210 209
210 211
210 215
211 6
211 206
211 207
211 210
211 212
211 214
212 5
212 203
212 206
212 211
212 213
212 214
213 5
213 212
213 214
213 219
213 220
214 6
214 8
214 211
214 212
214 213
214 219
215 225
215 6
215 210
215 216
215 217
216 6
216 7
216 215
216 217
216 218
217 224
217 225
217 215
217 216
217 218
217 223
218 226
218 7
218 311
218 216
218 217
218 222
218 223
219 8
219 174
219 213
219 214
219 311
219 220
220 3
220 5
220 9
220 213
220 310
220 311
220 219
221 0
221 1
221 9
221 11
221 173
221 310
222 226
222 4
222 202
222 13
222 218
222 223
223 224
223 202
223 204
223 217
223 218
223 222
224 225
224 204
224 209
224 217
224 223
225 224
225 209
225 210
225 215
225 217
226 172
226 13
226 310
226 311
226 218
226 222
227 228
227 229
227 167
227 306
227 308
227 30
227 31
228 227
228 229
228 230
228 307
228 309
228 31
229 227
229 228
229 230
229 231
229 304
229 306
230 228
230 229
230 231
230 232
230 233
230 305
230 307
231 34
231 36
231 229
231 230
231 232
231 238
231 304
232 33
232 34
232 230
232 231
232 233
233 33
233 230
233 232
233 40
233 234
233 235
233 304
233 305
234 37
234 39
234 40
234 233
234 235
234 236
235 233
235 234
235 236
235 237
235 304
236 36
236 37
236 234
236 235
236 237
236 238
237 304
237 235
237 236
237 238
238 36
238 231
238 236
238 237
238 304
239 240
239 241
239 242
239 246
239 247
240 241
240 245
240 246
240 239
241 239
241 240
241 242
241 243
241 244
241 245
242 239
242 241
242 243
242 247
242 248
243 241
243 242
243 244
243 248
243 249
243 250
244 241
244 243
244 245
244 250
244 251
245 240
245 241
245 244
245 246
245 251
246 256
246 257
246 239
246 240
246 245
246 247
246 251
246 252
247 256
247 239
247 242
247 246
247 248
248 256
248 242
248 243
248 247
248 249
248 255
249 243
249 248
249 250
249 253
249 254
249 255
250 243
250 244
250 249
250 251
250 252
250 253
251 244
251 245
251 246
251 250
251 252
252 257
252 258
252 259
252 266
252 246
252 250
252 251
252 253
253 266
253 249
253 250
253 252
253 254
254 249
254 266
254 253
254 255
255 256
255 266
255 248
255 249
255 254
256 257
256 258
256 265
256 266
256 246
256 247
256 248
256 255
257 256
257 258
257 252
257 246
258 256
258 257
258 259
258 260
258 264
258 265
258 252
259 258
259 260
259 261
259 262
259 266
259 252
260 258
260 259
260 261
260 264
260 48
260 49
261 259
261 260
261 262
261 263
261 45
261 48
261 50
262 259
262 261
262 263
262 265
262 266
263 261
263 262
263 264
263 265
263 50
264 258
264 260
264 263
264 265
264 49
264 50
265 256
265 258
265 262
265 263
265 264
265 266
266 256
266 259
266 262
266 265
266 252
266 253
266 254
266 255
267 74
267 75
267 76
267 268
267 271
267 272
267 275
267 276
268 74
268 267
268 80
268 274
268 275
269 199
269 74
269 270
269 78
269 80
270 79
270 269
270 78
270 199
271 267
271 75
271 77
271 272
271 273
272 267
272 271
272 273
272 276
272 277
273 77
273 271
273 272
273 81
273 277
274 268
274 80
274 81
274 275
274 277
275 267
275 268
275 274
275 276
275 277
276 275
276 272
276 267
276 277
277 272
277 81
277 273
277 274
277 275
277 276
278 98
278 92
278 93
278 95
278 287
279 297
279 301
279 302
279 303
279 280
279 281
279 94
279 95
280 288
280 279
280 281
280 282
280 283
280 284
280 285
280 95
281 300
281 301
281 279
281 280
281 282
282 280
282 281
282 283
282 300
283 299
283 300
283 280
283 282
283 284
284 297
284 298
284 299
284 303
284 280
284 283
284 285
284 94
285 288
285 286
285 280
285 284
285 94
285 287
286 96
286 98
286 285
286 93
286 94
286 287
287 288
287 98
287 278
287 285
287 286
287 95
288 280
288 285
288 95
288 287
289 58
289 136
289 176
289 114
289 119
289 85
289 55
289 121
289 122
290 291
290 292
290 293
290 297
290 298
291 296
291 297
291 290
291 292
292 290
292 291
292 293
292 294
292 295
292 296
293 290
293 292
293 294
293 298
293 299
294 292
294 293
294 295
294 299
294 300
294 301
295 292
295 294
295 296
295 301
295 302
296 291
296 292
296 295
296 297
296 302
297 290
297 291
297 296
297 298
297 302
297 303
297 279
297 284
298 290
298 293
298 297
298 299
298 284
299 293
299 294
299 298
299 300
299 283
299 284
300 294
300 299
300 301
300 281
300 282
300 283
301 294
301 295
301 300
301 302
301 279
301 281
302 295
302 296
302 297
302 301
302 279
303 297
303 284
303 94
303 279
304 229
304 231
304 233
304 235
304 237
304 238
304 305
304 306
305 230
305 233
305 304
305 306
305 307
306 227
306 229
306 304
306 305
306 307
306 308
307 228
307 230
307 305
307 306
307 308
307 309
308 227
308 167
308 306
308 307
308 309
309 228
309 167
309 145
309 307
309 308
309 31
310 226
310 9
310 172
310 173
310 311
310 220
310 221
311 226
311 7
311 174
311 310
311 218
311 219
311 220
