 -0.499999   0.133811  -0.155602
 -0.376733   0.118006  -0.013835
 -0.024393   0.108819   0.026966
  0.010468   0.112633  -0.112419
  0.011468   0.126677  -0.270016
 -0.049169   0.135088  -0.410155
 -0.278120   0.105361   0.099579
  0.139700   0.086884   0.033546
  0.186648   0.093399  -0.114516
  0.168172   0.108955  -0.271440
  0.091177   0.112732  -0.413591
 -0.262390   0.069462   0.282688
  0.297879   0.072533   0.040239
  0.352765   0.079605  -0.116257
  0.314193   0.091937  -0.272795
  0.201762   0.102521  -0.415878
 -0.242169   0.042596   0.459464
  0.429996   0.070480   0.046343
  0.487392   0.096834  -0.116100
  0.443529   0.097224  -0.272862
  0.296215   0.107812  -0.417037
