0.439897 0.332917 -0.233199 0.687811 -0.326086 -0.648525
0.413480 0.451562 -0.230548 0.448280 0.550397 -0.704350
0.461231 0.277499 0.080298 0.907264 -0.107574 0.406571
0.457250 0.255878 -0.065290 0.839857 -0.531043 -0.112400
0.406694 0.488230 -0.093774 0.222837 0.973144 -0.057748
0.422181 0.440431 0.061797 0.431397 0.737122 0.520142
-0.325114 0.275001 -0.089687 -0.109073 0.163327 0.980524
-0.348363 0.032265 -0.057863 -0.219070 0.088593 0.971679
-0.266720 0.203207 -0.118506 0.741140 -0.669204 -0.053645
-0.118222 0.234419 -0.124249 -0.240276 -0.943642 0.227613
-0.152468 0.322743 -0.084940 -0.635513 -0.048159 -0.770587
-0.122309 0.236745 -0.077254 -0.640784 -0.767505 -0.018212
-0.128300 0.240085 -0.008427 -0.148249 -0.927041 0.344409
-0.029917 0.219947 -0.064754 -0.084623 -0.993883 0.070965
-0.023457 0.245120 0.032777 -0.194040 -0.980155 0.040566
0.201908 0.203313 -0.055154 -0.034802 -0.986678 -0.158922
0.115259 0.172263 0.043343 -0.281462 -0.916235 -0.285119
0.038756 0.240191 0.154590 -0.848131 -0.418583 0.324749
0.130104 0.129556 0.106897 -0.224686 -0.814487 -0.534908
0.256588 0.150374 0.145440 0.351582 -0.934984 0.046860
0.143322 0.104221 0.212353 0.200994 -0.962952 0.179793
0.020446 0.138563 0.160065 -0.416078 -0.422682 -0.805121
-0.104774 0.065965 0.262410 -0.028053 -0.980981 -0.192068
-0.123132 0.119535 0.216392 -0.452733 0.294971 -0.841443
-0.143452 0.105494 0.258888 -0.955370 -0.282730 0.085625
-0.132359 0.158117 0.258917 -0.313939 0.781017 0.539866
0.023749 0.216502 0.243727 -0.469633 0.877290 0.099029
0.099955 0.250949 0.215616 -0.069461 0.596008 0.799968
0.125692 0.330323 0.176748 0.017860 0.514590 0.857250
-0.016231 0.256088 0.144741 -0.160084 -0.801988 0.575490
-0.037278 0.348662 0.173225 -0.047130 0.016346 0.998755
-0.117226 0.243847 0.116296 -0.037717 -0.913552 0.404970
-0.295271 0.212960 0.122593 0.553340 -0.815137 -0.171365
-0.333096 0.275901 0.183514 -0.112287 -0.065518 0.991514
-0.148113 0.329108 0.189946 -0.027314 0.207189 0.977920
-0.299492 0.019123 -0.086146 0.855643 -0.326076 -0.401932
-0.352143 0.011390 -0.091171 -0.315170 -0.938309 0.142279
-0.342907 0.019286 -0.131370 0.081860 -0.369432 -0.925645
-0.325621 0.263822 -0.189573 -0.049182 -0.059702 -0.997004
-0.105894 0.244268 -0.239047 -0.139220 -0.959380 -0.245372
-0.028683 0.218789 -0.184347 -0.075424 -0.995474 -0.057813
0.206071 0.208826 -0.178346 0.029144 -0.993550 -0.109582
0.404876 0.216875 -0.057557 0.302251 -0.932983 -0.195413
0.321912 0.243799 -0.247403 0.353777 -0.761473 -0.543140
0.211010 0.229748 -0.265014 0.077797 -0.823150 -0.562470
0.252865 0.327040 -0.276547 0.123345 0.020615 -0.992150
-0.028788 0.219105 -0.282376 -0.018482 -0.627334 -0.778531
-0.105932 0.302767 -0.297910 -0.209516 -0.128924 -0.969269
-0.054879 0.300863 -0.303997 0.060176 -0.011036 -0.998127
-0.076635 0.381510 -0.287056 -0.065923 0.475992 -0.876976
0.240097 0.434449 -0.257385 -0.031959 0.815817 -0.577427
0.399554 0.222178 0.098282 0.656112 -0.448236 0.607125
-0.117609 0.438631 -0.088644 -0.213905 0.974998 -0.060192
-0.175228 0.392479 -0.144914 -0.542871 0.835029 -0.089538
-0.183804 0.416637 -0.024670 -0.553306 0.828193 0.089160
-0.106708 0.449437 0.042951 -0.236798 0.967177 0.092171
0.230430 0.461842 0.056580 0.006066 0.924690 0.380673
0.226573 0.482554 -0.106983 -0.068911 0.995718 -0.061621
-0.095806 0.414789 -0.208237 -0.217984 0.921241 -0.322177
-0.147452 0.355754 -0.249049 -0.555485 0.755136 -0.348146
-0.159034 0.319517 -0.196215 -0.635583 -0.562402 -0.528903
-0.315629 0.224293 -0.204341 -0.225587 0.346206 0.910633
-0.320683 0.247187 -0.251422 -0.915372 0.148497 -0.374223
-0.273544 0.223450 -0.288502 0.055777 -0.159234 -0.985664
-0.226702 0.180370 -0.230806 0.591600 -0.267760 0.760470
-0.262432 0.045722 -0.164228 -0.163954 0.125973 0.978392
-0.219668 0.039051 -0.189506 0.938194 -0.169004 -0.302044
-0.259101 0.023258 -0.188779 -0.003959 -0.979233 0.202698
-0.250803 0.033700 -0.222077 -0.271973 -0.395906 -0.877091
0.346616 0.362167 0.143152 0.264287 0.443742 0.856298
0.242892 0.235797 0.222958 0.441841 0.033083 0.896483
0.115987 0.157954 0.290109 0.251167 0.030876 0.967451
-0.114700 0.117573 0.303997 0.059663 -0.409605 0.910310
-0.081420 0.429998 0.129935 0.009609 0.747649 0.664024
-0.145060 0.411238 0.114018 -0.360281 0.873658 0.326986
-0.354737 0.350882 0.119358 -0.642243 0.766136 -0.023666
-0.500000 0.067085 0.141841 -0.870862 0.368953 0.324767
-0.466807 0.047789 0.181495 0.257894 -0.245668 0.934419
-0.464070 0.024694 0.141583 -0.403123 -0.912756 0.066088
-0.468922 0.043023 0.102762 -0.445076 0.034142 -0.894842
-0.344266 0.279136 0.068296 0.015215 -0.137665 -0.990362
-0.163044 0.339808 0.054073 -0.852303 0.134249 -0.505526
-0.351090 0.301868 -0.143105 -0.891683 0.438036 0.114133
-0.374530 0.327835 -0.015721 -0.781737 0.537489 -0.316217
-0.340859 0.279347 0.044348 -0.067205 0.099105 0.992805
-0.438428 0.020980 0.061022 -0.132163 0.065435 0.989066
-0.469583 0.025268 0.022985 -0.969853 0.145302 -0.195636
-0.425966 0.009054 -0.009614 -0.390960 -0.116286 -0.913032
-0.336647 0.270503 -0.066736 0.026984 -0.207061 -0.977956
-0.380197 0.043664 -0.103078 -0.972478 -0.024175 -0.231735
-0.421315 0.032322 0.141688 0.657336 -0.562673 -0.501307
-0.298276 0.193081 -0.000321 0.637367 -0.769756 0.035199
-0.385222 0.005188 0.029408 0.780574 -0.500049 -0.375041
-0.432657 0.000000 0.028948 -0.238550 -0.963612 0.120605
-0.292926 0.037778 -0.197086 -0.946398 -0.296263 -0.128684
0.500000 0.394013 -0.080397 0.976285 0.214928 -0.025971
