0 48
0 1
0 4
0 95
1 0
1 70
1 48
1 18
1 95
2 3
2 70
2 38
2 23
2 95
3 2
3 4
3 36
3 38
3 95
4 0
4 35
4 3
4 36
4 47
4 48
4 95
5 32
5 6
5 7
5 8
5 9
5 83
6 5
6 7
6 8
6 26
6 27
6 28
7 5
7 6
7 83
7 90
7 28
7 29
8 5
8 6
8 9
8 10
8 12
8 20
8 25
8 26
9 32
9 33
9 5
9 8
9 10
9 11
9 84
9 89
9 92
9 31
10 8
10 9
10 11
10 12
11 69
11 9
11 10
11 12
11 13
11 76
11 85
11 92
12 8
12 10
12 11
12 13
12 14
12 19
12 20
13 11
13 12
13 75
13 14
13 15
13 16
13 76
14 12
14 13
14 15
14 18
14 19
14 56
15 13
15 14
15 16
15 17
15 56
16 71
16 75
16 13
16 15
16 17
16 50
16 52
16 57
16 59
17 71
17 15
17 16
17 55
17 56
18 1
18 70
18 14
18 48
18 19
18 22
18 56
19 12
19 14
19 18
19 20
19 21
19 22
20 8
20 12
20 19
20 21
20 24
20 25
21 19
21 20
21 22
21 23
21 24
22 70
22 18
22 19
22 21
22 23
23 2
23 38
23 39
23 40
23 70
23 21
23 22
23 24
24 40
24 41
24 20
24 21
24 23
24 25
25 8
25 41
25 42
25 43
25 20
25 24
25 26
26 32
26 37
26 6
26 8
26 43
26 46
26 78
26 25
26 27
27 32
27 90
27 6
27 83
27 26
27 28
27 30
28 6
28 7
28 27
28 29
28 30
29 90
29 28
29 30
29 7
30 90
30 27
30 28
30 29
31 32
31 33
31 34
31 35
31 36
31 37
31 9
32 5
32 37
32 9
32 83
32 26
32 27
32 31
33 34
33 69
33 9
33 84
33 85
33 31
34 33
34 35
34 69
34 58
34 60
34 31
35 34
35 36
35 4
35 47
35 57
35 58
35 31
36 35
36 4
36 37
36 38
36 3
36 31
37 32
37 36
37 38
37 39
37 78
37 26
37 31
38 2
38 3
38 36
38 37
38 39
38 23
39 37
39 38
39 40
39 41
39 78
39 23
40 24
40 41
40 39
40 23
41 39
41 40
41 42
41 78
41 24
41 25
42 41
42 43
42 44
42 78
42 79
42 80
42 25
43 42
43 44
43 45
43 46
43 25
43 26
44 42
44 43
44 45
44 80
44 82
45 43
45 44
45 46
45 79
45 81
45 82
46 43
46 45
46 78
46 79
46 26
47 35
47 4
47 48
47 49
47 50
47 57
48 0
48 1
48 4
48 47
48 49
48 18
48 56
49 47
49 48
49 50
49 51
49 56
50 47
50 16
50 49
50 51
50 52
50 57
51 49
51 50
51 52
51 53
51 54
51 55
51 56
52 71
52 72
52 16
52 50
52 51
52 53
53 72
53 74
53 51
53 52
53 54
54 73
54 74
54 51
54 53
54 55
55 71
55 73
55 17
55 51
55 54
55 56
56 14
56 15
56 48
56 17
56 18
56 51
56 49
56 55
57 35
57 47
57 16
57 50
57 58
57 59
58 34
58 35
58 57
58 59
58 60
59 75
59 76
59 16
59 57
59 58
59 60
59 61
60 34
60 69
60 58
60 59
60 61
60 62
61 76
61 59
61 60
61 62
61 63
62 64
62 67
62 68
62 69
62 60
62 61
62 63
63 64
63 65
63 76
63 77
63 61
63 62
64 65
64 66
64 67
64 62
64 63
65 64
65 66
65 77
65 91
65 63
66 64
66 65
66 91
66 67
67 64
67 66
67 68
67 91
67 62
68 67
68 69
68 77
68 91
68 62
69 33
69 34
69 68
69 11
69 76
69 77
69 85
69 60
69 62
70 1
70 2
70 18
70 22
70 23
70 95
71 72
71 73
71 16
71 17
71 52
71 55
72 71
72 73
72 74
72 52
72 53
73 71
73 72
73 74
73 54
73 55
74 72
74 73
74 53
74 54
75 16
75 59
75 76
75 13
76 69
76 11
76 75
76 13
76 77
76 59
76 61
76 63
77 65
77 68
77 69
77 76
77 91
77 63
78 37
78 39
78 41
78 42
78 46
78 79
78 26
79 42
79 45
79 46
79 78
79 80
79 81
80 42
80 44
80 79
80 81
80 82
81 80
81 82
81 45
81 79
82 80
82 81
82 44
82 45
83 32
83 5
83 7
83 90
83 27
84 33
84 9
84 85
84 86
84 87
84 88
84 89
85 33
85 69
85 11
85 84
85 86
85 92
86 84
86 85
86 87
86 92
86 93
86 94
87 88
87 94
87 84
87 86
88 84
88 87
88 89
88 93
88 94
89 9
89 84
89 88
89 92
89 93
90 7
90 83
90 27
90 29
90 30
91 65
91 66
91 67
91 68
91 77
92 9
92 11
92 85
92 86
92 89
92 93
93 86
93 88
93 89
93 92
93 94
94 88
94 93
94 86
94 87
95 0
95 1
95 2
95 3
95 4
95 70
