  0.500000   0.394013  -0.080397
  0.295172   0.289665   0.056376
 -0.079954   0.327528   0.117472
 -0.301792   0.296478  -0.009037
 -0.136410   0.300849  -0.118263
 -0.090946   0.295071  -0.226584
  0.131310   0.206187   0.165795
 -0.268532   0.295417   0.110305
 -0.362026   0.194644  -0.002638
 -0.286603   0.262353  -0.135581
 -0.251676   0.231925  -0.235346
 -0.003921   0.141728   0.237362
 -0.386079   0.174887   0.132947
 -0.400590   0.088903   0.008103
 -0.326186   0.138979  -0.118549
 -0.268561   0.133624  -0.215069
 -0.126148   0.123721   0.277677
 -0.481209   0.056836   0.157268
 -0.436218   0.010230   0.013558
 -0.368390   0.043223  -0.107417
 -0.268967   0.035143  -0.192624
