 -0.500000   0.394014  -0.083555
 -0.296087   0.287460   0.054042
  0.114921   0.314268   0.121005
  0.137633   0.315174  -0.002096
  0.135771   0.314325  -0.123106
  0.081993   0.282891  -0.226580
 -0.132956   0.202218   0.164119
  0.299057   0.283709   0.109263
  0.307606   0.272474  -0.014246
  0.288477   0.265366  -0.136227
  0.243061   0.241264  -0.237470
  0.007418   0.137360   0.233214
  0.394774   0.164192   0.131200
  0.380743   0.142373   0.010281
  0.325850   0.142018  -0.113511
  0.268679   0.140928  -0.213308
  0.133406   0.107399   0.250746
  0.489724   0.066970   0.147227
  0.452584   0.026431   0.031258
  0.367154   0.041256  -0.096598
  0.277387   0.045415  -0.187482
