-0.461231 0.277499 0.080298 -0.909123 -0.104842 0.403118
-0.457250 0.255878 -0.065290 -0.838790 -0.532699 -0.112534
-0.413490 0.451562 -0.230548 -0.443899 0.550959 -0.706681
-0.406704 0.488230 -0.093774 -0.223090 0.973087 -0.057727
-0.422181 0.440431 0.061797 -0.435008 0.736121 0.518550
0.325114 0.275001 -0.089687 0.109073 0.163327 0.980524
0.266710 0.203207 -0.118506 -0.741163 -0.669187 -0.053538
0.348363 0.032265 -0.057863 0.219074 0.088590 0.971678
0.118222 0.234419 -0.124249 0.240284 -0.943637 0.227625
0.152458 0.322743 -0.084940 0.635532 -0.048158 -0.770571
0.122309 0.236745 -0.077254 0.640819 -0.767477 -0.018163
0.128291 0.240085 -0.008427 0.148225 -0.927004 0.344517
0.029917 0.219947 -0.064754 0.084623 -0.993883 0.070968
0.023447 0.245120 0.032777 0.194126 -0.980134 0.040642
-0.201908 0.203313 -0.055154 0.034802 -0.986678 -0.158917
-0.115269 0.172263 0.043343 0.281467 -0.916236 -0.285112
-0.038766 0.240191 0.154590 0.848118 -0.418615 0.324742
-0.130114 0.129556 0.106897 0.224687 -0.814487 -0.534908
-0.404885 0.216875 -0.057557 -0.302252 -0.932984 -0.195407
-0.206071 0.208826 -0.178346 -0.029144 -0.993550 -0.109582
0.028683 0.218789 -0.184347 0.075425 -0.995474 -0.057817
-0.211010 0.229748 -0.265014 -0.077797 -0.823149 -0.562470
-0.321922 0.243799 -0.247403 -0.353764 -0.761475 -0.543146
-0.252865 0.327040 -0.276547 -0.123345 0.020616 -0.992150
0.028778 0.219105 -0.282376 0.018482 -0.627334 -0.778531
0.105884 0.244268 -0.239047 0.139221 -0.959379 -0.245377
0.159024 0.319517 -0.196215 0.635568 -0.562401 -0.528922
0.325612 0.263822 -0.189573 0.049182 -0.059709 -0.997003
0.299482 0.019123 -0.086146 -0.855664 -0.326076 -0.401887
0.352134 0.011390 -0.091171 0.315165 -0.938317 0.142239
0.342897 0.019286 -0.131370 -0.081860 -0.369432 -0.925645
0.117609 0.438631 -0.088644 0.213903 0.974999 -0.060184
0.175228 0.392479 -0.144914 0.542884 0.835021 -0.089539
0.183794 0.416637 -0.024670 0.553310 0.828189 0.089170
0.106708 0.449437 0.042951 0.236800 0.967177 0.092162
-0.230440 0.461842 0.056580 -0.006066 0.924692 0.380669
-0.226583 0.482554 -0.106983 0.068911 0.995718 -0.061621
0.095806 0.414789 -0.208237 0.217984 0.921239 -0.322184
-0.240097 0.434449 -0.257385 0.031959 0.815818 -0.577425
0.076625 0.381510 -0.287056 0.065923 0.475990 -0.876976
0.054870 0.300863 -0.303997 -0.060176 -0.011036 -0.998127
0.105932 0.302767 -0.297910 0.209516 -0.128924 -0.969269
0.273535 0.223450 -0.288502 -0.055777 -0.159229 -0.985665
0.226702 0.180370 -0.230806 -0.591582 -0.267748 0.760488
0.219658 0.039051 -0.189506 -0.938255 -0.168930 -0.301894
0.262432 0.045722 -0.164228 0.163941 0.125982 0.978393
0.315619 0.224293 -0.204341 0.225581 0.346214 0.910631
-0.346616 0.362167 0.143152 -0.264294 0.443735 0.856299
-0.399554 0.222178 0.098282 -0.656122 -0.448198 0.607142
-0.242892 0.235797 0.222958 -0.441838 0.033104 0.896484
-0.099955 0.250949 0.215616 0.069464 0.596010 0.799967
-0.115987 0.157954 0.290109 -0.251166 0.030870 0.967452
-0.023758 0.216502 0.243727 0.469636 0.877294 0.098982
0.132359 0.158117 0.258917 0.313942 0.781020 0.539859
0.114700 0.117573 0.303997 -0.059664 -0.409605 0.910310
-0.143322 0.104221 0.212353 -0.200996 -0.962948 0.179810
-0.256598 0.150374 0.145440 -0.351586 -0.934982 0.046871
-0.125702 0.330323 0.176748 -0.017860 0.514594 0.857248
0.081420 0.429998 0.129935 -0.009609 0.747650 0.664023
0.037268 0.348662 0.173225 0.047172 0.016346 0.998753
0.145060 0.411238 0.114018 0.360285 0.873655 0.326989
0.148103 0.329108 0.189946 0.027328 0.207237 0.977909
0.354737 0.350882 0.119358 0.642243 0.766136 -0.023660
0.333087 0.275901 0.183514 0.112252 -0.065521 0.991517
0.500000 0.067085 0.141841 0.870854 0.368933 0.324812
0.466797 0.047789 0.181495 -0.257903 -0.245681 0.934412
0.464060 0.024694 0.141583 0.403123 -0.912756 0.066088
0.468913 0.043023 0.102762 0.445079 0.034143 -0.894840
0.344266 0.279136 0.068296 -0.015215 -0.137666 -0.990362
0.163034 0.339808 0.054073 0.852335 0.134266 -0.505467
-0.439907 0.332917 -0.233199 -0.684402 -0.328576 -0.650869
-0.020456 0.138563 0.160065 0.416077 -0.422659 -0.805133
0.123132 0.119535 0.216392 0.452721 0.294959 -0.841453
0.104765 0.065965 0.262410 0.028053 -0.980979 -0.192075
0.143442 0.105494 0.258888 0.955344 -0.282821 0.085620
0.016231 0.256088 0.144741 0.160358 -0.801965 0.575446
0.117226 0.243904 0.116296 0.037718 -0.913559 0.404954
0.295271 0.212960 0.122593 -0.553423 -0.815100 -0.171274
0.147443 0.355754 -0.249049 0.555489 0.755140 -0.348132
0.320683 0.247187 -0.251422 0.915355 0.148506 -0.374262
0.250793 0.033700 -0.222077 0.271933 -0.395902 -0.877105
0.292926 0.037778 -0.197086 0.946358 -0.296330 -0.128819
0.259092 0.023258 -0.188779 0.003958 -0.979233 0.202698
0.351081 0.301868 -0.143105 0.891706 0.438015 0.114028
0.374530 0.327835 -0.015721 0.781730 0.537475 -0.316258
0.340859 0.279347 0.044348 0.067204 0.099105 0.992805
0.438419 0.020980 0.061022 0.132171 0.065431 0.989065
0.469573 0.025268 0.022985 0.969853 0.145302 -0.195636
0.425957 0.009054 -0.009614 0.390961 -0.116286 -0.913032
0.336638 0.270503 -0.066736 -0.026985 -0.207062 -0.977956
0.380187 0.043664 -0.103078 0.972461 -0.024188 -0.231807
0.421315 0.032322 0.141688 -0.657353 -0.562654 -0.501305
0.298276 0.193081 -0.000321 -0.637362 -0.769760 0.035194
0.385222 0.005188 0.029408 -0.780601 -0.500050 -0.374982
0.432657 0.000000 0.028948 0.238576 -0.963606 0.120600
-0.500000 0.394014 -0.083555 -0.976290 0.214906 -0.025942
