0 1
0 3
0 42
0 43
0 45
0 95
1 0
1 4
1 45
1 50
1 95
2 51
2 3
2 5
2 95
3 0
3 2
3 42
3 51
3 95
4 1
4 5
4 50
4 57
4 95
5 2
5 4
5 69
5 51
5 56
5 57
5 95
6 7
6 8
6 9
6 10
6 82
6 53
7 35
7 36
7 6
7 8
7 82
7 89
8 35
8 38
8 6
8 7
8 9
8 60
9 6
9 39
9 8
9 40
9 10
9 11
9 13
9 60
10 6
10 9
10 11
10 12
10 83
10 52
10 53
10 54
10 88
10 91
11 9
11 10
11 12
11 13
12 10
12 11
12 13
12 14
12 81
12 84
12 91
12 31
13 40
13 9
13 41
13 11
13 12
13 14
13 15
14 12
14 13
14 15
14 16
14 17
14 29
14 31
15 41
15 42
15 13
15 14
15 16
15 19
16 14
16 15
16 17
16 18
16 19
17 14
17 16
17 18
17 21
17 26
17 27
17 28
17 29
17 30
18 16
18 17
18 19
18 20
18 21
19 70
19 71
19 42
19 15
19 16
19 18
19 51
19 20
20 71
20 72
20 18
20 19
20 21
20 22
21 17
21 18
21 20
21 22
21 23
21 26
22 72
22 20
22 21
22 23
22 24
23 21
23 22
23 24
23 25
23 26
24 72
24 25
24 22
24 23
25 71
25 72
25 23
25 24
25 26
26 71
26 17
26 21
26 23
26 25
26 27
27 69
27 70
27 71
27 17
27 26
27 28
28 69
28 73
28 17
28 56
28 27
28 30
29 17
29 31
29 14
29 30
30 34
30 73
30 74
30 17
30 28
30 29
30 31
31 32
31 33
31 34
31 12
31 14
31 81
31 29
31 30
32 33
32 77
32 80
32 81
32 90
32 31
33 32
33 34
33 75
33 76
33 77
33 31
34 33
34 74
34 75
34 30
34 31
35 36
35 37
35 38
35 7
35 8
36 89
36 35
36 37
36 7
37 89
37 35
37 36
37 38
38 35
38 37
38 8
38 82
38 53
38 89
38 60
39 64
39 40
39 9
39 46
39 47
39 60
39 63
40 39
40 9
40 41
40 44
40 13
40 46
41 40
41 42
41 43
41 44
41 13
41 15
42 0
42 3
42 41
42 43
42 15
42 19
42 51
43 0
43 41
43 42
43 44
43 45
44 40
44 41
44 43
44 45
44 46
45 0
45 1
45 43
45 44
45 46
45 48
45 49
45 50
46 39
46 40
46 44
46 45
46 47
46 48
47 39
47 46
47 48
47 49
47 59
47 63
48 49
48 45
48 46
48 47
49 45
49 47
49 48
49 50
49 58
49 59
50 1
50 4
50 45
50 49
50 57
50 58
51 2
51 3
51 69
51 70
51 5
51 42
51 19
52 10
52 53
52 54
52 55
52 56
52 57
52 58
53 6
53 38
53 10
53 82
53 52
53 58
53 60
54 10
54 81
54 83
54 52
54 84
54 55
55 73
55 74
55 81
55 52
55 54
55 56
56 5
56 69
56 73
56 52
56 55
56 57
56 28
57 4
57 5
57 50
57 52
57 56
57 58
58 49
58 50
58 52
58 53
58 57
58 59
58 60
59 47
59 49
59 58
59 60
59 61
59 62
59 63
60 64
60 38
60 39
60 8
60 9
60 53
60 58
60 59
60 61
61 64
61 65
61 59
61 60
61 62
62 65
62 68
62 59
62 61
62 94
62 63
63 64
63 66
63 68
63 39
63 47
63 59
63 62
64 65
64 66
64 39
64 60
64 61
64 63
65 64
65 66
65 67
65 94
65 61
65 62
66 64
66 65
66 67
66 68
66 63
67 65
67 66
67 68
67 94
68 66
68 67
68 94
68 62
68 63
69 5
69 70
69 51
69 56
69 27
69 28
70 69
70 71
70 19
70 51
70 27
71 70
71 72
71 19
71 20
71 25
71 26
71 27
72 71
72 20
72 22
72 24
72 25
73 74
73 55
73 56
73 28
73 30
74 34
74 73
74 75
74 81
74 55
74 30
75 33
75 34
75 74
75 76
75 79
75 80
75 81
76 33
76 75
76 77
76 78
76 79
77 32
77 33
77 76
77 78
77 90
78 90
78 76
78 77
78 79
79 75
79 76
79 78
79 80
79 90
80 32
80 75
80 79
80 81
80 90
81 32
81 74
81 75
81 12
81 80
81 84
81 54
81 55
81 31
82 38
82 6
82 7
82 53
82 89
83 10
83 84
83 85
83 86
83 54
83 87
83 88
84 12
84 81
84 83
84 85
84 54
84 91
85 83
85 84
85 86
85 91
85 92
85 93
86 83
86 93
86 85
86 87
87 83
87 86
87 88
87 92
87 93
88 10
88 83
88 87
88 91
88 92
89 36
89 37
89 38
89 7
89 82
90 32
90 77
90 78
90 79
90 80
91 10
91 12
91 84
91 85
91 88
91 92
92 85
92 87
92 88
92 91
92 93
93 92
93 85
93 86
93 87
94 65
94 67
94 68
94 62
95 0
95 1
95 2
95 3
95 4
95 5
