0.380820 0.307516 -0.057656 0.406779 0.910558 -0.073591
0.269279 0.274594 -0.211704 0.116830 0.875351 -0.469161
0.254526 0.319459 -0.064725 -0.038824 0.997121 -0.065127
0.259974 0.302597 0.093531 -0.018077 0.925700 0.377826
0.166495 0.198003 -0.289321 0.232798 0.108508 -0.966453
0.149048 0.258520 -0.259782 0.161918 0.756140 -0.634062
0.277062 0.195142 -0.262617 0.379727 0.148144 -0.913160
0.373717 0.282544 -0.161621 0.739774 0.486043 -0.465292
0.374446 0.195704 -0.208259 0.886050 0.047906 -0.461108
0.116889 0.181303 -0.302945 0.548050 0.076540 -0.832936
0.053018 0.240562 -0.343309 0.501759 0.671257 -0.545575
0.099367 0.253908 -0.287170 0.238511 0.842793 -0.482507
0.001817 0.253701 -0.296645 -0.180713 0.982690 0.040790
0.049761 0.265171 -0.243234 -0.547697 0.814887 0.189702
0.076676 0.282881 -0.193632 -0.113327 0.962503 -0.246463
-0.017951 0.200520 -0.273617 -0.736848 0.218726 0.639698
0.022310 0.203928 -0.219725 -0.764359 -0.080715 0.639719
0.004434 0.238156 -0.399755 0.426173 0.813335 -0.396060
-0.049296 0.251121 -0.348672 -0.387523 0.847169 0.363498
-0.073575 0.202048 -0.327383 -0.689863 -0.103817 0.716457
0.065902 0.185201 -0.348265 0.736385 -0.137711 -0.662399
-0.116893 0.248594 -0.416503 -0.150623 0.986989 0.056258
-0.060840 0.238167 -0.467967 0.354409 0.823222 -0.443508
-0.139825 0.200501 -0.392486 -0.775244 0.216976 0.593227
0.017484 0.184790 -0.418324 0.754986 -0.248641 -0.606774
-0.143456 0.240740 -0.450753 -0.748397 0.639840 -0.174658
-0.156306 0.197614 -0.441085 -0.986525 -0.092694 0.134819
-0.041027 0.181411 -0.480580 0.645318 -0.068687 -0.760820
-0.098395 0.233589 -0.490403 -0.013785 0.656510 -0.754191
-0.092854 0.183687 -0.500000 0.134109 -0.224228 -0.965265
-0.138608 0.191430 -0.485976 -0.672488 0.019588 -0.739849
0.219265 0.073334 -0.167147 -0.167348 -0.977778 -0.126271
0.024360 0.137075 -0.091470 -0.417869 -0.908503 0.002567
0.046341 0.126127 -0.201315 -0.370132 -0.913167 -0.170669
-0.069189 0.156824 -0.137745 -0.211409 -0.705490 0.676454
-0.006326 0.150329 -0.118155 -0.381535 -0.888773 0.253997
-0.022755 0.209084 -0.096570 -0.388880 0.031119 0.920763
-0.083864 0.212278 -0.115790 -0.277187 0.134710 0.951326
-0.050077 0.156846 -0.195627 0.151659 -0.904732 -0.398069
0.010555 0.147923 -0.182021 -0.286541 -0.802427 -0.523455
0.014519 0.200553 -0.206556 0.034241 0.022849 -0.999152
-0.046401 0.208718 -0.231443 0.399675 0.022172 -0.916389
-0.205091 0.213377 -0.149507 -0.248259 -0.124439 0.960668
-0.199043 0.153804 -0.174986 -0.067052 -0.909289 0.410728
-0.176359 0.149540 -0.244411 0.199110 -0.923881 -0.326803
-0.157620 0.198713 -0.282947 0.376861 -0.268722 -0.886433
-0.260297 0.148052 -0.189620 -0.216561 -0.784908 0.580535
-0.233701 0.141920 -0.269009 0.081449 -0.958899 -0.271807
-0.324878 0.151820 -0.226198 -0.527372 -0.822632 0.212499
-0.304910 0.147368 -0.283795 -0.304525 -0.712488 -0.632160
-0.228856 0.195978 -0.306746 0.229560 -0.115434 -0.966425
-0.344409 0.202992 -0.268132 -0.939558 0.077603 -0.333480
-0.300069 0.197840 -0.308615 -0.319220 -0.048697 -0.946429
-0.334342 0.207981 -0.209495 -0.762191 -0.035426 0.646382
-0.275090 0.212493 -0.166162 -0.412212 0.227401 0.882253
0.335607 0.062057 -0.095067 0.245528 -0.968831 -0.032908
0.084715 0.099346 0.106448 -0.263224 -0.959393 0.101386
0.367129 0.109387 -0.192270 0.684148 -0.589310 -0.429715
0.302482 0.050358 0.031778 0.280161 -0.954051 0.106289
0.214754 0.106985 0.205920 -0.707274 -0.688570 -0.160109
0.190656 0.099975 0.159637 -0.382609 -0.805531 0.452470
0.296589 0.065155 0.146309 0.454797 -0.889892 0.035377
0.282055 0.070444 0.194927 0.059244 -0.992902 -0.103128
0.249385 0.042123 0.313770 -0.066519 -0.941146 -0.331390
0.343516 0.104675 0.219595 0.759820 -0.631760 0.153473
0.297903 0.075414 0.329104 0.871739 -0.482670 0.084268
0.190534 0.083845 0.304925 -0.727333 -0.528804 -0.437439
0.358350 0.106885 0.184198 0.871433 -0.486742 0.060714
0.179060 0.133792 0.319885 -0.865699 0.473061 -0.163641
0.202303 0.160344 0.215050 -0.920978 0.361423 0.145512
0.147885 0.049928 0.386076 -0.739265 -0.550504 -0.387856
0.144740 0.118499 0.405222 -0.925025 0.375748 -0.056055
0.148063 0.041116 0.448125 -0.850396 -0.401370 0.340189
0.205127 0.006618 0.454639 -0.264783 -0.898343 0.350528
0.197910 0.067272 0.500000 -0.204250 -0.192039 0.959897
0.224854 0.000000 0.396176 0.155949 -0.969462 -0.189268
0.253290 0.041479 0.476035 0.574515 -0.577896 0.579628
0.284365 0.035560 0.419012 0.881075 -0.455558 0.127173
0.151035 0.098968 0.465095 -0.767241 0.368354 0.525030
0.253379 0.108528 -0.246669 0.232249 -0.595366 -0.769156
0.150236 0.121719 -0.273857 -0.060072 -0.831092 -0.552881
0.088912 0.130109 -0.281060 0.148390 -0.796126 -0.586655
0.044213 0.142949 -0.239659 -0.559712 -0.794593 0.235255
0.031637 0.218722 -0.214325 -0.981935 0.187770 -0.023345
0.047178 0.133611 -0.321824 0.291110 -0.929583 -0.226119
0.005636 0.137645 -0.286149 -0.550812 -0.648996 0.524795
-0.061232 0.138444 -0.353261 -0.347626 -0.859211 0.375383
-0.014731 0.131457 -0.396287 0.338968 -0.907031 -0.249790
-0.058845 0.127870 -0.451896 0.138549 -0.917472 -0.372892
-0.114610 0.137330 -0.399337 -0.525777 -0.752675 0.396281
-0.147535 0.151084 -0.448684 -0.644157 -0.754141 -0.127802
-0.109409 0.143185 -0.483241 -0.245035 -0.678717 -0.692316
0.307889 0.150070 0.342795 0.735575 0.527042 0.425624
0.344319 0.180745 0.243083 0.863283 0.261869 0.431470
0.276340 0.223911 0.230066 -0.211492 0.938785 0.271945
0.239078 0.188695 0.333849 -0.167211 0.949447 0.265688
0.298536 0.233093 0.194875 0.082615 0.843823 0.530224
0.362210 0.191137 0.202019 0.939822 0.159050 0.302385
0.187336 0.172284 0.183502 -0.377705 0.557426 0.739334
0.196948 0.156365 0.421477 -0.083294 0.939409 0.332526
0.288817 0.101918 0.427277 0.746554 0.505034 0.433125
0.199868 0.133529 0.479814 0.094799 0.757151 0.646325
0.267617 0.093420 0.483537 0.533686 0.276924 0.799057
0.395213 0.284269 0.049706 0.704620 0.628859 0.328706
0.073878 0.285956 0.046212 -0.153796 0.976724 0.149523
-0.020553 0.235821 0.207093 0.236084 0.802242 0.548336
0.095803 0.256403 0.136053 0.269037 0.603444 0.750649
0.050216 0.269723 0.083053 -0.167640 0.977102 0.131025
0.000314 0.168923 0.216194 0.514847 -0.163611 0.841525
0.089326 0.189794 0.163960 0.370814 -0.269092 0.888868
-0.055780 0.251462 0.147431 -0.194060 0.965488 -0.173705
0.002531 0.234115 0.068534 -0.600631 0.449515 -0.661195
-0.103321 0.232294 0.261969 0.370722 0.716879 0.590465
-0.138215 0.249500 0.200268 -0.082102 0.985852 -0.146130
-0.165311 0.211053 0.163445 -0.458038 0.213456 -0.862924
-0.069023 0.213011 0.111885 -0.528920 0.096236 -0.843198
-0.239730 0.210461 0.205394 -0.526347 0.443351 -0.725534
-0.216979 0.253150 0.248024 -0.205791 0.960328 -0.188202
0.041249 0.293144 0.014705 -0.100569 0.886240 0.452177
0.011244 0.236661 0.055025 -0.920100 0.152676 0.360701
0.031522 0.291993 -0.063670 -0.190093 0.934775 -0.300100
0.053814 0.292378 -0.086532 -0.210251 0.976811 -0.040429
-0.002702 0.227760 -0.087846 -0.976168 0.190400 -0.104136
-0.017063 0.226398 -0.077379 -0.254784 0.116195 -0.959992
-0.082883 0.276126 0.034235 -0.030238 0.924412 0.380195
-0.093295 0.274546 -0.037944 -0.168351 0.715182 -0.678360
-0.004571 0.231887 0.050087 0.055374 0.186555 0.980883
-0.065144 0.207800 0.057319 0.199465 -0.035073 0.979277
-0.213703 0.266936 -0.023484 -0.064973 0.946738 -0.315381
-0.202626 0.269842 0.062453 0.116375 0.774351 0.621962
-0.205339 0.212804 0.096536 0.236139 -0.078547 0.968539
-0.084171 0.210986 -0.064799 -0.116337 -0.187805 -0.975292
0.020008 0.267084 -0.111471 -0.337424 0.871059 0.356932
-0.088550 0.264268 -0.144884 -0.129203 0.913007 0.386943
0.039827 0.265426 -0.179101 -0.116417 0.918168 -0.378702
-0.064004 0.259871 -0.215095 0.168914 0.868457 -0.466102
-0.191426 0.267181 -0.177066 -0.124992 0.890061 0.438369
-0.163809 0.257895 -0.256880 0.209630 0.792843 -0.572238
-0.293089 0.270005 0.074011 -0.022040 0.930980 0.364404
-0.289843 0.207526 0.110712 0.022073 0.076125 0.996854
-0.264350 0.266662 -0.204187 -0.104609 0.982857 0.151819
-0.238409 0.256625 -0.283595 0.134784 0.837054 -0.530259
-0.364154 0.210924 0.097743 -0.399998 0.185359 0.897577
-0.363022 0.265119 0.073571 -0.512864 0.720353 0.466971
-0.372167 0.263324 0.008109 -0.470605 0.847211 -0.246505
-0.304570 0.268069 -0.013124 -0.144826 0.775752 -0.614193
-0.232627 0.204387 -0.051786 -0.097028 0.149425 -0.984001
-0.313053 0.205575 -0.045787 -0.215813 -0.102197 -0.971072
-0.378696 0.209650 -0.014120 -0.590596 -0.016384 -0.806801
-0.398615 0.213363 0.045491 -0.992159 0.015864 0.123973
-0.292741 0.255481 -0.293462 -0.258434 0.728020 -0.634980
-0.314322 0.262092 -0.231121 -0.647036 0.718162 0.256100
-0.049211 0.155048 0.120953 -0.393017 -0.675683 -0.623690
0.021770 0.143667 0.073175 -0.622069 -0.479681 -0.618818
0.058133 0.123066 0.121649 -0.040325 -0.942971 0.330422
-0.018932 0.137360 0.167272 0.089943 -0.992668 0.080744
0.036063 0.129773 0.043873 -0.720216 -0.691026 0.061416
-0.165104 0.150480 0.178095 -0.225657 -0.755419 -0.615160
-0.131346 0.120327 0.236924 0.199981 -0.978022 0.058992
-0.098809 0.165307 0.282403 0.533323 -0.358610 0.766136
0.015156 0.146320 0.021359 -0.269480 -0.712101 0.648300
-0.217993 0.142523 0.199972 -0.416616 -0.555201 -0.719849
-0.177329 0.109783 0.264845 -0.011478 -0.998801 0.047589
-0.280464 0.144096 0.248879 -0.639145 -0.702210 -0.313678
-0.287060 0.200020 0.252028 -0.808387 0.245423 -0.535049
-0.286445 0.181729 0.305454 -0.882565 -0.067457 0.465326
-0.252554 0.122707 0.299292 -0.268226 -0.832573 0.484642
-0.239238 0.166591 0.337835 -0.056530 -0.199462 0.978274
-0.166888 0.161106 0.323752 0.342887 -0.476257 0.809696
0.009841 0.147386 -0.048259 -0.377761 -0.793019 -0.477931
-0.068642 0.162154 -0.040213 -0.063661 -0.904779 -0.421097
-0.060888 0.162176 0.036556 0.015386 -0.963032 0.268948
-0.216098 0.160007 0.065003 0.157486 -0.867464 0.471916
-0.227575 0.151761 -0.021766 0.005428 -0.895294 -0.445444
-0.297260 0.143637 -0.013864 -0.099927 -0.916315 -0.387791
-0.285317 0.148156 0.078175 0.038206 -0.883939 0.466038
-0.372426 0.155928 0.008379 -0.502726 -0.845120 -0.181767
-0.365683 0.158564 0.078753 -0.455211 -0.659982 0.597668
-0.178617 0.230358 0.312767 0.300311 0.701864 0.645910
-0.270845 0.243960 0.282696 -0.465071 0.863405 0.195551
-0.239571 0.226494 0.338276 -0.273653 0.481576 0.832586
0.131275 0.267913 0.122633 -0.091424 0.726343 0.681225
0.135494 0.184790 0.153823 -0.242068 -0.087760 0.966282
0.389417 0.117311 -0.132523 0.997571 -0.049095 -0.049415
0.389432 0.076902 -0.045457 0.997210 -0.074641 0.000000
0.389391 0.204373 -0.172924 0.997460 -0.029740 -0.064727
0.389417 0.117311 0.041597 0.996129 -0.079670 0.037151
0.389391 0.204373 0.082002 0.000000 -0.447214 0.894427
0.389358 0.291434 -0.132523 0.000000 0.707107 0.707107
0.389351 0.331836 -0.045457 0.000000 1.000000 0.000000
0.389358 0.291434 0.041597 0.000000 1.000000 0.000000
0.398615 0.199592 -0.028582 0.977684 -0.209985 0.006304
