 -0.395336   0.180164  -0.045175
 -0.339481   0.155564   0.092557
 -0.097814   0.203337   0.080527
 -0.072707   0.222351  -0.024069
 -0.074336   0.211927  -0.140246
 -0.132891   0.195313  -0.217296
 -0.294797   0.135884   0.202742
  0.046041   0.204289   0.164111
  0.105652   0.235880  -0.000683
  0.077146   0.228749  -0.189777
 -0.021301   0.201678  -0.327488
 -0.234023   0.092915   0.359124
  0.179937   0.208509   0.242127
  0.267254   0.241228   0.020373
  0.219056   0.235234  -0.235866
  0.067932   0.205399  -0.415070
 -0.184099   0.072389   0.493371
  0.282120   0.219240   0.302179
  0.392296   0.248380   0.036731
  0.324512   0.218637  -0.269340
  0.120347   0.186424  -0.463795
