0 1
0 2
0 3
0 105
0 106
0 107
0 94
1 0
1 2
1 163
1 130
1 107
1 23
2 0
2 1
2 3
2 4
2 5
2 23
2 24
2 25
3 0
3 2
3 4
3 6
3 94
4 2
4 3
4 5
4 6
4 7
5 32
5 2
5 153
5 4
5 7
5 10
5 142
5 146
5 147
5 25
5 154
5 27
6 3
6 4
6 7
6 8
6 12
6 94
7 4
7 5
7 6
7 8
7 9
7 10
8 6
8 7
8 9
8 12
8 13
8 14
8 17
9 7
9 8
9 10
9 11
9 17
9 20
10 5
10 7
10 9
10 11
10 147
10 148
11 9
11 10
11 20
11 148
11 152
12 6
12 8
12 13
12 144
12 145
12 94
13 8
13 12
13 14
13 15
13 145
14 8
14 13
14 15
14 16
14 17
15 13
15 14
15 16
15 145
15 19
15 149
16 14
16 15
16 17
16 18
16 19
16 22
17 8
17 9
17 14
17 16
17 18
17 20
18 16
18 17
18 20
18 21
18 22
19 15
19 16
19 149
19 150
19 22
20 9
20 11
20 17
20 18
20 21
20 152
21 18
21 20
21 22
21 151
21 152
22 16
22 18
22 19
22 21
22 150
22 151
23 1
23 2
23 131
23 130
23 133
23 48
23 24
24 2
24 48
24 23
24 25
24 26
25 2
25 5
25 24
25 26
25 27
26 48
26 24
26 25
26 27
26 28
26 29
26 30
26 31
27 32
27 5
27 25
27 26
27 28
28 32
28 33
28 34
28 38
28 26
28 27
28 29
29 38
29 40
29 26
29 28
29 30
30 40
30 26
30 29
30 158
30 31
31 48
31 30
31 26
31 157
31 158
32 33
32 5
32 155
32 154
32 27
32 28
33 32
33 34
33 35
33 155
33 28
34 33
34 35
34 36
34 37
34 38
34 28
35 33
35 34
35 36
35 39
35 155
35 159
36 34
36 35
36 37
36 39
36 42
37 34
37 36
37 38
37 40
37 41
37 42
38 34
38 37
38 40
38 28
38 29
39 160
39 35
39 36
39 42
39 159
40 162
40 37
40 38
40 41
40 158
40 29
40 30
41 161
41 162
41 37
41 40
41 42
42 160
42 161
42 36
42 37
42 39
42 41
43 164
43 170
43 44
43 45
43 142
43 81
43 82
44 170
44 43
44 45
44 46
44 47
44 50
45 164
45 168
45 169
45 43
45 44
45 46
46 131
46 132
46 169
46 44
46 45
46 47
46 51
47 44
47 46
47 50
47 51
47 52
47 54
48 133
48 134
48 170
48 49
48 50
48 23
48 24
48 26
48 156
48 157
48 31
49 134
49 135
49 48
49 50
49 54
49 55
50 170
50 44
50 47
50 48
50 49
50 54
51 132
51 136
51 137
51 46
51 47
51 52
51 53
52 47
52 51
52 53
52 54
52 57
52 60
52 63
53 137
53 51
53 52
53 63
54 47
54 49
54 50
54 52
54 55
54 56
54 57
55 135
55 138
55 49
55 54
55 56
56 138
56 139
56 54
56 55
56 57
56 58
57 52
57 54
57 56
57 58
57 59
57 60
57 61
58 64
58 139
58 56
58 57
58 59
59 64
59 57
59 58
59 61
60 52
60 57
60 61
60 62
60 63
61 64
61 57
61 59
61 60
61 62
62 64
62 140
62 60
62 61
62 63
63 137
63 140
63 141
63 52
63 53
63 60
63 62
64 139
64 140
64 58
64 59
64 61
64 62
65 66
65 67
65 68
65 71
65 73
65 78
65 119
66 65
66 78
66 119
66 120
66 121
66 122
67 65
67 68
67 69
67 71
67 72
67 125
68 65
68 67
68 69
68 171
68 83
68 119
69 67
69 68
69 70
69 83
69 125
70 69
70 165
70 167
70 81
70 83
70 125
71 65
71 67
71 72
71 73
71 74
71 75
71 76
72 67
72 71
72 76
72 124
72 125
73 65
73 74
73 78
73 71
74 71
74 73
74 75
74 78
74 79
74 80
75 71
75 74
75 76
75 77
75 79
76 71
76 72
76 75
76 77
76 123
76 124
77 75
77 76
77 79
77 123
77 127
78 65
78 66
78 73
78 74
78 80
78 121
79 128
79 74
79 75
79 77
79 80
79 127
80 128
80 74
80 78
80 79
80 121
81 164
81 165
81 70
81 43
81 82
81 83
82 43
82 171
82 142
82 81
82 83
82 95
83 68
83 69
83 70
83 171
83 81
83 82
84 171
84 85
84 86
84 117
84 118
84 93
84 95
85 108
85 109
85 111
85 84
85 117
85 86
85 87
85 88
86 84
86 85
86 87
86 89
86 93
87 96
87 97
87 100
87 85
87 86
87 88
87 89
87 90
88 96
88 111
88 113
88 85
88 87
89 86
89 87
89 90
89 91
89 93
89 94
90 100
90 87
90 89
90 91
90 92
91 110
91 112
91 89
91 90
91 92
91 94
92 100
92 102
92 112
92 90
92 91
93 84
93 86
93 89
93 94
93 95
94 0
94 3
94 6
94 105
94 12
94 110
94 143
94 144
94 89
94 91
94 93
94 95
95 171
95 142
95 143
95 146
95 82
95 84
95 93
95 94
96 97
96 98
96 99
96 113
96 87
96 88
97 96
97 98
97 100
97 87
98 96
98 97
98 99
98 100
98 101
98 104
99 96
99 98
99 104
99 113
99 114
100 97
100 98
100 101
100 102
100 103
100 87
100 90
100 92
101 104
101 98
101 100
101 103
102 100
102 103
102 112
102 115
102 116
102 92
103 100
103 101
103 102
103 104
103 115
104 98
104 99
104 101
104 103
104 114
104 115
105 0
105 106
105 108
105 109
105 110
105 94
106 0
106 105
106 107
106 109
106 118
106 119
106 120
107 0
107 1
107 129
107 163
107 106
107 173
107 120
108 105
108 109
108 110
108 111
108 85
109 105
109 106
109 108
109 117
109 85
109 118
110 105
110 108
110 111
110 112
110 91
110 94
111 108
111 110
111 112
111 113
111 116
111 85
111 88
112 102
112 110
112 111
112 116
112 91
112 92
113 96
113 99
113 111
113 114
113 115
113 116
113 88
114 115
114 113
114 99
114 104
115 102
115 103
115 104
115 113
115 114
115 116
116 102
116 111
116 112
116 113
116 115
117 109
117 84
117 85
117 118
118 106
118 171
118 109
118 84
118 117
118 119
119 65
119 66
119 68
119 106
119 171
119 118
119 120
120 129
120 66
120 106
120 107
120 119
120 122
121 128
121 66
121 78
121 80
121 122
121 123
122 129
122 66
122 120
122 121
122 123
122 124
122 126
123 128
123 76
123 77
123 121
123 122
123 124
123 127
124 72
124 76
124 122
124 123
124 125
124 126
125 67
125 69
125 70
125 167
125 72
125 172
125 124
125 126
126 129
126 172
126 173
126 122
126 124
126 125
127 128
127 123
127 77
127 79
128 79
128 80
128 121
128 123
128 127
129 107
129 173
129 120
129 122
129 126
130 1
130 131
130 163
130 169
130 174
130 175
130 23
131 130
131 132
131 133
131 169
131 46
131 23
132 131
132 133
132 134
132 136
132 46
132 51
133 131
133 132
133 134
133 48
133 23
134 132
134 133
134 135
134 136
134 48
134 49
135 134
135 136
135 137
135 138
135 141
135 49
135 55
136 132
136 134
136 135
136 137
136 51
137 135
137 136
137 141
137 51
137 53
137 63
138 135
138 139
138 140
138 141
138 55
138 56
139 64
139 138
139 140
139 56
139 58
140 64
140 138
140 139
140 141
140 62
140 63
141 135
141 137
141 138
141 140
141 63
142 5
142 170
142 43
142 82
142 146
142 153
142 95
143 144
143 146
143 94
143 95
144 12
144 143
144 145
144 146
144 147
144 94
145 12
145 13
145 15
145 144
145 147
145 148
145 149
146 5
146 142
146 143
146 144
146 147
146 95
147 5
147 10
147 144
147 145
147 146
147 148
148 10
148 11
148 145
148 147
148 149
148 152
149 15
149 145
149 19
149 148
149 150
149 151
149 152
150 19
150 149
150 22
150 151
151 21
151 149
151 150
151 152
151 22
152 11
152 148
152 21
152 149
152 151
152 20
153 5
153 170
153 142
153 154
153 156
153 157
154 32
154 5
154 153
154 155
154 157
155 32
155 33
155 35
155 154
155 157
155 158
155 159
156 48
156 153
156 170
156 157
157 48
157 153
157 154
157 155
157 156
157 158
157 31
158 162
158 40
158 155
158 31
158 157
158 30
158 159
159 160
159 161
159 162
159 35
159 39
159 155
159 158
160 159
160 161
160 42
160 39
161 160
161 162
161 41
161 42
161 159
162 161
162 40
162 41
162 158
162 159
163 1
163 130
163 107
163 173
163 174
163 177
164 165
164 166
164 168
164 43
164 45
164 81
165 164
165 166
165 167
165 70
165 81
165 177
166 164
166 165
166 168
166 176
166 177
167 165
167 70
167 172
167 177
167 125
168 164
168 166
168 169
168 45
168 175
168 176
169 130
169 131
169 168
169 45
169 46
169 175
170 43
170 44
170 142
170 48
170 50
170 153
170 156
171 68
171 82
171 83
171 84
171 118
171 119
171 95
172 167
172 173
172 177
172 125
172 126
173 129
173 163
173 107
173 172
173 177
173 126
174 177
174 130
174 163
174 175
175 130
175 168
175 169
175 174
175 176
175 177
176 168
176 177
176 166
176 175
177 163
177 165
177 166
177 167
177 172
177 173
177 174
177 175
177 176
