0 1
0 2
0 3
0 4
0 5
0 6
0 75
1 0
1 6
1 71
1 7
1 75
2 0
2 72
2 75
2 3
3 0
3 2
3 164
3 4
3 72
3 172
4 0
4 160
4 3
4 164
4 5
5 0
5 160
5 4
5 6
5 157
5 158
5 159
6 0
6 1
6 5
6 7
6 8
6 157
7 1
7 6
7 71
7 8
7 9
7 10
7 70
7 77
7 13
7 17
8 6
8 7
8 74
8 171
8 76
8 77
8 157
9 7
9 74
9 10
9 11
9 77
9 78
10 7
10 9
10 11
10 12
10 13
11 9
11 10
11 12
11 78
11 80
11 87
12 10
12 11
12 13
12 14
12 87
12 151
13 7
13 10
13 12
13 14
13 15
13 16
13 17
13 83
14 12
14 13
14 15
14 85
14 151
14 152
15 13
15 14
15 16
15 81
15 84
15 85
16 13
16 15
16 81
16 82
16 83
17 70
17 7
17 13
17 18
17 19
17 83
17 20
18 111
18 144
18 17
18 83
18 19
19 143
19 144
19 17
19 18
19 115
19 20
19 123
19 124
20 70
20 17
20 19
20 115
20 21
20 22
20 23
20 24
20 186
21 110
21 115
21 20
21 116
21 22
21 31
22 20
22 21
22 23
22 25
22 31
23 35
23 20
23 22
23 24
23 25
23 26
23 27
23 28
24 35
24 100
24 20
24 23
24 186
25 22
25 23
25 26
25 29
25 30
25 31
26 40
26 23
26 25
26 27
26 29
27 40
27 119
27 23
27 121
27 26
27 28
28 35
28 23
28 119
28 120
28 27
29 36
29 40
29 25
29 26
29 30
30 32
30 33
30 36
30 25
30 29
30 31
31 32
31 116
31 21
31 22
31 118
31 25
31 30
32 33
32 34
32 118
32 122
32 30
32 31
33 32
33 34
33 36
33 37
33 30
34 32
34 33
34 37
34 38
34 122
34 125
34 127
35 100
35 117
35 23
35 120
35 24
35 28
36 33
36 37
36 39
36 40
36 41
36 42
36 29
36 30
37 33
37 34
37 36
37 38
37 39
37 43
38 34
38 43
38 37
38 127
39 42
39 43
39 36
39 37
40 36
40 41
40 121
40 26
40 27
40 29
41 128
41 36
41 40
41 42
41 121
41 126
42 128
42 36
42 39
42 41
42 43
43 128
43 37
43 38
43 39
43 42
43 127
44 97
44 98
44 100
44 45
44 46
44 49
44 56
45 44
45 46
45 47
45 48
45 49
46 65
46 100
46 44
46 45
46 48
46 50
46 186
47 45
47 48
47 49
47 51
47 54
47 55
48 45
48 46
48 47
48 50
48 51
48 52
49 44
49 45
49 47
49 54
49 56
50 65
50 66
50 46
50 48
50 52
50 53
50 187
51 102
51 103
51 47
51 48
51 52
51 55
51 58
52 99
52 102
52 48
52 50
52 51
52 53
53 99
53 104
53 50
53 52
53 187
54 47
54 49
54 55
54 56
54 57
54 59
54 62
55 47
55 51
55 54
55 58
55 61
55 62
56 97
56 101
56 44
56 49
56 54
56 57
57 101
57 105
57 54
57 56
57 59
57 60
58 103
58 107
58 108
58 51
58 55
58 61
59 54
59 57
59 60
59 62
59 63
60 105
60 106
60 57
60 59
60 63
61 107
61 55
61 58
61 62
61 63
62 54
62 55
62 59
62 61
62 63
63 106
63 107
63 59
63 60
63 61
63 62
64 65
64 66
64 67
64 68
64 69
64 70
64 71
65 64
65 66
65 70
65 46
65 50
65 186
66 64
66 65
66 69
66 50
66 187
67 64
67 68
67 69
67 179
67 187
68 64
68 67
68 71
68 179
68 185
69 64
69 66
69 67
69 187
70 64
70 65
70 71
70 7
70 17
70 20
70 186
71 64
71 1
71 68
71 70
71 7
71 75
71 185
72 2
72 3
72 73
72 74
72 75
72 172
72 76
73 72
73 74
73 75
73 181
74 72
74 73
74 8
74 9
74 76
74 77
74 78
74 79
74 180
74 181
75 0
75 1
75 2
75 71
75 72
75 73
75 181
75 185
76 8
76 72
76 74
76 171
76 172
77 8
77 9
77 74
77 7
78 9
78 74
78 11
78 79
78 80
78 81
78 82
79 74
79 109
79 78
79 110
79 111
79 82
79 83
79 180
79 117
80 11
80 78
80 81
80 86
80 87
81 78
81 15
81 80
81 16
81 82
81 84
81 86
82 78
82 79
82 16
82 81
82 83
83 13
83 79
83 16
83 17
83 18
83 82
83 111
84 96
84 15
84 81
84 85
84 86
84 88
84 89
85 96
85 14
85 15
85 84
85 152
85 153
86 80
86 81
86 84
86 87
86 88
86 92
87 11
87 12
87 80
87 86
87 151
87 154
87 92
88 84
88 86
88 89
88 90
88 91
88 92
88 94
89 96
89 84
89 88
89 90
89 95
90 88
90 89
90 91
90 93
90 95
91 88
91 90
91 93
91 94
92 86
92 87
92 88
92 154
92 94
93 155
93 90
93 91
93 156
93 94
93 95
94 156
94 88
94 154
94 91
94 92
94 93
95 96
95 153
95 89
95 90
95 155
95 93
96 153
96 84
96 85
96 89
96 95
97 98
97 99
97 101
97 102
97 44
97 56
98 97
98 99
98 100
98 44
98 117
98 184
99 97
99 98
99 102
99 104
99 52
99 53
99 184
100 98
100 35
100 44
100 46
100 117
100 24
100 186
101 97
101 102
101 103
101 105
101 108
101 56
101 57
102 97
102 99
102 101
102 103
102 51
102 52
103 101
103 102
103 108
103 51
103 58
104 99
104 53
104 182
104 184
104 187
105 101
105 106
105 107
105 108
105 57
105 60
106 105
106 107
106 60
106 63
107 105
107 106
107 108
107 58
107 61
107 63
108 101
108 103
108 105
108 107
108 58
109 110
109 111
109 112
109 113
109 79
109 114
110 109
110 79
110 114
110 115
110 116
110 21
110 117
111 132
111 109
111 79
111 112
111 144
111 18
111 83
112 129
112 131
112 132
112 109
112 111
112 113
113 129
113 109
113 112
113 114
113 123
113 124
114 109
114 110
114 113
114 115
114 123
115 110
115 114
115 19
115 20
115 21
115 123
116 110
116 119
116 21
116 118
116 117
116 120
116 31
117 98
117 35
117 100
117 110
117 79
117 180
117 116
117 182
117 120
117 184
118 32
118 116
118 119
118 121
118 122
118 31
119 116
119 118
119 120
119 121
119 27
119 28
120 35
120 116
120 117
120 119
120 28
121 40
121 41
121 118
121 119
121 122
121 27
121 125
121 126
122 32
122 34
122 118
122 121
122 125
123 113
123 114
123 115
123 19
123 124
124 129
124 130
124 143
124 113
124 19
124 123
125 34
125 121
125 122
125 126
125 127
126 128
126 41
126 121
126 125
126 127
127 128
127 34
127 38
127 43
127 125
127 126
128 41
128 42
128 43
128 126
128 127
129 130
129 131
129 134
129 135
129 138
129 112
129 113
129 124
130 129
130 138
130 143
130 146
130 147
130 124
131 129
131 132
131 133
131 134
131 140
131 112
132 131
132 133
132 111
132 112
132 144
132 145
133 131
133 132
133 140
133 145
133 148
134 129
134 131
134 135
134 136
134 140
135 129
135 134
135 136
135 137
135 138
136 134
136 135
136 137
136 140
136 141
136 142
137 135
137 136
137 138
137 139
137 142
138 129
138 130
138 135
138 137
138 139
138 147
139 137
139 138
139 142
139 147
139 150
140 131
140 133
140 134
140 136
140 141
140 148
140 149
141 136
141 140
141 149
141 142
142 136
142 137
142 139
142 141
142 149
142 150
143 130
143 144
143 145
143 146
143 19
143 124
144 132
144 143
144 111
144 145
144 18
144 19
145 132
145 133
145 143
145 144
145 146
145 147
145 148
146 145
146 130
146 147
146 143
147 130
147 138
147 139
147 145
147 146
147 148
147 149
147 150
148 133
148 140
148 145
148 147
148 149
149 140
149 141
149 142
149 147
149 148
149 150
150 147
150 139
150 149
150 142
151 12
151 14
151 87
151 152
151 153
151 154
152 153
152 85
152 14
152 151
153 96
153 85
153 151
153 152
153 154
153 155
153 95
154 156
154 87
154 151
154 153
154 155
154 92
154 94
155 153
155 154
155 156
155 93
155 95
156 154
156 155
156 93
156 94
157 5
157 6
157 8
157 171
157 173
157 158
158 162
158 163
158 5
158 173
158 157
158 159
159 160
159 161
159 162
159 5
159 158
160 161
160 164
160 4
160 5
160 159
161 160
161 162
161 164
161 166
161 167
161 168
161 169
161 159
162 161
162 163
162 165
162 166
162 158
162 159
163 162
163 165
163 173
163 176
163 158
164 160
164 161
164 3
164 4
164 167
164 172
164 174
165 162
165 163
165 166
165 170
165 176
165 178
166 161
166 162
166 165
166 169
166 170
167 161
167 164
167 168
167 174
167 175
168 161
168 167
168 169
168 170
168 175
168 177
169 168
169 161
169 170
169 166
170 165
170 166
170 168
170 169
170 177
170 178
171 8
171 172
171 76
171 173
171 157
172 3
172 164
172 72
172 171
172 76
172 173
172 174
173 163
173 171
173 172
173 174
173 175
173 176
173 157
173 158
174 164
174 167
174 172
174 173
174 175
175 167
175 168
175 173
175 174
175 176
175 177
176 163
176 165
176 173
176 175
176 177
176 178
177 168
177 170
177 175
177 176
177 178
178 176
178 177
178 170
178 165
179 67
179 68
179 183
179 185
179 187
180 74
180 79
180 117
180 181
180 182
180 183
181 73
181 74
181 75
181 180
181 183
181 185
182 104
182 180
182 117
182 183
182 184
182 187
183 179
183 180
183 181
183 182
183 185
183 187
184 98
184 99
184 104
184 117
184 182
185 68
185 71
185 75
185 179
185 181
185 183
186 65
186 100
186 70
186 46
186 20
186 24
187 66
187 67
187 69
187 104
187 50
187 179
187 53
187 182
187 183
