  0.377634   0.177464  -0.040698
  0.299742   0.155603   0.081599
  0.070551   0.197501   0.085457
  0.038798   0.213499  -0.012703
  0.045318   0.220203  -0.135424
  0.105964   0.189364  -0.190097
  0.237429   0.138113   0.179437
 -0.064721   0.206689   0.169753
 -0.119315   0.236398   0.006755
 -0.095090   0.229340  -0.185850
  0.000811   0.204195  -0.319291
  0.195754   0.094094   0.344978
 -0.191440   0.212367   0.248237
 -0.273043   0.243744   0.025503
 -0.227371   0.230191  -0.233058
 -0.080559   0.203576  -0.416771
  0.126266   0.055001   0.473081
 -0.272115   0.191106   0.295827
 -0.369455   0.221183   0.036643
 -0.317356   0.232405  -0.265186
 -0.131556   0.176246  -0.473092
