0 189
4 5
4 9
5 4
7 188
8 185
9 4
10 20
12 15
14 134
15 12
15 19
16 40
16 83
19 15
20 10
21 23
21 25
22 27
22 28
23 21
23 26
25 21
25 26
26 23
26 25
26 90
27 22
27 29
28 22
29 27
29 91
30 91
32 35
33 82
34 37
35 32
36 122
36 123
37 34
40 16
40 83
44 47
47 44
48 53
49 52
51 53
52 49
53 48
53 51
54 140
56 154
59 60
60 59
61 62
62 61
64 67
66 68
67 64
68 66
69 98
70 72
72 70
74 78
78 74
81 84
82 33
82 85
83 16
83 40
84 81
84 85
85 82
85 84
88 91
90 26
91 29
91 30
91 88
93 97
94 96
96 94
97 93
98 69
103 190
104 107
104 118
106 181
107 104
110 115
111 119
111 126
115 110
118 104
119 111
119 126
120 121
121 120
122 36
122 123
122 132
123 36
123 122
126 111
126 119
131 170
132 122
134 14
140 54
140 151
141 150
142 177
143 149
144 148
148 144
148 149
148 176
149 143
149 148
150 141
151 140
152 155
153 156
154 56
155 152
156 153
156 160
160 156
164 179
167 180
170 131
176 148
177 142
179 164
180 167
181 106
185 8
188 7
189 0
190 103
