-0.118566 0.257094 -0.291635 -0.421748 0.700260 -0.575990
-0.122069 0.188618 -0.308467 -0.608557 -0.157075 -0.777808
-0.152009 0.188954 -0.295637 -0.305872 0.039452 -0.951255
-0.087505 0.191000 -0.346518 -0.741530 -0.172558 -0.648350
-0.069053 0.246834 -0.348193 -0.564511 0.640441 -0.520734
-0.021561 0.261399 -0.304328 0.211946 0.965583 0.150758
-0.075102 0.269706 -0.247940 0.372990 0.916400 0.145221
-0.142431 0.262716 -0.271627 -0.128123 0.788526 -0.601508
-0.028956 0.214226 -0.238733 0.885785 0.109878 0.450902
-0.106669 0.279037 -0.202929 0.122346 0.973708 -0.192157
-0.018339 0.218770 -0.217809 0.058931 0.089599 -0.994233
0.046131 0.229332 -0.243507 -0.370646 -0.081841 -0.925161
-0.042225 0.278700 -0.184025 -0.131666 0.790975 -0.597514
0.063445 0.278372 -0.229373 -0.217661 0.843416 -0.491197
-0.023684 0.281117 -0.119265 0.194804 0.940475 0.278493
0.086292 0.283568 -0.163386 0.086014 0.916789 0.389999
0.084953 0.234597 -0.130638 0.309284 0.004854 0.950957
0.009904 0.228113 -0.102147 0.465500 -0.088707 0.880591
-0.079581 0.295123 -0.081087 0.116701 0.992003 -0.048077
-0.027554 0.294855 0.023919 -0.006407 0.894374 0.447274
-0.018373 0.294203 -0.049736 0.151656 0.820113 -0.551738
-0.091346 0.284216 0.052622 0.073489 0.976348 0.203334
-0.014686 0.228408 0.056710 0.668180 0.245827 0.702214
-0.006395 0.226391 0.069403 0.680321 0.271542 -0.680755
-0.066896 0.247840 0.151937 -0.286874 0.711704 0.641233
-0.040516 0.268777 0.093797 0.244360 0.945534 -0.215066
0.064383 0.264242 0.161753 0.004029 0.999553 -0.029611
0.034934 0.248160 0.212421 -0.438434 0.588359 0.679418
0.012351 0.188417 0.215610 -0.492829 -0.334365 0.803318
-0.070958 0.184180 0.166203 -0.393097 -0.439452 0.807686
0.111606 0.252784 0.261098 -0.378761 0.763704 0.522777
0.141439 0.270359 0.207208 0.030619 0.978445 -0.204226
0.074429 0.224563 0.119257 0.466860 0.351865 -0.811316
0.181600 0.235892 0.176348 0.421132 0.307931 -0.853127
0.217396 0.277315 0.247987 0.102496 0.973848 -0.202766
0.240609 0.238228 0.207912 0.552040 0.278490 -0.785936
-0.119512 0.256237 0.130996 -0.011931 0.656225 0.754471
0.182372 0.254246 0.308842 -0.332279 0.683592 0.649840
0.268358 0.271032 0.280573 0.463490 0.883541 0.067318
0.285493 0.230488 0.251747 0.896887 0.252309 -0.363227
0.239757 0.253275 0.332814 0.251128 0.493797 0.832526
0.116555 0.189129 0.283033 -0.538188 -0.143086 0.830590
0.174375 0.188720 0.319166 -0.310251 -0.489138 0.815162
0.242054 0.197023 0.332405 0.065763 -0.196638 0.978268
0.285715 0.213289 0.301962 0.884766 -0.026463 0.465284
-0.220668 0.153640 0.216095 0.819938 0.553633 0.145571
-0.177549 0.169475 0.167222 0.375484 0.265658 0.887940
-0.301403 0.211507 0.206982 -0.028355 0.843852 0.535826
-0.345055 0.154292 0.261103 -0.865221 0.270712 0.422028
-0.281506 0.200160 0.248311 -0.080544 0.954288 0.287831
-0.308070 0.127473 0.359105 -0.693377 0.551994 0.463175
-0.239820 0.172723 0.348764 0.217413 0.956287 0.195568
-0.293765 0.054048 0.353231 -0.789358 -0.602217 0.119370
-0.339932 0.083813 0.238303 -0.710130 -0.682087 0.174565
-0.362292 0.163273 0.222502 -0.925871 0.259524 0.274610
-0.204731 0.143623 0.427828 -0.089351 0.940739 0.327150
-0.278587 0.092896 0.431647 -0.867761 0.234515 0.438170
-0.176957 0.127605 0.330713 0.825229 0.525707 -0.206467
-0.144068 0.114741 0.410915 0.853766 0.511644 -0.096461
-0.271515 0.030792 0.423877 -0.671240 -0.729496 0.131422
-0.196470 0.126450 0.481032 0.166501 0.740080 0.651582
-0.149123 0.096131 0.467192 0.867197 0.219621 0.446918
-0.242599 0.037697 0.477473 -0.570026 -0.504260 0.648685
-0.258319 0.085841 0.484532 -0.569876 0.440599 0.693624
-0.191743 0.064329 0.500000 0.213001 -0.182417 0.959872
-0.337340 0.283350 -0.057707 -0.300056 0.953799 -0.015313
-0.340788 0.262008 -0.178931 -0.577173 0.576040 -0.578835
-0.393182 0.239920 -0.114641 -0.909255 0.261749 -0.323640
-0.391720 0.255640 -0.049549 -0.871606 0.490200 0.002558
-0.390212 0.244524 0.015496 -0.851184 0.476821 0.219379
-0.219437 0.304667 -0.066501 -0.044490 0.998577 0.029414
-0.251273 0.282485 -0.234390 -0.207934 0.872561 -0.442041
-0.333900 0.261663 0.070806 -0.323266 0.904653 0.277672
-0.093584 0.141773 -0.287892 -0.163646 -0.894254 -0.416570
-0.049096 0.156099 -0.252799 0.556976 -0.812372 0.172714
-0.050294 0.150298 -0.209327 0.430362 -0.869803 -0.241311
-0.138297 0.139710 -0.279137 0.029157 -0.898991 -0.436995
-0.034225 0.213915 -0.225115 0.793004 0.371264 -0.483019
-0.009635 0.169658 -0.186770 0.190422 -0.890929 -0.412292
0.054852 0.181043 -0.211074 -0.180005 -0.833024 -0.523135
0.072797 0.181857 -0.156681 0.198537 -0.893506 0.402777
0.007479 0.171691 -0.127083 0.551211 -0.719633 0.422251
-0.017158 0.158035 -0.089454 0.450498 -0.891964 -0.038112
-0.000760 0.223970 -0.085127 0.878985 0.474652 -0.045735
0.196706 0.184769 -0.191744 0.167103 -0.780800 0.602020
0.208884 0.241267 -0.165530 0.271656 0.234901 0.933287
0.175603 0.179777 -0.256994 -0.133754 -0.941857 -0.308247
0.166068 0.225475 -0.295748 -0.372270 -0.110161 -0.921564
0.229766 0.175118 -0.280117 -0.031013 -0.947875 -0.317129
0.254458 0.182032 -0.205503 0.305494 -0.757209 0.577328
0.314925 0.188387 -0.239880 0.564984 -0.797265 0.212512
0.296375 0.183336 -0.294013 0.444962 -0.717758 -0.535566
0.222861 0.225662 -0.315585 -0.210175 -0.241888 -0.947268
0.331029 0.237278 -0.279290 0.934982 0.121041 -0.333403
0.289636 0.230509 -0.317341 0.157654 -0.094971 -0.982917
0.321361 0.241527 -0.224181 0.725777 0.107372 0.679499
0.265536 0.243181 -0.183449 0.415842 -0.003589 0.909430
-0.230033 0.102998 0.207519 0.874894 -0.461482 -0.146955
-0.181036 0.114481 0.136119 0.533539 -0.733481 0.421120
-0.270867 0.063651 0.213265 0.093546 -0.966441 -0.239253
-0.273224 0.060748 0.166344 0.159348 -0.978017 0.134502
-0.181850 0.074047 0.317132 0.744007 -0.481256 -0.463515
-0.235280 0.032309 0.325449 -0.040769 -0.951349 -0.305405
-0.353947 0.085240 0.205026 -0.882792 -0.453605 0.122146
-0.350204 0.060561 0.073231 -0.572706 -0.817970 -0.054161
-0.144030 0.050229 0.392915 0.840859 -0.474169 -0.260996
-0.143808 0.041951 0.451242 0.787580 -0.458826 0.411335
-0.195874 0.007071 0.457363 0.175950 -0.918320 0.354585
-0.214104 0.000000 0.402416 0.198667 -0.937407 -0.286007
0.012786 0.223318 -0.075290 0.262382 0.047349 -0.963802
0.014184 0.170268 -0.047665 0.369238 -0.888718 -0.271741
0.099454 0.184624 -0.035726 0.096626 -0.910166 -0.402817
0.091607 0.184347 0.028573 0.009327 -0.875975 0.482267
0.006865 0.168861 0.011400 0.312147 -0.770258 0.556117
-0.027383 0.150699 0.039809 0.591267 -0.806292 0.017235
-0.015453 0.151104 0.082608 0.515908 -0.678365 -0.523125
0.064830 0.163661 0.128553 0.403715 -0.629820 -0.663582
0.037171 0.145737 0.172090 -0.099701 -0.963365 0.248973
-0.042831 0.137801 0.123946 -0.095388 -0.908283 0.407336
-0.087446 0.127017 0.096065 0.355878 -0.930171 0.090184
0.143025 0.143789 0.237557 -0.108877 -0.983182 0.146622
0.173408 0.173567 0.182260 0.394341 -0.533080 -0.748546
0.000246 0.224605 0.045078 -0.018188 -0.212931 0.976898
0.084715 0.234094 0.056437 -0.157145 -0.053223 0.986140
-0.121349 0.182548 0.147982 -0.067574 -0.265628 0.961705
0.223172 0.173503 0.202818 0.388546 -0.681832 -0.619788
0.186412 0.140993 0.263801 0.087184 -0.994402 0.059696
0.281742 0.177697 0.248788 0.699921 -0.583421 -0.411984
0.256466 0.156402 0.296174 0.306552 -0.819251 0.484616
0.227575 0.190374 0.056364 -0.092921 -0.875613 0.473991
0.222008 0.245376 0.086700 -0.191817 0.153769 0.969310
0.238708 0.183128 -0.025189 0.042548 -0.794452 -0.605835
0.099412 0.237111 -0.063359 0.083656 -0.028111 -0.996098
0.239902 0.239123 -0.053645 0.072626 0.087363 -0.993526
0.303523 0.181184 -0.017909 0.132241 -0.941949 -0.308616
0.292113 0.184905 0.068598 0.074557 -0.914353 0.397994
0.373257 0.199717 0.002901 0.562368 -0.765943 -0.311566
0.366808 0.201899 0.069037 0.497478 -0.623695 0.602926
0.293485 0.244558 0.099078 -0.024961 -0.115875 0.992950
0.363095 0.250986 0.086892 0.391029 0.203680 0.897558
0.315356 0.243735 -0.048006 0.255483 -0.066961 -0.964492
0.376803 0.250423 -0.018245 0.728829 0.033827 -0.683860
0.395336 0.254775 0.037780 0.990358 0.061823 0.123974
0.107821 0.295763 0.034046 -0.106567 0.845614 0.523049
0.117663 0.294731 -0.033791 0.036183 0.865203 -0.500115
0.219416 0.297016 -0.027047 0.003889 0.889935 -0.456070
0.208893 0.299266 0.053722 -0.104756 0.904649 0.413082
0.293809 0.303354 0.064587 -0.036737 0.899875 0.434599
0.304665 0.302037 -0.017312 0.066446 0.822407 -0.565005
0.368334 0.300532 0.002641 0.427756 0.817072 -0.386546
0.359672 0.301815 0.064169 0.478965 0.743349 0.466930
0.184618 0.290874 -0.193696 0.055672 0.940609 0.334896
0.159099 0.280951 -0.268711 -0.172214 0.921104 -0.349155
0.253103 0.293563 -0.219190 0.166893 0.918281 0.359037
0.229186 0.283014 -0.293825 -0.164705 0.757123 -0.632169
0.300215 0.291449 -0.244505 0.474083 0.879762 0.035565
0.280246 0.284305 -0.303101 0.392712 0.676474 -0.623025
-0.001800 0.213071 -0.274585 0.739032 0.063587 0.670663
0.067661 0.216843 -0.344387 0.690136 0.262911 0.674233
0.031012 0.261412 -0.357766 0.107316 0.986583 0.123037
-0.018859 0.246902 -0.405783 -0.397529 0.847725 -0.351188
0.042423 0.249750 -0.469894 -0.377709 0.803311 -0.460464
0.094582 0.261983 -0.421520 0.397435 0.876288 0.272334
0.118196 0.217832 -0.398946 0.797678 -0.026672 0.602493
-0.023189 0.195160 -0.428208 -0.749773 -0.127527 -0.649290
0.133797 0.215842 -0.444622 0.978176 0.069603 0.195774
0.119863 0.255768 -0.453710 0.476633 0.823736 -0.307050
0.026298 0.195608 -0.481752 -0.611138 -0.257535 -0.748456
0.074851 0.200003 -0.500000 -0.191304 -0.136243 -0.972029
0.077869 0.247094 -0.490985 0.125611 0.571661 -0.810818
0.117459 0.209261 -0.486816 0.670979 0.050734 -0.739738
-0.058917 0.146679 -0.327997 -0.250600 -0.938777 -0.236426
-0.020099 0.152276 -0.294461 0.532568 -0.712980 0.456104
0.047120 0.156150 -0.362080 0.459866 -0.771395 0.439855
0.003775 0.147562 -0.402522 -0.367497 -0.875866 -0.312737
0.045347 0.146117 -0.454784 -0.115418 -0.940477 -0.319658
0.097280 0.157429 -0.405386 0.561142 -0.776375 0.286987
0.092148 0.162698 -0.484246 0.299437 -0.805196 -0.511856
0.127595 0.171772 -0.451770 0.827517 -0.543480 -0.140874
-0.243063 0.181904 -0.267279 -0.414610 0.047698 -0.908748
-0.335153 0.167067 -0.222958 -0.807908 -0.055823 -0.586658
-0.188078 0.084772 -0.208585 0.287387 -0.949103 -0.128889
-0.217928 0.120435 -0.252292 -0.043721 -0.675392 -0.736162
-0.290475 0.059222 -0.121188 -0.134364 -0.982835 -0.126420
-0.325456 0.106757 -0.207571 -0.584789 -0.655316 -0.478103
-0.240395 0.057032 0.046697 0.264250 -0.963639 0.039647
-0.222561 0.273244 0.111994 -0.010048 0.902473 0.430630
-0.395336 0.180164 -0.045175 -0.944736 -0.320331 -0.069731
