0 1
0 2
0 3
0 4
0 5
0 6
0 7
1 0
1 73
1 2
1 3
2 0
2 1
2 71
2 7
2 73
2 76
2 179
2 182
3 0
3 1
3 164
3 4
3 73
3 171
4 0
4 160
4 3
4 164
4 5
5 0
5 160
5 4
5 6
5 157
5 158
5 159
6 0
6 5
6 7
6 8
6 9
6 157
7 0
7 2
7 6
7 71
7 9
8 6
8 9
8 74
8 75
8 172
8 77
8 157
9 6
9 7
9 8
9 71
9 10
9 70
9 12
9 77
9 14
9 18
10 9
10 11
10 12
10 77
10 78
10 75
11 10
11 12
11 13
11 78
11 79
11 87
12 9
12 10
12 11
12 13
12 14
13 11
13 12
13 14
13 15
13 87
13 152
14 9
14 12
14 13
14 15
14 16
14 17
14 18
14 83
15 13
15 14
15 16
15 85
15 151
15 152
16 14
16 15
16 80
16 17
16 84
16 85
17 14
17 16
17 81
17 80
17 83
18 70
18 9
18 14
18 19
18 83
18 20
18 21
19 143
19 144
19 18
19 20
19 21
19 22
19 122
19 123
20 109
20 144
20 18
20 83
20 19
21 36
21 70
21 18
21 19
21 22
21 23
21 24
21 25
21 186
22 113
22 114
22 19
22 21
22 23
22 122
23 32
23 114
23 115
23 21
23 22
23 25
24 36
24 124
24 21
24 25
24 26
24 27
24 28
24 29
25 32
25 21
25 23
25 24
25 26
26 32
26 24
26 25
26 27
26 30
26 31
27 41
27 24
27 26
27 28
27 30
28 41
28 117
28 24
28 27
28 120
28 29
29 28
29 117
29 118
29 24
29 124
30 37
30 41
30 26
30 27
30 31
31 32
31 33
31 34
31 37
31 26
31 30
32 33
32 115
32 116
32 23
32 25
32 26
32 31
33 32
33 34
33 35
33 116
33 121
33 31
34 33
34 35
34 37
34 38
34 31
35 33
35 34
35 38
35 39
35 121
35 125
35 127
36 46
36 21
36 24
36 186
36 124
37 34
37 38
37 40
37 41
37 42
37 43
37 30
37 31
38 34
38 35
38 37
38 39
38 40
38 44
39 35
39 44
39 38
39 127
40 43
40 44
40 37
40 38
41 37
41 42
41 120
41 27
41 28
41 30
42 128
42 37
42 41
42 43
42 120
42 126
43 128
43 37
43 40
43 42
43 44
44 128
44 38
44 39
44 40
44 43
44 127
45 97
45 98
45 46
45 47
45 49
45 51
45 57
46 98
46 36
46 45
46 47
46 119
46 186
46 124
47 72
47 45
47 46
47 48
47 49
47 54
47 186
48 47
48 49
48 50
48 52
48 53
48 54
49 45
49 47
49 48
49 50
49 51
50 48
50 49
50 51
50 52
50 55
50 56
51 45
51 49
51 50
51 55
51 57
52 99
52 102
52 48
52 50
52 53
52 56
52 59
53 99
53 100
53 103
53 48
53 52
53 54
54 69
54 103
54 72
54 47
54 48
54 53
54 187
55 50
55 51
55 56
55 57
55 58
55 60
55 63
56 50
56 52
56 55
56 59
56 62
56 63
57 97
57 101
57 45
57 51
57 55
57 58
58 101
58 105
58 55
58 57
58 60
58 61
59 102
59 107
59 108
59 52
59 56
59 62
60 64
60 55
60 58
60 61
60 63
61 64
61 105
61 106
61 58
61 60
62 64
62 107
62 56
62 59
62 63
63 64
63 55
63 56
63 60
63 62
64 106
64 107
64 60
64 61
64 62
64 63
65 66
65 67
65 68
65 69
65 70
65 71
65 72
66 65
66 67
66 71
66 179
66 180
67 65
67 66
67 68
67 180
67 187
68 65
68 187
68 67
68 69
69 65
69 68
69 72
69 54
69 187
70 65
70 71
70 72
70 9
70 18
70 21
70 186
71 65
71 2
71 66
71 70
71 7
71 9
71 179
72 65
72 69
72 70
72 47
72 54
72 186
73 1
73 2
73 3
73 74
73 75
73 76
73 171
74 8
74 73
74 75
74 172
74 171
75 8
75 73
75 74
75 10
75 76
75 77
75 78
75 82
75 181
75 182
76 73
76 2
76 75
76 182
77 8
77 9
77 10
77 75
78 10
78 11
78 75
78 79
78 80
78 81
78 82
79 11
79 78
79 80
79 86
79 87
80 78
80 79
80 16
80 81
80 17
80 84
80 86
81 78
81 80
81 17
81 82
81 83
82 75
82 109
82 110
82 78
82 81
82 114
82 83
82 181
82 119
83 109
83 14
83 81
83 18
83 17
83 20
83 82
84 96
84 16
84 80
84 85
84 86
84 88
84 89
85 96
85 15
85 16
85 84
85 151
85 153
86 79
86 80
86 84
86 87
86 88
86 92
87 11
87 13
87 79
87 86
87 152
87 154
87 92
88 84
88 86
88 89
88 90
88 91
88 92
88 94
89 96
89 84
89 88
89 90
89 95
90 88
90 89
90 91
90 93
90 95
91 88
91 90
91 93
91 94
92 86
92 87
92 88
92 154
92 94
93 155
93 90
93 91
93 156
93 94
93 95
94 156
94 88
94 154
94 91
94 92
94 93
95 96
95 153
95 89
95 90
95 155
95 93
96 153
96 84
96 85
96 89
96 95
97 98
97 99
97 100
97 101
97 45
97 57
98 97
98 100
98 45
98 46
98 119
98 185
99 97
99 100
99 101
99 102
99 52
99 53
100 97
100 98
100 99
100 103
100 104
100 53
100 185
101 97
101 99
101 102
101 105
101 108
101 57
101 58
102 99
102 101
102 108
102 52
102 59
103 100
103 104
103 53
103 54
103 187
104 100
104 103
104 183
104 185
104 187
105 101
105 106
105 107
105 108
105 58
105 61
106 64
106 105
106 107
106 61
107 64
107 105
107 106
107 108
107 59
107 62
108 101
108 102
108 105
108 107
108 59
109 132
109 110
109 111
109 144
109 82
109 83
109 20
110 109
110 111
110 112
110 113
110 82
110 114
111 129
111 131
111 132
111 109
111 110
111 112
112 129
112 110
112 111
112 113
112 122
112 123
113 110
113 112
113 114
113 22
113 122
114 110
114 113
114 82
114 115
114 119
114 22
114 23
115 32
115 114
115 116
115 117
115 118
115 23
115 119
116 32
116 33
116 115
116 117
116 120
116 121
117 115
117 116
117 118
117 120
117 28
117 29
118 115
118 117
118 119
118 124
118 29
119 98
119 46
119 82
119 115
119 114
119 181
119 118
119 183
119 185
119 124
120 41
120 42
120 116
120 117
120 121
120 28
120 125
120 126
121 33
121 35
121 116
121 120
121 125
122 112
122 113
122 19
122 22
122 123
123 129
123 130
123 143
123 112
123 19
123 122
124 36
124 46
124 118
124 119
124 24
124 29
125 35
125 120
125 121
125 126
125 127
126 128
126 42
126 120
126 125
126 127
127 128
127 35
127 39
127 44
127 125
127 126
128 42
128 43
128 44
128 126
128 127
129 130
129 131
129 134
129 135
129 138
129 111
129 112
129 123
130 129
130 138
130 143
130 146
130 147
130 123
131 129
131 132
131 133
131 134
131 140
131 111
132 131
132 133
132 109
132 111
132 144
132 145
133 131
133 132
133 140
133 145
133 148
134 129
134 131
134 135
134 136
134 140
135 129
135 134
135 136
135 137
135 138
136 134
136 135
136 137
136 140
136 141
136 142
137 135
137 136
137 138
137 139
137 142
138 129
138 130
138 135
138 137
138 139
138 147
139 137
139 138
139 142
139 147
139 150
140 131
140 133
140 134
140 136
140 141
140 148
140 149
141 136
141 140
141 149
141 142
142 136
142 137
142 139
142 141
142 149
142 150
143 130
143 144
143 145
143 146
143 19
143 123
144 132
144 109
144 143
144 145
144 19
144 20
145 132
145 133
145 143
145 144
145 146
145 147
145 148
146 145
146 130
146 147
146 143
147 130
147 138
147 139
147 145
147 146
147 148
147 149
147 150
148 133
148 140
148 145
148 147
148 149
149 140
149 141
149 142
149 147
149 148
149 150
150 147
150 139
150 149
150 142
151 152
151 153
151 85
151 15
152 13
152 15
152 87
152 151
152 153
152 154
153 96
153 85
153 151
153 152
153 154
153 155
153 95
154 156
154 87
154 152
154 153
154 155
154 92
154 94
155 153
155 154
155 156
155 93
155 95
156 154
156 155
156 93
156 94
157 5
157 6
157 8
157 172
157 173
157 158
158 162
158 163
158 5
158 173
158 157
158 159
159 160
159 161
159 162
159 5
159 158
160 161
160 164
160 4
160 5
160 159
161 160
161 162
161 164
161 166
161 167
161 168
161 169
161 159
162 161
162 163
162 165
162 166
162 158
162 159
163 162
163 165
163 173
163 176
163 158
164 160
164 161
164 3
164 4
164 167
164 171
164 174
165 162
165 163
165 166
165 170
165 176
165 178
166 161
166 162
166 165
166 169
166 170
167 161
167 164
167 168
167 174
167 175
168 161
168 167
168 169
168 170
168 175
168 177
169 168
169 161
169 170
169 166
170 165
170 166
170 168
170 169
170 177
170 178
171 3
171 164
171 73
171 74
171 172
171 173
171 174
172 8
172 74
172 171
172 173
172 157
173 163
173 171
173 172
173 174
173 175
173 176
173 157
173 158
174 164
174 167
174 171
174 173
174 175
175 167
175 168
175 173
175 174
175 176
175 177
176 163
176 165
176 173
176 175
176 177
176 178
177 168
177 170
177 175
177 176
177 178
178 176
178 177
178 170
178 165
179 2
179 66
179 71
179 180
179 182
179 184
180 66
180 67
180 179
180 184
180 187
181 75
181 82
181 119
181 182
181 183
181 184
182 2
182 75
182 76
182 179
182 181
182 184
183 104
183 181
183 119
183 184
183 185
183 187
184 179
184 180
184 181
184 182
184 183
184 187
185 98
185 100
185 104
185 119
185 183
186 36
186 70
186 72
186 46
186 47
186 21
187 67
187 68
187 69
187 103
187 104
187 180
187 54
187 183
187 184
