6 8
8 6
14 16
15 19
16 14
16 18
18 16
18 21
19 15
20 21
21 18
21 20
34 36
35 39
36 34
36 37
37 36
37 38
38 37
39 35
40 41
41 40
47 50
50 47
52 54
54 52
56 58
58 56
58 59
58 64
58 139
59 58
59 61
59 64
60 61
61 59
61 60
61 62
62 61
62 63
62 64
63 62
63 141
64 58
64 59
64 62
64 139
65 68
68 65
69 83
83 69
84 93
84 171
86 89
89 86
93 84
93 95
95 93
95 143
96 99
97 98
98 97
98 101
99 96
100 101
101 98
101 100
102 103
103 102
110 112
112 110
114 115
115 114
115 116
116 115
117 118
118 117
119 120
120 119
127 128
128 127
131 132
132 131
134 135
135 134
138 139
139 58
139 64
139 138
139 140
140 139
140 141
141 63
141 140
142 146
142 153
143 95
144 147
145 148
146 142
147 144
148 145
150 151
151 150
153 142
153 154
154 153
154 157
156 157
156 170
157 154
157 156
159 160
160 159
161 162
162 161
170 156
171 84
