 -0.377634   0.177474  -0.033691
 -0.301107   0.158621   0.092014
 -0.072910   0.195170   0.084270
 -0.037049   0.216101  -0.014385
 -0.049025   0.208429  -0.129574
 -0.112126   0.191337  -0.188697
 -0.239885   0.143538   0.192578
  0.063842   0.205401   0.170679
  0.122392   0.239149   0.004990
  0.090667   0.227863  -0.185297
 -0.013692   0.201261  -0.309828
 -0.193295   0.093102   0.355450
  0.187631   0.212471   0.248566
  0.272769   0.243476   0.022833
  0.223195   0.232205  -0.237684
  0.070642   0.203636  -0.412650
 -0.129768   0.080988   0.472644
  0.271593   0.192885   0.298932
  0.372146   0.226389   0.033903
  0.311749   0.218853  -0.272176
  0.130837   0.203547  -0.485756
