0 1
0 2
0 3
0 103
0 7
0 191
1 0
1 2
1 3
1 104
1 14
1 121
2 0
2 1
2 4
2 5
2 6
2 7
2 14
3 0
3 1
3 96
3 98
3 103
3 104
3 181
4 2
4 5
4 9
4 10
4 14
5 2
5 4
5 6
5 9
5 79
5 80
5 81
6 2
6 5
6 7
6 8
6 79
6 57
7 0
7 2
7 6
7 8
7 191
8 57
8 191
8 6
8 7
9 4
9 5
9 10
9 11
9 81
9 20
10 4
10 9
10 11
10 12
10 13
10 14
11 9
11 10
11 12
11 17
11 20
12 10
12 11
12 13
12 16
12 17
12 18
13 10
13 12
13 14
13 15
13 16
13 83
14 1
14 2
14 4
14 134
14 40
14 10
14 13
14 83
14 121
15 13
15 16
15 82
15 83
15 85
16 12
16 13
16 15
16 18
16 19
16 85
17 11
17 12
17 18
17 20
17 21
17 22
17 24
17 27
18 12
18 16
18 17
18 19
18 21
18 23
19 16
19 18
19 85
19 86
19 23
19 89
20 9
20 11
20 17
20 81
20 84
20 24
21 17
21 18
21 22
21 23
21 25
21 28
22 17
22 27
22 28
22 21
23 89
23 18
23 19
23 21
23 25
23 26
24 17
24 20
24 84
24 87
24 27
25 21
25 23
25 26
25 28
25 30
26 23
26 30
26 89
26 90
26 25
27 17
27 22
27 87
27 24
27 88
27 28
27 29
28 21
28 22
28 25
28 27
28 29
28 30
29 27
29 88
29 91
29 28
29 30
30 90
30 25
30 26
30 91
30 28
30 29
31 32
31 33
31 79
31 80
31 55
31 56
31 57
32 33
32 36
32 39
32 40
32 80
32 81
32 82
32 83
32 31
33 32
33 160
33 35
33 36
33 169
33 55
33 122
33 156
33 31
34 35
34 36
34 37
34 38
34 42
34 43
35 33
35 34
35 132
35 36
35 37
35 133
35 122
36 32
36 33
36 34
36 35
36 38
36 39
37 34
37 35
37 133
37 136
37 42
38 34
38 36
38 39
38 40
38 41
38 43
38 44
38 45
39 40
39 32
39 36
39 38
40 32
40 38
40 39
40 134
40 41
40 135
40 14
40 83
41 38
41 135
41 40
41 137
41 45
42 34
42 37
42 136
42 43
42 46
42 54
43 34
43 38
43 42
43 44
43 46
44 38
44 43
44 45
44 46
44 47
44 50
45 38
45 41
45 137
45 44
45 50
46 42
46 43
46 44
46 47
46 48
46 53
46 54
47 44
47 46
47 48
47 49
47 50
48 46
48 47
48 49
48 51
48 53
49 47
49 48
49 50
49 51
49 52
50 137
50 44
50 45
50 141
50 47
50 49
50 52
50 150
51 48
51 49
51 52
51 53
51 150
51 151
52 49
52 50
52 51
52 150
53 46
53 48
53 51
53 54
53 151
54 136
54 42
54 140
54 46
54 53
54 151
55 33
55 154
55 109
55 182
55 56
55 58
55 156
55 61
55 31
56 55
56 57
56 58
56 31
56 191
57 6
57 8
57 79
57 56
57 31
57 191
58 55
58 56
58 60
58 61
58 191
59 66
59 68
59 69
59 60
59 61
59 62
59 63
60 67
60 58
60 59
60 61
60 62
60 191
61 98
61 68
61 182
61 55
61 58
61 59
61 60
62 64
62 67
62 59
62 60
62 63
63 64
63 65
63 66
63 70
63 75
63 59
63 62
64 65
64 67
64 63
64 62
64 95
65 64
65 75
65 77
65 92
65 63
65 95
66 59
66 69
66 70
66 63
67 64
67 191
67 97
67 60
67 62
67 95
68 98
68 69
68 59
68 61
68 94
69 66
69 99
69 68
69 70
69 71
69 59
69 93
69 94
70 66
70 69
70 71
70 72
70 73
70 75
70 63
71 99
71 69
71 70
71 72
71 78
72 70
72 71
72 73
72 74
72 78
73 70
73 72
73 74
73 75
73 76
74 101
74 102
74 72
74 73
74 76
74 78
75 65
75 70
75 73
75 76
75 77
75 63
76 100
76 102
76 73
76 74
76 75
76 77
77 65
77 100
77 75
77 76
77 92
78 99
78 101
78 71
78 72
78 74
79 5
79 6
79 80
79 57
79 31
80 32
80 5
80 79
80 81
80 31
81 32
81 5
81 9
81 80
81 82
81 84
81 20
82 32
82 15
82 81
82 83
82 84
82 85
83 32
83 40
83 13
83 14
83 15
83 82
84 81
84 82
84 20
84 85
84 86
84 87
84 24
85 15
85 16
85 82
85 19
85 84
85 86
86 19
86 84
86 85
86 87
86 89
87 27
87 84
87 86
87 24
87 89
87 88
88 27
88 87
88 89
88 90
88 91
88 29
89 26
89 19
89 23
89 86
89 87
89 88
89 90
90 88
90 89
90 26
90 91
90 30
91 88
91 90
91 29
91 30
92 65
92 99
92 100
92 77
92 93
92 94
92 95
93 99
93 92
93 69
93 94
94 96
94 98
94 68
94 69
94 92
94 93
94 95
95 96
95 97
95 65
95 64
95 67
95 92
95 94
96 97
96 98
96 3
96 103
96 94
96 95
97 96
97 67
97 103
97 95
97 191
98 96
98 3
98 68
98 181
98 182
98 61
98 94
99 100
99 69
99 101
99 71
99 78
99 92
99 93
100 99
100 101
100 102
100 76
100 77
100 92
101 99
101 100
101 102
101 74
101 78
102 74
102 100
102 101
102 76
103 96
103 0
103 97
103 3
103 191
104 1
104 3
104 106
104 111
104 181
104 118
104 119
104 120
104 121
105 106
105 107
105 108
105 110
105 112
106 104
106 105
106 107
106 110
106 111
106 181
107 105
107 106
107 108
107 109
107 181
107 182
108 105
108 107
108 109
108 112
108 153
108 154
108 159
109 107
109 108
109 182
109 55
109 154
110 105
110 106
110 111
110 112
110 113
110 114
110 115
111 104
111 106
111 110
111 115
111 119
111 155
112 105
112 108
112 110
112 113
112 178
112 159
113 110
113 112
113 114
113 178
113 116
113 117
114 161
114 110
114 113
114 115
114 116
114 152
114 157
115 110
115 111
115 114
115 152
115 155
116 161
116 164
116 113
116 114
116 117
117 164
117 113
117 178
117 179
117 116
118 104
118 119
118 120
118 124
118 126
119 160
119 104
119 111
119 118
119 155
119 156
119 126
120 104
120 118
120 121
120 122
120 123
120 124
120 125
121 1
121 132
121 134
121 104
121 14
121 120
121 122
122 33
122 35
122 132
122 169
122 120
122 121
122 123
123 131
123 169
123 120
123 122
123 125
124 128
124 129
124 118
124 120
124 125
124 126
124 127
125 128
125 131
125 146
125 120
125 123
125 124
126 160
126 118
126 119
126 124
126 127
127 160
127 129
127 130
127 171
127 172
127 124
127 126
128 129
128 138
128 145
128 146
128 124
128 125
129 128
129 130
129 138
129 139
129 124
129 127
130 129
130 139
130 172
130 175
130 127
131 169
131 170
131 173
131 146
131 123
131 125
132 35
132 133
132 134
132 121
132 122
133 35
133 132
133 37
133 134
133 135
133 136
134 132
134 133
134 135
134 40
134 14
134 121
135 133
135 134
135 40
135 137
135 136
135 41
136 37
136 133
136 135
136 137
136 42
136 140
136 54
137 135
137 136
137 41
137 140
137 141
137 45
137 50
138 128
138 129
138 139
138 142
138 143
138 144
138 145
139 129
139 130
139 138
139 142
139 175
139 177
140 136
140 137
140 141
140 150
140 54
140 151
141 137
141 50
141 140
141 150
142 138
142 139
142 143
142 177
142 149
143 144
143 138
143 149
143 142
144 138
144 143
144 145
144 148
144 149
145 128
145 138
145 144
145 146
145 147
145 148
146 128
146 131
146 173
146 145
146 147
146 125
147 173
147 174
147 145
147 146
147 148
148 174
148 144
148 145
148 176
148 147
148 149
149 142
149 143
149 144
149 176
149 177
149 148
150 140
150 141
150 50
150 51
150 52
150 151
151 140
151 51
151 53
151 150
151 54
152 114
152 115
152 153
152 154
152 155
152 157
153 108
153 152
153 154
153 157
153 158
153 159
154 108
154 109
154 55
154 152
154 153
154 155
154 156
155 111
155 115
155 119
155 152
155 154
155 156
156 160
156 33
156 119
156 55
156 154
156 155
157 161
157 114
157 152
157 153
157 158
158 161
158 162
158 168
158 153
158 157
158 159
159 168
159 108
159 112
159 178
159 153
159 158
160 33
160 169
160 171
160 119
160 156
160 126
160 127
161 162
161 163
161 164
161 114
161 116
161 157
161 158
162 161
162 163
162 166
162 168
162 158
163 161
163 162
163 164
163 165
163 166
164 161
164 163
164 165
164 179
164 116
164 117
165 163
165 164
165 166
165 167
165 179
165 180
166 162
166 163
166 165
166 167
166 168
167 165
167 166
167 168
167 178
167 180
168 162
168 166
168 167
168 178
168 158
168 159
169 160
169 33
169 131
169 170
169 171
169 122
169 123
170 169
170 131
170 171
170 173
171 160
171 169
171 170
171 172
171 173
171 127
172 130
172 171
172 173
172 174
172 175
172 127
173 131
173 170
173 171
173 172
173 174
173 146
173 147
174 172
174 173
174 175
174 176
174 147
174 148
175 130
175 139
175 172
175 174
175 176
175 177
176 174
176 175
176 177
176 148
176 149
177 139
177 142
177 175
177 176
177 149
178 167
178 168
178 112
178 113
178 179
178 180
178 117
178 159
179 164
179 165
179 178
179 180
179 117
180 178
180 179
180 165
180 167
181 98
181 3
181 104
181 106
181 107
181 182
182 98
182 107
182 109
182 181
182 55
182 61
183 184
183 190
183 191
184 183
184 185
184 191
185 184
185 186
185 191
186 185
186 187
186 191
187 186
187 188
187 191
188 187
188 189
188 191
189 188
189 190
189 191
190 183
190 189
190 191
191 0
191 97
191 67
191 185
191 7
191 8
191 103
191 186
191 190
191 188
191 183
191 56
191 57
191 58
191 187
191 60
191 189
191 184
