  0.395380   0.180172  -0.037010
  0.337004   0.161329   0.085969
  0.089305   0.201248   0.086665
  0.083122   0.214820  -0.026200
  0.074733   0.213525  -0.139115
  0.125463   0.199453  -0.218895
  0.290303   0.146255   0.184353
 -0.054291   0.205984   0.169598
 -0.098812   0.237137  -0.002489
 -0.080101   0.229859  -0.187181
  0.025337   0.203917  -0.330953
  0.237180   0.095060   0.348576
 -0.185318   0.210944   0.245257
 -0.265245   0.240656   0.018847
 -0.224165   0.236248  -0.231563
 -0.055723   0.204018  -0.421245
  0.162776   0.090342   0.475459
 -0.281381   0.202477   0.299881
 -0.391596   0.243282   0.035032
 -0.322204   0.214638  -0.260852
 -0.114480   0.204020  -0.486703
