  0.398615   0.199592  -0.028582
  0.334644   0.169836   0.100212
  0.104363   0.207549   0.073407
  0.069032   0.208339  -0.022720
  0.068069   0.199880  -0.134302
  0.125622   0.193089  -0.206252
  0.283467   0.146031   0.203248
 -0.041581   0.192521   0.161337
 -0.104215   0.215165  -0.000179
 -0.082174   0.207051  -0.175410
  0.011610   0.191460  -0.317778
  0.231695   0.099294   0.362742
 -0.180218   0.182437   0.244875
 -0.272741   0.207738   0.021584
 -0.237581   0.205308  -0.217842
 -0.082356   0.188973  -0.409517
  0.184228   0.067874   0.490240
 -0.283657   0.188828   0.307515
 -0.391987   0.201791   0.036911
 -0.335234   0.188952  -0.244230
 -0.140773   0.174827  -0.465885
