0 7
1 2
2 1
3 171
7 0
8 10
8 77
8 157
10 8
10 77
11 79
15 16
16 15
17 83
17 109
22 23
22 122
23 22
23 122
29 124
32 116
37 42
38 39
38 40
38 44
39 38
39 44
39 127
40 38
40 44
42 37
43 44
43 128
44 38
44 39
44 40
44 43
47 49
48 54
49 47
52 102
53 103
54 48
57 101
59 62
61 106
62 59
62 63
63 62
73 76
73 171
74 75
75 74
75 78
76 73
77 8
77 10
78 75
79 11
81 82
82 81
83 17
83 109
84 85
85 84
86 87
87 86
89 96
91 94
92 154
93 94
93 95
94 91
94 93
95 93
96 89
99 100
100 99
101 57
102 52
103 53
106 61
109 17
109 83
113 114
114 113
115 118
116 32
118 115
120 126
122 22
122 23
123 143
124 29
126 120
127 39
128 43
135 138
137 139
138 135
139 137
139 150
140 148
141 149
142 150
143 123
148 140
148 149
149 141
149 148
150 139
150 142
153 155
154 92
154 156
155 153
156 154
157 8
161 169
162 163
162 166
163 162
163 165
165 163
165 166
165 170
165 178
166 162
166 165
166 169
167 168
168 167
168 169
168 170
168 177
169 161
169 166
169 168
169 170
170 165
170 168
170 169
170 177
170 178
171 3
171 73
176 178
177 168
177 170
177 178
178 165
178 170
178 176
178 177
