14 16
15 19
16 14
16 18
17 18
18 16
18 17
19 15
20 21
21 20
26 29
29 26
34 36
35 39
36 34
36 37
36 42
37 36
37 38
38 37
39 35
40 41
41 40
42 36
48 160
51 140
55 57
56 58
56 59
57 55
58 56
58 60
58 63
59 56
59 60
60 58
60 59
61 62
61 143
62 61
62 143
63 58
66 121
75 77
77 75
85 86
86 85
88 91
91 88
95 97
97 95
97 145
98 101
99 100
100 99
100 101
100 103
101 98
101 100
102 103
103 100
103 102
104 105
105 104
115 116
116 115
117 118
118 117
119 120
120 119
121 66
131 135
135 131
137 138
138 137
140 51
141 142
142 141
142 143
143 61
143 62
143 142
143 144
144 143
145 97
145 147
146 148
147 145
148 146
153 154
154 153
156 157
157 156
160 48
162 163
163 162
163 164
164 163
164 165
165 164
167 169
169 167
