0.060577 0.297929 0.053672 -0.012007 0.971086 0.238429
0.247318 0.312144 -0.059353 0.066722 0.996743 -0.045304
0.053611 0.311270 -0.072571 -0.094381 0.995029 -0.031774
-0.012005 0.306481 0.028553 0.000819 0.904459 0.426559
-0.019506 0.306897 -0.044511 -0.128307 0.873641 -0.469349
-0.018003 0.225588 -0.081468 -0.924541 0.318946 -0.208559
-0.115241 0.308523 0.040355 0.076956 0.849990 0.521148
-0.123657 0.307731 -0.027074 -0.061064 0.808222 -0.585704
-0.178797 0.310853 0.049441 0.121302 0.897375 0.424268
-0.187724 0.309450 -0.019826 -0.029685 0.735613 -0.676751
-0.106831 0.243224 -0.064724 -0.130579 -0.049296 -0.990212
-0.208705 0.247168 -0.056043 -0.089651 -0.116152 -0.989177
-0.090245 0.240249 0.070100 0.152898 -0.101248 0.983042
-0.189267 0.249422 0.090477 0.198717 0.125037 0.972048
-0.286846 0.316834 0.066878 0.067164 0.818011 0.571268
-0.289774 0.252697 0.111306 0.091561 -0.028819 0.995382
-0.339156 0.307690 0.063538 -0.437527 0.782687 0.442687
-0.296089 0.315648 -0.009537 -0.070985 0.940043 -0.333586
-0.346399 0.306146 0.006638 -0.615896 0.661511 -0.427874
-0.333299 0.256130 0.103236 -0.527192 -0.069245 0.846920
-0.310457 0.252139 -0.047252 -0.174050 0.174326 -0.969184
-0.345354 0.255121 -0.031112 -0.709822 -0.121477 -0.693827
-0.377634 0.258842 0.040420 -0.990423 0.103934 0.090889
0.070015 0.295417 -0.187691 0.024444 0.967229 -0.252727
0.002110 0.290212 -0.183771 0.028358 0.885801 -0.463198
-0.014816 0.294707 -0.119405 -0.250301 0.901196 0.353828
-0.079317 0.291303 -0.219678 0.263300 0.788793 -0.555408
-0.100891 0.298587 -0.157853 -0.205105 0.789619 0.578303
-0.152234 0.301533 -0.178430 -0.101833 0.929650 0.354091
-0.133077 0.293416 -0.241358 0.276037 0.695829 -0.663043
-0.136522 0.229649 -0.273943 0.386435 -0.031157 -0.921790
-0.057249 0.229097 -0.238535 0.366746 -0.221228 -0.903635
-0.097270 0.234990 -0.117257 -0.354256 -0.015902 0.935013
-0.180499 0.240771 -0.145646 -0.316322 0.217749 0.923323
-0.256086 0.304244 -0.220535 -0.231480 0.862959 0.449131
-0.275284 0.242502 -0.176828 -0.385321 0.073277 0.919869
-0.294581 0.292806 -0.240959 -0.714845 0.672900 0.190267
-0.276692 0.285816 -0.293164 -0.378164 0.658684 -0.650482
-0.237698 0.294349 -0.284795 0.153068 0.862157 -0.482966
-0.308913 0.241217 -0.199048 -0.848176 0.008284 0.529650
-0.236489 0.226210 -0.313330 0.312221 -0.036257 -0.949317
-0.275583 0.228904 -0.314462 -0.342369 -0.166424 -0.924709
-0.319876 0.235765 -0.270627 -0.951079 0.092593 -0.294745
0.138976 0.057405 -0.090770 -0.286210 -0.956713 -0.052756
0.102693 0.106294 -0.248377 -0.170973 -0.912837 -0.370805
0.208958 0.078058 -0.223346 0.009160 -0.829398 -0.558583
0.121316 0.186911 -0.291268 0.411366 -0.184256 -0.892652
0.040130 0.132570 -0.317297 0.289016 -0.872090 -0.394879
0.013649 0.223340 -0.210763 -0.816062 0.340189 -0.467241
-0.032470 0.220493 -0.279507 -0.787011 0.083439 0.611271
-0.010321 0.143480 -0.281690 -0.663360 -0.670628 0.331982
0.055213 0.195439 -0.354765 0.755443 -0.086496 -0.649480
-0.029383 0.134465 -0.402052 0.449529 -0.818791 -0.357079
0.004939 0.198714 -0.425551 0.779573 -0.140074 -0.610446
-0.075954 0.143228 -0.364731 -0.577856 -0.647915 0.496274
-0.087275 0.221826 -0.342018 -0.729502 0.212775 0.650041
-0.137373 0.222231 -0.396599 -0.814095 0.082506 0.574841
-0.119596 0.142565 -0.411718 -0.579304 -0.766702 0.276723
-0.150338 0.220464 -0.432313 -0.997529 0.042445 0.055988
-0.142796 0.161521 -0.450947 -0.900531 -0.381716 -0.208174
-0.072567 0.131736 -0.455255 0.262717 -0.831177 -0.490025
-0.109959 0.152196 -0.481806 -0.309515 -0.655001 -0.689329
-0.075696 0.202569 -0.500000 0.145775 -0.200786 -0.968728
-0.044267 0.199248 -0.482681 0.707029 -0.070940 -0.703618
-0.131158 0.212277 -0.489530 -0.660656 0.078179 -0.746607
0.158966 0.097825 0.244515 -0.924574 -0.237190 -0.298167
0.172523 0.170384 0.272910 -0.723822 0.678909 0.123140
0.206387 0.050069 0.251470 -0.190250 -0.958896 -0.210533
0.157897 0.113431 0.190468 -0.662763 -0.637213 0.393325
0.212603 0.053044 0.185673 -0.189245 -0.974513 0.120459
0.314078 0.040138 0.085911 0.250972 -0.965009 0.075961
0.175452 0.011092 0.356766 -0.227407 -0.924276 -0.306596
0.267149 0.061707 0.291268 0.599418 -0.800055 -0.024700
0.120154 0.058866 0.352717 -0.908541 -0.272016 -0.317112
0.105329 0.042163 0.445935 -0.942786 -0.333169 0.012376
0.154235 0.000000 0.450418 -0.039565 -0.979617 0.196940
0.244530 0.036188 0.373252 0.691085 -0.720608 0.055904
0.217016 0.023071 0.456135 0.695247 -0.543845 0.469963
0.136916 0.143163 0.353885 -0.870840 0.476405 -0.121142
0.155403 0.056736 0.500000 -0.184874 -0.165905 0.968657
0.109026 0.111300 0.452537 -0.666062 0.648558 0.368422
0.302340 0.053819 -0.023511 -0.032160 -0.999257 -0.021222
0.146652 0.070446 0.032421 -0.340811 -0.940021 0.014455
0.203242 0.045767 0.119763 -0.285797 -0.955307 0.075558
0.012639 0.128268 0.131525 0.111012 -0.899853 0.421830
-0.023978 0.181423 0.220986 0.501906 -0.361861 0.785587
-0.039677 0.133121 0.163265 0.050249 -0.980433 0.190333
-0.134938 0.136414 0.222072 0.121318 -0.978687 0.165693
-0.096102 0.184059 0.269963 0.550576 -0.228023 0.803039
-0.063922 0.151298 0.121013 -0.476285 -0.542011 -0.692370
-0.159359 0.162073 0.174785 -0.449393 -0.443903 -0.775239
-0.083795 0.232807 0.117744 -0.521686 0.208670 -0.827225
-0.153208 0.241164 0.160594 -0.461937 0.212644 -0.861044
-0.011923 0.143779 0.088927 -0.637631 -0.587994 -0.497685
-0.008560 0.235958 0.063855 -0.823502 0.435425 0.363661
0.001476 0.140739 0.043871 -0.551791 -0.833970 0.004667
-0.184537 0.183190 0.331101 0.389435 -0.531460 0.752257
-0.211258 0.129659 0.269289 0.012433 -0.981012 0.193548
-0.254842 0.147764 0.287306 -0.478688 -0.778516 0.405919
-0.223906 0.188325 0.342827 -0.216677 -0.176944 0.960074
-0.241126 0.159538 0.214853 -0.472374 -0.495681 -0.728810
-0.275090 0.167056 0.245425 -0.932333 -0.290496 -0.215330
-0.246549 0.246845 0.212834 -0.472127 0.496062 -0.728710
-0.271762 0.240654 0.235254 -0.905673 0.189356 -0.379343
-0.279345 0.215299 0.305107 -0.904025 0.030247 0.426408
0.013525 0.278057 0.107661 -0.105141 0.992918 0.055306
0.087234 0.269330 0.128637 0.024179 0.781520 0.623411
0.255787 0.276795 0.074989 0.060099 0.938178 0.340897
-0.036649 0.257140 0.215006 0.395949 0.720462 0.569349
0.037970 0.255948 0.164914 0.455082 0.470056 0.756272
-0.070472 0.278098 0.162232 -0.127224 0.969078 -0.211429
-0.086741 0.260127 0.248553 0.442155 0.677352 0.587957
-0.118645 0.281484 0.194558 -0.139579 0.922757 -0.359218
-0.187248 0.265808 0.317632 0.404223 0.516945 0.754568
-0.231325 0.258090 0.329270 -0.354704 0.442530 0.823621
-0.253850 0.277270 0.282142 -0.592741 0.791145 0.150823
-0.218894 0.290212 0.256259 -0.011866 0.999846 -0.012914
0.040840 0.179921 0.177691 0.480466 -0.309870 0.820447
0.081277 0.179316 0.158552 -0.028138 -0.072907 0.996942
0.158332 0.170120 0.201337 -0.688206 0.113724 0.716547
0.174935 0.214137 0.184822 -0.173935 0.852760 0.492490
0.205613 0.166170 0.374156 0.040904 0.936996 0.346937
0.230533 0.183976 0.307654 0.295026 0.849393 0.437596
0.265606 0.103136 0.375025 0.823144 0.344329 0.451521
0.286288 0.126348 0.316763 0.941351 -0.011922 0.337219
0.292721 0.067781 0.200175 0.671454 -0.680135 0.294220
0.325006 0.148991 0.218463 0.831756 0.256523 0.492318
0.217550 0.075423 0.474305 0.699081 0.193612 0.688332
0.172482 0.122193 0.473484 0.289037 0.716764 0.634592
0.268341 0.222606 0.211015 0.217959 0.851871 0.476245
0.249278 0.255913 -0.224138 0.236845 0.794700 -0.558888
0.107758 0.271748 -0.259493 0.292440 0.655570 -0.696209
0.083830 0.265133 -0.288598 0.514370 0.675854 -0.527869
0.037160 0.285006 -0.248448 -0.339579 0.938284 0.065641
-0.012521 0.275762 -0.311428 -0.352280 0.917221 0.186025
-0.054596 0.274753 -0.362694 -0.223463 0.955866 0.190745
0.032154 0.260444 -0.351525 0.475369 0.777960 -0.410855
-0.006699 0.259969 -0.401882 0.627956 0.601111 -0.494304
-0.104794 0.274019 -0.420516 -0.396020 0.894777 0.206260
-0.125318 0.261494 -0.456311 -0.714079 0.667280 -0.211726
-0.089294 0.253771 -0.488825 0.043920 0.641928 -0.765506
-0.058634 0.261154 -0.462362 0.381601 0.831925 -0.402843
-0.007591 0.146151 -0.081233 -0.544189 -0.838949 0.004687
-0.024394 0.159315 0.022126 -0.366782 -0.731970 0.574187
-0.082862 0.170883 0.028424 -0.002787 -0.823093 0.567899
-0.209099 0.175578 0.054019 0.114199 -0.785927 0.607682
-0.031561 0.161727 -0.045467 -0.480190 -0.820060 -0.311320
-0.091454 0.173465 -0.034492 -0.145779 -0.838820 -0.524528
-0.218066 0.173242 -0.015336 -0.049321 -0.830346 -0.555062
-0.293196 0.171018 0.070734 -0.071507 -0.863342 0.499527
-0.352555 0.192199 0.065850 -0.691881 -0.478614 0.540583
-0.356969 0.189534 0.013980 -0.723253 -0.630608 -0.281492
-0.301037 0.167966 -0.003621 -0.203196 -0.715358 -0.668561
-0.024887 0.156773 -0.114781 -0.514739 -0.821865 0.244093
-0.073518 0.164086 -0.141714 -0.321079 -0.701835 0.635874
-0.188733 0.168805 -0.180455 -0.218949 -0.739771 0.636239
-0.007550 0.156145 -0.182873 -0.231547 -0.753388 -0.615462
-0.056281 0.163018 -0.199512 0.110264 -0.891475 -0.439449
-0.169729 0.164761 -0.243377 0.241161 -0.810773 -0.533374
-0.263868 0.164139 -0.204142 -0.260847 -0.835538 0.483565
-0.307863 0.175437 -0.231879 -0.857630 -0.463147 0.223527
-0.292544 0.170959 -0.281819 -0.539040 -0.700289 -0.468007
-0.244407 0.157319 -0.271448 0.089766 -0.838413 -0.537592
0.359604 0.302900 -0.060797 0.537829 0.839567 -0.076595
0.302240 0.046541 -0.112057 0.063561 -0.992158 -0.107626
0.358554 0.072177 -0.022525 0.781823 -0.622033 -0.042758
0.353941 0.073938 -0.108272 0.852168 -0.508879 -0.121870
0.368607 0.086838 0.089503 0.915228 -0.363279 0.174315
0.306994 0.068767 -0.185943 0.333929 -0.666965 -0.666070
0.244965 0.161932 -0.257480 0.311969 -0.040018 -0.949249
0.023027 0.137593 -0.198226 -0.575650 -0.814879 -0.067815
0.042090 0.118642 0.114258 -0.454592 -0.803897 0.383530
0.367657 0.160565 0.125744 0.963472 -0.044474 0.264090
0.360731 0.264364 0.082389 0.735909 0.588413 0.334973
0.359839 0.238282 -0.182433 0.822881 0.397937 -0.405602
0.356218 0.157677 -0.210146 0.722718 -0.014072 -0.691000
0.355191 0.103266 -0.182715 0.926707 -0.300198 -0.226043
0.377634 0.177464 -0.040698 0.999581 -0.004548 -0.028594
