-0.060577 0.297929 0.053672 0.012000 0.971069 0.238496
-0.053611 0.311270 -0.072571 0.094398 0.995027 -0.031797
-0.247318 0.312162 -0.059353 -0.066722 0.996743 -0.045304
0.012023 0.306504 0.028553 -0.000819 0.904459 0.426559
0.019506 0.306897 -0.044511 0.128385 0.873578 -0.469446
0.018003 0.225594 -0.081468 0.924550 0.318950 -0.208515
0.115241 0.308523 0.040355 -0.076883 0.849992 0.521155
0.123657 0.307731 -0.027074 0.061068 0.808229 -0.585693
0.178797 0.310853 0.049441 -0.121340 0.897384 0.424238
0.187724 0.309450 -0.019826 0.029675 0.735636 -0.676727
0.106831 0.243224 -0.064724 0.130559 -0.049300 -0.990214
0.208705 0.247168 -0.056049 0.089657 -0.116135 -0.989179
0.090245 0.240249 0.070100 -0.152886 -0.101274 0.983041
0.189267 0.249422 0.090471 -0.198736 0.125030 0.972045
0.286846 0.316851 0.066878 -0.067257 0.817994 0.571282
0.289774 0.252697 0.111306 -0.091596 -0.028831 0.995379
0.339139 0.307707 0.063538 0.437652 0.782612 0.442695
0.296089 0.315648 -0.009537 0.070954 0.940014 -0.333676
0.346399 0.306146 0.006638 0.615911 0.661514 -0.427846
0.333275 0.256130 0.103236 0.527223 -0.069194 0.846905
0.310457 0.252145 -0.047252 0.174077 0.174329 -0.969178
0.345354 0.255121 -0.031112 0.709756 -0.121526 -0.693886
0.377634 0.258842 0.040420 0.990401 0.103999 0.091053
0.014816 0.294707 -0.119405 0.250202 0.901246 0.353771
-0.002110 0.290212 -0.183771 -0.028358 0.885801 -0.463198
-0.013649 0.223340 -0.210763 0.816062 0.340189 -0.467241
0.079317 0.291303 -0.219678 -0.263317 0.788757 -0.555451
0.100891 0.298604 -0.157853 0.205088 0.789648 0.578269
0.152234 0.301533 -0.178430 0.101887 0.929652 0.354070
0.133077 0.293416 -0.241358 -0.276037 0.695829 -0.663043
0.136522 0.229649 -0.273943 -0.386435 -0.031157 -0.921790
0.057249 0.229097 -0.238535 -0.366746 -0.221228 -0.903635
0.097270 0.234996 -0.117257 0.354282 -0.015901 0.935004
0.180499 0.240771 -0.145646 0.316320 0.217760 0.923321
0.256086 0.304244 -0.220535 0.231463 0.862972 0.449114
0.275284 0.242508 -0.176828 0.385316 0.073279 0.919870
0.294581 0.292806 -0.240959 0.714853 0.672899 0.190244
0.276692 0.285816 -0.293164 0.378158 0.658702 -0.650467
0.237698 0.294349 -0.284795 -0.153068 0.862157 -0.482966
0.308913 0.241217 -0.199048 0.848175 0.008284 0.529652
0.236489 0.226210 -0.313330 -0.312219 -0.036258 -0.949318
0.275583 0.228910 -0.314462 0.342369 -0.166424 -0.924709
0.319876 0.235765 -0.270627 0.951080 0.092593 -0.294742
-0.138976 0.057405 -0.090770 0.286191 -0.956718 -0.052772
-0.208958 0.078064 -0.223346 -0.009160 -0.829398 -0.558583
-0.102693 0.106300 -0.248377 0.170953 -0.912840 -0.370808
-0.055213 0.195439 -0.354765 -0.755445 -0.086490 -0.649479
-0.040130 0.132570 -0.317297 -0.289020 -0.872097 -0.394860
-0.023027 0.137593 -0.198226 0.575636 -0.814888 -0.067832
0.010321 0.143480 -0.281690 0.663349 -0.670636 0.331988
0.029383 0.134465 -0.402052 -0.449529 -0.818791 -0.357079
-0.004939 0.198714 -0.425551 -0.779573 -0.140074 -0.610446
0.075954 0.143228 -0.364731 0.577864 -0.647903 0.496282
0.032470 0.220493 -0.279507 0.786992 0.083435 0.611295
0.087275 0.221832 -0.342018 0.729532 0.212745 0.650018
0.137373 0.222231 -0.396599 0.814097 0.082505 0.574839
0.119596 0.142565 -0.411718 0.579315 -0.766698 0.276711
0.150338 0.220464 -0.432313 0.997529 0.042446 0.055985
0.142796 0.161527 -0.450947 0.900531 -0.381716 -0.208174
0.072567 0.131736 -0.455255 -0.262717 -0.831177 -0.490025
0.109959 0.152196 -0.481806 0.309550 -0.654996 -0.689318
0.075696 0.202569 -0.500000 -0.145775 -0.200786 -0.968728
0.044267 0.199248 -0.482681 -0.707031 -0.070932 -0.703616
0.131158 0.212277 -0.489530 0.660653 0.078181 -0.746609
-0.158966 0.097825 0.244515 0.924573 -0.237194 -0.298168
-0.157897 0.113431 0.190468 0.662763 -0.637213 0.393325
-0.158332 0.170120 0.201337 0.688201 0.113734 0.716550
-0.206387 0.050069 0.251470 0.190250 -0.958896 -0.210533
-0.212603 0.053044 0.185673 0.189245 -0.974513 0.120459
-0.292721 0.067781 0.200175 -0.671458 -0.680132 0.294217
-0.314078 0.040138 0.085911 -0.250958 -0.965014 0.075944
-0.267149 0.061707 0.291268 -0.599418 -0.800055 -0.024700
-0.175452 0.011092 0.356766 0.227407 -0.924276 -0.306596
-0.120154 0.058866 0.352717 0.908541 -0.272016 -0.317112
-0.105329 0.042163 0.445935 0.942786 -0.333169 0.012376
-0.154235 0.000000 0.450418 0.039560 -0.979616 0.196944
-0.244530 0.036188 0.373252 -0.691085 -0.720608 0.055906
-0.217016 0.023071 0.456129 -0.695247 -0.543845 0.469963
-0.172523 0.170384 0.272904 0.723823 0.678906 0.123152
-0.136916 0.143163 0.353885 0.870840 0.476406 -0.121141
-0.155403 0.056736 0.500000 0.184854 -0.165922 0.968658
-0.109026 0.111300 0.452537 0.666062 0.648558 0.368422
-0.146652 0.070446 0.032421 0.340801 -0.940025 0.014451
-0.203242 0.045767 0.119763 0.285793 -0.955309 0.075544
-0.302340 0.053825 -0.023511 0.032155 -0.999257 -0.021240
-0.042090 0.118642 0.114258 0.454595 -0.803890 0.383542
-0.012639 0.128268 0.131525 -0.111029 -0.899851 0.421830
0.023978 0.181423 0.220986 -0.501906 -0.361861 0.785587
0.039677 0.133121 0.163265 -0.050249 -0.980433 0.190333
0.134938 0.136414 0.222072 -0.121318 -0.978687 0.165693
0.096102 0.184059 0.269963 -0.550583 -0.228009 0.803038
0.063922 0.151298 0.121013 0.476285 -0.542011 -0.692370
0.159359 0.162073 0.174785 0.449393 -0.443903 -0.775239
0.083795 0.232807 0.117744 0.521667 0.208662 -0.827239
0.153208 0.241164 0.160594 0.461943 0.212622 -0.861046
0.011923 0.143779 0.088927 0.637631 -0.587994 -0.497685
0.008560 0.235958 0.063855 0.823476 0.435372 0.363784
-0.001476 0.140739 0.043871 0.551791 -0.833970 0.004667
0.184537 0.183190 0.331101 -0.389440 -0.531419 0.752284
0.211258 0.129659 0.269289 -0.012433 -0.981012 0.193548
0.254842 0.147764 0.287306 0.478701 -0.778494 0.405948
0.223906 0.188331 0.342827 0.216708 -0.176925 0.960070
0.241126 0.159538 0.214853 0.472374 -0.495681 -0.728810
0.275090 0.167056 0.245425 0.932329 -0.290501 -0.215340
0.246549 0.246845 0.212834 0.472159 0.496034 -0.728709
0.271762 0.240654 0.235254 0.905667 0.189355 -0.379358
0.279345 0.215299 0.305101 0.904026 0.030247 0.426407
-0.013525 0.278057 0.107661 0.105133 0.992919 0.055307
-0.087234 0.269330 0.128631 -0.024170 0.781532 0.623397
-0.255787 0.276795 0.074989 -0.060116 0.938165 0.340930
-0.037970 0.255948 0.164914 -0.455091 0.470069 0.756259
0.036649 0.257140 0.215006 -0.395949 0.720462 0.569349
0.070472 0.278098 0.162232 0.127137 0.969089 -0.211430
0.086741 0.260127 0.248553 -0.442192 0.677333 0.587952
0.118645 0.281502 0.194558 0.139579 0.922757 -0.359218
0.187248 0.265826 0.317632 -0.404225 0.516948 0.754564
0.231325 0.258090 0.329270 0.354820 0.442498 0.823589
0.253850 0.277270 0.282142 0.592798 0.791106 0.150805
0.218894 0.290212 0.256259 0.011911 0.999846 -0.012919
-0.081277 0.179322 0.158552 0.028117 -0.072878 0.996944
-0.040840 0.179921 0.177691 -0.480478 -0.309870 0.820439
-0.174935 0.214143 0.184822 0.173941 0.852758 0.492493
-0.230533 0.183976 0.307649 -0.295027 0.849387 0.437607
-0.205613 0.166170 0.374156 -0.040907 0.936999 0.346928
-0.265606 0.103136 0.375025 -0.823142 0.344336 0.451520
-0.286288 0.126348 0.316763 -0.941350 -0.011912 0.337222
-0.325006 0.148991 0.218463 -0.831754 0.256523 0.492322
-0.217550 0.075423 0.474305 -0.699093 0.193577 0.688329
-0.172482 0.122193 0.473484 -0.289037 0.716764 0.634592
-0.268341 0.222606 0.211015 -0.217977 0.851863 0.476251
-0.070015 0.295417 -0.187691 -0.024412 0.967219 -0.252766
-0.107758 0.271748 -0.259493 -0.292436 0.655579 -0.696202
-0.249278 0.255913 -0.224138 -0.236858 0.794682 -0.558909
-0.121316 0.186911 -0.291268 -0.411370 -0.184260 -0.892649
-0.244965 0.161938 -0.257480 -0.311965 -0.040019 -0.949250
-0.083830 0.265133 -0.288598 -0.514404 0.675860 -0.527828
-0.037160 0.285006 -0.248448 0.339579 0.938284 0.065641
0.012521 0.275762 -0.311428 0.352255 0.917198 0.186182
-0.032154 0.260462 -0.351525 -0.475452 0.777924 -0.410829
0.054596 0.274776 -0.362694 0.223502 0.955845 0.190806
0.006699 0.259969 -0.401882 -0.628039 0.600989 -0.494348
0.104794 0.274019 -0.420516 0.396272 0.894674 0.206218
0.125318 0.261494 -0.456311 0.714079 0.667280 -0.211726
0.089294 0.253771 -0.488825 -0.043798 0.641875 -0.765558
0.058634 0.261178 -0.462362 -0.381602 0.831874 -0.402945
0.024394 0.159315 0.022126 0.366816 -0.731955 0.574184
0.007591 0.146151 -0.081233 0.544193 -0.838947 0.004686
0.082862 0.170883 0.028418 0.002787 -0.823093 0.567899
0.031561 0.161727 -0.045467 0.480202 -0.820042 -0.311348
0.209099 0.175578 0.054019 -0.114210 -0.785917 0.607693
0.091454 0.173465 -0.034492 0.145776 -0.838807 -0.524550
0.218066 0.173242 -0.015336 0.049313 -0.830353 -0.555052
0.293196 0.171018 0.070734 0.071529 -0.863353 0.499505
0.352555 0.192199 0.065845 0.691850 -0.478553 0.540676
0.356969 0.189534 0.013974 0.723170 -0.630664 -0.281580
0.301013 0.167966 -0.003621 0.203195 -0.715349 -0.668571
0.024887 0.156773 -0.114781 0.514752 -0.821851 0.244112
0.073518 0.164086 -0.141714 0.321107 -0.701806 0.635893
0.188733 0.168811 -0.180455 0.218954 -0.739758 0.636253
0.056281 0.163018 -0.199512 -0.110247 -0.891483 -0.439436
0.007550 0.156145 -0.182873 0.231547 -0.753388 -0.615462
0.169729 0.164761 -0.243377 -0.241164 -0.810786 -0.533354
0.263868 0.164139 -0.204142 0.260831 -0.835519 0.483606
0.307863 0.175437 -0.231879 0.857630 -0.463147 0.223527
0.292544 0.170959 -0.281819 0.539032 -0.700279 -0.468032
0.244407 0.157319 -0.271448 -0.089755 -0.838406 -0.537605
-0.359604 0.302900 -0.060797 -0.539517 0.838492 -0.076506
-0.302240 0.046547 -0.112057 -0.063544 -0.992159 -0.107620
-0.358554 0.072177 -0.022525 -0.782184 -0.621569 -0.042908
-0.353941 0.073938 -0.108272 -0.854460 -0.505191 -0.121163
-0.368607 0.086838 0.089497 -0.913563 -0.366421 0.176462
-0.306994 0.068767 -0.185943 -0.333898 -0.666977 -0.666073
-0.367657 0.160565 0.125744 -0.961819 -0.046416 0.269721
-0.360731 0.264364 0.082389 -0.729996 0.593762 0.338455
-0.359839 0.238282 -0.182433 -0.829897 0.390471 -0.398502
-0.356218 0.157677 -0.210146 -0.731473 -0.014519 -0.681715
-0.355191 0.103266 -0.182715 -0.929743 -0.294372 -0.221187
-0.377634 0.177474 -0.033691 -0.999581 -0.004547 -0.028594
