-0.380845 0.307464 -0.057656 -0.407775 0.910107 -0.073657
-0.254559 0.319452 -0.064725 0.038480 0.997135 -0.065127
-0.269297 0.274579 -0.211704 -0.117129 0.875307 -0.469168
-0.260007 0.302586 0.093531 0.017768 0.925705 0.377830
-0.149059 0.258546 -0.259782 -0.162177 0.756083 -0.634064
-0.166487 0.198025 -0.289321 -0.232829 0.108439 -0.966453
-0.277055 0.195123 -0.262617 -0.379778 0.148024 -0.913158
-0.373736 0.282496 -0.161621 -0.739732 0.485982 -0.465422
-0.374439 0.195653 -0.208259 -0.885606 0.047810 -0.461970
-0.116870 0.181340 -0.302945 -0.548084 0.076383 -0.832929
-0.099379 0.253953 -0.287170 -0.238819 0.842702 -0.482513
-0.053026 0.240621 -0.343309 -0.501987 0.671121 -0.545532
-0.001824 0.253779 -0.296645 0.180362 0.982754 0.040799
-0.049780 0.265234 -0.243234 0.547403 0.815083 0.189710
-0.076698 0.282933 -0.193632 0.112993 0.962540 -0.246475
-0.022303 0.203999 -0.219725 0.764379 -0.080447 0.639729
0.017955 0.200605 -0.273617 0.736787 0.218944 0.639694
-0.004441 0.238234 -0.399755 -0.426440 0.813199 -0.396050
0.049292 0.251218 -0.348672 0.387249 0.847289 0.363509
0.073575 0.202152 -0.327383 0.689893 -0.103610 0.716458
-0.065894 0.185260 -0.348265 -0.736361 -0.137926 -0.662381
0.116886 0.248712 -0.416503 0.150273 0.987043 0.056249
0.060832 0.238267 -0.467967 -0.354700 0.823111 -0.443482
0.139825 0.200631 -0.392486 0.775185 0.217199 0.593222
-0.017473 0.184860 -0.418324 -0.754897 -0.248879 -0.606786
0.143449 0.240869 -0.450753 0.748202 0.640056 -0.174707
0.156306 0.197751 -0.441085 0.986559 -0.092335 0.134817
0.041039 0.181503 -0.480580 -0.645284 -0.068927 -0.760827
0.098384 0.233704 -0.490403 0.013569 0.656517 -0.754190
0.092869 0.183802 -0.500000 -0.134039 -0.224271 -0.965265
0.138615 0.191552 -0.485976 0.672508 0.019814 -0.739824
-0.219217 0.073338 -0.167147 0.167693 -0.977718 -0.126278
-0.046308 0.126194 -0.201315 0.370454 -0.913038 -0.170663
-0.024334 0.137145 -0.091470 0.418199 -0.908352 0.002570
0.069211 0.156924 -0.137745 0.211646 -0.705436 0.676436
0.022762 0.209173 -0.096570 0.388847 0.031247 0.920772
0.006348 0.150414 -0.118155 0.381817 -0.888650 0.254004
0.083872 0.212389 -0.115790 0.277147 0.134803 0.951324
0.050091 0.156943 -0.195627 -0.151336 -0.904787 -0.398068
-0.010537 0.147997 -0.182021 0.286815 -0.802344 -0.523432
-0.014515 0.200627 -0.206556 -0.034200 0.022884 -0.999153
0.046401 0.208814 -0.231443 -0.399684 0.022070 -0.916387
0.205091 0.213525 -0.149507 0.248308 -0.124352 0.960666
0.199069 0.153956 -0.174986 0.067360 -0.909280 0.410697
0.176385 0.149681 -0.244411 -0.198793 -0.923956 -0.326782
0.157628 0.198847 -0.282947 -0.376758 -0.268848 -0.886439
0.260323 0.148219 -0.189620 0.216823 -0.784828 0.580545
0.233730 0.142079 -0.269009 -0.081113 -0.958922 -0.271824
0.324904 0.152013 -0.226198 0.527675 -0.822442 0.212479
0.304936 0.147553 -0.283795 0.304769 -0.712403 -0.632138
0.228863 0.196138 -0.306746 -0.229546 -0.115524 -0.966418
0.344416 0.203192 -0.268132 0.939522 0.077955 -0.333498
0.300077 0.198021 -0.308622 0.319231 -0.048579 -0.946431
0.334349 0.208177 -0.209495 0.762188 -0.035141 0.646401
0.275090 0.212667 -0.166162 0.412121 0.227545 0.882258
-0.084674 0.099394 0.106448 0.263566 -0.959299 0.101379
-0.335547 0.062020 -0.095067 -0.244292 -0.969135 -0.033139
-0.367096 0.109339 -0.192270 -0.683117 -0.589978 -0.430437
-0.302430 0.050332 0.031778 -0.279045 -0.954390 0.106174
-0.214720 0.106992 0.205923 0.707506 -0.688340 -0.160072
-0.296541 0.065132 0.146309 -0.453998 -0.890286 0.035723
-0.190608 0.099986 0.159637 0.382867 -0.805414 0.452461
-0.282003 0.070425 0.194927 -0.058867 -0.992922 -0.103149
-0.249326 0.042115 0.313770 0.066864 -0.941117 -0.331402
-0.343479 0.104635 0.219595 -0.759609 -0.632008 0.153490
-0.297851 0.075392 0.329104 -0.871583 -0.482945 0.084300
-0.190482 0.083864 0.304925 0.727531 -0.528511 -0.437464
-0.358309 0.106837 0.184198 -0.871196 -0.487119 0.061099
-0.202277 0.160355 0.215050 0.920841 0.361736 0.145596
-0.179038 0.133811 0.319885 0.865524 0.473390 -0.163614
-0.147830 0.049954 0.386076 0.739465 -0.550248 -0.387838
-0.144706 0.118525 0.405222 0.924877 0.376108 -0.056085
-0.148004 0.041149 0.448125 0.850522 -0.401117 0.340174
-0.205060 0.006629 0.454639 0.265136 -0.898240 0.350524
-0.197858 0.067279 0.500000 0.204317 -0.191993 0.959892
-0.224780 0.000000 0.396176 -0.155630 -0.969515 -0.189260
-0.253223 0.041467 0.476032 -0.574350 -0.578089 0.579599
-0.284298 0.035542 0.419012 -0.880929 -0.455835 0.127194
-0.150994 0.098998 0.465095 0.767123 0.368643 0.525000
-0.253345 0.108517 -0.246669 -0.232031 -0.595451 -0.769156
-0.150202 0.121749 -0.273857 0.060375 -0.831077 -0.552870
-0.088886 0.130158 -0.281060 -0.148159 -0.796181 -0.586638
-0.044187 0.143012 -0.239659 0.559938 -0.794425 0.235283
-0.031637 0.218792 -0.214332 0.981870 0.188123 -0.023273
-0.047152 0.133670 -0.321824 -0.290793 -0.929680 -0.226129
-0.005610 0.137723 -0.286149 0.551056 -0.648804 0.524778
0.061254 0.138544 -0.353261 0.347912 -0.859088 0.375401
0.014757 0.131542 -0.396287 -0.338637 -0.907154 -0.249791
0.058878 0.127970 -0.451896 -0.138247 -0.917505 -0.372925
0.114643 0.137445 -0.399337 0.526054 -0.752475 0.396292
0.147553 0.151213 -0.448684 0.644456 -0.753881 -0.127823
0.109432 0.143300 -0.483241 0.245245 -0.678642 -0.692315
-0.307863 0.150040 0.342795 -0.735784 0.526763 0.425609
-0.239066 0.188691 0.333849 0.166867 0.949512 0.265672
-0.276348 0.223892 0.230066 0.211155 0.938856 0.271962
-0.344304 0.180704 0.243083 -0.863380 0.261560 0.431464
-0.298544 0.233071 0.194875 -0.082901 0.843786 0.530239
-0.362196 0.191089 0.202019 -0.940184 0.157906 0.301859
-0.187317 0.172295 0.183502 0.377511 0.557578 0.739319
-0.196937 0.156380 0.421477 0.082978 0.939440 0.332518
-0.288773 0.101899 0.427277 -0.746758 0.504722 0.433137
-0.199834 0.133537 0.479814 -0.095073 0.757082 0.646365
-0.267576 0.093405 0.483537 -0.533801 0.276710 0.799055
-0.395239 0.284213 0.049706 -0.706092 0.627433 0.328272
-0.073900 0.286008 0.046212 0.153457 0.976776 0.149531
0.020545 0.235906 0.207093 -0.236360 0.802159 0.548338
-0.050235 0.269786 0.083053 0.167274 0.977163 0.131045
-0.095822 0.256447 0.136053 -0.269249 0.603352 0.750647
-0.000303 0.169001 0.216194 -0.514785 -0.163794 0.841527
-0.089319 0.189842 0.163960 -0.370714 -0.269241 0.888865
0.055773 0.251562 0.147431 0.193726 0.965559 -0.173687
-0.002539 0.234196 0.068534 0.600473 0.449699 -0.661213
0.103317 0.232409 0.261969 -0.370962 0.716740 0.590483
0.138200 0.249626 0.200268 0.081772 0.985882 -0.146117
0.165311 0.211190 0.163445 0.457970 0.213627 -0.862918
0.069023 0.213115 0.111885 0.528885 0.096417 -0.843199
0.239730 0.210624 0.205394 0.526173 0.443560 -0.725532
0.216968 0.253301 0.248024 0.205448 0.960403 -0.188195
-0.041275 0.293207 0.014705 0.100262 0.886266 0.452194
-0.011251 0.236739 0.055025 0.920076 0.152973 0.360638
-0.031544 0.292063 -0.063670 0.189773 0.934844 -0.300090
-0.053847 0.292441 -0.086532 0.209912 0.976884 -0.040429
0.002695 0.227841 -0.087846 0.976108 0.190764 -0.104032
0.017055 0.226483 -0.077379 0.254731 0.116259 -0.959998
0.082861 0.276234 0.034235 0.029913 0.924420 0.380201
0.093276 0.274657 -0.037944 0.168114 0.715242 -0.678356
0.004564 0.231964 0.050087 -0.055438 0.186532 0.980883
0.065151 0.207903 0.057319 -0.199458 -0.035130 0.979277
0.213681 0.267088 -0.023484 0.064651 0.946761 -0.315380
0.202608 0.269993 0.062453 -0.116642 0.774323 0.621947
0.205339 0.212955 0.096536 -0.236110 -0.078625 0.968540
0.084179 0.211094 -0.064799 0.116401 -0.187718 -0.975301
-0.020023 0.267155 -0.111471 0.337123 0.871173 0.356941
0.088535 0.264375 -0.144884 0.128884 0.913061 0.386922
-0.039842 0.265493 -0.179101 0.116113 0.918210 -0.378693
0.063997 0.259971 -0.215095 -0.169211 0.868410 -0.466082
0.191408 0.267325 -0.177066 0.124680 0.890102 0.438376
0.163797 0.258031 -0.256880 -0.209910 0.792778 -0.572225
0.293074 0.270186 0.074011 0.021722 0.930999 0.364376
0.289850 0.207707 0.110712 -0.022096 0.076127 0.996853
0.264335 0.266833 -0.204187 0.104291 0.982889 0.151833
0.238394 0.256788 -0.283595 -0.135052 0.837012 -0.530257
0.364162 0.211131 0.097743 0.399954 0.185477 0.897572
0.363007 0.265323 0.073571 0.512648 0.720519 0.466952
0.372152 0.263535 0.008109 0.470327 0.847354 -0.246544
0.304551 0.268250 -0.013124 0.144546 0.775804 -0.614194
0.232627 0.204550 -0.051786 0.096979 0.149462 -0.984000
0.313060 0.205764 -0.045787 0.215847 -0.102127 -0.971072
0.378696 0.209858 -0.014120 0.590612 -0.016187 -0.806793
0.398615 0.213577 0.045491 0.992158 0.016154 0.123938
0.292726 0.255659 -0.293462 0.258179 0.728130 -0.634957
0.314308 0.262277 -0.231121 0.646762 0.718415 0.256086
0.049237 0.155144 0.120953 0.393255 -0.675527 -0.623709
0.018958 0.137441 0.167272 -0.089598 -0.992698 0.080760
-0.058100 0.123125 0.121649 0.040626 -0.942966 0.330400
-0.021744 0.143733 0.073175 0.622211 -0.479451 -0.618855
-0.036037 0.129843 0.043873 0.720464 -0.690769 0.061404
0.165130 0.150614 0.178095 0.225934 -0.755338 -0.615157
0.131379 0.120453 0.236924 -0.199641 -0.978091 0.059007
0.098832 0.165422 0.282403 -0.533187 -0.358785 0.766150
-0.015130 0.146398 0.021359 0.269695 -0.711990 0.648332
0.218023 0.142678 0.199972 0.416816 -0.555043 -0.719855
0.177362 0.109923 0.264845 0.011818 -0.998798 0.047568
0.280490 0.144270 0.248879 0.639380 -0.701996 -0.313680
0.287067 0.200201 0.252028 0.808294 0.245712 -0.535057
0.286460 0.181907 0.305454 0.882579 -0.067144 0.465344
0.252588 0.122874 0.299292 0.268510 -0.832492 0.484622
0.239256 0.166751 0.337835 0.056600 -0.199445 0.978273
0.166906 0.161240 0.323752 -0.342737 -0.476362 0.809698
-0.009822 0.147460 -0.048259 0.378007 -0.792885 -0.477958
0.068664 0.162257 -0.040220 0.063970 -0.904762 -0.421086
0.060899 0.162276 0.036556 -0.015063 -0.963034 0.268960
0.216113 0.160163 0.065003 -0.157174 -0.867511 0.471934
0.227594 0.151916 -0.021766 -0.005102 -0.895297 -0.445440
0.297286 0.143822 -0.013864 0.100238 -0.916290 -0.387768
0.285342 0.148334 0.078175 -0.037910 -0.883947 0.466048
0.372445 0.156136 0.008379 0.503012 -0.844952 -0.181757
0.365698 0.158771 0.078753 0.455439 -0.659829 0.597663
0.178617 0.230499 0.312767 -0.300548 0.701763 0.645910
0.270838 0.244130 0.282696 0.464762 0.863565 0.195582
0.239563 0.226653 0.338276 0.273491 0.481666 0.832587
-0.131290 0.267947 0.122633 0.091171 0.726375 0.681225
-0.135487 0.184819 0.153823 0.242117 -0.087675 0.966278
-0.389391 0.117252 -0.132523 -0.997532 -0.049651 -0.049650
-0.389391 0.076850 -0.045457 -0.997171 -0.075171 0.000000
-0.389391 0.117252 0.041597 -0.996099 -0.080038 0.037145
-0.389391 0.204313 0.082002 0.998053 0.000000 -0.062378
-0.389391 0.291375 0.041597 -0.997567 0.062348 0.031174
-0.389391 0.331784 -0.045457 -0.992278 0.124035 0.000000
-0.389391 0.291375 -0.132523 -0.996116 0.062257 0.062257
-0.389391 0.204313 -0.172924 -0.997424 -0.030195 -0.065067
-0.398615 0.199211 -0.029160 -0.977570 -0.210517 0.006310
