 -0.398615   0.199211  -0.029160
 -0.334356   0.169007   0.095099
 -0.101336   0.210210   0.077307
 -0.071443   0.209217  -0.025514
 -0.071495   0.210502  -0.131762
 -0.119219   0.194038  -0.214344
 -0.282948   0.144844   0.194506
  0.050651   0.192429   0.165262
  0.107446   0.211999   0.006766
  0.087990   0.208514  -0.178200
 -0.004768   0.191482  -0.327664
 -0.233653   0.099497   0.357237
  0.184538   0.183713   0.242910
  0.272577   0.208872   0.036536
  0.237555   0.204540  -0.221702
  0.082865   0.188852  -0.414290
 -0.179417   0.063493   0.484562
  0.284325   0.186831   0.301057
  0.383747   0.184958   0.056256
  0.336783   0.190144  -0.250411
  0.139510   0.175178  -0.469749
