0 188
4 10
7 189
8 190
10 4
11 20
15 40
15 83
18 19
19 18
20 11
21 25
22 28
23 26
25 21
25 26
25 30
26 23
26 25
26 90
27 29
27 88
28 22
28 30
29 27
29 30
29 91
30 25
30 28
30 29
32 39
32 82
35 122
35 123
39 32
40 15
40 83
44 47
47 44
48 49
49 48
51 53
53 51
55 154
60 62
62 60
64 67
66 69
67 64
68 98
69 66
70 72
72 70
72 78
73 75
73 76
75 73
76 73
76 102
78 72
81 84
82 32
83 15
83 40
83 134
84 81
84 85
85 84
88 27
88 91
90 26
91 29
91 88
94 96
96 94
98 68
100 102
102 76
102 100
103 187
104 106
104 118
106 104
106 111
106 119
107 181
109 182
110 115
111 106
111 119
111 126
115 110
118 104
119 106
119 111
119 126
120 121
121 120
121 132
122 35
122 123
122 132
123 35
123 122
126 111
126 119
127 171
130 172
132 121
132 122
134 83
140 151
142 177
151 140
152 153
153 152
154 55
155 156
156 155
156 160
160 156
163 164
164 163
165 167
167 165
167 180
171 127
172 130
177 142
180 167
181 107
182 109
187 103
188 0
189 7
190 8
