0 1
1 0
2 72
2 75
8 9
8 76
8 77
8 157
9 8
9 77
11 80
14 15
15 14
16 83
16 111
21 115
21 123
23 28
25 31
28 23
31 25
37 39
38 43
38 127
39 37
42 128
43 38
43 128
45 46
46 45
48 50
50 48
52 53
53 52
57 60
60 57
61 107
72 2
72 73
72 172
73 72
73 75
74 76
74 78
75 2
75 73
76 8
76 74
76 77
76 171
77 8
77 9
77 76
77 157
78 74
79 82
80 11
82 79
83 16
83 111
84 85
85 84
86 88
87 151
88 86
90 91
90 93
90 95
91 90
91 94
92 154
93 90
94 91
95 90
95 155
96 153
97 102
98 100
99 102
100 98
102 97
102 99
105 106
106 105
107 61
109 114
110 114
110 116
111 16
111 83
114 109
114 110
115 21
115 123
116 110
122 125
123 21
123 115
125 122
127 38
128 42
128 43
129 130
130 129
131 134
134 131
137 139
139 137
139 142
139 150
141 142
142 139
142 141
150 139
151 87
153 96
154 92
154 156
155 95
156 154
157 8
157 77
160 164
161 169
162 163
162 166
163 162
163 165
163 176
164 160
165 163
165 166
165 178
166 162
166 165
166 169
166 170
167 168
168 167
168 169
168 170
168 177
169 161
169 166
169 168
170 166
170 168
170 177
170 178
171 76
171 172
172 72
172 171
176 163
177 168
177 170
177 178
178 165
178 170
178 177
