0.118613 0.257109 -0.291628 0.421704 0.700252 -0.576031
0.142477 0.262732 -0.271627 0.128090 0.788507 -0.601539
0.122113 0.188626 -0.308458 0.608523 -0.157091 -0.777832
0.087549 0.191004 -0.346514 0.741484 -0.172601 -0.648390
0.069095 0.246849 -0.348185 0.564458 0.640430 -0.520803
0.021589 0.261415 -0.304323 -0.211944 0.965588 0.150730
0.075131 0.269723 -0.247934 -0.372963 0.916415 0.145195
0.106698 0.279055 -0.202926 -0.122339 0.973704 -0.192180
0.028977 0.214237 -0.238730 -0.885786 0.109866 0.450901
0.018353 0.218782 -0.217807 -0.058983 0.089628 -0.994227
0.042247 0.278718 -0.184020 0.131650 0.790954 -0.597545
-0.046123 0.229345 -0.243504 0.370600 -0.081836 -0.925180
-0.063439 0.278390 -0.229369 0.217648 0.843396 -0.491235
0.023699 0.281135 -0.119262 -0.194798 0.940470 0.278512
-0.086293 0.283586 -0.163379 -0.085995 0.916784 0.390016
-0.084958 0.234610 -0.130635 -0.309244 0.004852 0.950970
-0.009897 0.228126 -0.102137 -0.465450 -0.088657 0.880623
0.079603 0.295143 -0.081079 -0.116701 0.992003 -0.048081
0.018387 0.294222 -0.049725 -0.151659 0.820113 -0.551737
0.027574 0.294875 0.023934 0.006389 0.894369 0.447284
0.091373 0.284234 0.052645 -0.073482 0.976347 0.203340
0.006413 0.226404 0.069437 -0.680314 0.271530 -0.680767
0.040542 0.268798 0.093829 -0.244354 0.945530 -0.215090
0.066925 0.247855 0.151967 0.286920 0.711662 0.641260
0.119542 0.256253 0.131019 0.012056 0.656192 0.754497
-0.064381 0.264258 0.161793 -0.004015 0.999554 -0.029602
-0.034933 0.248174 0.212458 0.438397 0.588345 0.679454
-0.012340 0.188425 0.215646 0.492781 -0.334327 0.803363
0.070988 0.184188 0.166235 0.393135 -0.439438 0.807675
-0.111615 0.252804 0.261132 0.378766 0.763669 0.522825
-0.141446 0.270380 0.207244 -0.030620 0.978435 -0.204274
-0.074433 0.224575 0.119296 -0.466819 0.351837 -0.811351
-0.181616 0.235906 0.176389 -0.421095 0.307915 -0.853151
-0.217424 0.277337 0.248027 -0.102500 0.973837 -0.202817
-0.240640 0.238246 0.207956 -0.551972 0.278457 -0.785996
0.121367 0.182555 0.148002 0.067788 -0.265620 0.961692
-0.182396 0.254266 0.308881 0.332262 0.683552 0.649891
-0.268396 0.271053 0.280617 -0.463431 0.883572 0.067325
-0.285537 0.230509 0.251791 -0.896841 0.252322 -0.363332
-0.239792 0.253294 0.332855 -0.251054 0.493739 0.832583
-0.116560 0.189141 0.283069 0.538123 -0.143051 0.830638
-0.174399 0.188732 0.319205 0.310227 -0.489114 0.815185
-0.242090 0.197032 0.332446 -0.065718 -0.196580 0.978283
-0.285759 0.213304 0.302004 -0.884730 -0.026442 0.465354
0.220603 0.153648 0.216081 -0.819920 0.553746 0.145248
0.281448 0.200178 0.248292 0.080517 0.954288 0.287838
0.301360 0.211526 0.206967 0.028361 0.843829 0.535863
0.308019 0.127483 0.359098 0.693289 0.552087 0.463196
0.345017 0.154309 0.261080 0.865142 0.270785 0.422143
0.239748 0.172738 0.348756 -0.217390 0.956298 0.195540
0.362264 0.163291 0.222484 0.921772 0.268499 0.279722
0.293717 0.054054 0.353228 0.789343 -0.602226 0.119422
0.339897 0.083822 0.238282 0.710107 -0.682082 0.174674
0.353922 0.085246 0.205010 0.879897 -0.458602 0.124357
0.204656 0.143639 0.427825 0.089323 0.940751 0.327123
0.278532 0.092910 0.431644 0.867716 0.234597 0.438216
0.176874 0.127615 0.330707 -0.825214 0.525695 -0.206557
0.143977 0.114754 0.410914 -0.853764 0.511645 -0.096472
0.271460 0.030795 0.423877 0.671227 -0.729500 0.131471
0.196394 0.126464 0.481030 -0.166439 0.740077 0.651602
0.149042 0.096142 0.467197 -0.867151 0.219561 0.447037
0.242540 0.037706 0.477470 0.569984 -0.504196 0.648771
0.258262 0.085855 0.484526 0.569787 0.440651 0.693664
0.191671 0.064340 0.500000 -0.212879 -0.182417 0.959899
0.337399 0.283369 -0.057705 0.300043 0.953803 -0.015298
0.333946 0.261679 0.070813 0.323240 0.904624 0.277799
0.390276 0.244538 0.015502 0.763230 0.588896 0.265860
0.393252 0.239930 -0.114641 0.916217 0.243382 -0.318294
0.340852 0.262025 -0.178930 0.577157 0.576036 -0.578855
0.391789 0.255656 -0.049546 0.488993 0.871665 -0.032944
0.219474 0.304688 -0.066491 0.044491 0.998577 0.029418
0.251326 0.282504 -0.234390 0.207914 0.872563 -0.442047
0.093624 0.141776 -0.287886 0.163633 -0.894237 -0.416611
0.138338 0.139713 -0.279134 -0.029175 -0.898954 -0.437071
0.050308 0.150302 -0.209329 -0.430359 -0.869787 -0.241373
0.152056 0.188962 -0.295636 0.305789 0.039443 -0.951282
0.049123 0.156104 -0.252793 -0.556943 -0.812406 0.172658
0.034241 0.213926 -0.225114 -0.792874 0.371285 -0.483217
0.009649 0.169668 -0.186765 -0.190448 -0.890921 -0.412297
0.017168 0.158039 -0.089447 -0.450491 -0.891967 -0.038103
-0.054849 0.181050 -0.211072 0.180005 -0.833008 -0.523159
-0.072801 0.181865 -0.156673 -0.198512 -0.893503 0.402797
-0.007467 0.171702 -0.127076 -0.551151 -0.719675 0.422256
0.000769 0.223982 -0.085120 -0.878972 0.474681 -0.045679
-0.196736 0.184776 -0.191744 -0.167068 -0.780789 0.602044
-0.208916 0.241281 -0.165523 -0.271608 0.234882 0.933306
-0.175622 0.179784 -0.256997 0.133746 -0.941856 -0.308252
-0.166086 0.225487 -0.295746 0.372239 -0.110133 -0.921579
-0.229795 0.175125 -0.280114 0.030991 -0.947885 -0.317102
-0.254499 0.182039 -0.205496 -0.305436 -0.757222 0.577341
-0.314977 0.188395 -0.239877 -0.564939 -0.797305 0.212482
-0.296421 0.183344 -0.294016 -0.444890 -0.717769 -0.535612
-0.222890 0.225670 -0.315590 0.210144 -0.241887 -0.947275
-0.331082 0.237291 -0.279292 -0.934932 0.121101 -0.333522
-0.289672 0.230517 -0.317342 -0.157644 -0.094967 -0.982919
-0.321414 0.241537 -0.224176 -0.725742 0.107442 0.679526
-0.265578 0.243191 -0.183444 -0.415773 -0.003555 0.909462
0.229973 0.103005 0.207504 -0.874846 -0.461476 -0.147258
0.181031 0.114481 0.136130 -0.533615 -0.733492 0.421004
0.273186 0.060751 0.166333 -0.159312 -0.978023 0.134500
0.177539 0.169481 0.167228 -0.375456 0.265730 0.887930
0.181772 0.074051 0.317138 -0.743939 -0.481328 -0.463550
0.270816 0.063650 0.213250 -0.093523 -0.966441 -0.239259
0.235217 0.032309 0.325450 0.040750 -0.951358 -0.305382
0.350230 0.060555 0.073231 0.573975 -0.817066 -0.054364
0.143943 0.050234 0.392920 -0.840813 -0.474267 -0.260969
0.143730 0.041956 0.451245 -0.787462 -0.458931 0.411443
0.195810 0.007076 0.457362 -0.175903 -0.918294 0.354675
0.214038 0.000000 0.402418 -0.198668 -0.937412 -0.285988
-0.014173 0.170274 -0.047653 -0.369249 -0.888712 -0.271745
0.027399 0.150703 0.039835 -0.591295 -0.806271 0.017264
-0.012770 0.223330 -0.075281 -0.262383 0.047351 -0.963801
-0.099452 0.184631 -0.035713 -0.096621 -0.910156 -0.402841
-0.091609 0.184354 0.028589 -0.009338 -0.875967 0.482280
-0.006853 0.168867 0.011418 -0.312179 -0.770237 0.556129
0.014704 0.228420 0.056737 -0.668198 0.245880 0.702179
0.015472 0.151108 0.082643 -0.515893 -0.678346 -0.523164
0.087472 0.127018 0.096093 -0.355890 -0.930171 0.090133
-0.064829 0.163666 0.128589 -0.403703 -0.629770 -0.663637
-0.037171 0.145741 0.172126 0.099700 -0.963359 0.248998
0.042852 0.137803 0.123981 0.095433 -0.908274 0.407346
-0.143036 0.143793 0.237592 0.108848 -0.983181 0.146656
-0.173423 0.173578 0.182297 -0.394344 -0.533019 -0.748588
-0.000237 0.224618 0.045100 0.018115 -0.212887 0.976909
-0.084715 0.234107 0.056456 0.157145 -0.053217 0.986141
-0.223196 0.173514 0.202862 -0.388551 -0.681767 -0.619856
-0.186433 0.141000 0.263834 -0.087190 -0.994401 0.059707
-0.281782 0.177708 0.248833 -0.699867 -0.583412 -0.412088
-0.256507 0.156411 0.296220 -0.306492 -0.819272 0.484620
-0.227587 0.190382 0.056384 0.092911 -0.875617 0.473985
-0.222020 0.245391 0.086727 0.191827 0.153759 0.969309
-0.238722 0.183135 -0.025179 -0.042565 -0.794446 -0.605841
-0.099414 0.237125 -0.063349 -0.083650 -0.028103 -0.996099
-0.239916 0.239137 -0.053634 -0.072623 0.087404 -0.993522
-0.303548 0.181195 -0.017894 -0.132247 -0.941939 -0.308645
-0.292136 0.184913 0.068618 -0.074532 -0.914361 0.397980
-0.373294 0.199726 0.002918 -0.562340 -0.765948 -0.311603
-0.366844 0.201909 0.069061 -0.497450 -0.623698 0.602947
-0.293509 0.244572 0.099102 0.024950 -0.115896 0.992948
-0.363131 0.251001 0.086915 -0.390995 0.203692 0.897570
-0.315382 0.243754 -0.047994 -0.255491 -0.066952 -0.964490
-0.376841 0.250438 -0.018226 -0.728793 0.033825 -0.683898
-0.395380 0.254795 0.037801 -0.990354 0.061846 0.123994
-0.107825 0.295783 0.034063 0.106576 0.845603 0.523065
-0.117668 0.294751 -0.033777 -0.036185 0.865193 -0.500133
-0.219424 0.297036 -0.027033 -0.003883 0.889928 -0.456085
-0.208903 0.299287 0.053740 0.104786 0.904644 0.413085
-0.293833 0.303379 0.064611 0.036728 0.899872 0.434606
-0.304691 0.302058 -0.017297 -0.066435 0.822407 -0.565007
-0.368370 0.300553 0.002658 -0.427740 0.817073 -0.386563
-0.359704 0.301836 0.064189 -0.478934 0.743354 0.466955
-0.159120 0.280969 -0.268715 0.172204 0.921095 -0.349184
-0.184643 0.290893 -0.193696 -0.055667 0.940609 0.334896
-0.253139 0.293583 -0.219189 -0.166891 0.918271 0.359062
-0.229220 0.283032 -0.293828 0.164673 0.757085 -0.632222
-0.300257 0.291469 -0.244506 -0.474072 0.879769 0.035536
-0.280281 0.284320 -0.303100 -0.392668 0.676421 -0.623110
0.001818 0.213082 -0.274577 -0.738984 0.063598 0.670715
-0.067660 0.216850 -0.344386 -0.690095 0.262961 0.674255
-0.030998 0.261424 -0.357768 -0.107315 0.986581 0.123052
0.018886 0.246913 -0.405781 0.397499 0.847726 -0.351220
-0.042402 0.249764 -0.469895 0.377694 0.803316 -0.460469
-0.094580 0.261995 -0.421520 -0.397402 0.876295 0.272359
-0.118196 0.217839 -0.398947 -0.797667 -0.026695 0.602507
0.023217 0.195165 -0.428204 0.749736 -0.127548 -0.649328
-0.133799 0.215853 -0.444625 -0.978189 0.069604 0.195706
-0.119859 0.255784 -0.453713 -0.476562 0.823739 -0.307154
-0.026271 0.195613 -0.481755 0.611125 -0.257531 -0.748468
-0.074834 0.200008 -0.500000 0.191264 -0.136203 -0.972042
-0.077852 0.247104 -0.490984 -0.125546 0.571581 -0.810884
-0.117450 0.209271 -0.486819 -0.670853 0.050730 -0.739853
0.020122 0.152280 -0.294455 -0.532509 -0.713002 0.456138
0.058949 0.146683 -0.327991 0.250537 -0.938796 -0.236419
-0.047112 0.156155 -0.362077 -0.459813 -0.771418 0.439872
-0.003754 0.147565 -0.402520 0.367471 -0.875893 -0.312693
-0.045330 0.146116 -0.454787 0.115434 -0.940478 -0.319650
-0.097278 0.157430 -0.405389 -0.561125 -0.776389 0.286981
-0.092137 0.162699 -0.484249 -0.299459 -0.805140 -0.511932
-0.127592 0.171779 -0.451769 -0.827500 -0.543472 -0.141002
0.335216 0.167072 -0.222961 0.815370 -0.066661 -0.575089
0.188116 0.084768 -0.208583 -0.287379 -0.949105 -0.128891
0.217977 0.120436 -0.252295 0.043689 -0.675364 -0.736189
0.290528 0.059216 -0.121188 0.137555 -0.982374 -0.126569
0.325514 0.106756 -0.207576 0.592463 -0.653016 -0.471760
0.240400 0.057025 0.046702 -0.264273 -0.963636 0.039579
0.243116 0.181912 -0.267283 0.414568 0.047716 -0.908767
0.222586 0.273262 0.112002 0.010091 0.902466 0.430643
0.395380 0.180172 -0.037010 0.934864 -0.346598 -0.076807
