0 96
0 1
0 2
0 3
0 107
0 108
0 109
1 0
1 2
1 3
1 4
1 5
1 130
1 23
1 24
2 0
2 1
2 130
2 132
2 166
2 109
3 0
3 1
3 96
3 4
3 6
4 1
4 3
4 5
4 6
4 7
5 32
5 1
5 4
5 7
5 10
5 146
5 148
5 150
5 23
5 27
5 156
5 157
6 96
6 3
6 4
6 7
6 8
6 12
7 4
7 5
7 6
7 8
7 9
7 10
8 6
8 7
8 9
8 12
8 13
8 14
8 17
9 7
9 8
9 10
9 11
9 17
9 20
10 5
10 7
10 9
10 11
10 150
10 151
11 9
11 10
11 20
11 151
11 155
12 96
12 6
12 8
12 13
12 147
12 149
13 8
13 12
13 14
13 15
13 149
14 8
14 13
14 15
14 16
14 17
15 13
15 14
15 16
15 19
15 149
15 152
16 14
16 15
16 17
16 18
16 19
16 22
17 8
17 9
17 14
17 16
17 18
17 20
18 16
18 17
18 20
18 21
18 22
19 15
19 16
19 22
19 152
19 153
20 9
20 11
20 17
20 18
20 21
20 155
21 18
21 20
21 22
21 154
21 155
22 16
22 18
22 19
22 21
22 153
22 154
23 1
23 5
23 24
23 26
23 27
24 1
24 130
24 23
24 25
24 26
25 159
25 160
25 130
25 136
25 137
25 48
25 49
25 53
25 24
25 26
25 31
26 23
26 24
26 25
26 27
26 28
26 29
26 30
26 31
27 32
27 5
27 23
27 26
27 28
28 32
28 33
28 34
28 38
28 26
28 27
28 29
29 38
29 40
29 26
29 28
29 30
30 161
30 40
30 26
30 29
30 31
31 161
31 25
31 26
31 30
31 159
32 33
32 5
32 27
32 28
32 157
32 158
33 32
33 34
33 35
33 28
33 158
34 33
34 35
34 36
34 37
34 38
34 28
35 33
35 34
35 162
35 36
35 39
35 158
36 34
36 35
36 37
36 39
36 42
37 34
37 36
37 38
37 40
37 41
37 42
38 34
38 37
38 40
38 28
38 29
39 162
39 35
39 36
39 163
39 42
40 161
40 37
40 38
40 165
40 41
40 29
40 30
41 164
41 37
41 165
41 40
41 42
42 163
42 164
42 36
42 37
42 39
42 41
43 167
43 44
43 45
43 48
43 82
43 146
43 84
44 133
44 134
44 167
44 171
44 43
44 45
45 133
45 43
45 44
45 47
45 48
45 49
46 133
46 135
46 138
46 140
46 47
46 50
46 51
47 133
47 45
47 46
47 49
47 50
47 52
48 160
48 43
48 45
48 49
48 146
48 25
48 156
49 45
49 47
49 48
49 52
49 53
49 25
50 46
50 47
50 51
50 52
50 56
50 59
50 62
51 62
51 50
51 140
51 46
52 47
52 49
52 50
52 53
52 54
52 55
52 56
53 137
53 139
53 49
53 52
53 54
53 25
54 139
54 141
54 52
54 53
54 55
55 141
55 142
55 52
55 54
55 56
55 57
56 50
56 52
56 55
56 57
56 58
56 59
56 60
57 142
57 55
57 56
57 58
57 63
58 56
58 57
58 60
58 63
59 50
59 56
59 60
59 61
59 62
60 56
60 58
60 59
60 61
60 63
61 143
61 59
61 60
61 62
61 63
62 140
62 143
62 144
62 50
62 51
62 59
62 61
63 142
63 143
63 57
63 58
63 60
63 61
64 65
64 66
64 67
64 72
64 73
64 78
64 79
65 64
65 66
65 67
65 68
65 83
65 85
66 64
66 65
66 108
66 78
66 85
66 119
66 121
67 64
67 65
67 68
67 69
67 71
67 72
68 65
68 67
68 69
68 70
68 83
69 67
69 68
69 70
69 71
69 170
69 172
69 125
69 126
70 68
70 69
70 168
70 170
70 83
70 84
71 67
71 69
71 72
71 76
71 125
72 64
72 67
72 71
72 73
72 74
72 75
72 76
73 64
73 74
73 72
73 79
74 72
74 73
74 75
74 79
74 80
74 81
75 72
75 74
75 76
75 77
75 80
76 71
76 72
76 75
76 77
76 124
76 125
77 75
77 76
77 80
77 124
77 127
78 64
78 66
78 79
78 121
78 122
78 123
79 64
79 73
79 74
79 78
79 81
79 123
80 128
80 74
80 75
80 77
80 81
80 127
81 128
81 74
81 79
81 80
81 123
82 97
82 43
82 146
82 83
82 84
82 85
83 65
83 68
83 70
83 82
83 84
83 85
84 70
84 167
84 168
84 43
84 82
84 83
85 65
85 66
85 97
85 82
85 83
85 86
85 119
86 97
86 119
86 85
86 87
86 120
86 88
86 95
87 110
87 111
87 113
87 86
87 120
87 89
87 90
87 88
88 86
88 87
88 89
88 91
88 95
89 98
89 99
89 102
89 87
89 88
89 90
89 91
89 92
90 98
90 113
90 115
90 87
90 89
91 96
91 88
91 89
91 92
91 93
91 95
92 102
92 89
92 91
92 93
92 94
93 96
93 112
93 114
93 91
93 92
93 94
94 102
94 104
94 114
94 92
94 93
95 96
95 97
95 86
95 88
95 91
96 0
96 97
96 3
96 6
96 107
96 12
96 112
96 145
96 147
96 91
96 93
96 95
97 96
97 145
97 82
97 146
97 148
97 85
97 86
97 95
98 99
98 100
98 101
98 115
98 89
98 90
99 89
99 98
99 100
99 102
100 98
100 99
100 101
100 102
100 103
100 106
101 98
101 100
101 106
101 115
101 116
102 99
102 100
102 103
102 104
102 105
102 89
102 92
102 94
103 105
103 106
103 100
103 102
104 102
104 105
104 114
104 117
104 118
104 94
105 102
105 103
105 104
105 106
105 117
106 100
106 101
106 103
106 105
106 116
106 117
107 0
107 96
107 108
107 110
107 111
107 112
108 0
108 66
108 107
108 109
108 110
108 119
108 121
109 0
109 129
109 2
109 166
109 108
109 173
109 121
110 107
110 108
110 111
110 87
110 119
110 120
111 107
111 110
111 112
111 113
111 87
112 96
112 107
112 111
112 113
112 114
112 93
113 111
113 112
113 114
113 115
113 118
113 87
113 90
114 104
114 112
114 113
114 118
114 93
114 94
115 98
115 101
115 113
115 116
115 117
115 118
115 90
116 117
116 115
116 101
116 106
117 104
117 105
117 106
117 115
117 116
117 118
118 104
118 113
118 114
118 115
118 117
119 66
119 108
119 110
119 85
119 86
119 120
120 110
120 119
120 86
120 87
121 129
121 66
121 108
121 109
121 78
121 122
122 129
122 78
122 121
122 123
122 124
122 125
122 126
123 128
123 78
123 79
123 81
123 122
123 124
124 128
124 76
124 77
124 122
124 123
124 125
124 127
125 69
125 71
125 76
125 122
125 124
125 126
126 129
126 69
126 172
126 173
126 122
126 125
127 80
127 128
127 124
127 77
128 80
128 81
128 123
128 124
128 127
129 109
129 173
129 121
129 122
129 126
130 1
130 2
130 131
130 132
130 136
130 24
130 25
131 130
131 132
131 133
131 134
131 135
131 136
132 2
132 130
132 131
132 166
132 134
132 174
132 175
133 131
133 134
133 135
133 44
133 45
133 46
133 47
134 131
134 132
134 133
134 171
134 44
134 175
135 131
135 133
135 136
135 137
135 138
135 46
136 130
136 131
136 135
136 137
136 25
137 135
137 136
137 138
137 139
137 53
137 25
138 135
138 137
138 139
138 140
138 46
139 137
139 138
139 140
139 141
139 144
139 53
139 54
140 138
140 139
140 46
140 144
140 51
140 62
141 139
141 142
141 143
141 144
141 54
141 55
142 141
142 143
142 55
142 57
142 63
143 141
143 142
143 144
143 61
143 62
143 63
144 139
144 140
144 141
144 143
144 62
145 96
145 97
145 147
145 148
146 97
146 5
146 43
146 48
146 82
146 148
146 156
147 96
147 12
147 145
147 148
147 149
147 150
148 97
148 5
148 145
148 146
148 147
148 150
149 12
149 13
149 15
149 147
149 150
149 151
149 152
150 5
150 10
150 147
150 148
150 149
150 151
151 10
151 11
151 149
151 150
151 152
151 155
152 15
152 19
152 149
152 151
152 153
152 154
152 155
153 152
153 154
153 19
153 22
154 21
154 22
154 152
154 153
154 155
155 11
155 20
155 21
155 151
155 152
155 154
156 160
156 5
156 48
156 146
156 157
156 159
157 32
157 5
157 156
157 158
157 159
158 32
158 33
158 161
158 35
158 162
158 157
158 159
159 160
159 161
159 25
159 156
159 157
159 158
159 31
160 48
160 25
160 156
160 159
161 159
161 162
161 165
161 40
161 158
161 30
161 31
162 161
162 35
162 163
162 164
162 165
162 39
162 158
163 162
163 164
163 42
163 39
164 162
164 163
164 165
164 41
164 42
165 161
165 162
165 164
165 40
165 41
166 2
166 132
166 109
166 173
166 174
166 177
167 168
167 169
167 43
167 171
167 44
167 84
168 70
168 167
168 169
168 170
168 177
168 84
169 167
169 168
169 171
169 176
169 177
170 69
170 70
170 168
170 172
170 177
171 134
171 167
171 169
171 44
171 175
171 176
172 69
172 170
172 173
172 177
172 126
173 129
173 166
173 172
173 109
173 177
173 126
174 177
174 132
174 166
174 175
175 132
175 134
175 171
175 174
175 176
175 177
176 177
176 169
176 171
176 175
177 166
177 168
177 169
177 170
177 172
177 173
177 174
177 175
177 176
