5 97
5 171
6 7
6 167
6 171
7 6
8 178
10 48
11 12
12 11
17 143
17 180
21 22
21 179
22 21
22 98
22 169
22 179
26 30
27 36
28 29
29 28
29 105
30 26
31 44
32 41
33 40
36 27
36 37
37 36
37 108
38 39
38 107
39 38
40 33
40 41
40 45
40 177
41 32
41 40
41 45
43 44
43 45
43 176
44 31
44 43
45 40
45 41
45 43
45 176
45 177
48 10
53 117
54 182
55 56
56 55
62 65
63 64
63 68
64 63
64 68
64 126
65 62
65 66
66 65
66 68
68 63
68 64
68 66
72 131
73 74
74 73
76 78
78 76
80 81
81 80
82 87
83 90
84 130
86 89
87 82
88 137
89 86
89 90
89 138
90 83
90 89
95 169
97 5
97 168
98 22
98 179
104 105
105 29
105 104
107 38
107 108
108 37
108 107
115 123
115 184
116 121
117 53
119 125
121 116
122 183
123 115
123 184
125 119
126 64
126 127
127 126
130 84
131 72
132 134
134 132
137 88
138 89
143 17
143 180
147 153
152 154
153 147
154 152
158 165
159 160
160 159
160 166
165 158
166 160
167 6
167 168
168 97
168 167
169 22
169 95
169 179
171 5
171 6
172 173
173 172
174 176
176 43
176 45
176 174
176 177
177 40
177 45
177 176
178 8
179 21
179 22
179 98
179 169
180 17
180 143
182 54
183 122
184 115
184 123
