4 5
5 4
6 176
7 19
9 12
10 168
10 181
12 9
14 97
17 18
18 17
18 28
19 7
19 168
20 47
21 22
22 21
24 33
25 27
25 34
27 25
28 18
29 40
29 42
30 31
30 39
31 30
31 38
31 39
33 24
33 36
34 25
35 104
36 33
36 37
36 103
37 36
37 104
38 31
38 39
38 43
38 174
39 30
39 31
39 38
39 42
40 29
40 41
41 40
41 42
41 43
41 173
42 29
42 39
42 41
43 38
43 41
43 173
43 174
46 154
47 20
48 55
55 48
56 134
56 183
61 64
62 63
62 67
63 62
63 67
63 137
64 61
64 65
65 64
65 138
67 62
67 63
71 111
72 112
73 75
74 80
75 73
79 117
80 74
82 89
83 115
85 88
87 119
88 85
89 82
93 166
94 98
94 123
94 177
96 98
97 14
98 94
98 96
100 101
101 100
102 103
103 36
103 102
103 104
104 35
104 37
104 103
105 129
111 71
111 113
112 72
113 111
113 114
114 113
115 83
117 79
118 119
119 87
119 118
120 121
121 120
122 142
123 94
125 182
126 128
127 182
128 126
129 105
130 136
131 135
134 56
134 183
135 131
136 130
137 63
138 65
139 145
142 122
145 139
146 151
149 152
149 163
151 146
152 149
154 46
159 177
159 178
160 163
163 149
163 160
164 165
165 164
166 93
166 168
167 180
168 10
168 19
168 166
168 181
173 41
173 43
173 174
174 38
174 43
174 173
175 180
176 6
177 94
177 159
177 178
178 159
178 177
180 167
180 175
181 10
181 168
182 125
182 127
183 56
183 134
