 -0.398619   0.151511  -0.018000
 -0.336481   0.140763   0.110790
 -0.096117   0.203610   0.079407
 -0.078411   0.209067  -0.023637
 -0.068655   0.214578  -0.137866
 -0.122887   0.211837  -0.236004
 -0.286771   0.132164   0.213821
  0.051390   0.203918   0.165147
  0.096030   0.235576   0.001868
  0.084711   0.230172  -0.188352
 -0.010990   0.201176  -0.336201
 -0.227568   0.091094   0.366380
  0.184168   0.209377   0.242653
  0.266632   0.242419   0.026412
  0.227811   0.234150  -0.235155
  0.076846   0.206112  -0.415850
 -0.157445   0.067157   0.475817
  0.286227   0.213258   0.302181
  0.388145   0.232631   0.043607
  0.328519   0.227345  -0.267758
  0.125497   0.215828  -0.460428
