0 1
0 2
0 3
0 4
0 47
1 0
1 2
1 3
1 112
2 0
2 1
2 136
2 47
2 112
2 111
2 82
2 143
2 93
3 0
3 1
3 97
3 4
3 6
3 112
4 0
4 3
4 5
4 6
4 47
4 48
4 50
5 4
5 6
5 9
5 50
5 23
6 97
6 98
6 3
6 4
6 5
6 8
6 9
6 171
7 8
7 9
7 40
7 11
7 168
7 171
8 9
8 171
8 6
8 7
9 5
9 6
9 7
9 8
9 10
9 11
9 23
10 34
10 35
10 36
10 9
10 11
10 22
10 23
11 36
11 7
11 40
11 9
11 10
12 99
12 100
12 13
12 14
12 15
12 26
13 100
13 12
13 14
13 50
13 179
13 95
14 12
14 13
14 15
14 16
14 50
15 12
15 14
15 16
15 18
15 19
15 26
16 103
16 14
16 15
16 17
16 18
16 50
16 49
16 180
17 101
17 103
17 104
17 16
17 18
17 21
18 15
18 16
18 17
18 19
18 20
18 21
19 15
19 18
19 20
19 24
19 25
19 26
20 24
20 18
20 19
20 21
21 104
21 17
21 18
21 20
21 24
21 28
22 34
22 169
22 10
22 172
22 173
22 23
23 5
23 9
23 10
23 172
23 50
23 22
24 32
24 19
24 20
24 21
24 25
24 28
24 29
25 19
25 24
25 26
25 27
25 29
25 30
25 31
26 99
26 105
26 12
26 15
26 19
26 25
26 27
27 105
27 106
27 25
27 26
27 31
28 32
28 104
28 107
28 21
28 24
29 32
29 33
29 24
29 25
29 30
30 25
30 33
30 29
30 31
31 33
31 106
31 109
31 25
31 27
31 30
32 33
32 107
32 108
32 24
32 28
32 29
33 32
33 108
33 109
33 29
33 30
33 31
34 35
34 38
34 39
34 10
34 173
34 22
35 34
35 36
35 37
35 38
35 10
36 35
36 37
36 40
36 10
36 11
37 35
37 36
37 38
37 40
37 42
37 43
37 44
37 45
38 34
38 35
38 37
38 39
38 41
38 42
39 34
39 38
39 41
39 173
39 176
40 36
40 37
40 7
40 168
40 43
40 11
40 174
41 38
41 39
41 42
41 46
41 176
41 178
42 37
42 38
42 41
42 45
42 46
43 37
43 40
43 44
43 174
43 175
44 37
44 43
44 45
44 46
44 175
44 177
45 42
45 44
45 37
45 46
46 41
46 42
46 44
46 45
46 177
46 178
47 0
47 2
47 4
47 48
47 93
48 4
48 71
48 72
48 47
48 49
48 50
48 93
49 72
49 48
49 16
49 50
49 146
49 180
49 145
50 4
50 5
50 172
50 13
50 14
50 48
50 49
50 16
50 179
50 23
51 52
51 53
51 55
51 56
51 57
51 58
52 72
52 51
52 53
52 58
52 59
53 72
53 51
53 52
53 54
53 55
53 182
53 183
53 124
54 70
54 53
54 55
54 120
54 122
54 124
55 70
55 51
55 53
55 54
55 56
56 70
56 51
56 55
56 57
56 63
57 51
57 56
57 58
57 60
57 61
57 63
58 51
58 52
58 118
58 119
58 57
58 59
58 60
59 72
59 52
59 181
59 119
59 184
59 58
60 118
60 57
60 58
60 123
60 61
60 62
61 64
61 57
61 60
61 62
61 63
62 64
62 65
62 129
62 123
62 60
62 61
62 127
63 64
63 66
63 67
63 68
63 70
63 56
63 57
63 61
64 65
64 66
64 69
64 61
64 62
64 63
65 64
65 129
65 69
65 62
66 64
66 67
66 69
66 63
67 66
67 130
67 68
67 69
67 63
68 128
68 130
68 67
68 70
68 122
68 63
69 64
69 65
69 66
69 67
69 129
69 130
70 68
70 54
70 55
70 56
70 122
70 63
71 72
71 74
71 75
71 48
71 183
71 93
72 71
72 48
72 49
72 146
72 52
72 181
72 53
72 183
72 59
73 131
73 132
73 74
73 75
73 77
73 79
73 85
74 132
74 71
74 73
74 75
74 110
74 182
74 183
75 71
75 73
75 74
75 76
75 77
75 82
75 93
76 75
76 77
76 78
76 80
76 81
76 82
77 73
77 75
77 76
77 78
77 79
78 76
78 77
78 79
78 80
78 83
78 84
79 73
79 77
79 78
79 83
79 85
80 134
80 135
80 76
80 78
80 81
80 84
80 87
81 135
81 136
81 137
81 76
81 80
81 82
82 2
82 136
82 75
82 76
82 81
82 93
83 78
83 79
83 84
83 85
83 86
83 88
83 91
84 78
84 80
84 83
84 87
84 90
84 91
85 131
85 133
85 73
85 79
85 83
85 86
86 133
86 139
86 83
86 85
86 88
86 89
87 134
87 141
87 142
87 80
87 84
87 90
88 83
88 86
88 89
88 91
88 92
89 139
89 140
89 86
89 88
89 92
90 141
90 84
90 87
90 91
90 92
91 83
91 84
91 88
91 90
91 92
92 140
92 141
92 88
92 89
92 90
92 91
93 2
93 71
93 75
93 47
93 48
93 82
94 96
94 97
94 110
94 111
94 112
94 95
95 96
95 97
95 98
95 100
95 170
95 171
95 172
95 13
95 179
95 94
96 100
96 102
96 110
96 114
96 115
96 180
96 184
96 94
96 95
97 98
97 3
97 6
97 112
97 94
97 95
98 97
98 171
98 6
98 95
99 100
99 101
99 105
99 12
99 26
100 96
100 99
100 101
100 102
100 12
100 13
100 95
101 99
101 100
101 102
101 103
101 104
101 105
101 17
102 96
102 100
102 101
102 103
102 180
103 101
103 102
103 16
103 17
103 180
104 101
104 105
104 106
104 107
104 17
104 21
104 28
105 99
105 101
105 104
105 106
105 26
105 27
106 104
106 105
106 107
106 108
106 109
106 27
106 31
107 32
107 104
107 106
107 108
107 28
108 32
108 33
108 106
108 107
108 109
109 33
109 106
109 108
109 31
110 96
110 132
110 138
110 74
110 111
110 182
110 119
110 184
110 121
110 94
111 2
111 138
111 110
111 143
111 112
111 94
112 97
112 2
112 1
112 3
112 111
112 94
113 162
113 163
113 114
113 115
113 116
113 151
114 96
114 113
114 115
114 116
114 117
114 184
115 96
115 144
115 113
115 114
115 145
115 180
115 151
116 163
116 113
116 114
116 117
116 125
116 126
117 114
117 116
117 181
117 184
117 126
118 122
118 119
118 120
118 58
118 123
118 60
119 110
119 118
119 120
119 121
119 58
119 59
119 184
120 119
120 54
120 118
120 121
120 122
120 124
121 110
121 182
121 119
121 120
121 124
122 128
122 68
122 70
122 54
122 118
122 120
122 123
122 127
123 118
123 122
123 60
123 62
123 127
124 53
124 182
124 54
124 120
124 121
125 163
125 146
125 147
125 116
125 150
125 126
126 146
126 116
126 117
126 181
126 125
127 128
127 129
127 122
127 123
127 62
128 129
128 130
128 68
128 122
128 127
129 128
129 65
129 130
129 69
129 62
129 127
130 128
130 129
130 67
130 68
130 69
131 132
131 133
131 135
131 73
131 137
131 85
132 131
132 73
132 74
132 138
132 137
132 110
133 131
133 134
133 135
133 139
133 142
133 85
133 86
134 133
134 135
134 142
134 80
134 87
135 131
135 133
135 134
135 137
135 80
135 81
136 2
136 137
136 143
136 81
136 82
137 131
137 132
137 135
137 136
137 138
137 143
137 81
138 132
138 137
138 110
138 143
138 111
139 133
139 140
139 141
139 142
139 86
139 89
140 89
140 139
140 92
140 141
141 139
141 140
141 142
141 87
141 90
141 92
142 133
142 134
142 139
142 141
142 87
143 2
143 136
143 137
143 138
143 111
144 145
144 146
144 147
144 148
144 115
144 151
145 144
145 49
145 146
145 115
145 180
146 72
146 144
146 145
146 49
146 147
146 181
146 125
146 126
147 144
147 146
147 148
147 149
147 150
147 125
148 144
148 147
148 149
148 151
148 152
148 153
148 154
149 152
149 147
149 148
149 150
150 163
150 147
150 149
150 152
150 156
150 125
151 162
151 144
151 113
151 115
151 148
151 154
152 161
152 148
152 149
152 150
152 153
152 156
152 157
152 158
153 148
153 152
153 154
153 155
153 157
154 162
154 148
154 151
154 153
154 155
155 162
155 164
155 166
155 153
155 154
155 157
155 159
156 161
156 163
156 165
156 167
156 150
156 152
157 160
157 152
157 153
157 155
157 158
157 159
158 152
158 161
158 157
158 160
159 160
159 155
159 157
159 166
160 161
160 166
160 167
160 157
160 158
160 159
161 160
161 167
161 152
161 156
161 158
162 163
162 164
162 113
162 151
162 154
162 155
163 162
163 164
163 165
163 113
163 116
163 150
163 156
163 125
164 162
164 163
164 165
164 166
164 155
165 163
165 164
165 166
165 167
165 156
166 160
166 164
166 165
166 167
166 155
166 159
167 160
167 161
167 165
167 166
167 156
168 7
168 40
168 169
168 170
168 171
168 173
168 174
169 168
169 170
169 172
169 173
169 22
170 168
170 169
170 171
170 172
170 95
171 98
171 6
171 7
171 168
171 8
171 170
171 95
172 169
172 170
172 50
172 179
172 22
172 23
172 95
173 34
173 39
173 168
173 169
173 174
173 175
173 176
173 22
174 168
174 40
174 43
174 173
174 175
175 43
175 44
175 173
175 174
175 176
175 177
176 39
176 41
176 173
176 175
176 177
176 178
177 44
177 46
177 175
177 176
177 178
178 176
178 177
178 46
178 41
179 50
179 172
179 13
179 95
180 96
180 102
180 103
180 16
180 49
180 145
180 115
181 72
181 146
181 117
181 184
181 59
181 126
182 74
182 110
182 53
182 183
182 121
182 124
183 71
183 72
183 74
183 53
183 182
184 96
184 110
184 114
184 117
184 181
184 119
184 59
