5 9
6 8
6 98
7 168
8 6
9 5
12 99
13 172
13 179
16 103
17 18
18 17
20 24
22 172
23 50
24 20
25 30
26 27
27 26
30 25
30 31
31 30
31 33
31 109
32 33
33 31
33 32
37 44
37 45
38 39
38 42
39 38
39 41
39 176
41 39
41 42
41 46
41 178
42 38
42 41
42 46
43 44
43 175
44 37
44 43
44 45
44 46
44 177
45 37
45 44
45 46
46 41
46 42
46 44
46 45
46 178
50 23
51 55
54 120
55 51
57 60
58 118
59 126
59 181
60 57
60 62
62 60
64 69
65 129
66 67
66 69
67 66
67 69
69 64
69 66
69 67
74 182
75 77
76 82
77 75
81 136
82 76
83 88
88 83
89 92
89 140
90 91
91 90
92 89
95 170
96 114
98 6
98 171
99 12
99 101
101 99
103 16
103 115
103 180
104 107
105 106
106 105
107 104
108 109
109 31
109 108
110 121
114 96
115 103
115 180
116 125
117 184
118 58
119 121
119 184
120 54
121 110
121 119
125 116
126 59
126 181
129 65
129 130
130 129
135 137
136 81
137 135
140 89
140 141
141 140
144 151
149 150
150 149
151 144
158 160
158 161
159 166
160 158
161 158
161 167
163 165
165 163
166 159
167 161
168 7
169 170
170 95
170 169
170 171
171 98
171 170
172 13
172 22
172 179
175 43
176 39
177 44
177 178
178 41
178 46
178 177
179 13
179 172
180 103
180 115
181 59
181 126
182 74
184 117
184 119
