-0.268298 0.181909 -0.267281 -0.843584 -0.115645 -0.524397
-0.276505 0.282500 -0.234390 -0.649182 0.678360 -0.344079
-0.112732 0.191002 -0.346513 -0.741506 -0.172562 -0.648376
-0.147297 0.188623 -0.308456 -0.608526 -0.157063 -0.777835
-0.143792 0.257108 -0.291625 -0.421707 0.700237 -0.576048
-0.046771 0.261414 -0.304322 0.211942 0.965590 0.150720
-0.094274 0.246844 -0.348188 -0.564448 0.640450 -0.520791
0.020941 0.229344 -0.243508 -0.370579 -0.081853 -0.925187
-0.043536 0.218782 -0.217808 0.058929 0.089576 -0.994235
-0.067429 0.278713 -0.184022 -0.131656 0.790978 -0.597512
0.038263 0.278389 -0.229370 -0.217621 0.843412 -0.491220
-0.048880 0.281134 -0.119259 0.194789 0.940476 0.278500
0.059780 0.234608 -0.130632 0.309247 0.004865 0.950969
0.061114 0.283584 -0.163381 0.086020 0.916782 0.390015
0.133941 0.280965 -0.268712 -0.172188 0.921100 -0.349178
0.159459 0.290888 -0.193695 0.055655 0.940601 0.334920
0.183735 0.241276 -0.165522 0.271613 0.234889 0.933303
-0.027003 0.213080 -0.274576 0.739004 0.063606 0.670692
-0.100313 0.269725 -0.247935 0.372995 0.916404 0.145185
0.042472 0.216848 -0.344385 0.690089 0.262925 0.674276
0.005817 0.261424 -0.357764 0.107302 0.986580 0.123067
-0.044068 0.246909 -0.405776 -0.397506 0.847729 -0.351205
0.227960 0.293581 -0.219184 0.166881 0.918281 0.359041
0.204038 0.283026 -0.293828 -0.164682 0.757113 -0.632186
0.140911 0.225486 -0.295746 -0.372224 -0.110166 -0.921582
0.197711 0.225668 -0.315592 -0.210203 -0.241889 -0.947261
0.240401 0.243190 -0.183447 0.415773 -0.003599 0.909461
0.017219 0.249765 -0.469893 -0.377700 0.803314 -0.460466
0.069398 0.261995 -0.421517 0.397408 0.876292 0.272358
0.093015 0.217844 -0.398945 0.797644 -0.026663 0.602538
-0.048403 0.195165 -0.428202 -0.749728 -0.127527 -0.649342
0.275077 0.291463 -0.244505 0.474057 0.879778 0.035504
0.255101 0.284317 -0.303099 0.392672 0.676494 -0.623028
0.264495 0.230519 -0.317348 0.157671 -0.094973 -0.982914
0.296234 0.241536 -0.224175 0.725757 0.107395 0.679516
0.305901 0.237288 -0.279291 0.934947 0.121080 -0.333486
0.108614 0.215848 -0.444621 0.978192 0.069589 0.195698
0.094680 0.255781 -0.453711 0.476617 0.823716 -0.307129
0.001089 0.195610 -0.481750 -0.611108 -0.257542 -0.748478
0.049653 0.200010 -0.500000 -0.191263 -0.136246 -0.972037
0.052674 0.247104 -0.490985 0.125602 0.571600 -0.810862
0.092269 0.209268 -0.486816 0.670899 0.050687 -0.739814
-0.244656 0.304686 -0.066493 -0.310446 0.949485 -0.045845
-0.104785 0.295139 -0.081079 0.116693 0.992004 -0.048068
-0.131880 0.279054 -0.202924 0.122335 0.973708 -0.192161
0.039201 0.264257 0.161794 0.004023 0.999553 -0.029623
-0.065722 0.268793 0.093831 0.244344 0.945533 -0.215089
-0.092107 0.247850 0.151971 -0.286923 0.711662 0.641258
-0.012839 0.188422 0.215644 -0.492761 -0.334335 0.803372
0.009749 0.248171 0.212461 -0.438422 0.588292 0.679484
0.086431 0.252802 0.261135 -0.378728 0.763678 0.522839
0.116269 0.270373 0.207243 0.030630 0.978433 -0.204280
0.049250 0.224571 0.119298 0.466812 0.351842 -0.811353
-0.031595 0.226401 0.069436 0.680314 0.271541 -0.680764
0.156438 0.235902 0.176386 0.421077 0.307916 -0.853160
0.192243 0.277334 0.248029 0.102460 0.973844 -0.202806
0.215461 0.238245 0.207953 0.551962 0.278469 -0.785998
-0.146544 0.182552 0.148003 -0.067798 -0.265642 0.961685
0.157217 0.254262 0.308878 -0.332256 0.683543 0.649904
0.243218 0.271052 0.280618 0.463440 0.883568 0.067315
0.260358 0.230503 0.251790 0.896850 0.252320 -0.363311
0.214614 0.253292 0.332852 0.251021 0.493728 0.832599
0.216911 0.197031 0.332443 0.065701 -0.196557 0.978289
0.149218 0.188727 0.319204 -0.310219 -0.489100 0.815196
0.260579 0.213301 0.302005 0.884729 -0.026445 0.465355
0.091383 0.189136 0.283068 -0.538115 -0.143088 0.830637
-0.247767 0.273258 0.112006 -0.010092 0.902465 0.430644
-0.116554 0.284229 0.052650 0.073487 0.976347 0.203338
-0.245785 0.153649 0.216082 0.819941 0.553710 0.145265
-0.202721 0.169478 0.167229 0.375445 0.265698 0.887945
-0.326542 0.211523 0.206964 -0.478078 0.751263 0.455023
-0.370197 0.154304 0.261080 -0.948822 0.274693 0.155825
-0.306628 0.200175 0.248288 -0.080547 0.954290 0.287823
-0.333204 0.127482 0.359100 -0.693303 0.552092 0.463169
-0.264933 0.172736 0.348756 0.217379 0.956299 0.195548
-0.318904 0.054051 0.353224 -0.789338 -0.602235 0.119410
-0.365079 0.083817 0.238281 -0.808111 -0.584366 -0.073978
-0.229842 0.143638 0.427822 -0.089318 0.940749 0.327130
-0.303717 0.092910 0.431645 -0.867714 0.234586 0.438226
-0.202062 0.127615 0.330707 0.825230 0.525675 -0.206548
-0.169165 0.114752 0.410916 0.853765 0.511642 -0.096479
-0.296646 0.030795 0.423873 -0.671212 -0.729516 0.131453
-0.221581 0.126463 0.481030 0.166413 0.740082 0.651602
-0.174227 0.096142 0.467197 0.867156 0.219557 0.447030
-0.267727 0.037703 0.477470 -0.569995 -0.504211 0.648750
-0.283446 0.085852 0.484525 -0.569791 0.440657 0.693657
-0.216859 0.064338 0.500000 0.212880 -0.182417 0.959899
-0.359128 0.261677 0.070815 -0.728704 0.684663 0.015045
-0.213296 0.084768 -0.208583 0.154338 -0.970038 -0.187635
-0.075492 0.150300 -0.209326 0.430352 -0.869794 -0.241362
-0.042352 0.158039 -0.089447 0.450486 -0.891970 -0.038111
0.029667 0.181046 -0.211069 -0.179987 -0.832998 -0.523181
-0.034830 0.169663 -0.186764 0.190390 -0.890922 -0.412323
0.047615 0.181857 -0.156670 0.198508 -0.893498 0.402811
-0.017709 0.171697 -0.127079 0.551126 -0.719681 0.422279
0.171553 0.184771 -0.191742 0.167098 -0.780771 0.602059
0.150445 0.179781 -0.256991 -0.133764 -0.941844 -0.308282
0.204613 0.175121 -0.280115 -0.031013 -0.947878 -0.317121
0.229317 0.182036 -0.205497 0.305438 -0.757213 0.577353
0.289793 0.188390 -0.239877 0.564935 -0.797301 0.212507
0.271238 0.183337 -0.294013 0.444897 -0.717766 -0.535611
-0.112650 0.127014 0.096090 0.355882 -0.930175 0.090129
-0.315710 0.059214 -0.121190 -0.079966 -0.989073 -0.123858
-0.243156 0.120430 -0.252296 -0.472194 -0.723660 -0.503337
-0.265582 0.057027 0.046701 -0.106498 -0.991965 0.068291
-0.255159 0.103002 0.207502 0.874855 -0.461473 -0.147214
-0.206212 0.114479 0.136126 0.533608 -0.733503 0.420995
-0.296001 0.063650 0.213249 0.093540 -0.966443 -0.239244
-0.298369 0.060746 0.166334 -0.244120 -0.966067 -0.084382
-0.206959 0.074050 0.317133 0.743954 -0.481309 -0.463545
-0.260400 0.032310 0.325447 -0.040736 -0.951358 -0.305381
-0.169132 0.050232 0.392916 0.840817 -0.474251 -0.260985
-0.168915 0.041954 0.451244 0.787481 -0.458912 0.411429
-0.220993 0.007074 0.457361 0.175896 -0.918303 0.354655
-0.239223 0.000000 0.402417 0.198651 -0.937413 -0.285997
0.074272 0.184629 -0.035711 0.096639 -0.910151 -0.402848
-0.011009 0.170270 -0.047652 0.369220 -0.888720 -0.271759
0.066426 0.184350 0.028595 0.009345 -0.875972 0.482271
-0.018326 0.168861 0.011416 0.312179 -0.770252 0.556108
0.039652 0.163663 0.128591 0.403705 -0.629782 -0.663624
-0.040651 0.151102 0.082643 0.515897 -0.678334 -0.523176
0.011989 0.145734 0.172129 -0.099692 -0.963353 0.249022
-0.068032 0.137801 0.123980 -0.095466 -0.908268 0.407351
0.117855 0.143794 0.237593 -0.108859 -0.983180 0.146654
0.148241 0.173573 0.182299 0.394323 -0.533054 -0.748574
-0.096169 0.184187 0.166236 -0.393141 -0.439444 0.807669
0.059534 0.234101 0.056456 -0.157142 -0.053218 0.986141
-0.024946 0.224610 0.045095 -0.018130 -0.212874 0.976911
0.198016 0.173508 0.202859 0.388505 -0.681760 -0.619893
0.161257 0.140994 0.263835 0.087171 -0.994402 0.059715
0.256603 0.177704 0.248830 0.699884 -0.583406 -0.412068
0.231328 0.156410 0.296220 0.306515 -0.819242 0.484656
0.202403 0.190379 0.056381 -0.092919 -0.875608 0.474000
0.196838 0.245391 0.086725 -0.191827 0.153752 0.969310
0.213540 0.183133 -0.025178 0.042547 -0.794438 -0.605854
0.074230 0.237122 -0.063345 0.083655 -0.028103 -0.996098
0.214734 0.239131 -0.053633 0.072609 0.087409 -0.993523
0.278364 0.181189 -0.017893 0.132230 -0.941939 -0.308651
0.266952 0.184908 0.068618 0.074515 -0.914354 0.398000
0.348111 0.199721 0.002920 0.562335 -0.765954 -0.311600
0.341664 0.201905 0.069063 0.497436 -0.623703 0.602953
0.268328 0.244570 0.099104 -0.024977 -0.115894 0.992948
0.337951 0.250998 0.086916 0.391013 0.203694 0.897562
0.290202 0.243749 -0.047993 0.255481 -0.066962 -0.964492
0.351658 0.250436 -0.018230 0.728799 0.033821 -0.683892
0.370197 0.254788 0.037801 0.990357 0.061847 0.123969
0.092486 0.294750 -0.033777 0.036192 0.865193 -0.500132
-0.043568 0.294217 -0.049726 0.151653 0.820108 -0.551746
-0.052755 0.294873 0.023935 -0.006389 0.894364 0.447295
0.082641 0.295778 0.034066 -0.106562 0.845593 0.523084
0.194245 0.297034 -0.027031 0.003886 0.889930 -0.456081
0.183718 0.299280 0.053740 -0.104775 0.904645 0.413086
-0.012407 0.223325 -0.075280 0.262405 0.047331 -0.963796
0.268655 0.303375 0.064610 -0.036744 0.899872 0.434603
0.279513 0.302054 -0.017296 0.066449 0.822395 -0.565024
0.343189 0.300548 0.002661 0.427749 0.817073 -0.386552
0.334522 0.301833 0.064192 0.478969 0.743345 0.466934
-0.084134 0.146679 -0.327994 -0.250548 -0.938792 -0.236423
-0.045305 0.152276 -0.294458 0.532514 -0.713008 0.456123
-0.074308 0.156102 -0.252789 0.556934 -0.812410 0.172669
-0.118806 0.141772 -0.287883 -0.163655 -0.894242 -0.416591
-0.054157 0.214236 -0.238725 0.885795 0.109862 0.450886
0.021928 0.156151 -0.362076 0.459821 -0.771397 0.439899
-0.021428 0.147561 -0.402518 -0.367467 -0.875882 -0.312728
0.020150 0.146114 -0.454785 -0.115427 -0.940471 -0.319673
0.072098 0.157426 -0.405383 0.561142 -0.776366 0.287013
0.066958 0.162696 -0.484242 0.299443 -0.805137 -0.511945
0.102409 0.171775 -0.451767 0.827526 -0.543437 -0.140986
-0.177238 0.188961 -0.295636 -0.305781 0.039464 -0.951284
-0.167656 0.262735 -0.271623 -0.128098 0.788507 -0.601537
-0.025948 0.223984 -0.085119 0.878982 0.474662 -0.045674
-0.015285 0.228121 -0.102138 0.465432 -0.088675 0.880630
-0.144724 0.256251 0.131019 -0.012050 0.656178 0.754510
-0.163522 0.139712 -0.279132 0.029198 -0.898947 -0.437083
-0.059423 0.213924 -0.225113 0.792854 0.371261 -0.483268
-0.052583 0.150699 0.039835 0.591262 -0.806295 0.017239
-0.039882 0.228413 0.056738 0.668229 0.245858 0.702156
-0.357695 0.158692 0.001336 -0.977115 -0.077924 -0.197924
