  0.398636   0.151507  -0.013777
  0.336533   0.141635   0.108428
  0.097597   0.204144   0.077271
  0.079592   0.211050  -0.024706
  0.070203   0.219595  -0.138453
  0.119123   0.196575  -0.233838
  0.286851   0.133737   0.206191
 -0.048737   0.205514   0.162865
 -0.097053   0.235569  -0.003825
 -0.081288   0.228891  -0.190672
  0.015580   0.205482  -0.334951
  0.229815   0.092161   0.360879
 -0.185077   0.208659   0.242686
 -0.267264   0.243076   0.015993
 -0.223154   0.233941  -0.239440
 -0.071354   0.204378  -0.418880
  0.156689   0.065703   0.475367
 -0.286967   0.215957   0.302640
 -0.389700   0.234855   0.029949
 -0.332977   0.234841  -0.277089
 -0.123551   0.194262  -0.468068
