 -0.385698   0.161055  -0.018994
 -0.337863   0.144754   0.106017
 -0.106655   0.202802   0.082693
 -0.089855   0.203251  -0.022630
 -0.085434   0.211334  -0.137739
 -0.131298   0.204475  -0.226814
 -0.299596   0.131713   0.206026
  0.040775   0.203666   0.166675
  0.088180   0.237193  -0.005807
  0.069481   0.230265  -0.189355
 -0.028610   0.203604  -0.337365
 -0.242460   0.092203   0.360465
  0.173272   0.209665   0.242541
  0.258569   0.242659   0.009537
  0.211232   0.234529  -0.236236
  0.052178   0.204575  -0.424413
 -0.178142   0.051029   0.474072
  0.274890   0.213620   0.300627
  0.372344   0.224242   0.018983
  0.316877   0.219835  -0.270623
  0.106785   0.203290  -0.482973
