  0.349098   0.158693   0.076211
  0.316414   0.150486   0.136775
  0.111321   0.199464   0.083154
  0.095137   0.206595  -0.025216
  0.092049   0.211476  -0.139534
  0.146176   0.199043  -0.213604
  0.290266   0.143920   0.185227
 -0.034917   0.205043   0.168003
 -0.083771   0.237456  -0.001745
 -0.058670   0.230705  -0.192000
  0.042401   0.203772  -0.330704
  0.254634   0.095536   0.348749
 -0.168643   0.210200   0.245555
 -0.248477   0.243098   0.019433
 -0.203989   0.234947  -0.242150
 -0.038296   0.203303  -0.421155
  0.164955   0.074470   0.462275
 -0.266513   0.209910   0.301974
 -0.369121   0.231332   0.034629
 -0.306088   0.218207  -0.276686
 -0.096395   0.195963  -0.485442
