0 168
0 177
0 1
0 103
1 0
1 168
1 169
1 42
1 44
1 177
2 160
2 3
2 4
2 6
2 157
2 30
3 168
3 2
3 4
3 160
4 2
4 3
4 5
4 6
4 168
4 169
4 18
5 4
5 6
5 17
5 18
5 19
5 20
5 21
6 2
6 4
6 5
6 21
6 30
7 8
7 9
7 10
7 24
7 91
7 92
8 7
8 9
8 44
8 174
8 89
8 92
9 7
9 8
9 10
9 11
9 44
10 7
10 9
10 11
10 13
10 14
10 24
11 9
11 170
11 10
11 12
11 13
11 171
11 44
11 43
12 171
12 11
12 13
12 16
12 93
12 95
13 10
13 11
13 12
13 14
13 15
13 16
14 10
14 13
14 15
14 22
14 23
14 24
15 16
15 13
15 14
15 22
16 12
16 13
16 15
16 22
16 26
16 95
17 161
17 162
17 5
17 18
17 19
17 158
18 161
18 4
18 5
18 169
18 44
18 17
19 162
19 5
19 17
19 20
19 28
19 29
20 5
20 19
20 21
20 27
20 28
21 5
21 6
21 20
21 27
21 30
22 34
22 14
22 15
22 16
22 23
22 26
22 31
23 32
23 33
23 14
23 22
23 24
23 25
23 31
24 96
24 7
24 10
24 14
24 23
24 25
24 91
25 96
25 33
25 97
25 23
25 24
26 34
26 98
26 16
26 22
26 95
27 37
27 38
27 39
27 40
27 20
27 21
27 28
27 30
28 36
28 37
28 19
28 20
28 27
28 29
29 162
29 36
29 165
29 19
29 28
30 2
30 163
30 38
30 6
30 21
30 27
30 157
31 32
31 34
31 35
31 22
31 23
32 33
32 35
32 23
32 31
33 32
33 97
33 35
33 100
33 23
33 25
34 98
34 99
34 35
34 22
34 26
34 31
35 32
35 33
35 34
35 99
35 100
35 31
36 37
36 165
36 167
36 41
36 28
36 29
37 36
37 40
37 41
37 27
37 28
38 163
38 164
38 39
38 27
38 30
39 164
39 38
39 166
39 40
39 41
39 27
40 41
40 27
40 37
40 39
41 36
41 37
41 166
41 167
41 40
41 39
42 1
42 66
42 67
42 43
42 44
42 177
42 87
43 67
43 170
43 11
43 42
43 44
43 147
43 148
44 1
44 161
44 8
44 169
44 42
44 43
44 9
44 11
44 174
44 18
45 46
45 47
45 49
45 50
45 51
45 52
46 67
46 45
46 47
46 52
46 53
47 67
47 172
47 45
47 46
47 48
47 49
47 57
47 125
48 65
48 47
48 49
48 121
48 123
48 125
49 65
49 45
49 47
49 48
49 50
50 65
50 45
50 49
50 51
50 58
51 45
51 50
51 52
51 54
51 55
51 58
52 45
52 46
52 51
52 53
52 54
52 119
52 120
53 67
53 46
53 175
53 176
53 52
53 120
54 51
54 52
54 55
54 119
54 56
54 124
55 51
55 54
55 56
55 58
55 59
56 128
56 130
56 124
56 54
56 55
56 59
56 60
57 101
57 69
57 172
57 47
57 122
57 125
58 65
58 50
58 51
58 55
58 59
58 61
58 62
58 63
59 64
59 55
59 56
59 58
59 60
59 61
60 56
60 64
60 130
60 59
61 64
61 58
61 59
61 62
62 64
62 131
62 58
62 61
62 63
63 129
63 65
63 131
63 58
63 123
63 62
64 130
64 131
64 59
64 60
64 61
64 62
65 48
65 49
65 50
65 58
65 123
65 63
66 67
66 69
66 70
66 42
66 172
66 87
67 66
67 42
67 43
67 172
67 46
67 47
67 176
67 148
67 53
68 69
68 70
68 72
68 105
68 74
68 106
68 79
69 66
69 68
69 101
69 70
69 106
69 172
69 57
70 66
70 68
70 69
70 71
70 72
70 177
70 87
71 70
71 72
71 73
71 75
71 76
71 177
72 68
72 70
72 71
72 73
72 74
73 71
73 72
73 74
73 75
73 77
73 78
74 68
74 72
74 73
74 77
74 79
75 71
75 73
75 107
75 76
75 78
75 110
75 81
76 71
76 107
76 75
76 108
76 177
77 73
77 74
77 78
77 79
77 80
77 82
77 85
78 73
78 75
78 77
78 81
78 84
78 85
79 68
79 105
79 74
79 109
79 77
79 80
80 109
80 77
80 79
80 111
80 82
80 83
81 75
81 110
81 78
81 113
81 114
81 84
82 77
82 80
82 83
82 85
82 86
83 111
83 80
83 112
83 82
83 86
84 78
84 81
84 113
84 85
84 86
85 77
85 78
85 82
85 84
85 86
86 112
86 113
86 82
86 83
86 84
86 85
87 177
87 66
87 42
87 70
88 101
88 102
88 103
88 177
88 89
88 90
89 160
89 161
89 103
89 8
89 173
89 174
89 88
89 90
89 92
89 159
90 101
90 170
90 175
90 116
90 88
90 89
90 92
90 152
90 94
91 96
91 7
91 24
91 92
91 93
92 7
92 8
92 89
92 90
92 91
92 93
92 94
93 96
93 171
93 12
93 91
93 92
93 94
93 95
94 170
94 171
94 90
94 92
94 93
95 96
95 97
95 98
95 12
95 16
95 26
95 93
96 97
96 24
96 25
96 91
96 93
96 95
97 96
97 33
97 98
97 99
97 100
97 25
97 95
98 97
98 34
98 99
98 26
98 95
99 97
99 98
99 35
99 100
99 34
100 97
100 99
100 35
100 33
101 90
101 102
101 69
101 104
101 106
101 175
101 88
101 57
101 122
101 120
102 88
102 177
102 104
102 101
103 0
103 168
103 173
103 177
103 88
103 89
104 101
104 102
104 106
104 108
104 177
105 68
105 106
105 107
105 108
105 109
105 79
106 68
106 101
106 69
106 104
106 105
106 108
107 105
107 75
107 108
107 109
107 110
107 76
108 104
108 105
108 106
108 107
108 76
108 177
109 105
109 107
109 110
109 79
109 80
109 111
109 114
110 75
110 107
110 109
110 81
110 114
111 109
111 80
111 113
111 112
111 83
111 114
112 113
112 83
112 86
112 111
113 111
113 112
113 81
113 114
113 84
113 86
114 109
114 110
114 111
114 81
114 113
115 132
115 134
115 135
115 116
115 117
115 152
116 175
116 115
116 117
116 118
116 152
116 90
117 132
117 115
117 116
117 118
117 126
117 127
118 175
118 176
118 116
118 117
118 127
119 52
119 54
119 120
119 121
119 123
119 124
120 101
120 175
120 52
120 53
120 119
120 121
120 122
121 48
121 119
121 120
121 122
121 123
121 125
122 101
122 120
122 121
122 125
122 57
123 128
123 65
123 129
123 48
123 119
123 121
123 124
123 63
124 128
124 54
124 119
124 56
124 123
125 121
125 47
125 48
125 57
125 122
126 132
126 133
126 148
126 149
126 117
126 127
127 176
127 148
127 117
127 118
127 126
128 129
128 130
128 56
128 123
128 124
129 128
129 130
129 131
129 123
129 63
130 128
130 129
130 64
130 131
130 56
130 60
131 64
131 129
131 130
131 62
131 63
132 133
132 134
132 137
132 138
132 141
132 115
132 117
132 126
133 132
133 141
133 149
133 151
133 153
133 126
134 132
134 135
134 136
134 137
134 143
134 115
135 134
135 136
135 146
135 115
135 150
135 152
136 134
136 135
136 143
136 150
136 154
137 132
137 134
137 138
137 139
137 143
138 132
138 137
138 139
138 140
138 141
139 137
139 138
139 140
139 143
139 144
139 145
140 138
140 139
140 141
140 142
140 145
141 132
141 133
141 138
141 140
141 142
141 153
142 140
142 141
142 145
142 153
142 156
143 134
143 136
143 137
143 139
143 144
143 154
143 155
144 145
144 139
144 155
144 143
145 139
145 140
145 142
145 144
145 155
145 156
146 135
146 147
146 148
146 149
146 150
146 152
147 170
147 43
147 146
147 148
147 152
148 67
148 43
148 176
148 146
148 147
148 149
148 126
148 127
149 133
149 146
149 148
149 150
149 151
149 126
150 135
150 136
150 146
150 149
150 151
150 153
150 154
151 153
151 149
151 150
151 133
152 135
152 170
152 146
152 115
152 116
152 147
152 90
153 133
153 141
153 142
153 150
153 151
153 154
153 155
153 156
154 136
154 143
154 150
154 153
154 155
155 143
155 144
155 145
155 153
155 154
155 156
156 153
156 145
156 155
156 142
157 160
157 162
157 2
157 163
157 30
157 158
157 159
158 161
158 162
158 17
158 157
158 159
159 160
159 161
159 89
159 157
159 158
160 2
160 3
160 168
160 173
160 89
160 157
160 159
161 44
161 174
161 17
161 18
161 89
161 158
161 159
162 163
162 164
162 165
162 17
162 29
162 19
162 157
162 158
163 162
163 164
163 38
163 157
163 30
164 162
164 163
164 165
164 166
164 38
164 39
165 162
165 164
165 36
165 166
165 167
165 29
166 164
166 165
166 39
166 167
166 41
167 41
167 36
167 165
167 166
168 0
168 1
168 160
168 3
168 4
168 103
168 169
168 173
169 1
169 4
169 168
169 44
169 18
170 11
170 43
170 171
170 147
170 152
170 90
170 94
171 170
171 11
171 12
171 93
171 94
172 66
172 67
172 69
172 47
172 57
173 160
173 89
173 168
173 103
174 8
174 161
174 44
174 89
175 101
175 176
175 116
175 53
175 118
175 120
175 90
176 67
176 175
176 148
176 53
176 118
176 127
177 0
177 1
177 102
177 71
177 103
177 70
177 42
177 104
177 76
177 108
177 87
177 88
