0 1
1 0
2 169
3 15
5 91
11 92
11 135
11 172
15 3
15 16
15 171
16 15
16 88
16 171
17 18
18 17
19 28
20 29
21 23
23 21
25 36
25 38
26 27
26 35
27 26
27 165
28 19
29 20
29 30
30 29
30 31
31 30
31 98
32 33
33 32
34 35
34 39
34 167
35 26
35 34
35 38
36 25
36 37
37 36
37 39
38 25
38 35
39 34
39 37
39 166
39 167
43 44
43 49
44 43
48 51
49 43
51 48
53 126
55 58
56 57
57 56
58 55
59 129
65 102
66 67
67 66
69 71
71 69
72 108
73 74
74 73
76 83
77 106
79 82
80 81
80 84
81 80
82 79
82 83
83 76
83 82
84 80
85 100
86 92
86 115
87 89
88 16
88 171
89 87
91 5
92 11
92 86
98 31
100 85
102 65
102 107
104 107
106 77
107 102
107 104
108 72
110 111
111 110
115 86
116 150
116 174
117 122
117 173
118 119
119 118
120 127
122 117
124 173
126 53
127 120
129 59
130 132
132 130
133 137
135 11
135 172
137 133
140 142
142 140
144 145
144 155
145 144
150 116
150 174
155 144
157 160
158 161
158 170
160 157
161 158
161 168
162 163
163 162
164 166
165 27
166 39
166 164
166 167
167 34
167 39
167 166
168 161
168 170
169 2
170 158
170 168
171 15
171 16
171 88
172 11
172 135
173 117
173 124
174 116
174 150
