0 1
0 2
0 3
0 4
0 46
1 0
1 2
1 140
1 109
1 78
1 46
1 111
1 81
1 92
2 0
2 1
2 3
2 111
3 0
3 96
3 2
3 4
3 5
3 111
4 0
4 3
4 5
4 46
4 47
4 48
4 178
5 96
5 97
5 3
5 4
5 8
5 168
5 171
5 178
6 34
6 7
6 8
6 168
6 167
6 171
7 34
7 6
7 8
7 9
7 25
8 5
8 6
8 7
8 9
8 10
8 171
8 178
9 7
9 8
9 10
9 21
9 23
9 24
9 25
10 8
10 9
10 48
10 178
10 21
10 22
11 98
11 99
11 101
11 12
11 13
11 28
12 11
12 13
12 14
12 15
12 18
12 28
13 98
13 11
13 12
13 15
13 48
14 12
14 15
14 16
14 18
14 19
14 20
15 12
15 13
15 14
15 16
15 17
15 49
15 48
15 180
16 100
16 103
16 14
16 15
16 17
16 20
17 100
17 102
17 15
17 16
17 180
18 12
18 14
18 19
18 26
18 27
18 28
19 18
19 26
19 20
19 14
20 103
20 14
20 16
20 19
20 26
20 30
21 9
21 10
21 170
21 172
21 22
21 23
22 169
22 170
22 10
22 48
22 179
22 21
22 95
23 32
23 33
23 9
23 172
23 21
23 24
24 32
24 9
24 23
24 25
24 31
25 34
25 7
25 9
25 24
25 31
26 35
26 38
26 18
26 19
26 20
26 27
26 30
27 35
27 36
27 37
27 18
27 26
27 28
27 29
28 101
28 104
28 11
28 12
28 18
28 27
28 29
29 37
29 104
29 105
29 27
29 28
30 38
30 103
30 106
30 20
30 26
31 32
31 34
31 41
31 42
31 43
31 44
31 24
31 25
32 33
32 40
32 41
32 23
32 24
32 31
33 32
33 40
33 172
33 175
33 23
34 6
34 7
34 167
34 42
34 173
34 25
34 31
35 36
35 38
35 39
35 26
35 27
36 35
36 27
36 37
36 39
37 36
37 39
37 105
37 108
37 27
37 29
38 35
38 39
38 106
38 107
38 26
38 30
39 35
39 36
39 37
39 38
39 107
39 108
40 32
40 33
40 41
40 45
40 175
40 177
41 32
41 40
41 44
41 45
41 31
42 34
42 43
42 173
42 174
42 31
43 42
43 44
43 45
43 174
43 176
43 31
44 41
44 43
44 45
44 31
45 40
45 41
45 43
45 44
45 176
45 177
46 0
46 1
46 4
46 47
46 92
47 4
47 70
47 71
47 46
47 48
47 49
47 92
48 98
48 4
48 10
48 13
48 47
48 15
48 49
48 178
48 179
48 22
49 70
49 142
49 15
49 48
49 145
49 47
49 180
50 51
50 52
50 55
50 56
50 57
50 58
51 69
51 50
51 52
51 53
51 55
52 70
52 50
52 51
52 53
52 54
52 181
52 182
52 58
53 69
53 51
53 52
53 117
53 54
53 119
54 52
54 117
54 53
54 182
54 121
55 69
55 50
55 51
55 56
55 62
56 50
56 55
56 57
56 59
56 60
56 62
57 50
57 115
57 116
57 118
57 56
57 58
57 59
58 70
58 50
58 115
58 52
58 57
59 120
59 118
59 56
59 57
59 60
59 61
60 56
60 59
60 61
60 62
60 63
61 64
61 124
61 120
61 59
61 60
61 126
61 63
62 65
62 66
62 67
62 69
62 55
62 56
62 60
62 63
63 64
63 65
63 68
63 60
63 61
63 62
64 68
64 61
64 126
64 63
65 66
65 68
65 62
65 63
66 65
66 67
66 68
66 62
66 127
67 66
67 69
67 119
67 125
67 62
67 127
68 64
68 65
68 66
68 127
68 126
68 63
69 67
69 51
69 119
69 53
69 55
69 62
70 71
70 47
70 145
70 49
70 115
70 52
70 181
70 184
70 58
71 128
71 70
71 74
71 47
71 181
71 92
72 128
72 129
72 131
72 73
72 74
72 77
72 84
73 72
73 74
73 75
73 76
73 77
74 128
74 71
74 72
74 73
74 76
74 78
74 92
75 73
75 76
75 77
75 79
75 82
75 83
76 73
76 74
76 75
76 78
76 79
76 80
77 72
77 73
77 75
77 82
77 84
78 1
78 74
78 76
78 80
78 81
78 92
79 132
79 133
79 75
79 76
79 80
79 83
79 86
80 132
80 134
80 76
80 78
80 79
80 81
81 1
81 134
81 140
81 78
81 80
82 75
82 77
82 83
82 84
82 85
82 87
82 90
83 75
83 79
83 82
83 86
83 89
83 90
84 130
84 131
84 72
84 77
84 82
84 85
85 130
85 136
85 82
85 84
85 87
85 88
86 133
86 138
86 139
86 79
86 83
86 89
87 82
87 85
87 88
87 90
87 91
88 136
88 137
88 85
88 87
88 91
89 138
89 83
89 86
89 90
89 91
90 82
90 83
90 87
90 89
90 91
91 137
91 138
91 87
91 88
91 89
91 90
92 1
92 71
92 74
92 46
92 47
92 78
93 96
93 109
93 110
93 111
93 94
93 95
94 99
94 102
94 110
94 143
94 114
94 180
94 183
94 93
94 95
95 96
95 97
95 98
95 99
95 168
95 169
95 179
95 22
95 93
95 94
96 97
96 3
96 5
96 111
96 93
96 95
97 96
97 5
97 168
97 95
98 99
98 11
98 13
98 48
98 179
98 95
99 98
99 100
99 101
99 102
99 11
99 94
99 95
100 99
100 101
100 102
100 103
100 104
100 16
100 17
101 99
101 100
101 104
101 11
101 28
102 99
102 100
102 17
102 180
102 94
103 100
103 104
103 105
103 106
103 16
103 20
103 30
104 100
104 101
104 103
104 105
104 28
104 29
105 37
105 103
105 104
105 106
105 107
105 108
105 29
106 38
106 103
106 105
106 107
106 30
107 38
107 39
107 105
107 106
107 108
108 105
108 107
108 37
108 39
109 1
109 135
109 140
109 110
109 111
109 93
110 128
110 129
110 135
110 109
110 116
110 182
110 183
110 121
110 93
110 94
111 96
111 1
111 2
111 3
111 109
111 93
112 162
112 113
112 114
112 146
112 122
112 123
113 161
113 162
113 143
113 112
113 114
113 150
114 143
114 112
114 113
114 183
114 122
114 94
115 70
115 116
115 183
115 184
115 57
115 58
116 121
116 110
116 115
116 117
116 118
116 183
116 57
117 116
117 53
117 118
117 119
117 54
117 121
118 116
118 117
118 119
118 120
118 57
118 59
119 67
119 69
119 53
119 117
119 118
119 120
119 124
119 125
120 118
120 119
120 59
120 124
120 61
121 110
121 116
121 117
121 182
121 54
122 112
122 114
122 183
122 184
122 123
123 112
123 145
123 146
123 184
123 122
124 125
124 119
124 120
124 61
124 126
125 67
125 119
125 124
125 126
125 127
126 64
126 68
126 125
126 124
126 61
126 127
127 66
127 67
127 68
127 125
127 126
128 129
128 71
128 72
128 74
128 110
128 181
128 182
129 128
129 131
129 134
129 135
129 72
129 110
130 131
130 132
130 133
130 136
130 139
130 84
130 85
131 129
131 130
131 132
131 134
131 72
131 84
132 130
132 131
132 133
132 134
132 79
132 80
133 130
133 132
133 139
133 79
133 86
134 129
134 131
134 132
134 135
134 140
134 80
134 81
135 129
135 134
135 140
135 109
135 110
136 130
136 137
136 138
136 139
136 85
136 88
137 136
137 91
137 138
137 88
138 136
138 137
138 139
138 86
138 89
138 91
139 130
139 133
139 136
139 138
139 86
140 1
140 134
140 135
140 109
140 81
141 142
141 143
141 144
141 145
141 147
141 150
142 141
142 143
142 49
142 145
142 180
143 141
143 142
143 113
143 114
143 180
143 150
143 94
144 141
144 145
144 146
144 147
144 148
144 149
145 70
145 141
145 142
145 144
145 49
145 146
145 184
145 123
146 162
146 144
146 145
146 112
146 149
146 123
147 141
147 144
147 148
147 150
147 151
147 152
147 153
148 144
148 147
148 149
148 151
149 162
149 144
149 146
149 148
149 151
149 155
150 161
150 141
150 143
150 113
150 147
150 153
151 160
151 147
151 148
151 149
151 152
151 155
151 156
151 157
152 147
152 151
152 153
152 154
152 156
153 161
153 147
153 150
153 152
153 154
154 161
154 163
154 165
154 152
154 153
154 156
154 158
155 160
155 162
155 164
155 166
155 149
155 151
156 151
156 152
156 154
156 157
156 158
156 159
157 159
157 156
157 160
157 151
158 154
158 156
158 165
158 159
159 160
159 165
159 166
159 156
159 157
159 158
160 166
160 151
160 155
160 157
160 159
161 162
161 163
161 113
161 150
161 153
161 154
162 161
162 163
162 164
162 112
162 113
162 146
162 149
162 155
163 161
163 162
163 164
163 165
163 154
164 162
164 163
164 165
164 166
164 155
165 163
165 164
165 166
165 154
165 158
165 159
166 160
166 164
166 165
166 155
166 159
167 34
167 6
167 168
167 169
167 170
167 172
167 173
168 97
168 5
168 6
168 167
168 169
168 171
168 95
169 167
169 168
169 170
169 22
169 95
170 167
170 169
170 172
170 21
170 22
171 168
171 8
171 5
171 6
172 33
172 167
172 170
172 173
172 174
172 175
172 21
172 23
173 34
173 167
173 42
173 172
173 174
174 42
174 43
174 172
174 173
174 175
174 176
175 33
175 40
175 172
175 174
175 176
175 177
176 43
176 45
176 174
176 175
176 177
177 176
177 40
177 45
177 175
178 4
178 5
178 8
178 10
178 48
179 48
179 98
179 22
179 95
180 102
180 142
180 15
180 143
180 17
180 49
180 94
181 128
181 70
181 71
181 52
181 182
182 128
182 110
182 52
182 181
182 54
182 121
183 110
183 114
183 115
183 116
183 184
183 122
183 94
184 70
184 145
184 115
184 183
184 122
184 123
