0 1
0 2
0 3
0 44
0 184
1 0
1 2
1 184
1 106
2 0
2 1
2 3
2 106
2 107
2 174
3 0
3 2
3 44
3 45
3 174
3 175
3 46
4 32
4 163
4 5
4 166
4 6
4 8
5 4
5 6
5 7
5 8
5 174
5 175
5 20
6 166
6 4
6 5
6 174
7 5
7 8
7 19
7 20
7 21
7 22
7 23
8 32
8 4
8 5
8 7
8 23
9 10
9 11
9 12
9 26
9 94
9 95
10 9
10 11
10 12
10 13
10 46
11 9
11 10
11 46
11 181
11 93
11 94
12 9
12 10
12 13
12 15
12 16
12 26
13 10
13 12
13 14
13 15
13 176
13 177
13 46
13 47
14 96
14 98
14 13
14 15
14 177
14 18
15 12
15 13
15 14
15 16
15 17
15 18
16 12
16 15
16 17
16 24
16 25
16 26
17 16
17 24
17 18
17 15
18 98
18 14
18 15
18 17
18 24
18 28
19 165
19 167
19 7
19 168
19 20
19 21
20 5
20 7
20 167
20 46
20 175
20 19
21 7
21 168
21 19
21 22
21 30
21 31
22 7
22 21
22 23
22 29
22 30
23 32
23 7
23 8
23 22
23 29
24 33
24 36
24 16
24 17
24 18
24 25
24 28
25 33
25 34
25 35
25 16
25 24
25 26
25 27
26 99
26 9
26 12
26 16
26 25
26 27
26 95
27 99
27 35
27 100
27 25
27 26
28 98
28 36
28 101
28 18
28 24
29 32
29 39
29 40
29 41
29 42
29 22
29 23
29 30
30 38
30 39
30 21
30 22
30 29
30 31
31 38
31 168
31 171
31 21
31 30
32 163
32 4
32 8
32 40
32 169
32 23
32 29
33 34
33 36
33 37
33 24
33 25
34 33
34 35
34 37
34 25
35 34
35 100
35 37
35 103
35 25
35 27
36 33
36 37
36 102
36 101
36 24
36 28
37 33
37 34
37 35
37 36
37 102
37 103
38 39
38 171
38 43
38 173
38 30
38 31
39 38
39 42
39 43
39 29
39 30
40 32
40 41
40 170
40 169
40 29
41 40
41 170
41 42
41 43
41 172
41 29
42 41
42 43
42 29
42 39
43 38
43 39
43 41
43 42
43 172
43 173
44 0
44 3
44 45
44 184
44 90
45 3
45 68
45 69
45 44
45 46
45 47
45 90
46 3
46 167
46 10
46 11
46 45
46 13
46 175
46 47
46 20
46 181
47 68
47 13
47 45
47 46
47 176
47 153
47 154
48 49
48 50
48 52
48 53
48 54
48 55
49 131
49 68
49 48
49 50
49 51
49 52
49 178
49 179
50 68
50 48
50 49
50 55
50 56
51 129
51 67
51 131
51 49
51 52
51 127
52 67
52 48
52 49
52 51
52 53
53 67
53 48
53 52
53 54
53 60
54 48
54 53
54 55
54 57
54 58
54 60
55 48
55 50
55 54
55 56
55 57
55 125
55 126
56 68
56 50
56 55
56 182
56 183
56 125
57 130
57 54
57 55
57 58
57 59
57 126
58 54
58 57
58 59
58 60
58 61
59 130
59 134
59 136
59 57
59 58
59 61
59 62
60 64
60 65
60 67
60 53
60 54
60 58
60 61
60 63
61 66
61 58
61 59
61 60
61 62
61 63
62 136
62 66
62 59
62 61
63 64
63 66
63 60
63 61
64 65
64 66
64 137
64 60
64 63
65 64
65 129
65 67
65 135
65 137
65 60
66 64
66 136
66 137
66 61
66 62
66 63
67 65
67 129
67 51
67 52
67 53
67 60
68 69
68 45
68 47
68 49
68 50
68 179
68 183
68 56
68 153
69 68
69 71
69 72
69 45
69 179
69 90
70 71
70 72
70 74
70 76
70 110
70 111
70 82
71 69
71 70
71 72
71 73
71 74
71 79
71 90
72 69
72 70
72 71
72 105
72 110
72 178
72 179
73 71
73 74
73 75
73 77
73 78
73 79
74 70
74 71
74 73
74 75
74 76
75 73
75 74
75 76
75 77
75 80
75 81
76 70
76 74
76 75
76 80
76 82
77 73
77 75
77 78
77 81
77 113
77 115
77 84
78 73
78 77
78 79
78 112
78 113
78 116
79 71
79 73
79 78
79 116
79 184
79 90
80 75
80 76
80 81
80 82
80 83
80 85
80 88
81 75
81 77
81 80
81 84
81 87
81 88
82 70
82 76
82 111
82 80
82 114
82 83
83 80
83 82
83 114
83 85
83 86
83 117
84 77
84 81
84 115
84 119
84 87
84 120
85 80
85 83
85 86
85 88
85 89
86 83
86 117
86 85
86 118
86 89
87 81
87 84
87 119
87 88
87 89
88 80
88 81
88 85
88 87
88 89
89 119
89 85
89 118
89 86
89 88
89 87
90 69
90 71
90 44
90 45
90 79
90 184
91 104
91 105
91 106
91 107
91 92
91 93
92 97
92 158
92 105
92 176
92 182
92 122
92 91
92 93
92 94
93 164
93 166
93 167
93 107
93 11
93 180
93 181
93 91
93 92
93 94
94 96
94 97
94 9
94 11
94 92
94 93
94 95
95 96
95 99
95 9
95 26
95 94
96 97
96 98
96 99
96 14
96 177
96 94
96 95
97 96
97 176
97 177
97 92
97 94
98 96
98 99
98 100
98 101
98 14
98 18
98 28
99 96
99 98
99 100
99 26
99 27
99 95
100 98
100 99
100 35
100 101
100 102
100 103
100 27
101 98
101 100
101 36
101 102
101 28
102 100
102 37
102 101
102 36
102 103
103 35
103 100
103 37
103 102
104 105
104 106
104 108
104 109
104 184
104 91
105 128
105 104
105 72
105 109
105 110
105 178
105 182
105 91
105 92
105 125
106 1
106 2
106 104
106 107
106 184
106 91
107 2
107 106
107 174
107 180
107 91
107 93
108 104
108 109
108 112
108 116
108 184
109 104
109 105
109 108
109 110
109 112
110 70
110 72
110 105
110 109
110 111
110 112
111 70
111 110
111 112
111 113
111 114
111 82
112 108
112 109
112 110
112 78
112 111
112 113
112 116
113 77
113 78
113 111
113 112
113 114
113 115
114 111
114 113
114 82
114 83
114 115
114 117
114 120
115 77
115 113
115 114
115 84
115 120
116 108
116 78
116 79
116 112
116 184
117 114
117 83
117 119
117 118
117 86
117 120
118 89
118 117
118 86
118 119
119 84
119 117
119 118
119 87
119 120
119 89
120 114
120 115
120 84
120 117
120 119
121 138
121 140
121 141
121 122
121 123
121 158
122 92
122 182
122 121
122 123
122 124
122 158
123 132
123 133
123 138
123 121
123 122
123 124
124 132
124 182
124 183
124 122
124 123
125 128
125 105
125 182
125 55
125 56
125 126
125 127
126 129
126 130
126 55
126 57
126 125
126 127
127 128
127 129
127 131
127 51
127 125
127 126
128 131
128 105
128 178
128 125
128 127
129 65
129 130
129 67
129 134
129 135
129 51
129 126
129 127
130 129
130 134
130 57
130 59
130 126
131 128
131 49
131 178
131 51
131 127
132 133
132 183
132 153
132 123
132 124
133 132
133 138
133 139
133 155
133 153
133 123
134 129
134 130
134 135
134 136
134 59
135 129
135 65
135 134
135 136
135 137
136 66
136 134
136 135
136 137
136 59
136 62
137 64
137 65
137 66
137 135
137 136
138 133
138 139
138 140
138 143
138 144
138 147
138 121
138 123
139 133
139 138
139 147
139 155
139 157
139 159
140 138
140 141
140 142
140 143
140 149
140 121
141 140
141 142
141 152
141 121
141 156
141 158
142 160
142 140
142 141
142 149
142 156
143 138
143 140
143 144
143 145
143 149
144 138
144 143
144 145
144 146
144 147
145 143
145 144
145 146
145 149
145 150
145 151
146 144
146 145
146 147
146 148
146 151
147 138
147 139
147 144
147 146
147 148
147 159
148 162
148 146
148 147
148 151
148 159
149 160
149 161
149 140
149 142
149 143
149 145
149 150
150 145
150 161
150 149
150 151
151 161
151 162
151 145
151 146
151 148
151 150
152 141
152 153
152 154
152 155
152 156
152 158
153 132
153 133
153 68
153 47
153 183
153 152
153 154
153 155
154 47
154 176
154 152
154 153
154 158
155 133
155 139
155 152
155 153
155 156
155 157
156 160
156 141
156 142
156 152
156 155
156 157
156 159
157 155
157 156
157 139
157 159
158 154
158 141
158 176
158 152
158 121
158 122
158 92
159 160
159 161
159 162
159 139
159 147
159 148
159 156
159 157
160 161
160 142
160 149
160 156
160 159
161 160
161 162
161 149
161 150
161 151
161 159
162 151
162 161
162 148
162 159
163 32
163 4
163 164
163 165
163 166
163 168
163 169
164 163
164 165
164 166
164 167
164 93
165 163
165 164
165 167
165 168
165 19
166 163
166 164
166 4
166 6
166 174
166 180
166 93
167 164
167 165
167 46
167 19
167 20
167 181
167 93
168 163
168 165
168 169
168 170
168 171
168 19
168 21
168 31
169 32
169 163
169 168
169 40
169 170
170 168
170 169
170 40
170 171
170 172
170 41
171 38
171 168
171 170
171 172
171 173
171 31
172 41
172 170
172 43
172 171
172 173
173 43
173 171
173 172
173 38
174 2
174 3
174 5
174 6
174 166
174 107
174 175
174 180
175 3
175 5
175 174
175 46
175 20
176 97
176 13
176 47
176 177
176 154
176 92
176 158
177 96
177 97
177 13
177 14
177 176
178 128
178 131
178 72
178 105
178 49
178 179
179 68
179 69
179 72
179 49
179 178
180 107
180 166
180 93
180 174
181 11
181 93
181 46
181 167
182 105
182 92
182 183
182 56
182 122
182 124
182 125
183 68
183 132
183 182
183 56
183 153
183 124
184 0
184 1
184 104
184 106
184 44
184 108
184 79
184 116
184 90
