0 1
0 2
0 3
0 44
0 184
1 0
1 2
1 107
1 184
2 0
2 1
2 3
2 107
2 108
2 175
3 0
3 2
3 44
3 45
3 175
3 176
3 47
4 32
4 164
4 5
4 6
4 167
4 8
5 167
5 4
5 6
5 175
6 4
6 5
6 7
6 8
6 175
6 176
6 20
7 6
7 8
7 19
7 20
7 21
7 22
7 23
8 32
8 4
8 6
8 7
8 23
9 96
9 10
9 11
9 12
9 26
9 95
10 96
10 9
10 11
10 47
10 181
10 93
11 9
11 10
11 12
11 13
11 47
12 9
12 11
12 13
12 15
12 16
12 26
13 11
13 12
13 14
13 15
13 47
13 177
13 178
13 46
14 97
14 99
14 13
14 15
14 178
14 18
15 12
15 13
15 14
15 16
15 17
15 18
16 12
16 15
16 17
16 24
16 25
16 26
17 16
17 24
17 18
17 15
18 99
18 14
18 15
18 17
18 24
18 28
19 165
19 7
19 168
19 169
19 20
19 21
20 6
20 7
20 168
20 47
20 176
20 19
21 7
21 169
21 19
21 22
21 30
21 31
22 7
22 21
22 23
22 29
22 30
23 32
23 7
23 8
23 22
23 29
24 33
24 36
24 16
24 17
24 18
24 25
24 28
25 33
25 34
25 35
25 16
25 24
25 26
25 27
26 100
26 9
26 12
26 16
26 25
26 27
26 95
27 35
27 100
27 101
27 25
27 26
28 99
28 36
28 102
28 18
28 24
29 32
29 39
29 40
29 41
29 42
29 22
29 23
29 30
30 38
30 39
30 21
30 22
30 29
30 31
31 38
31 169
31 172
31 21
31 30
32 4
32 164
32 8
32 40
32 170
32 23
32 29
33 34
33 36
33 37
33 24
33 25
34 33
34 35
34 37
34 25
35 34
35 101
35 37
35 104
35 25
35 27
36 33
36 37
36 102
36 103
36 24
36 28
37 33
37 34
37 35
37 36
37 103
37 104
38 39
38 43
38 172
38 174
38 30
38 31
39 38
39 42
39 43
39 29
39 30
40 32
40 41
40 170
40 171
40 29
41 40
41 42
41 171
41 43
41 173
41 29
42 41
42 43
42 29
42 39
43 38
43 39
43 41
43 42
43 173
43 174
44 0
44 3
44 45
44 184
44 91
45 3
45 69
45 70
45 44
45 46
45 47
45 91
46 70
46 13
46 45
46 47
46 177
46 154
46 155
47 3
47 168
47 10
47 11
47 45
47 46
47 13
47 176
47 20
47 181
48 49
48 50
48 52
48 53
48 54
48 55
49 70
49 48
49 50
49 55
49 56
50 132
50 70
50 48
50 49
50 51
50 52
50 179
50 60
51 128
51 130
51 68
51 132
51 50
51 52
52 68
52 48
52 50
52 51
52 53
53 68
53 48
53 52
53 54
53 61
54 48
54 53
54 55
54 57
54 58
54 61
55 48
55 49
55 54
55 56
55 57
55 126
55 127
56 70
56 49
56 55
56 182
56 183
56 127
57 131
57 54
57 55
57 58
57 59
57 126
58 54
58 57
58 59
58 61
58 62
59 131
59 135
59 137
59 57
59 58
59 62
59 63
60 129
60 132
60 72
60 105
60 50
60 179
61 64
61 65
61 66
61 68
61 53
61 54
61 58
61 62
62 64
62 67
62 58
62 59
62 61
62 63
63 137
63 67
63 59
63 62
64 65
64 67
64 61
64 62
65 64
65 66
65 67
65 138
65 61
66 65
66 130
66 68
66 136
66 138
66 61
67 64
67 65
67 137
67 138
67 62
67 63
68 66
68 130
68 51
68 52
68 53
68 61
69 70
69 72
69 73
69 45
69 179
69 91
70 69
70 45
70 46
70 49
70 50
70 179
70 183
70 56
70 155
71 72
71 73
71 75
71 77
71 111
71 112
71 83
72 69
72 71
72 73
72 105
72 112
72 179
72 60
73 69
73 71
73 72
73 74
73 75
73 80
73 91
74 73
74 75
74 76
74 78
74 79
74 80
75 71
75 73
75 74
75 76
75 77
76 74
76 75
76 77
76 78
76 81
76 82
77 71
77 75
77 76
77 81
77 83
78 74
78 76
78 79
78 113
78 82
78 116
78 85
79 74
79 78
79 80
79 113
79 114
79 117
80 73
80 74
80 79
80 117
80 184
80 91
81 76
81 77
81 82
81 83
81 84
81 86
81 89
82 76
82 78
82 81
82 85
82 88
82 89
83 71
83 77
83 111
83 81
83 115
83 84
84 81
84 115
84 83
84 86
84 87
84 118
85 78
85 82
85 116
85 88
85 121
85 120
86 81
86 84
86 87
86 89
86 90
87 84
87 119
87 118
87 86
87 90
88 82
88 85
88 120
88 89
88 90
89 81
89 82
89 86
89 88
89 90
90 86
90 119
90 88
90 89
90 87
90 120
91 69
91 73
91 44
91 45
91 80
91 184
92 105
92 106
92 107
92 108
92 93
92 94
93 96
93 166
93 167
93 168
93 10
93 108
93 180
93 181
93 92
93 94
94 96
94 98
94 105
94 177
94 182
94 123
94 92
94 93
94 159
95 96
95 97
95 100
95 9
95 26
96 97
96 98
96 9
96 10
96 93
96 94
96 95
97 96
97 98
97 99
97 100
97 14
97 178
97 95
98 96
98 97
98 177
98 178
98 94
99 97
99 100
99 101
99 102
99 14
99 18
99 28
100 97
100 99
100 101
100 26
100 27
100 95
101 99
101 100
101 35
101 102
101 103
101 104
101 27
102 99
102 36
102 101
102 103
102 28
103 36
103 37
103 101
103 102
103 104
104 35
104 37
104 101
104 103
105 129
105 72
105 106
105 110
105 60
105 112
105 182
105 92
105 94
105 127
106 105
106 107
106 109
106 110
106 184
106 92
107 1
107 2
107 106
107 108
107 184
107 92
108 2
108 107
108 175
108 180
108 92
108 93
109 106
109 110
109 114
109 117
109 184
110 105
110 106
110 109
110 112
110 114
111 71
111 112
111 113
111 114
111 115
111 83
112 71
112 72
112 105
112 110
112 111
112 114
113 78
113 111
113 79
113 114
113 115
113 116
114 109
114 110
114 79
114 111
114 113
114 112
114 117
115 111
115 113
115 83
115 116
115 84
115 118
115 121
116 78
116 113
116 115
116 85
116 121
117 109
117 79
117 80
117 114
117 184
118 115
118 84
118 87
118 119
118 120
118 121
119 120
119 90
119 118
119 87
120 85
120 118
120 119
120 88
120 121
120 90
121 115
121 116
121 85
121 118
121 120
122 139
122 141
122 142
122 123
122 124
122 159
123 182
123 122
123 124
123 125
123 94
123 159
124 133
124 134
124 139
124 122
124 123
124 125
125 134
125 182
125 183
125 123
125 124
126 128
126 130
126 131
126 55
126 57
126 127
127 128
127 129
127 105
127 182
127 55
127 56
127 126
128 129
128 130
128 132
128 51
128 126
128 127
129 128
129 132
129 105
129 60
129 127
130 128
130 66
130 131
130 68
130 135
130 136
130 51
130 126
131 130
131 135
131 57
131 59
131 126
132 128
132 129
132 50
132 51
132 60
133 134
133 139
133 140
133 156
133 155
133 124
134 133
134 183
134 155
134 124
134 125
135 130
135 131
135 136
135 137
135 59
136 130
136 66
136 135
136 137
136 138
137 67
137 135
137 136
137 138
137 59
137 63
138 65
138 66
138 67
138 136
138 137
139 133
139 140
139 141
139 144
139 145
139 148
139 122
139 124
140 160
140 133
140 139
140 148
140 156
140 158
141 139
141 142
141 143
141 144
141 150
141 122
142 141
142 143
142 153
142 122
142 157
142 159
143 161
143 141
143 142
143 150
143 157
144 139
144 141
144 145
144 146
144 150
145 139
145 144
145 146
145 147
145 148
146 144
146 145
146 147
146 150
146 151
146 152
147 145
147 146
147 148
147 149
147 152
148 160
148 139
148 140
148 145
148 147
148 149
149 160
149 163
149 147
149 148
149 152
150 161
150 162
150 141
150 143
150 144
150 146
150 151
151 152
151 162
151 146
151 150
152 162
152 163
152 146
152 147
152 149
152 151
153 142
153 154
153 155
153 156
153 157
153 159
154 46
154 177
154 153
154 155
154 159
155 133
155 134
155 70
155 46
155 183
155 153
155 154
155 156
156 133
156 140
156 153
156 155
156 157
156 158
157 160
157 161
157 142
157 143
157 153
157 156
157 158
158 160
158 140
158 156
158 157
159 154
159 142
159 177
159 153
159 122
159 123
159 94
160 161
160 162
160 163
160 140
160 148
160 149
160 157
160 158
161 160
161 162
161 143
161 150
161 157
162 160
162 161
162 163
162 150
162 151
162 152
163 160
163 162
163 152
163 149
164 32
164 4
164 165
164 166
164 167
164 169
164 170
165 164
165 166
165 168
165 169
165 19
166 164
166 165
166 167
166 168
166 93
167 164
167 4
167 166
167 5
167 175
167 180
167 93
168 165
168 166
168 47
168 19
168 20
168 181
168 93
169 164
169 165
169 170
169 171
169 172
169 19
169 21
169 31
170 32
170 164
170 40
170 169
170 171
171 40
171 169
171 170
171 41
171 172
171 173
172 38
172 169
172 171
172 173
172 174
172 31
173 41
173 43
173 171
173 172
173 174
174 43
174 172
174 173
174 38
175 2
175 3
175 5
175 6
175 167
175 108
175 176
175 180
176 3
176 6
176 175
176 47
176 20
177 98
177 13
177 46
177 178
177 154
177 94
177 159
178 97
178 98
178 13
178 14
178 177
179 69
179 70
179 72
179 50
179 60
180 175
180 108
180 93
180 167
181 168
181 10
181 93
181 47
182 105
182 183
182 56
182 123
182 125
182 94
182 127
183 134
183 70
183 182
183 56
183 155
183 125
184 0
184 1
184 106
184 107
184 44
184 109
184 80
184 117
184 91
