 -0.357695   0.158692   0.001336
 -0.330456   0.146780   0.114293
 -0.129204   0.201717   0.075406
 -0.100809   0.213252  -0.025100
 -0.099530   0.212917  -0.136057
 -0.152923   0.204311  -0.217010
 -0.308664   0.137250   0.204659
  0.017427   0.203409   0.159441
  0.072116   0.236604  -0.006339
  0.058098   0.230006  -0.188189
 -0.050719   0.202447  -0.328943
 -0.257918   0.092277   0.360346
  0.157117   0.211088   0.239824
  0.240341   0.241856   0.011485
  0.197428   0.234612  -0.233926
  0.031383   0.203722  -0.419093
 -0.198089   0.078247   0.485084
  0.253972   0.198640   0.294137
  0.360019   0.235219   0.023822
  0.300973   0.230350  -0.267619
  0.091357   0.205799  -0.485031
