0.104104 0.191006 -0.346502 0.741475 -0.172554 -0.648413
0.085646 0.246852 -0.348177 0.564428 0.640433 -0.520833
0.135170 0.257117 -0.291613 0.421689 0.700219 -0.576084
0.038136 0.261423 -0.304312 -0.211941 0.965591 0.150717
0.091685 0.269737 -0.247923 -0.372990 0.916401 0.145212
-0.029582 0.229354 -0.243497 0.370589 -0.081810 -0.925187
-0.046901 0.278399 -0.229361 0.217630 0.843394 -0.491247
0.058795 0.278726 -0.184009 0.131647 0.790949 -0.597552
-0.069757 0.283597 -0.163370 -0.086013 0.916782 0.390015
0.040245 0.281147 -0.119248 -0.194795 0.940470 0.278517
-0.068427 0.234615 -0.130622 -0.309213 0.004858 0.950980
0.006645 0.228131 -0.102126 -0.465384 -0.088703 0.880653
-0.142586 0.280975 -0.268705 0.172178 0.921091 -0.349207
-0.168112 0.290899 -0.193686 -0.055657 0.940612 0.334891
-0.192390 0.241287 -0.165508 -0.271577 0.234905 0.933309
0.018366 0.213086 -0.274566 -0.738968 0.063586 0.670734
0.045525 0.214241 -0.238716 -0.885768 0.109851 0.450940
-0.051123 0.216854 -0.344386 -0.690069 0.262935 0.674292
-0.014462 0.261433 -0.357763 -0.107309 0.986580 0.123064
0.035426 0.246917 -0.405776 0.397504 0.847711 -0.351250
-0.236615 0.293593 -0.219174 -0.166872 0.918284 0.359039
-0.212688 0.283036 -0.293817 0.164661 0.757097 -0.632211
-0.149553 0.225489 -0.295741 0.372220 -0.110123 -0.921589
-0.206357 0.225674 -0.315582 0.210140 -0.241860 -0.947283
-0.249061 0.243198 -0.183431 -0.415768 -0.003597 0.909464
-0.025866 0.249770 -0.469891 0.377697 0.803282 -0.460526
-0.078052 0.262004 -0.421518 -0.397410 0.876290 0.272363
-0.101670 0.217847 -0.398948 -0.797631 -0.026658 0.602556
0.039762 0.195166 -0.428197 0.749688 -0.127533 -0.649386
-0.283735 0.291474 -0.244490 -0.474050 0.879782 0.035492
-0.263755 0.284328 -0.303091 -0.392653 0.676468 -0.623069
-0.273146 0.230522 -0.317338 -0.157653 -0.094960 -0.982918
-0.304894 0.241543 -0.224162 -0.725747 0.107380 0.679530
-0.314562 0.237295 -0.279278 -0.934926 0.121079 -0.333545
-0.117273 0.215854 -0.444627 -0.978181 0.069607 0.195746
-0.103335 0.255786 -0.453711 -0.476545 0.823746 -0.307159
-0.009737 0.195614 -0.481746 0.611089 -0.257502 -0.748507
-0.058308 0.200011 -0.500000 0.191297 -0.136193 -0.972037
-0.061326 0.247112 -0.490982 -0.125538 0.571613 -0.810863
-0.100927 0.209273 -0.486818 -0.670825 0.050733 -0.739878
0.236034 0.304704 -0.066481 0.475410 0.867792 -0.144645
0.123254 0.279064 -0.202915 0.387743 0.849747 -0.357191
0.096153 0.295157 -0.081068 -0.116711 0.992001 -0.048092
-0.047836 0.264272 0.161812 -0.003989 0.999554 -0.029590
-0.018382 0.248186 0.212476 0.438407 0.588275 0.679508
0.083484 0.247861 0.151985 0.286948 0.711615 0.641299
0.004207 0.188429 0.215663 0.492757 -0.334325 0.803379
-0.095070 0.252814 0.261150 0.378739 0.763647 0.522877
-0.124912 0.270393 0.207261 -0.030600 0.978440 -0.204254
-0.057886 0.224587 0.119313 -0.466787 0.351833 -0.811371
0.057098 0.268809 0.093848 -0.244321 0.945542 -0.215077
-0.165085 0.235919 0.176405 -0.421070 0.307873 -0.853179
-0.200895 0.277350 0.248043 -0.102483 0.973836 -0.202830
-0.224115 0.238256 0.207975 -0.551937 0.278455 -0.786021
0.136099 0.256263 0.131034 0.012066 0.656129 0.754552
-0.165863 0.254277 0.308897 0.332252 0.683518 0.649932
-0.251874 0.271071 0.280638 -0.463429 0.883572 0.067338
-0.269015 0.230516 0.251811 -0.896830 0.252350 -0.363340
-0.223264 0.253304 0.332873 -0.250997 0.493681 0.832634
-0.225565 0.197038 0.332464 -0.065703 -0.196553 0.978289
-0.157864 0.188734 0.319223 0.310189 -0.489075 0.815223
-0.269236 0.213313 0.302024 -0.884705 -0.026434 0.465402
-0.100022 0.189143 0.283088 0.538090 -0.143053 0.830659
0.107927 0.284247 0.052663 -0.073495 0.976342 0.203357
0.239146 0.273275 0.112018 0.323247 0.886679 0.330623
0.237170 0.153660 0.216078 -0.819917 0.553739 0.145289
0.298024 0.200196 0.248283 0.080550 0.954301 0.287789
0.317933 0.211541 0.206962 0.261000 0.921328 0.288154
0.324605 0.127500 0.359100 0.693330 0.552073 0.463150
0.361597 0.154319 0.261076 0.865178 0.270769 0.422079
0.256330 0.172758 0.348758 -0.217389 0.956303 0.195515
0.378846 0.163295 0.222481 0.940946 0.338289 -0.013434
0.310301 0.054058 0.353230 0.789355 -0.602211 0.119417
0.356476 0.083820 0.238278 0.710117 -0.682066 0.174702
0.370499 0.085245 0.205012 0.795370 -0.535646 -0.283672
0.221236 0.143661 0.427827 0.089323 0.940745 0.327139
0.295120 0.092923 0.431646 0.867727 0.234574 0.438206
0.193448 0.127630 0.330711 -0.825244 0.525656 -0.206540
0.160554 0.114766 0.410919 -0.853791 0.511600 -0.096473
0.288045 0.030800 0.423877 0.671228 -0.729495 0.131487
0.212974 0.126485 0.481029 -0.166453 0.740025 0.651657
0.165620 0.096158 0.467198 -0.867124 0.219595 0.447073
0.259127 0.037716 0.477475 0.569961 -0.504189 0.648797
0.274850 0.085868 0.484530 0.569748 0.440650 0.693696
0.208252 0.064352 0.500000 -0.212865 -0.182333 0.959918
0.204673 0.084758 -0.208575 -0.027368 -0.999490 0.016436
0.033719 0.158041 -0.089434 -0.450507 -0.891959 -0.038106
0.066862 0.150301 -0.209315 -0.430369 -0.869778 -0.241389
0.034900 0.218788 -0.217798 -0.058920 0.089618 -0.994232
0.026194 0.169665 -0.186758 -0.190405 -0.890915 -0.412330
-0.056260 0.181864 -0.156662 -0.198477 -0.893503 0.402813
-0.038308 0.181053 -0.211064 0.180023 -0.832978 -0.523202
0.009075 0.171703 -0.127069 -0.551103 -0.719678 0.422315
-0.180207 0.184775 -0.191729 -0.167074 -0.780769 0.602069
-0.159091 0.179780 -0.256987 0.133749 -0.941853 -0.308259
-0.213263 0.175124 -0.280106 0.030992 -0.947878 -0.317122
-0.237972 0.182039 -0.205486 -0.305433 -0.757222 0.577344
-0.298452 0.188393 -0.239865 -0.564922 -0.797313 0.212499
-0.279893 0.183340 -0.294005 -0.444892 -0.717753 -0.535632
0.104026 0.127014 0.096103 -0.152578 -0.987067 0.049185
0.234535 0.120429 -0.252285 0.764525 -0.308925 -0.565744
0.256963 0.057015 0.046711 -0.030477 -0.765951 -0.642176
0.246542 0.103009 0.207501 -0.874877 -0.461447 -0.147164
0.197592 0.114477 0.136139 -0.533574 -0.733468 0.421099
0.289755 0.060740 0.166336 0.178570 -0.976709 -0.118965
0.194097 0.169483 0.167238 -0.375370 0.265641 0.887993
0.198348 0.074055 0.317137 -0.743978 -0.481303 -0.463513
0.287390 0.063648 0.213248 -0.093551 -0.966451 -0.239209
0.251793 0.032309 0.325451 0.040760 -0.951362 -0.305366
0.160519 0.050242 0.392922 -0.840831 -0.474241 -0.260957
0.160301 0.041964 0.451251 -0.787479 -0.458844 0.411507
0.212387 0.007081 0.457368 -0.175896 -0.918268 0.354746
0.230618 0.000000 0.402420 -0.198695 -0.937417 -0.285954
-0.075063 0.184353 0.028606 -0.009344 -0.875961 0.482292
-0.082913 0.184632 -0.035700 -0.096642 -0.910137 -0.402879
0.002374 0.170272 -0.047643 -0.369213 -0.888719 -0.271772
0.022968 0.226414 0.069450 -0.680300 0.271543 -0.680776
0.032022 0.151106 0.082658 -0.515928 -0.678304 -0.523185
-0.020622 0.145738 0.172145 0.099688 -0.963353 0.249025
-0.048284 0.163671 0.128607 -0.403707 -0.629737 -0.663665
-0.126499 0.143798 0.237613 0.108841 -0.983185 0.146631
-0.156887 0.173582 0.182315 -0.394302 -0.533012 -0.748614
0.059408 0.137804 0.123996 0.095447 -0.908252 0.407392
0.087544 0.184194 0.166248 0.393139 -0.439432 0.807677
0.009692 0.168864 0.011430 -0.312164 -0.770225 0.556154
0.137919 0.182555 0.148017 0.067809 -0.265642 0.961684
-0.206669 0.173517 0.202877 -0.388485 -0.681737 -0.619931
-0.169904 0.140997 0.263854 -0.087187 -0.994402 0.059690
-0.265264 0.177713 0.248848 -0.699876 -0.583391 -0.412102
-0.239984 0.156415 0.296238 -0.306525 -0.819231 0.484668
-0.211043 0.190383 0.056395 0.092917 -0.875596 0.474023
-0.068170 0.234112 0.056473 0.157132 -0.053221 0.986143
-0.205474 0.245398 0.086738 0.191817 0.153738 0.969315
-0.222184 0.183136 -0.025166 -0.042552 -0.794420 -0.605877
-0.082871 0.237133 -0.063336 -0.083635 -0.028090 -0.996100
0.003773 0.223331 -0.075269 -0.262377 0.047349 -0.963803
-0.223375 0.239142 -0.053627 -0.072606 0.087405 -0.993523
-0.287007 0.181192 -0.017881 -0.132235 -0.941928 -0.308683
-0.275593 0.184911 0.068629 -0.074522 -0.914339 0.398034
-0.356759 0.199725 0.002930 -0.562360 -0.765926 -0.311621
-0.350307 0.201909 0.069074 -0.497437 -0.623674 0.602982
-0.276966 0.244581 0.099118 0.024982 -0.115907 0.992946
-0.346595 0.251009 0.086932 -0.390994 0.203646 0.897581
-0.298845 0.243759 -0.047983 -0.255484 -0.066978 -0.964490
-0.360303 0.250448 -0.018222 -0.728784 0.033841 -0.683907
-0.378846 0.254803 0.037813 -0.990355 0.061858 0.123980
-0.101128 0.294764 -0.033763 -0.036183 0.865186 -0.500143
0.034933 0.294232 -0.049713 -0.151676 0.820088 -0.551770
-0.091282 0.295793 0.034081 0.106565 0.845576 0.523111
0.044123 0.294888 0.023950 0.006380 0.894353 0.447316
0.016312 0.224619 0.045111 0.018144 -0.212881 0.976910
-0.202881 0.297049 -0.027019 -0.003870 0.889920 -0.456100
-0.192357 0.299298 0.053753 0.104799 0.904624 0.413126
-0.277294 0.303393 0.064625 0.036759 0.899862 0.434623
-0.288155 0.302069 -0.017287 -0.066439 0.822383 -0.565041
-0.351833 0.300567 0.002671 -0.427741 0.817066 -0.386575
-0.343165 0.301852 0.064206 -0.478957 0.743338 0.466957
0.075504 0.146676 -0.327985 0.250539 -0.938792 -0.236431
0.110179 0.141770 -0.287871 0.163651 -0.894230 -0.416618
0.065675 0.156104 -0.252781 -0.556951 -0.812393 0.172694
0.036672 0.152277 -0.294446 -0.532491 -0.712994 0.456171
0.138672 0.188627 -0.308446 0.608501 -0.157071 -0.777853
-0.030578 0.156152 -0.362073 -0.459823 -0.771379 0.439929
0.012784 0.147559 -0.402518 0.367446 -0.875883 -0.312751
-0.028796 0.146112 -0.454785 0.115421 -0.940465 -0.319693
-0.080752 0.157428 -0.405386 -0.561140 -0.776364 0.287022
-0.075611 0.162698 -0.484245 -0.299437 -0.805132 -0.511957
-0.111068 0.171778 -0.451770 -0.827498 -0.543476 -0.140996
0.168615 0.188964 -0.295624 0.805487 0.318726 -0.499604
0.159032 0.262744 -0.271613 0.703965 0.661294 -0.259082
0.154898 0.139709 -0.279122 -0.029182 -0.898942 -0.437095
0.050792 0.213933 -0.225103 -0.792809 0.371234 -0.483363
0.017315 0.223990 -0.085108 -0.879006 0.474624 -0.045618
0.043951 0.150700 0.039848 -0.591279 -0.806282 0.017273
0.031256 0.228423 0.056752 -0.668175 0.245820 0.702221
0.349098 0.158693 0.076211 0.938391 -0.040898 -0.343145
