1 106
4 6
5 175
6 4
6 174
7 19
11 181
16 26
18 98
19 7
19 167
20 46
24 33
25 34
26 16
29 40
29 42
30 39
31 171
33 24
33 36
34 25
34 35
35 34
35 103
36 33
36 37
37 36
37 103
38 39
38 43
38 173
39 30
39 38
39 43
40 29
40 41
40 170
41 40
41 42
41 43
41 172
42 29
42 41
42 43
43 38
43 39
43 41
43 42
43 172
46 20
48 55
53 54
54 53
55 48
56 183
57 130
60 65
62 66
62 136
63 64
64 63
65 60
66 62
71 74
72 178
73 79
74 71
79 73
85 86
86 85
87 88
87 119
88 87
92 97
93 94
94 93
97 92
98 18
98 101
99 100
100 99
101 98
102 103
103 35
103 37
103 102
106 1
112 113
113 112
119 87
122 158
125 128
128 125
130 57
132 183
136 62
136 137
137 136
145 150
146 148
148 146
148 151
148 162
150 145
150 161
151 148
151 162
158 122
158 176
158 177
161 150
162 148
162 151
163 166
164 165
165 164
166 163
166 180
167 19
167 181
169 170
170 40
170 169
171 31
171 173
172 41
172 43
172 173
173 38
173 171
173 172
174 6
174 180
175 5
176 158
176 177
177 158
177 176
178 72
180 166
180 174
181 11
181 167
183 56
183 132
