0.350545 0.262009 -0.178925 0.831456 0.381468 -0.403935
0.344909 0.167056 -0.222955 0.879255 0.001008 -0.476351
0.252805 0.181896 -0.267275 0.414558 0.047705 -0.908772
0.261014 0.282488 -0.234385 0.207935 0.872552 -0.442058
0.097237 0.190993 -0.346504 0.741484 -0.172581 -0.648396
0.128303 0.257096 -0.291618 0.421689 0.700232 -0.576067
0.131802 0.188609 -0.308450 0.608470 -0.157080 -0.777875
0.031276 0.261403 -0.304314 -0.211930 0.965592 0.150727
0.078781 0.246835 -0.348179 0.564462 0.640432 -0.520798
-0.036437 0.229336 -0.243500 0.370591 -0.081841 -0.925183
0.051934 0.278703 -0.184014 0.131650 0.790978 -0.597514
0.028041 0.218770 -0.217801 -0.058950 0.089606 -0.994231
-0.053765 0.278380 -0.229365 0.217642 0.843409 -0.491217
0.033385 0.281122 -0.119253 -0.194781 0.940478 0.278499
-0.075279 0.234597 -0.130624 -0.309248 0.004888 0.950969
-0.076614 0.283575 -0.163373 -0.086017 0.916774 0.390033
-0.149440 0.280957 -0.268710 0.172178 0.921098 -0.349190
-0.174963 0.290880 -0.193689 -0.055680 0.940597 0.334928
-0.199241 0.241265 -0.165520 -0.271626 0.234891 0.933298
0.011509 0.213072 -0.274569 -0.738986 0.063597 0.670713
0.084820 0.269716 -0.247924 -0.372986 0.916407 0.145192
-0.057976 0.216836 -0.344388 -0.690072 0.262935 0.674289
-0.021319 0.261417 -0.357765 -0.107306 0.986579 0.123077
0.028568 0.246901 -0.405780 0.397521 0.847712 -0.351229
-0.243464 0.293570 -0.219181 -0.166906 0.918283 0.359025
-0.219541 0.283014 -0.293823 0.164651 0.757101 -0.632209
-0.156407 0.225472 -0.295743 0.372230 -0.110168 -0.921579
-0.213210 0.225658 -0.315586 0.210160 -0.241904 -0.947267
-0.255905 0.243181 -0.183442 -0.415786 -0.003599 0.909456
-0.032725 0.249753 -0.469894 0.377693 0.803288 -0.460518
-0.084903 0.261988 -0.421518 -0.397429 0.876280 0.272365
-0.108523 0.217830 -0.398947 -0.797651 -0.026656 0.602531
0.032900 0.195153 -0.428200 0.749720 -0.127555 -0.649346
-0.290584 0.291451 -0.244501 -0.474076 0.879768 0.035502
-0.270601 0.284305 -0.303096 -0.392656 0.676448 -0.623089
-0.279997 0.230502 -0.317340 -0.157648 -0.094984 -0.982917
-0.311738 0.241520 -0.224170 -0.725756 0.107368 0.679522
-0.321402 0.237277 -0.279286 -0.934936 0.121071 -0.333522
-0.124120 0.215838 -0.444625 -0.978183 0.069617 0.195732
-0.110185 0.255771 -0.453712 -0.476589 0.823741 -0.307105
-0.016591 0.195600 -0.481751 0.611095 -0.257538 -0.748490
-0.065164 0.199997 -0.500000 0.191283 -0.136207 -0.972038
-0.068185 0.247093 -0.490985 -0.125545 0.571610 -0.810864
-0.107780 0.209260 -0.486819 -0.670896 0.050739 -0.739814
0.347087 0.283355 -0.057695 0.584875 0.811113 -0.004157
0.229160 0.304677 -0.066486 0.044499 0.998576 0.029418
0.116388 0.279044 -0.202920 -0.122335 0.973707 -0.192168
0.089286 0.295129 -0.081068 -0.116712 0.992001 -0.048077
-0.054687 0.264249 0.161807 -0.003999 0.999554 -0.029592
0.076621 0.247840 0.151984 0.286942 0.711650 0.641263
0.050234 0.268784 0.093847 -0.244326 0.945543 -0.215067
-0.002646 0.188412 0.215658 0.492777 -0.334351 0.803356
-0.025241 0.248164 0.212475 0.438410 0.588304 0.679482
-0.101927 0.252791 0.261150 0.378727 0.763673 0.522847
-0.131765 0.270366 0.207262 -0.030620 0.978438 -0.204256
-0.064740 0.224567 0.119311 -0.466809 0.351860 -0.811347
0.016102 0.226391 0.069452 -0.680342 0.271571 -0.680723
-0.171935 0.235894 0.176406 -0.421080 0.307915 -0.853159
-0.207743 0.277327 0.248045 -0.102463 0.973843 -0.202808
-0.230957 0.238237 0.207974 -0.551958 0.278485 -0.785995
-0.172716 0.254254 0.308897 0.332259 0.683526 0.649920
-0.258716 0.271044 0.280635 -0.463430 0.883572 0.067333
-0.275858 0.230496 0.251809 -0.896821 0.252370 -0.363348
-0.230114 0.253280 0.332872 -0.250998 0.493723 0.832609
-0.232409 0.197018 0.332462 -0.065695 -0.196589 0.978283
-0.164717 0.188715 0.319222 0.310210 -0.489109 0.815194
-0.276082 0.213292 0.302026 -0.884715 -0.026450 0.465381
-0.106872 0.189125 0.283085 0.538109 -0.143070 0.830644
0.101060 0.284222 0.052662 -0.073490 0.976346 0.203342
0.232274 0.273246 0.112020 0.010113 0.902465 0.430645
0.230296 0.153644 0.216081 -0.819936 0.553708 0.145301
0.311056 0.211517 0.206966 0.028415 0.843827 0.535862
0.187225 0.169468 0.167240 -0.375401 0.265652 0.887977
0.354715 0.154305 0.261078 0.865203 0.270741 0.422046
0.291148 0.200176 0.248286 0.080530 0.954312 0.287757
0.317734 0.127488 0.359093 0.693332 0.552088 0.463131
0.249457 0.172740 0.348751 -0.217389 0.956303 0.195516
0.303424 0.054050 0.353223 0.789347 -0.602226 0.119394
0.349595 0.083808 0.238277 0.710100 -0.682081 0.174708
0.371966 0.163278 0.222484 0.942247 0.284072 0.177412
0.214365 0.143646 0.427825 0.089323 0.940752 0.327118
0.288244 0.092913 0.431644 0.867725 0.234563 0.438217
0.186582 0.127615 0.330708 -0.825235 0.525672 -0.206533
0.153685 0.114754 0.410914 -0.853784 0.511613 -0.096464
0.281170 0.030794 0.423875 0.671224 -0.729500 0.131486
0.206104 0.126470 0.481028 -0.166449 0.740058 0.651621
0.158753 0.096147 0.467196 -0.867132 0.219587 0.447062
0.252251 0.037710 0.477474 0.570010 -0.504190 0.648753
0.267971 0.085856 0.484527 0.569786 0.440677 0.693648
0.201387 0.064341 0.500000 -0.212883 -0.182351 0.959911
0.343636 0.261665 0.070825 0.592055 0.778534 0.208221
0.197802 0.084748 -0.208577 -0.287392 -0.949101 -0.128890
0.026854 0.158028 -0.089436 -0.450502 -0.891962 -0.038105
0.059995 0.150286 -0.209320 -0.430367 -0.869781 -0.241380
0.019330 0.169650 -0.186759 -0.190414 -0.890919 -0.412317
-0.045170 0.181036 -0.211064 0.180015 -0.832992 -0.523181
-0.063116 0.181848 -0.156663 -0.198498 -0.893499 0.402813
0.002212 0.171687 -0.127070 -0.551124 -0.719674 0.422293
-0.187057 0.184758 -0.191734 -0.167106 -0.780759 0.602072
-0.165945 0.179766 -0.256987 0.133760 -0.941850 -0.308264
-0.220115 0.175107 -0.280109 0.031012 -0.947873 -0.317137
-0.244816 0.182023 -0.205494 -0.305436 -0.757201 0.577370
-0.305297 0.188375 -0.239873 -0.564936 -0.797308 0.212480
-0.286741 0.183327 -0.294009 -0.444904 -0.717753 -0.535623
0.300221 0.059197 -0.121180 0.105425 -0.986933 -0.121854
0.097161 0.126999 0.096100 -0.355890 -0.930170 0.090140
0.335202 0.106741 -0.207572 0.603858 -0.648628 -0.463291
0.227664 0.120417 -0.252287 0.043685 -0.675344 -0.736208
0.360127 0.060752 0.073027 0.559175 -0.827430 -0.051793
0.250090 0.057009 0.046713 -0.263355 -0.963885 0.039625
0.190721 0.114465 0.136136 -0.533572 -0.733488 0.421066
0.239672 0.102997 0.207503 -0.874874 -0.461460 -0.147138
0.282876 0.060735 0.166339 -0.158321 -0.978247 0.134040
0.280513 0.063643 0.213249 -0.093569 -0.966448 -0.239212
0.191478 0.074047 0.317134 -0.743976 -0.481320 -0.463498
0.244922 0.032305 0.325447 0.040734 -0.951369 -0.305350
0.363619 0.085233 0.205009 0.889271 -0.446176 0.100617
0.153654 0.050234 0.392919 -0.840818 -0.474271 -0.260946
0.153434 0.041959 0.451249 -0.787495 -0.458840 0.411483
0.205516 0.007074 0.457366 -0.175900 -0.918288 0.354692
0.223748 0.000000 0.402418 -0.198684 -0.937420 -0.285952
-0.089775 0.184614 -0.035702 -0.096641 -0.910153 -0.402842
-0.004490 0.170256 -0.047642 -0.369186 -0.888732 -0.271766
-0.081927 0.184335 0.028604 -0.009340 -0.875965 0.482284
0.002828 0.168849 0.011425 -0.312149 -0.770239 0.556142
0.025161 0.151088 0.082654 -0.515928 -0.678324 -0.523158
-0.055141 0.163653 0.128605 -0.403705 -0.629750 -0.663654
-0.027481 0.145727 0.172143 0.099705 -0.963351 0.249024
0.052543 0.137789 0.123991 0.095435 -0.908256 0.407385
-0.133351 0.143780 0.237609 0.108863 -0.983182 0.146637
-0.163743 0.173562 0.182314 -0.394320 -0.533010 -0.748607
0.080684 0.184177 0.166246 0.393132 -0.439485 0.807651
0.009448 0.224598 0.045109 0.018140 -0.212887 0.976908
-0.075032 0.234091 0.056467 0.157140 -0.053202 0.986142
-0.213519 0.173497 0.202875 -0.388540 -0.681734 -0.619900
-0.176756 0.140982 0.263851 -0.087192 -0.994401 0.059705
-0.272108 0.177695 0.248850 -0.699906 -0.583371 -0.412081
-0.246825 0.156397 0.296235 -0.306509 -0.819253 0.484641
-0.217906 0.190367 0.056395 0.092913 -0.875610 0.473998
-0.212339 0.245377 0.086738 0.191836 0.153759 0.969308
-0.229040 0.183121 -0.025167 -0.042561 -0.794447 -0.605840
-0.089727 0.237109 -0.063338 -0.083647 -0.028113 -0.996099
-0.230238 0.239121 -0.053628 -0.072626 0.087401 -0.993522
-0.293867 0.181177 -0.017883 -0.132222 -0.941944 -0.308640
-0.282454 0.184896 0.068630 -0.074523 -0.914356 0.397995
-0.363613 0.199708 0.002930 -0.562321 -0.765971 -0.311584
-0.357165 0.201893 0.069074 -0.497433 -0.623710 0.602948
-0.283830 0.244558 0.099118 0.024961 -0.115885 0.992949
-0.353453 0.250988 0.086927 -0.391008 0.203705 0.897561
-0.305706 0.243735 -0.047982 -0.255496 -0.066974 -0.964488
-0.367164 0.250424 -0.018220 -0.728780 0.033811 -0.683913
-0.385706 0.254777 0.037812 -0.990353 0.061835 0.124004
-0.107990 0.294740 -0.033769 -0.036181 0.865195 -0.500128
0.037262 0.294861 0.023946 0.006381 0.894369 0.447284
0.028072 0.294207 -0.049716 -0.151639 0.820117 -0.551738
-0.098143 0.295769 0.034075 0.106573 0.845590 0.523086
-0.209745 0.297025 -0.027021 -0.003883 0.889926 -0.456088
-0.199220 0.299272 0.053752 0.104787 0.904635 0.413105
-0.003094 0.223315 -0.075270 -0.262381 0.047329 -0.963803
-0.284154 0.303366 0.064621 0.036744 0.899869 0.434610
-0.295019 0.302045 -0.017284 -0.066464 0.822391 -0.565027
-0.358693 0.300541 0.002672 -0.427750 0.817068 -0.386561
-0.350022 0.301825 0.064202 -0.478945 0.743341 0.466965
0.068638 0.146666 -0.327986 0.250543 -0.938792 -0.236426
0.058808 0.156091 -0.252783 -0.556985 -0.812379 0.172650
0.029810 0.152268 -0.294446 -0.532530 -0.712974 0.456158
0.103310 0.141760 -0.287878 0.163601 -0.894237 -0.416624
0.038666 0.214225 -0.238721 -0.885794 0.109894 0.450879
-0.037435 0.156139 -0.362076 -0.459818 -0.771392 0.439911
0.005925 0.147551 -0.402518 0.367458 -0.875886 -0.312726
-0.035656 0.146102 -0.454786 0.115437 -0.940463 -0.319693
-0.087604 0.157415 -0.405388 -0.561148 -0.776373 0.286979
-0.082467 0.162686 -0.484249 -0.299445 -0.805136 -0.511946
-0.117920 0.171766 -0.451772 -0.827534 -0.543434 -0.140948
0.161747 0.188946 -0.295630 0.305778 0.039437 -0.951286
0.152164 0.262725 -0.271617 0.128108 0.788485 -0.601564
0.010453 0.223972 -0.085111 -0.878977 0.474670 -0.045702
-0.000214 0.228111 -0.102128 -0.465420 -0.088664 0.880638
0.131052 0.182539 0.148017 0.067779 -0.265677 0.961676
0.129232 0.256239 0.131034 0.012063 0.656172 0.754515
0.148025 0.139696 -0.279125 -0.029194 -0.898952 -0.437073
0.043927 0.213915 -0.225106 -0.792817 0.371259 -0.483331
0.037090 0.150685 0.039848 -0.591274 -0.806285 0.017269
0.024391 0.228407 0.056749 -0.668246 0.245839 0.702147
0.385706 0.161041 -0.022009 0.995841 -0.067982 -0.060656
