-0.350537 0.262024 -0.178931 -0.833297 0.379499 -0.401991
-0.344902 0.167073 -0.222961 -0.881650 -0.000010 -0.471903
-0.252803 0.181909 -0.267280 -0.414567 0.047718 -0.908767
-0.261009 0.282499 -0.234391 -0.207930 0.872555 -0.442055
-0.097235 0.191003 -0.346514 -0.741501 -0.172589 -0.648374
-0.131800 0.188622 -0.308457 -0.608497 -0.157108 -0.777848
-0.128301 0.257107 -0.291626 -0.421705 0.700240 -0.576046
-0.031275 0.261415 -0.304321 0.211941 0.965586 0.150744
-0.078780 0.246848 -0.348189 -0.564462 0.640436 -0.520791
0.036437 0.229345 -0.243508 -0.370587 -0.081855 -0.925184
-0.028041 0.218782 -0.217807 0.058916 0.089575 -0.994236
-0.051932 0.278715 -0.184023 -0.131645 0.790976 -0.597518
0.053757 0.278388 -0.229371 -0.217628 0.843415 -0.491213
-0.033384 0.281133 -0.119261 0.194789 0.940480 0.278485
0.075278 0.234609 -0.130632 0.309252 0.004892 0.950967
0.076606 0.283583 -0.163380 0.085999 0.916789 0.390003
0.149437 0.280968 -0.268714 -0.172193 0.921103 -0.349170
0.174953 0.290891 -0.193695 0.055659 0.940598 0.334930
0.199230 0.241277 -0.165523 0.271623 0.234916 0.933293
-0.011509 0.213081 -0.274577 0.738988 0.063589 0.670711
-0.084818 0.269724 -0.247933 0.373000 0.916402 0.145187
0.057971 0.216849 -0.344387 0.690095 0.262931 0.674267
0.021312 0.261425 -0.357765 0.107321 0.986579 0.123065
-0.028574 0.246913 -0.405779 -0.397503 0.847727 -0.351212
0.243459 0.293582 -0.219187 0.166895 0.918276 0.359049
0.219536 0.283029 -0.293828 -0.164649 0.757120 -0.632186
0.156404 0.225488 -0.295747 -0.372223 -0.110167 -0.921582
0.213205 0.225670 -0.315593 -0.210189 -0.241897 -0.947263
0.255893 0.243194 -0.183449 0.415785 -0.003599 0.909456
0.032714 0.249765 -0.469895 -0.377704 0.803298 -0.460491
0.084891 0.261997 -0.421519 0.397412 0.876290 0.272358
0.108507 0.217843 -0.398945 0.797655 -0.026647 0.602526
-0.032906 0.195166 -0.428201 -0.749733 -0.127528 -0.649336
0.290578 0.291462 -0.244506 0.474078 0.879767 0.035511
0.270602 0.284316 -0.303100 0.392682 0.676469 -0.623049
0.279991 0.230518 -0.317348 0.157666 -0.094986 -0.982913
0.311731 0.241535 -0.224176 0.725736 0.107372 0.679543
0.321396 0.237289 -0.279291 0.934949 0.121045 -0.333494
0.124110 0.215851 -0.444623 0.978188 0.069615 0.195710
0.110173 0.255783 -0.453710 0.476601 0.823731 -0.307114
0.016584 0.195610 -0.481751 -0.611113 -0.257525 -0.748479
0.065149 0.200010 -0.500000 -0.191289 -0.136234 -0.972033
0.068173 0.247106 -0.490986 0.125582 0.571615 -0.810855
0.107764 0.209269 -0.486819 0.670899 0.050696 -0.739813
-0.347086 0.283366 -0.057704 -0.584726 0.811220 -0.004173
-0.229159 0.304688 -0.066495 -0.044494 0.998576 0.029417
-0.089291 0.295140 -0.081077 0.116705 0.992002 -0.048078
-0.116386 0.279055 -0.202926 0.122336 0.973707 -0.192169
0.054699 0.264257 0.161794 0.004011 0.999554 -0.029596
-0.050226 0.268795 0.093834 0.244348 0.945530 -0.215098
-0.076612 0.247852 0.151971 -0.286914 0.711668 0.641256
0.002653 0.188426 0.215646 -0.492771 -0.334352 0.803359
0.025248 0.248172 0.212460 -0.438402 0.588331 0.679464
0.101925 0.252803 0.261135 -0.378756 0.763665 0.522839
0.131762 0.270375 0.207244 0.030630 0.978435 -0.204271
0.064746 0.224576 0.119298 0.466817 0.351834 -0.811354
-0.016102 0.226400 0.069437 0.680318 0.271577 -0.680745
0.171932 0.235903 0.176389 0.421080 0.307919 -0.853158
0.207738 0.277335 0.248029 0.102471 0.973838 -0.202827
0.230959 0.238246 0.207956 0.551950 0.278506 -0.785993
-0.131050 0.182553 0.148004 -0.067773 -0.265662 0.961681
0.172713 0.254266 0.308880 -0.332261 0.683542 0.649902
0.258711 0.271052 0.280619 0.463425 0.883576 0.067310
0.275852 0.230505 0.251790 0.896833 0.252374 -0.363316
0.230109 0.253292 0.332855 0.250996 0.493740 0.832599
0.232404 0.197031 0.332445 0.065693 -0.196583 0.978284
0.164713 0.188729 0.319206 -0.310214 -0.489112 0.815191
0.276079 0.213305 0.302009 0.884727 -0.026417 0.465361
0.106876 0.189135 0.283069 -0.538118 -0.143083 0.830636
-0.232269 0.273258 0.112004 -0.010090 0.902466 0.430643
-0.101058 0.284233 0.052650 0.073489 0.976346 0.203343
-0.230291 0.153651 0.216083 0.819931 0.553731 0.145244
-0.187228 0.169478 0.167230 0.375449 0.265702 0.887942
-0.311049 0.211526 0.206966 -0.028378 0.843828 0.535862
-0.354700 0.154305 0.261083 -0.865139 0.270821 0.422127
-0.291131 0.200175 0.248291 -0.080535 0.954292 0.287822
-0.317710 0.127485 0.359100 -0.693288 0.552109 0.463170
-0.249435 0.172736 0.348757 0.217377 0.956300 0.195542
-0.303411 0.054052 0.353226 -0.789342 -0.602227 0.119419
-0.349588 0.083817 0.238282 -0.710105 -0.682079 0.174698
-0.371952 0.163285 0.222486 -0.941512 0.285516 0.178984
-0.214347 0.143639 0.427826 -0.089321 0.940743 0.327146
-0.288221 0.092911 0.431645 -0.867709 0.234577 0.438240
-0.186564 0.127616 0.330711 0.825223 0.525687 -0.206543
-0.153668 0.114752 0.410915 0.853777 0.511625 -0.096460
-0.281150 0.030794 0.423873 -0.671217 -0.729508 0.131475
-0.206083 0.126464 0.481028 0.166435 0.740057 0.651625
-0.158733 0.096141 0.467197 0.867153 0.219537 0.447045
-0.252232 0.037706 0.477471 -0.570014 -0.504221 0.648726
-0.267952 0.085850 0.484528 -0.569778 0.440659 0.693666
-0.201366 0.064336 0.500000 0.212884 -0.182399 0.959902
-0.343635 0.261680 0.070813 -0.589882 0.780011 0.208857
-0.197805 0.084767 -0.208583 0.287393 -0.949100 -0.128898
-0.059994 0.150300 -0.209326 0.430358 -0.869794 -0.241350
-0.026861 0.158042 -0.089444 0.450485 -0.891970 -0.038113
0.045162 0.181049 -0.211070 -0.179982 -0.833001 -0.523178
-0.019333 0.169664 -0.186766 0.190384 -0.890930 -0.412307
0.063115 0.181858 -0.156671 0.198505 -0.893508 0.402789
-0.002212 0.171697 -0.127078 0.551073 -0.719710 0.422299
0.187053 0.184772 -0.191741 0.167109 -0.780766 0.602062
0.165942 0.179783 -0.256992 -0.133768 -0.941840 -0.308292
0.220111 0.175121 -0.280113 -0.031012 -0.947873 -0.317136
0.244811 0.182037 -0.205500 0.305455 -0.757185 0.577380
0.305290 0.188391 -0.239879 0.564945 -0.797298 0.212494
0.286735 0.183341 -0.294013 0.444910 -0.717762 -0.535606
-0.097153 0.127014 0.096088 0.355887 -0.930173 0.090128
-0.300215 0.059213 -0.121187 -0.106657 -0.986794 -0.121911
-0.335202 0.106756 -0.207578 -0.606638 -0.647725 -0.460915
-0.227659 0.120432 -0.252296 -0.043691 -0.675367 -0.736187
-0.360119 0.060768 0.073026 -0.559669 -0.827086 -0.051964
-0.250085 0.057028 0.046701 0.263352 -0.963886 0.039624
-0.239660 0.103002 0.207506 0.874855 -0.461464 -0.147238
-0.190717 0.114480 0.136127 0.533607 -0.733505 0.420992
-0.280507 0.063652 0.213252 0.093523 -0.966442 -0.239256
-0.282877 0.060748 0.166335 0.158342 -0.978255 0.133959
-0.191460 0.074049 0.317134 0.743953 -0.481317 -0.463539
-0.244903 0.032307 0.325447 -0.040750 -0.951356 -0.305388
-0.363612 0.085241 0.205011 -0.888170 -0.448221 0.101255
-0.153637 0.050233 0.392917 0.840815 -0.474269 -0.260958
-0.153421 0.041955 0.451246 0.787488 -0.458895 0.411434
-0.205498 0.007074 0.457364 0.175893 -0.918304 0.354654
-0.223730 0.000000 0.402417 0.198677 -0.937414 -0.285976
0.089766 0.184627 -0.035712 0.096641 -0.910149 -0.402851
0.004490 0.170270 -0.047651 0.369199 -0.888718 -0.271797
0.081925 0.184349 0.028593 0.009340 -0.875958 0.482296
-0.002828 0.168862 0.011414 0.312178 -0.770244 0.556120
0.055147 0.163664 0.128592 0.403710 -0.629760 -0.663642
-0.025154 0.151102 0.082642 0.515919 -0.678311 -0.523185
0.027487 0.145738 0.172129 -0.099709 -0.963348 0.249035
-0.052535 0.137800 0.123978 -0.095451 -0.908257 0.407380
0.133355 0.143794 0.237594 -0.108867 -0.983180 0.146648
0.163740 0.173573 0.182300 0.394320 -0.533020 -0.748599
-0.080672 0.184190 0.166235 -0.393135 -0.439475 0.807655
0.075030 0.234103 0.056455 -0.157137 -0.053200 0.986143
-0.009455 0.224611 0.045098 -0.018138 -0.212888 0.976908
0.213515 0.173511 0.202857 0.388515 -0.681751 -0.619896
0.176752 0.140993 0.263836 0.087178 -0.994402 0.059708
0.272102 0.177705 0.248831 0.699895 -0.583390 -0.412072
0.246827 0.156411 0.296219 0.306513 -0.819241 0.484658
0.217902 0.190380 0.056383 -0.092913 -0.875612 0.473995
0.212335 0.245389 0.086726 -0.191836 0.153759 0.969308
0.229036 0.183134 -0.025177 0.042560 -0.794444 -0.605844
0.089725 0.237121 -0.063347 0.083656 -0.028111 -0.996098
0.230233 0.239134 -0.053634 0.072623 0.087399 -0.993523
0.293861 0.181190 -0.017893 0.132222 -0.941944 -0.308640
0.282448 0.184909 0.068618 0.074523 -0.914356 0.397995
0.363605 0.199721 0.002919 0.562321 -0.765971 -0.311584
0.357158 0.201906 0.069062 0.497433 -0.623710 0.602948
0.283824 0.244570 0.099105 -0.024961 -0.115885 0.992949
0.353445 0.251000 0.086915 0.391008 0.203705 0.897561
0.305700 0.243748 -0.047992 0.255479 -0.066951 -0.964494
0.367156 0.250436 -0.018230 0.728780 0.033811 -0.683913
0.385698 0.254788 0.037800 0.990353 0.061835 0.124004
0.107981 0.294751 -0.033778 0.036197 0.865192 -0.500132
-0.028072 0.294221 -0.049726 0.151642 0.820121 -0.551730
-0.037262 0.294872 0.023935 -0.006384 0.894363 0.447297
0.098141 0.295780 0.034064 -0.106565 0.845597 0.523078
0.209741 0.297032 -0.027031 0.003888 0.889923 -0.456095
0.199216 0.299283 0.053741 -0.104783 0.904646 0.413082
0.003087 0.223327 -0.075279 0.262388 0.047320 -0.963802
0.284148 0.303377 0.064610 -0.036751 0.899871 0.434605
0.295006 0.302056 -0.017294 0.066440 0.822392 -0.565029
0.358685 0.300552 0.002661 0.427732 0.817075 -0.386567
0.350015 0.301836 0.064190 0.478945 0.743341 0.466965
-0.068637 0.146681 -0.327996 -0.250554 -0.938793 -0.236411
-0.029809 0.152279 -0.294457 0.532505 -0.713002 0.456142
-0.058814 0.156105 -0.252791 0.556970 -0.812390 0.172648
-0.103308 0.141774 -0.287882 -0.163612 -0.894238 -0.416617
-0.038665 0.214237 -0.238726 0.885813 0.109860 0.450851
0.037424 0.156153 -0.362076 0.459820 -0.771404 0.439889
-0.005935 0.147561 -0.402520 -0.367472 -0.875883 -0.312721
0.035642 0.146116 -0.454783 -0.115404 -0.940478 -0.319660
0.087595 0.157429 -0.405386 0.561134 -0.776374 0.287004
0.082451 0.162697 -0.484245 0.299409 -0.805154 -0.511939
0.117904 0.171777 -0.451769 0.827515 -0.543450 -0.141003
-0.161743 0.188959 -0.295637 -0.305790 0.039442 -0.951282
-0.152161 0.262736 -0.271625 -0.128103 0.788497 -0.601549
-0.010452 0.223985 -0.085119 0.878986 0.474660 -0.045622
0.000214 0.228124 -0.102137 0.465420 -0.088660 0.880638
-0.129229 0.256251 0.131021 -0.012069 0.656174 0.754513
-0.148022 0.139710 -0.279133 0.029206 -0.898953 -0.437071
-0.043926 0.213924 -0.225111 0.792817 0.371259 -0.483331
-0.037083 0.150699 0.039837 0.591255 -0.806301 0.017235
-0.024387 0.228416 0.056738 0.668266 0.245885 0.702112
-0.385698 0.161055 -0.018994 -0.995841 -0.067996 -0.060646
