2 157
3 168
4 169
7 10
7 91
8 161
8 174
10 7
12 93
17 161
17 174
21 30
22 31
25 97
27 38
27 40
28 29
28 36
28 37
29 28
29 36
30 21
31 22
33 100
36 28
36 29
36 37
36 41
36 167
37 28
37 36
37 40
37 41
38 27
38 39
39 38
39 40
39 166
40 27
40 37
40 39
41 36
41 37
41 166
48 49
49 48
51 54
53 127
53 176
54 51
57 69
59 60
60 59
60 64
60 130
62 64
62 131
64 60
64 62
64 130
69 57
70 72
72 70
78 85
79 109
82 83
82 86
83 82
83 86
83 112
84 85
84 113
85 78
85 84
86 82
86 83
89 92
89 159
89 174
90 94
91 7
92 89
92 94
93 12
94 90
94 92
96 97
97 25
97 96
100 33
105 107
107 105
107 108
108 107
109 79
112 83
113 84
113 114
114 113
117 126
118 175
119 121
120 122
120 175
121 119
122 120
123 129
124 128
126 117
127 53
127 176
128 124
129 123
130 60
130 64
130 131
131 62
131 130
139 144
142 156
144 139
144 145
144 155
145 144
145 155
152 170
152 171
153 156
155 144
155 145
156 142
156 153
157 2
157 158
157 160
158 157
159 89
160 157
160 173
161 8
161 17
161 174
165 167
166 39
166 41
166 167
167 36
167 165
167 166
168 3
169 4
170 152
170 171
171 152
171 170
173 160
174 8
174 17
174 89
174 161
175 118
175 120
175 176
176 53
176 127
176 175
