0.337603 0.262020 -0.178918 0.801243 0.427585 -0.418547
0.398634 0.151507 -0.013775 0.995840 -0.067987 -0.060661
0.331969 0.167068 -0.222955 0.848164 0.013927 -0.529551
0.239865 0.181908 -0.267271 0.410722 0.049291 -0.910427
0.248074 0.275180 -0.234383 0.207934 0.872551 -0.442061
0.148804 0.188956 -0.295629 0.310938 0.040231 -0.949578
0.084297 0.191003 -0.346500 0.741475 -0.172556 -0.648413
0.065838 0.246847 -0.348176 0.564449 0.640435 -0.520808
0.115359 0.257107 -0.291617 0.421675 0.700256 -0.576048
0.018328 0.261416 -0.304310 -0.211936 0.965588 0.150741
0.071875 0.269725 -0.247923 -0.372985 0.916407 0.145187
-0.049383 0.229342 -0.243496 0.370604 -0.081807 -0.925181
-0.066706 0.278392 -0.229360 0.217646 0.843397 -0.491234
0.038991 0.278717 -0.184012 0.131663 0.790951 -0.597546
-0.089559 0.283586 -0.163374 -0.086023 0.916769 0.390045
0.020440 0.281135 -0.119248 -0.194791 0.940465 0.278536
-0.088226 0.234605 -0.130622 -0.309233 0.004884 0.950974
-0.013159 0.228121 -0.102128 -0.465401 -0.088726 0.880642
-0.162383 0.280968 -0.268707 0.172169 0.921100 -0.349189
-0.187908 0.290892 -0.193686 -0.055658 0.940605 0.334910
-0.212186 0.241278 -0.165514 -0.271588 0.234929 0.933300
-0.001442 0.213081 -0.274569 -0.738982 0.063585 0.670718
0.025716 0.214235 -0.238717 -0.885787 0.109865 0.450899
-0.070925 0.216846 -0.344385 -0.690084 0.262921 0.674282
-0.034269 0.261427 -0.357764 -0.107339 0.986577 0.123061
0.015624 0.246912 -0.405777 0.397490 0.847721 -0.351242
-0.256409 0.293582 -0.219175 -0.166888 0.918286 0.359025
-0.232484 0.283025 -0.293818 0.164652 0.757108 -0.632201
-0.169349 0.225484 -0.295743 0.372229 -0.110118 -0.921585
-0.226154 0.225667 -0.315581 0.210163 -0.241850 -0.947280
-0.268852 0.243189 -0.183433 -0.415767 -0.003591 0.909464
-0.045672 0.249762 -0.469888 0.370648 0.802811 -0.467027
-0.097854 0.261994 -0.421517 -0.397423 0.876278 0.272383
-0.121471 0.217839 -0.398947 -0.797618 -0.026670 0.602573
0.019954 0.195162 -0.428198 0.749706 -0.127547 -0.649364
-0.303529 0.291463 -0.244493 -0.474047 0.879785 0.035477
-0.283549 0.284315 -0.303095 -0.392645 0.676486 -0.623054
-0.292941 0.230514 -0.317342 -0.157643 -0.094983 -0.982918
-0.324685 0.241535 -0.224162 -0.725748 0.107397 0.679526
-0.334352 0.237288 -0.279281 -0.934931 0.121075 -0.333533
-0.137076 0.215846 -0.444620 -0.978186 0.069590 0.195727
-0.123136 0.255782 -0.453712 -0.463265 0.817296 -0.342656
-0.029539 0.195608 -0.481748 0.611091 -0.257514 -0.748502
-0.078113 0.200006 -0.500000 0.193336 -0.146369 -0.970153
-0.080789 0.242203 -0.491923 -0.125495 0.571622 -0.810864
-0.120728 0.209269 -0.486818 -0.671317 0.049559 -0.739511
0.334152 0.283368 -0.057698 0.557126 0.830300 -0.014599
0.216219 0.304689 -0.066479 0.052198 0.998489 0.017174
0.103445 0.279056 -0.202914 -0.102027 0.974473 -0.199981
0.076344 0.295143 -0.081073 -0.116694 0.992004 -0.048072
-0.067635 0.264259 0.161809 -0.004004 0.999554 -0.029601
-0.038184 0.248176 0.212473 0.438409 0.588303 0.679483
0.063677 0.247851 0.151982 0.286960 0.711633 0.641274
-0.015595 0.188424 0.215660 0.492781 -0.334318 0.803367
0.067739 0.184187 0.166246 0.393143 -0.439424 0.807679
-0.114870 0.252803 0.261148 0.378746 0.763654 0.522861
-0.144706 0.270379 0.207261 -0.030606 0.978437 -0.204265
-0.077688 0.224577 0.119312 -0.466796 0.351869 -0.811351
0.037291 0.268796 0.093848 -0.244325 0.945541 -0.215075
-0.184882 0.235905 0.176403 -0.421071 0.307901 -0.853168
-0.220688 0.277338 0.248041 -0.102474 0.973836 -0.202837
-0.243909 0.238245 0.207972 -0.551961 0.278432 -0.786012
-0.185661 0.254267 0.308897 0.332255 0.683531 0.649917
-0.271670 0.271058 0.280635 -0.463417 0.883580 0.067318
-0.288807 0.230507 0.251809 -0.896837 0.252303 -0.363354
-0.243062 0.253292 0.332875 -0.250985 0.493707 0.832622
-0.245363 0.197030 0.332460 -0.065658 -0.196604 0.978282
-0.177662 0.188728 0.319221 0.310185 -0.489068 0.815229
-0.289032 0.213302 0.302027 -0.884724 -0.026448 0.465364
-0.119821 0.189135 0.283086 0.538106 -0.143054 0.830649
0.088119 0.284233 0.052661 -0.073488 0.976343 0.203354
0.219334 0.273262 0.112013 0.010100 0.902457 0.430662
0.217362 0.153654 0.216074 -0.819931 0.553716 0.145298
0.278208 0.200184 0.248280 0.080546 0.954302 0.287786
0.298121 0.211530 0.206961 0.028401 0.843805 0.535898
0.304790 0.127493 0.359096 0.693351 0.552059 0.463136
0.341779 0.154311 0.261076 0.865188 0.270740 0.422078
0.236518 0.172748 0.348754 -0.217396 0.956303 0.195507
0.359027 0.163288 0.222483 0.912340 0.329422 0.243140
0.290483 0.054051 0.353223 0.789357 -0.602211 0.119401
0.336656 0.083816 0.238274 0.710110 -0.682072 0.174705
0.350682 0.085238 0.205011 0.834931 -0.526377 0.160676
0.201429 0.143654 0.427819 0.089353 0.940748 0.327122
0.275303 0.092915 0.431645 0.867740 0.234553 0.438192
0.173639 0.127621 0.330710 -0.825227 0.525685 -0.206534
0.140748 0.114764 0.410915 -0.853767 0.511641 -0.096467
0.268230 0.030798 0.423875 0.671219 -0.729508 0.131467
0.193166 0.126478 0.481027 -0.166437 0.740058 0.651623
0.145807 0.096152 0.467191 -0.867141 0.219601 0.447037
0.239315 0.037711 0.477469 0.569987 -0.504165 0.648793
0.255033 0.085863 0.484524 0.569796 0.440628 0.693671
0.188440 0.064347 0.500000 -0.212880 -0.182342 0.959913
0.330701 0.261677 0.070827 0.566574 0.793506 0.222132
0.184864 0.084756 -0.208576 -0.287390 -0.949100 -0.128905
0.013913 0.158033 -0.089436 -0.450495 -0.891965 -0.038112
0.047054 0.150295 -0.209315 -0.430359 -0.869783 -0.241388
0.214722 0.120426 -0.252288 0.043705 -0.675323 -0.736226
0.135086 0.139703 -0.279121 -0.029195 -0.898954 -0.437069
0.015095 0.218779 -0.217796 -0.058900 0.089590 -0.994236
0.006386 0.169658 -0.186759 -0.190404 -0.890918 -0.412325
-0.076062 0.181858 -0.156665 -0.198486 -0.893513 0.402787
-0.058114 0.181047 -0.211066 0.180018 -0.832987 -0.523189
-0.010730 0.171694 -0.127068 -0.551130 -0.719668 0.422296
-0.200004 0.184769 -0.191728 -0.167081 -0.780790 0.602040
-0.178887 0.179775 -0.256989 0.133748 -0.941853 -0.308262
-0.233060 0.175120 -0.280110 0.031001 -0.947883 -0.317107
-0.257766 0.182033 -0.205489 -0.305434 -0.757242 0.577317
-0.318248 0.188388 -0.239867 -0.564926 -0.797311 0.212496
-0.299685 0.183333 -0.294003 -0.444906 -0.717767 -0.535602
0.287282 0.059202 -0.121177 0.081200 -0.989107 -0.122777
0.084218 0.127007 0.096098 -0.355888 -0.930171 0.090138
0.322267 0.106748 -0.207565 0.567045 -0.661525 -0.490759
-0.094864 0.184344 0.028604 -0.009339 -0.875974 0.482269
-0.102713 0.184623 -0.035706 -0.096635 -0.910144 -0.402864
-0.017432 0.170265 -0.047642 -0.369211 -0.888725 -0.271756
0.003160 0.226402 0.069451 -0.680336 0.271569 -0.680730
0.012216 0.151096 0.082655 -0.515944 -0.678318 -0.523151
-0.040424 0.145734 0.172144 0.099707 -0.963346 0.249045
-0.068085 0.163663 0.128604 -0.403699 -0.629760 -0.663648
-0.146300 0.143787 0.237613 0.108860 -0.983179 0.146657
-0.176687 0.173570 0.182315 -0.394314 -0.533032 -0.748594
0.039602 0.137796 0.123992 0.095458 -0.908244 0.407406
-0.010115 0.168858 0.011428 -0.312182 -0.770240 0.556123
-0.003492 0.224609 0.045109 0.018151 -0.212890 0.976907
-0.226465 0.173506 0.202878 -0.388531 -0.681769 -0.619867
-0.189701 0.140993 0.263856 -0.087198 -0.994398 0.059744
-0.285056 0.177703 0.248851 -0.699883 -0.583396 -0.412083
-0.259778 0.156408 0.296236 -0.306484 -0.819242 0.484676
0.174286 0.169476 0.167239 -0.375391 0.265658 0.887979
0.177780 0.114471 0.136134 -0.533571 -0.733481 0.421080
0.178534 0.074049 0.317131 -0.743982 -0.481315 -0.463494
0.226729 0.103000 0.207497 -0.874895 -0.461413 -0.147163
0.267576 0.063646 0.213249 -0.093536 -0.966450 -0.239220
0.231981 0.032305 0.325451 0.040748 -0.951364 -0.305362
0.269941 0.060738 0.166336 -0.158324 -0.978247 0.134035
0.237150 0.057016 0.046713 -0.263364 -0.963882 0.039624
0.140712 0.050239 0.392920 -0.840844 -0.474227 -0.260939
0.140494 0.041958 0.451244 -0.787494 -0.458866 0.411456
0.192577 0.007077 0.457367 -0.175892 -0.918283 0.354709
0.210803 0.000000 0.402416 -0.198693 -0.937423 -0.285934
0.347188 0.060756 0.073027 0.476363 -0.878702 -0.030994
-0.120928 0.294754 -0.033770 -0.036166 0.865197 -0.500126
0.015127 0.294221 -0.049717 -0.151664 0.820098 -0.551759
-0.016035 0.223323 -0.075271 -0.262370 0.047324 -0.963806
-0.111083 0.295782 0.034077 0.106556 0.845585 0.523098
0.024316 0.294875 0.023946 0.006397 0.894365 0.447292
-0.087973 0.234101 0.056473 0.157126 -0.053203 0.986144
-0.222678 0.297040 -0.027025 -0.003890 0.889931 -0.456078
-0.212154 0.299283 0.053751 0.104773 0.904616 0.413150
-0.225272 0.245386 0.086731 0.191813 0.153765 0.969311
-0.102673 0.237123 -0.063343 -0.083642 -0.028097 -0.996100
-0.297088 0.303377 0.064618 0.036766 0.899864 0.434619
-0.307948 0.302059 -0.017287 -0.066452 0.822387 -0.565034
-0.243173 0.239131 -0.053629 -0.072640 0.087406 -0.993521
-0.318641 0.243750 -0.047985 -0.255483 -0.066950 -0.964493
-0.296760 0.244572 0.099117 0.025002 -0.115859 0.992951
-0.371627 0.300555 0.002665 -0.427766 0.817064 -0.386554
-0.362960 0.301838 0.064204 -0.478953 0.743353 0.466937
-0.380097 0.250434 -0.018223 -0.728812 0.033812 -0.683879
-0.398634 0.254789 0.037811 -0.990355 0.061822 0.123996
-0.366386 0.251002 0.086928 -0.390999 0.203683 0.897571
-0.241976 0.183130 -0.025171 -0.042569 -0.794426 -0.605868
-0.230838 0.190374 0.056391 0.092905 -0.875614 0.473993
-0.306802 0.181186 -0.017887 -0.132243 -0.941934 -0.308660
-0.295388 0.184905 0.068630 -0.074529 -0.914351 0.398004
-0.376550 0.199720 0.002926 -0.562346 -0.765953 -0.311580
-0.370098 0.201903 0.069073 -0.497449 -0.623676 0.602970
0.055696 0.146673 -0.327984 0.250557 -0.938788 -0.236429
0.090370 0.141768 -0.287877 0.163603 -0.894234 -0.416628
0.045868 0.156101 -0.252778 -0.556937 -0.812405 0.172681
0.016864 0.152275 -0.294446 -0.532508 -0.712991 0.456157
0.118860 0.188620 -0.308450 0.608466 -0.157054 -0.777883
-0.050380 0.156147 -0.362072 -0.459825 -0.771382 0.439922
-0.007022 0.147555 -0.402516 0.367455 -0.875884 -0.312736
-0.048601 0.146109 -0.454780 0.115405 -0.940466 -0.319694
-0.100555 0.157422 -0.405388 -0.561132 -0.776375 0.287005
-0.095414 0.162695 -0.484242 -0.299423 -0.805135 -0.511961
-0.130867 0.171773 -0.451772 -0.827487 -0.543483 -0.141035
0.139223 0.262738 -0.271611 0.158122 0.791942 -0.589767
0.030982 0.213924 -0.225102 -0.792899 0.371272 -0.483186
-0.002492 0.223980 -0.085113 -0.879001 0.474627 -0.045671
0.116291 0.256250 0.131029 0.012057 0.656162 0.754524
0.118117 0.182547 0.148013 0.067801 -0.265643 0.961685
0.024144 0.150692 0.039843 -0.591278 -0.806283 0.017275
0.011444 0.228414 0.056752 -0.668208 0.245861 0.702176
