0 1
0 2
0 161
0 28
0 157
0 158
1 0
1 2
1 3
1 19
1 28
2 0
2 1
2 161
2 3
2 4
2 168
2 169
3 1
3 2
3 4
3 15
3 17
3 18
3 19
4 2
4 3
4 169
4 41
4 15
4 16
5 6
5 7
5 22
5 88
5 89
5 91
6 5
6 7
6 8
6 9
6 12
6 22
7 5
7 6
7 41
7 9
7 88
8 6
8 9
8 10
8 12
8 13
8 14
9 6
9 7
9 8
9 41
9 10
9 11
9 172
9 42
10 8
10 9
10 11
10 14
10 90
10 93
11 9
11 10
11 172
11 90
11 92
12 6
12 8
12 13
12 20
12 21
12 22
13 8
13 12
13 20
13 14
14 8
14 10
14 13
14 20
14 24
14 93
15 160
15 162
15 3
15 4
15 16
15 17
16 160
16 4
16 41
16 171
16 15
16 87
16 159
17 162
17 3
17 15
17 18
17 26
17 27
18 3
18 17
18 19
18 25
18 26
19 1
19 3
19 18
19 25
19 28
20 32
20 12
20 13
20 14
20 21
20 24
20 29
21 12
21 20
21 22
21 23
21 29
21 30
21 31
22 5
22 6
22 12
22 21
22 23
22 91
22 94
23 21
23 22
23 31
23 94
23 95
24 32
24 96
24 14
24 20
24 93
25 35
25 36
25 37
25 38
25 18
25 19
25 26
25 28
26 34
26 35
26 17
26 18
26 25
26 27
27 162
27 34
27 165
27 17
27 26
28 0
28 1
28 163
28 36
28 19
28 25
28 157
29 32
29 33
29 20
29 21
29 30
30 33
30 29
30 21
30 31
31 33
31 98
31 21
31 23
31 30
31 95
32 96
32 33
32 97
32 20
32 24
32 29
33 32
33 97
33 98
33 29
33 30
33 31
34 35
34 165
34 167
34 39
34 26
34 27
35 34
35 38
35 39
35 25
35 26
36 163
36 164
36 37
36 25
36 28
37 164
37 36
37 38
37 39
37 166
37 25
38 25
38 35
38 37
38 39
39 34
39 35
39 37
39 38
39 167
39 166
40 64
40 41
40 42
40 175
40 63
41 4
41 7
41 40
41 169
41 42
41 171
41 9
41 175
41 16
41 88
42 40
42 41
42 9
42 172
42 147
42 149
42 63
43 44
43 45
43 47
43 48
43 49
43 50
44 43
44 45
44 46
44 47
44 62
45 43
45 44
45 46
45 50
45 54
45 123
45 125
45 63
46 44
46 45
46 118
46 120
46 123
46 62
47 43
47 44
47 48
47 55
47 62
48 43
48 47
48 49
48 51
48 52
48 55
49 43
49 48
49 50
49 51
49 116
49 117
49 119
50 43
50 45
50 49
50 116
50 63
51 48
51 49
51 52
51 53
51 119
51 121
52 48
52 51
52 53
52 55
52 56
53 128
53 121
53 51
53 52
53 56
53 57
53 126
54 64
54 105
54 45
54 125
54 63
55 47
55 48
55 52
55 56
55 58
55 59
55 60
55 62
56 52
56 53
56 55
56 57
56 58
56 61
57 56
57 128
57 61
57 53
58 56
58 59
58 61
58 55
59 129
59 55
59 58
59 60
59 61
60 129
60 55
60 120
60 59
60 62
60 127
61 128
61 129
61 56
61 57
61 58
61 59
62 44
62 46
62 47
62 55
62 120
62 60
63 64
63 40
63 42
63 45
63 174
63 50
63 116
63 149
63 54
64 67
64 40
64 105
64 175
64 54
64 63
65 66
65 67
65 70
65 103
65 102
65 105
65 77
66 65
66 67
66 68
66 69
66 70
67 64
67 65
67 66
67 69
67 71
67 105
67 175
68 66
68 69
68 70
68 72
68 75
68 76
69 66
69 67
69 68
69 71
69 72
69 73
70 65
70 66
70 68
70 75
70 77
71 67
71 69
71 73
71 74
71 175
72 68
72 69
72 73
72 107
72 76
72 108
72 79
73 69
73 71
73 72
73 104
73 74
73 107
74 104
74 73
74 175
74 71
75 68
75 70
75 76
75 77
75 78
75 80
75 83
76 68
76 72
76 75
76 79
76 82
76 83
77 65
77 102
77 70
77 106
77 75
77 78
78 106
78 75
78 77
78 109
78 80
78 81
79 72
79 108
79 76
79 111
79 112
79 82
80 75
80 78
80 81
80 83
80 84
81 109
81 110
81 78
81 80
81 84
82 76
82 111
82 79
82 83
82 84
83 75
83 76
83 80
83 82
83 84
84 110
84 111
84 80
84 81
84 82
84 83
85 99
85 100
85 175
85 86
85 87
86 99
86 135
86 172
86 173
86 115
86 85
86 87
86 89
86 92
87 100
87 170
87 171
87 16
87 85
87 86
87 88
87 89
87 158
87 159
88 5
88 7
88 41
88 171
88 87
88 89
89 5
89 86
89 87
89 88
89 90
89 91
89 92
90 10
90 11
90 89
90 91
90 92
90 93
90 94
91 5
91 22
91 89
91 90
91 94
92 11
92 172
92 86
92 89
92 90
93 96
93 10
93 14
93 24
93 90
93 94
93 95
94 22
94 23
94 90
94 91
94 93
94 95
95 96
95 97
95 98
95 23
95 93
95 94
95 31
96 32
96 97
96 24
96 93
96 95
97 96
97 33
97 98
97 32
97 95
98 97
98 33
98 31
98 95
99 101
99 103
99 105
99 173
99 175
99 85
99 86
99 117
99 122
99 125
100 168
100 170
100 175
100 85
100 87
101 104
101 99
101 103
101 175
102 65
102 103
102 104
102 106
102 107
102 77
103 65
103 99
103 101
103 102
103 104
103 105
104 101
104 102
104 103
104 73
104 74
104 107
104 175
105 64
105 65
105 67
105 99
105 103
105 54
105 125
106 102
106 107
106 108
106 77
106 78
106 109
106 112
107 102
107 72
107 73
107 106
107 104
107 108
108 72
108 106
108 107
108 79
108 112
109 106
109 110
109 78
109 111
109 81
109 112
110 81
110 84
110 109
110 111
111 109
111 110
111 79
111 112
111 82
111 84
112 106
112 108
112 109
112 79
112 111
113 130
113 131
113 114
113 115
113 150
113 124
114 130
114 133
114 134
114 135
114 113
114 115
115 135
115 173
115 113
115 114
115 86
115 124
116 173
116 174
116 49
116 50
116 117
116 63
117 99
117 173
117 49
117 116
117 118
117 119
117 122
118 46
118 117
118 119
118 120
118 122
118 123
119 49
119 51
119 117
119 118
119 120
119 121
120 46
120 118
120 119
120 121
120 126
120 60
120 62
120 127
121 51
121 53
121 119
121 120
121 126
122 99
122 117
122 118
122 123
122 125
123 45
123 46
123 118
123 122
123 125
124 173
124 174
124 113
124 115
124 150
125 99
125 105
125 45
125 54
125 122
125 123
126 128
126 53
126 120
126 121
126 127
127 128
127 129
127 120
127 60
127 126
128 129
128 53
128 57
128 61
128 126
128 127
129 128
129 59
129 60
129 61
129 127
130 131
130 132
130 133
130 137
130 138
130 141
130 113
130 114
131 130
131 132
131 113
131 148
131 149
131 150
132 130
132 131
132 141
132 148
132 152
132 153
133 130
133 134
133 136
133 137
133 143
133 114
134 133
134 135
134 136
134 114
134 146
134 151
135 134
135 172
135 114
135 147
135 146
135 115
135 86
136 133
136 134
136 143
136 151
136 154
137 130
137 133
137 138
137 139
137 143
138 130
138 137
138 139
138 140
138 141
139 137
139 138
139 140
139 143
139 144
139 145
140 138
140 139
140 141
140 142
140 145
141 130
141 132
141 138
141 140
141 142
141 153
142 140
142 141
142 145
142 153
142 156
143 133
143 136
143 137
143 139
143 144
143 154
143 155
144 145
144 139
144 155
144 143
145 139
145 140
145 142
145 144
145 155
145 156
146 134
146 135
146 147
146 148
146 149
146 151
147 135
147 42
147 172
147 146
147 149
148 131
148 132
148 146
148 149
148 151
148 152
149 131
149 42
149 174
149 146
149 147
149 148
149 150
149 63
150 131
150 174
150 113
150 149
150 124
151 134
151 136
151 146
151 148
151 152
151 153
151 154
152 132
152 153
152 148
152 151
153 132
153 141
153 142
153 151
153 152
153 154
153 155
153 156
154 136
154 143
154 151
154 153
154 155
155 143
155 144
155 145
155 153
155 154
155 156
156 153
156 145
156 155
156 142
157 160
157 0
157 162
157 163
157 28
157 158
157 159
158 0
158 161
158 168
158 170
158 87
158 157
158 159
159 160
159 16
159 87
159 157
159 158
160 162
160 15
160 16
160 157
160 159
161 0
161 2
161 158
161 168
162 160
162 163
162 164
162 165
162 15
162 17
162 27
162 157
163 162
163 164
163 36
163 28
163 157
164 162
164 163
164 36
164 165
164 166
164 37
165 162
165 34
165 164
165 166
165 167
165 27
166 164
166 37
166 165
166 39
166 167
167 34
167 165
167 166
167 39
168 161
168 2
168 100
168 169
168 170
168 175
168 158
169 2
169 4
169 168
169 41
169 175
170 168
170 100
170 158
170 87
171 16
171 41
171 88
171 87
172 135
172 9
172 42
172 11
172 147
172 86
172 92
173 99
173 174
173 115
173 116
173 117
173 86
173 124
174 173
174 116
174 149
174 150
174 124
174 63
175 64
175 99
175 67
175 100
175 101
175 71
175 40
175 168
175 169
175 41
175 74
175 104
175 85
