-0.337610 0.262019 -0.178931 -0.798436 0.430324 -0.421096
-0.331976 0.167068 -0.222956 -0.844249 0.015440 -0.535729
-0.398617 0.151511 -0.018001 -0.995841 -0.067987 -0.060647
-0.239880 0.181907 -0.267277 -0.410727 0.049289 -0.910425
-0.248089 0.275176 -0.234387 -0.207922 0.872559 -0.442052
-0.139235 0.262733 -0.271621 -0.158134 0.791956 -0.589745
-0.148815 0.188959 -0.295634 -0.310943 0.040253 -0.949576
-0.084311 0.191002 -0.346514 -0.741508 -0.172547 -0.648378
-0.118876 0.188623 -0.308455 -0.608547 -0.157089 -0.777813
-0.115375 0.257107 -0.291622 -0.421692 0.700262 -0.576029
-0.018349 0.261411 -0.304322 0.211937 0.965592 0.150714
-0.065853 0.246840 -0.348186 -0.564417 0.640475 -0.520792
0.049360 0.229343 -0.243504 -0.370594 -0.081870 -0.925180
-0.015116 0.218780 -0.217808 0.058965 0.089553 -0.994235
-0.039011 0.278712 -0.184022 -0.131659 0.790973 -0.597518
0.066682 0.278387 -0.229372 -0.217628 0.843418 -0.491206
-0.020460 0.281131 -0.119260 0.194773 0.940479 0.278502
0.088201 0.234605 -0.130627 0.309249 0.004888 0.950969
0.089534 0.283581 -0.163378 0.086008 0.916782 0.390018
0.162361 0.280966 -0.268710 -0.172184 0.921101 -0.349180
0.187878 0.290890 -0.193692 0.055679 0.940591 0.334945
0.212152 0.241275 -0.165525 0.271643 0.234924 0.933285
0.001420 0.213079 -0.274575 0.738999 0.063611 0.670697
-0.071894 0.269721 -0.247930 0.372997 0.916400 0.145204
0.256377 0.293580 -0.219191 0.166904 0.918273 0.359050
0.232460 0.283024 -0.293826 -0.164652 0.757101 -0.632209
0.169327 0.225485 -0.295748 -0.372232 -0.110139 -0.921582
0.226130 0.225668 -0.315592 -0.210139 -0.241903 -0.947272
0.268819 0.243189 -0.183447 0.415776 -0.003532 0.909460
0.303498 0.291461 -0.244500 0.474055 0.879777 0.035547
0.283522 0.284313 -0.303100 0.392664 0.676483 -0.623046
0.292917 0.230515 -0.317343 0.157678 -0.094987 -0.982912
0.324650 0.241532 -0.224174 0.725702 0.107425 0.679571
0.334324 0.237288 -0.279287 0.934955 0.121087 -0.333463
0.070893 0.216848 -0.344388 0.690104 0.262941 0.674254
0.034238 0.261422 -0.357766 0.107304 0.986580 0.123065
-0.015645 0.246908 -0.405774 -0.397523 0.847722 -0.351202
0.045641 0.249762 -0.469893 -0.370682 0.802813 -0.466998
0.097818 0.261994 -0.421521 0.397432 0.876278 0.272370
0.121434 0.217837 -0.398948 0.797637 -0.026617 0.602551
-0.019981 0.195164 -0.428201 -0.749729 -0.127502 -0.649345
0.137038 0.215847 -0.444623 0.978180 0.069634 0.195741
0.123099 0.255778 -0.453711 0.463296 0.817268 -0.342681
0.029509 0.195607 -0.481749 -0.611115 -0.257548 -0.748470
0.078074 0.200004 -0.500000 -0.193296 -0.146399 -0.970157
0.080753 0.242203 -0.491923 0.125589 0.571594 -0.810869
0.120691 0.209267 -0.486815 0.671325 0.049528 -0.739507
-0.334159 0.283363 -0.057706 -0.557343 0.830154 -0.014604
-0.216231 0.304683 -0.066494 -0.052199 0.998489 0.017166
-0.076363 0.295137 -0.081080 0.116699 0.992003 -0.048080
-0.103458 0.279051 -0.202923 0.102021 0.974475 -0.199977
0.067621 0.264255 0.161795 0.004009 0.999553 -0.029611
-0.037303 0.268792 0.093836 0.244352 0.945531 -0.215090
-0.063685 0.247851 0.151968 -0.286925 0.711648 0.641273
0.015580 0.188423 0.215644 -0.492788 -0.334313 0.803365
0.038172 0.248173 0.212457 -0.438425 0.588303 0.679473
0.114850 0.252799 0.261137 -0.378747 0.763668 0.522839
0.144686 0.270374 0.207242 0.030605 0.978441 -0.204246
0.077670 0.224574 0.119300 0.466791 0.351874 -0.811352
-0.003174 0.226400 0.069438 0.680343 0.271577 -0.680719
0.184860 0.235902 0.176384 0.421081 0.307923 -0.853156
0.220665 0.277333 0.248030 0.102483 0.973845 -0.202790
0.243877 0.238242 0.207953 0.551977 0.278458 -0.785991
0.185635 0.254260 0.308880 -0.332250 0.683548 0.649901
0.271637 0.271049 0.280616 0.463427 0.883573 0.067332
0.288777 0.230504 0.251788 0.896841 0.252310 -0.363340
0.243031 0.253288 0.332853 0.251024 0.493765 0.832576
0.245331 0.197029 0.332446 0.065698 -0.196581 0.978284
0.177637 0.188727 0.319204 -0.310210 -0.489119 0.815188
0.288999 0.213300 0.302007 0.884731 -0.026435 0.465352
0.119801 0.189134 0.283070 -0.538128 -0.143077 0.830631
-0.219350 0.273257 0.112001 -0.010098 0.902467 0.430640
-0.088133 0.284231 0.052652 0.073484 0.976348 0.203334
-0.217364 0.153647 0.216083 0.819920 0.553739 0.145272
-0.174300 0.169479 0.167229 0.375441 0.265722 0.887939
-0.298118 0.211521 0.206963 -0.028371 0.843830 0.535859
-0.341775 0.154304 0.261083 -0.865164 0.270785 0.422099
-0.278210 0.200176 0.248291 -0.080519 0.954297 0.287809
-0.304784 0.127484 0.359102 -0.693310 0.552079 0.463175
-0.236515 0.172734 0.348757 0.217384 0.956301 0.195530
-0.290481 0.054052 0.353226 -0.789345 -0.602225 0.119415
-0.336660 0.083816 0.238281 -0.710099 -0.682086 0.174696
-0.359026 0.163285 0.222485 -0.913937 0.327027 0.240361
-0.201421 0.143641 0.427822 -0.089325 0.940742 0.327148
-0.275295 0.092908 0.431648 -0.867709 0.234589 0.438235
-0.173639 0.127616 0.330710 0.825219 0.525691 -0.206550
-0.140746 0.114752 0.410918 0.853784 0.511613 -0.096459
-0.268226 0.030796 0.423875 -0.671222 -0.729506 0.131460
-0.193158 0.126462 0.481028 0.166414 0.740057 0.651630
-0.145808 0.096140 0.467196 0.867166 0.219577 0.447001
-0.239308 0.037705 0.477470 -0.569975 -0.504230 0.648753
-0.255026 0.085849 0.484525 -0.569761 0.440663 0.693678
-0.188435 0.064337 0.500000 0.212871 -0.182403 0.959904
-0.330708 0.261676 0.070817 -0.569565 0.791593 0.221307
-0.184878 0.084766 -0.208578 0.287383 -0.949103 -0.128900
-0.047074 0.150300 -0.209324 0.430347 -0.869800 -0.241349
-0.013934 0.158037 -0.089446 0.450493 -0.891966 -0.038121
-0.214735 0.120432 -0.252295 -0.043694 -0.675382 -0.736172
-0.135098 0.139708 -0.279134 0.029195 -0.898955 -0.437068
0.058090 0.181046 -0.211071 -0.180011 -0.832994 -0.523179
-0.006407 0.169661 -0.186762 0.190398 -0.890924 -0.412315
0.076038 0.181857 -0.156669 0.198485 -0.893508 0.402800
0.010708 0.171698 -0.127080 0.551119 -0.719666 0.422313
0.013137 0.228122 -0.102138 0.465374 -0.088721 0.880656
0.199974 0.184772 -0.191738 0.167114 -0.780772 0.602054
0.178865 0.179778 -0.256993 -0.133748 -0.941851 -0.308265
0.233035 0.175120 -0.280112 -0.030991 -0.947884 -0.317105
0.257738 0.182036 -0.205498 0.305441 -0.757204 0.577362
0.318216 0.188391 -0.239874 0.564936 -0.797294 0.212530
0.299658 0.183336 -0.294012 0.444914 -0.717771 -0.535591
-0.084229 0.127012 0.096087 0.355875 -0.930177 0.090132
-0.287291 0.059214 -0.121186 -0.079596 -0.989249 -0.122683
-0.322274 0.106754 -0.207574 -0.562988 -0.662639 -0.493918
0.102694 0.184626 -0.035712 0.096634 -0.910148 -0.402856
0.017409 0.170269 -0.047651 0.369216 -0.888720 -0.271766
0.016013 0.223324 -0.075278 0.262402 0.047309 -0.963798
0.094846 0.184347 0.028592 0.009331 -0.875970 0.482275
0.010093 0.168861 0.011417 0.312175 -0.770248 0.556116
0.068071 0.163667 0.128591 0.403692 -0.629777 -0.663637
-0.012230 0.151100 0.082644 0.515941 -0.678319 -0.523152
0.040411 0.145738 0.172130 -0.099689 -0.963358 0.249006
-0.039611 0.137800 0.123976 -0.095436 -0.908260 0.407376
0.146276 0.143791 0.237595 -0.108861 -0.983184 0.146625
0.176665 0.173573 0.182300 0.394313 -0.533076 -0.748564
-0.067746 0.184186 0.166236 -0.393117 -0.439454 0.807675
0.087955 0.234102 0.056460 -0.157150 -0.053234 0.986139
0.003474 0.224610 0.045096 -0.018150 -0.212899 0.976906
0.226437 0.173509 0.202859 0.388522 -0.681766 -0.619876
0.189675 0.140994 0.263834 0.087183 -0.994401 0.059710
0.285023 0.177703 0.248834 0.699887 -0.583406 -0.412062
0.259745 0.156408 0.296220 0.306491 -0.819259 0.484641
-0.226737 0.103003 0.207502 0.874854 -0.461470 -0.147229
-0.177794 0.114477 0.136129 0.533607 -0.733504 0.420993
-0.178537 0.074050 0.317135 0.743961 -0.481308 -0.463535
-0.231981 0.032308 0.325445 -0.040753 -0.951358 -0.305382
-0.267579 0.063651 0.213250 0.093543 -0.966441 -0.239252
-0.350684 0.085241 0.205009 -0.837334 -0.522976 0.159272
-0.269948 0.060746 0.166336 0.158347 -0.978252 0.133973
-0.237161 0.057028 0.046700 0.263362 -0.963884 0.039611
-0.140713 0.050233 0.392914 0.840816 -0.474247 -0.260995
-0.140492 0.041953 0.451246 0.787509 -0.458903 0.411385
-0.192572 0.007073 0.457361 0.175878 -0.918314 0.354635
-0.210805 0.000000 0.402416 0.198651 -0.937417 -0.285985
-0.347194 0.060764 0.073028 -0.476016 -0.878894 -0.030891
0.120909 0.294748 -0.033779 0.036199 0.865188 -0.500139
-0.015148 0.294216 -0.049726 0.151655 0.820109 -0.551744
-0.024332 0.294870 0.023934 -0.006383 0.894377 0.447268
0.111060 0.295777 0.034065 -0.106563 0.845606 0.523062
0.222661 0.297031 -0.027028 0.003884 0.889920 -0.456099
0.212141 0.299281 0.053738 -0.104790 0.904640 0.413093
0.225258 0.245386 0.086728 -0.191814 0.153765 0.969311
0.102651 0.237120 -0.063343 0.083667 -0.028092 -0.996098
0.297072 0.303375 0.064612 -0.036742 0.899868 0.434611
0.307931 0.302053 -0.017297 0.066419 0.822398 -0.565021
0.243156 0.239131 -0.053630 0.072589 0.087454 -0.993520
0.318623 0.243747 -0.047993 0.255498 -0.066957 -0.964488
0.296747 0.244568 0.099102 -0.024951 -0.115889 0.992949
0.371604 0.300549 0.002661 0.427765 0.817063 -0.386556
0.362941 0.301832 0.064190 0.478940 0.743359 0.466941
0.380077 0.250434 -0.018226 0.728818 0.033889 -0.683869
0.398617 0.254788 0.037805 0.990355 0.061875 0.123973
0.366370 0.250998 0.086913 0.390976 0.203690 0.897579
0.241962 0.183132 -0.025181 0.042560 -0.794426 -0.605868
0.230824 0.190377 0.056381 -0.092902 -0.875621 0.473980
0.306785 0.181189 -0.017890 0.132243 -0.941943 -0.308634
0.295371 0.184908 0.068620 0.074529 -0.914353 0.397999
0.376533 0.199722 0.002919 0.562343 -0.765955 -0.311581
0.370082 0.201905 0.069063 0.497434 -0.623689 0.602969
-0.055715 0.146677 -0.327995 -0.250570 -0.938785 -0.236426
-0.016884 0.152275 -0.294455 0.532476 -0.713028 0.456136
-0.045888 0.156101 -0.252792 0.556914 -0.812421 0.172682
-0.090384 0.141773 -0.287882 -0.163653 -0.894235 -0.416608
-0.025736 0.214233 -0.238728 0.885790 0.109825 0.450904
0.050349 0.156147 -0.362075 0.459829 -0.771395 0.439895
0.006993 0.147560 -0.402516 -0.367471 -0.875878 -0.312734
0.048570 0.146113 -0.454782 -0.115400 -0.940478 -0.319663
0.100518 0.157426 -0.405381 0.561140 -0.776372 0.286999
0.095378 0.162695 -0.484239 0.299475 -0.805154 -0.511901
0.130833 0.171776 -0.451764 0.827491 -0.543486 -0.141000
-0.031002 0.213922 -0.225114 0.792877 0.371254 -0.483235
0.002470 0.223981 -0.085120 0.878997 0.474635 -0.045663
-0.011462 0.228414 0.056738 0.668256 0.245882 0.702123
-0.118126 0.182550 0.148006 -0.067787 -0.265645 0.961685
-0.116301 0.256250 0.131017 -0.012076 0.656184 0.754504
-0.024161 0.150696 0.039831 0.591289 -0.806276 0.017230
