  0.385706   0.161041  -0.022009
  0.338572   0.146102   0.106005
  0.114199   0.206594   0.076304
  0.077689   0.217257  -0.021604
  0.085972   0.211469  -0.141973
  0.136161   0.204443  -0.234830
  0.300866   0.134150   0.208415
 -0.033671   0.205841   0.161263
 -0.097645   0.238859  -0.003523
 -0.067901   0.230397  -0.190952
  0.021926   0.204427  -0.337894
  0.241225   0.092390   0.362912
 -0.170765   0.208628   0.240223
 -0.261091   0.242520   0.013010
 -0.212218   0.235430  -0.236553
 -0.066859   0.205910  -0.417830
  0.192810   0.083275   0.489389
 -0.274432   0.218944   0.300460
 -0.378429   0.241167   0.024699
 -0.317476   0.219084  -0.269089
 -0.113661   0.198386  -0.458779
