 -0.438843   0.319379   0.061840
 -0.325223   0.237201   0.154082
 -0.167482   0.370720   0.140533
 -0.148936   0.363724   0.052587
 -0.169520   0.363397  -0.043350
 -0.223489   0.364489  -0.099100
 -0.234328   0.171459   0.227876
  0.017343   0.373360   0.223365
  0.055639   0.368494   0.054004
  0.013903   0.355696  -0.143371
 -0.120043   0.327017  -0.255698
 -0.049299   0.100467   0.359196
  0.202722   0.377641   0.306282
  0.255753   0.362125   0.056535
  0.185774   0.340079  -0.236145
 -0.032734   0.295085  -0.387655
  0.127538   0.063435   0.486555
  0.342399   0.392129   0.367670
  0.413274   0.367719   0.057431
  0.313908   0.323958  -0.304794
  0.035357   0.271112  -0.490551
