0 1
0 2
0 3
0 4
0 33
0 34
0 7
1 0
1 2
1 6
1 7
1 264
2 0
2 1
2 3
2 5
2 6
3 0
3 2
3 4
3 5
3 204
3 113
3 182
4 0
4 33
4 3
4 36
4 173
4 174
4 182
5 2
5 3
5 6
5 16
5 113
6 1
6 2
6 5
6 264
6 16
6 254
7 0
7 1
7 34
7 264
7 8
7 26
8 264
8 25
8 26
8 7
9 264
9 25
9 10
9 26
10 264
10 9
10 11
10 20
10 26
10 28
11 264
11 10
11 17
11 19
11 20
12 220
12 13
12 14
12 15
13 12
13 14
13 15
13 16
13 17
13 19
13 254
14 12
14 13
14 18
14 19
14 220
14 221
15 40
15 12
15 13
15 16
15 112
15 113
15 220
16 5
16 6
16 13
16 15
16 113
16 254
17 264
17 11
17 13
17 19
17 254
18 263
18 42
18 14
18 19
18 20
18 21
18 22
18 221
18 222
19 11
19 13
19 14
19 17
19 18
19 20
20 10
20 11
20 18
20 19
20 21
20 28
21 18
21 20
21 22
21 23
21 24
21 27
21 28
22 72
22 42
22 43
22 18
22 21
22 23
23 37
23 72
23 144
23 146
23 21
23 22
23 24
24 37
24 21
24 23
24 27
24 29
25 264
25 9
25 26
25 8
26 34
26 7
26 8
26 9
26 10
26 25
26 28
26 255
27 256
27 21
27 24
27 28
27 29
27 30
28 256
28 10
28 20
28 21
28 26
28 27
28 255
29 32
29 35
29 37
29 24
29 27
29 30
29 31
30 256
30 27
30 29
30 31
31 32
31 33
31 34
31 256
31 29
31 30
32 33
32 35
32 36
32 29
32 31
33 32
33 0
33 34
33 4
33 36
33 31
34 0
34 33
34 256
34 255
34 7
34 26
34 31
35 32
35 36
35 37
35 166
35 167
35 56
35 154
35 29
36 32
36 33
36 35
36 4
36 166
36 173
36 123
37 35
37 46
37 144
37 23
37 24
37 153
37 154
37 29
38 39
38 40
38 41
38 42
38 43
38 44
39 38
39 40
39 44
39 47
39 113
39 114
40 38
40 39
40 41
40 15
40 112
40 113
41 259
41 260
41 38
41 40
41 42
41 112
41 222
42 38
42 41
42 43
42 18
42 22
42 222
43 38
43 72
43 73
43 42
43 44
43 45
43 22
44 38
44 39
44 43
44 45
44 46
44 47
44 48
44 49
44 59
45 73
45 74
45 43
45 44
45 75
45 46
45 79
46 37
46 44
46 45
46 79
46 144
46 153
46 59
47 39
47 44
47 48
47 114
47 115
47 55
47 56
47 126
48 44
48 47
48 49
48 50
48 55
49 44
49 48
49 50
49 51
49 57
49 59
50 48
50 49
50 51
50 52
50 54
50 55
51 49
51 50
51 52
51 53
51 57
52 50
52 51
52 53
52 54
52 156
52 61
53 257
53 51
53 52
53 57
53 58
53 61
54 50
54 52
54 55
54 155
54 156
55 47
55 48
55 50
55 54
55 56
55 154
55 155
56 35
56 167
56 47
56 55
56 154
56 126
57 49
57 51
57 53
57 58
57 59
57 157
58 257
58 71
58 53
58 57
58 157
58 159
59 153
59 44
59 46
59 49
59 57
59 157
60 165
60 158
60 156
60 61
60 62
60 63
61 257
61 69
61 60
61 52
61 53
61 156
61 62
62 64
62 65
62 67
62 69
62 60
62 61
62 63
63 64
63 164
63 165
63 60
63 62
64 65
64 66
64 163
64 164
64 62
64 63
65 64
65 66
65 67
65 62
66 64
66 65
66 162
66 67
66 68
66 163
67 65
67 66
67 68
67 69
67 62
68 161
68 66
68 67
68 162
68 69
68 70
69 257
69 67
69 68
69 70
69 71
69 61
69 62
70 160
70 161
70 68
70 69
70 71
71 160
71 257
71 69
71 70
71 58
71 159
72 73
72 74
72 43
72 80
72 145
72 146
72 22
72 23
73 72
73 74
73 43
73 45
74 72
74 73
74 75
74 76
74 45
74 80
74 81
75 74
75 76
75 77
75 45
75 78
75 79
76 258
76 74
76 75
76 78
76 81
77 75
77 142
77 143
77 78
77 79
78 258
78 75
78 76
78 77
78 143
78 91
79 75
79 45
79 142
79 77
79 46
79 144
80 72
80 81
80 74
80 145
81 258
81 74
81 76
81 80
81 145
81 82
81 147
82 258
82 81
82 83
82 148
82 84
82 147
83 82
83 148
83 84
83 85
83 149
84 258
84 82
84 83
84 85
84 86
84 90
84 91
85 83
85 84
85 149
85 86
85 87
85 150
86 84
86 85
86 87
86 88
86 90
87 85
87 150
87 86
87 88
87 89
87 151
88 89
88 90
88 86
88 87
89 87
89 151
89 88
89 90
89 92
89 152
90 84
90 86
90 88
90 89
90 91
90 92
90 93
91 258
91 78
91 143
91 84
91 90
91 93
92 140
92 152
92 89
92 90
92 93
93 140
93 141
93 143
93 90
93 91
93 92
94 96
94 99
94 100
94 101
94 102
94 110
94 95
95 96
95 97
95 98
95 102
95 103
95 108
95 94
96 98
96 99
96 259
96 94
96 222
96 95
97 98
97 108
97 213
97 215
97 95
98 96
98 97
98 262
98 215
98 222
98 95
99 96
99 259
99 100
99 260
99 111
99 94
100 99
100 101
100 111
100 216
100 217
100 94
101 100
101 110
101 214
101 216
101 94
102 103
102 104
102 105
102 109
102 110
102 94
102 95
103 102
103 104
103 107
103 108
103 95
104 102
104 103
104 105
104 106
104 107
105 104
105 106
105 109
105 102
106 104
106 105
106 107
106 109
106 211
106 212
107 103
107 104
107 106
107 108
107 211
107 213
108 97
108 103
108 107
108 213
108 95
109 102
109 105
109 106
109 110
109 212
109 214
110 101
110 102
110 109
110 214
110 94
111 99
111 100
111 260
111 112
111 217
111 220
111 221
112 260
112 40
112 41
112 15
112 111
112 220
113 3
113 5
113 39
113 40
113 204
113 15
113 16
113 114
114 39
114 202
114 204
114 47
114 113
114 115
114 116
114 122
114 123
115 47
115 114
115 116
115 117
115 118
115 126
116 114
116 115
116 117
116 121
116 122
117 115
117 116
117 118
117 119
117 121
118 115
118 117
118 119
118 120
118 124
118 126
119 128
119 137
119 169
119 117
119 118
119 120
119 121
120 128
120 118
120 119
120 124
120 125
121 168
121 169
121 116
121 117
121 119
121 122
122 166
122 168
122 114
122 116
122 121
122 123
123 36
123 166
123 202
123 173
123 114
123 181
123 122
124 171
124 118
124 120
124 125
124 126
125 128
125 171
125 172
125 120
125 124
125 127
126 167
126 171
126 47
126 115
126 118
126 56
126 124
127 128
127 129
127 130
127 172
127 241
127 125
128 130
128 137
128 119
128 120
128 125
128 127
129 130
129 131
129 240
129 241
129 127
130 128
130 129
130 131
130 132
130 136
130 137
130 127
131 129
131 130
131 132
131 133
131 239
131 240
132 130
132 131
132 133
132 134
132 136
133 131
133 132
133 134
133 135
133 238
133 239
134 136
134 132
134 133
134 135
135 133
135 134
135 136
135 138
135 238
135 242
136 130
136 132
136 134
136 135
136 137
136 138
136 139
137 128
137 130
137 136
137 169
137 139
137 119
138 135
138 136
138 139
138 242
138 243
139 136
139 169
139 138
139 137
139 170
139 243
140 232
140 141
140 148
140 152
140 92
140 93
141 140
141 142
141 143
141 147
141 148
141 93
142 77
142 141
142 79
142 144
142 145
142 143
142 147
143 77
143 78
143 142
143 141
143 91
143 93
144 37
144 46
144 142
144 79
144 145
144 146
144 23
145 72
145 142
145 144
145 81
145 146
145 147
145 80
146 144
146 145
146 72
146 23
147 141
147 142
147 81
147 145
147 82
147 148
148 232
148 140
148 141
148 82
148 83
148 147
148 149
149 229
149 230
149 231
149 232
149 83
149 148
149 85
149 150
149 152
150 85
150 149
150 151
150 152
150 87
151 152
151 89
151 150
151 87
152 229
152 230
152 232
152 140
152 149
152 150
152 151
152 89
152 92
153 37
153 59
153 46
153 154
153 155
153 157
154 35
154 37
154 55
154 56
154 153
154 155
155 54
155 55
155 153
155 154
155 156
155 157
155 158
156 52
156 54
156 155
156 60
156 61
156 158
157 59
157 153
157 58
157 155
157 57
157 158
157 159
158 160
158 165
158 60
158 155
158 156
158 157
158 159
159 160
159 71
159 58
159 157
159 158
160 161
160 165
160 70
160 71
160 237
160 158
160 159
161 160
161 162
161 164
161 68
161 70
161 233
161 235
161 237
162 161
162 66
162 163
162 164
162 68
163 162
163 66
163 64
163 164
164 64
164 161
164 162
164 163
164 165
164 233
164 235
164 236
164 237
164 63
165 160
165 164
165 237
165 60
165 158
165 63
166 35
166 36
166 167
166 168
166 122
166 123
167 35
167 166
167 168
167 171
167 56
167 126
168 166
168 167
168 169
168 170
168 171
168 121
168 122
169 168
169 137
169 170
169 139
169 119
169 121
170 168
170 169
170 171
170 139
170 172
170 243
171 167
171 168
171 170
171 172
171 124
171 125
171 126
172 170
172 171
172 241
172 243
172 125
172 127
173 36
173 4
173 174
173 175
173 178
173 181
173 123
174 4
174 173
174 175
174 176
174 182
175 173
175 174
175 176
175 177
175 178
175 180
175 185
176 201
176 204
176 174
176 175
176 177
176 182
177 199
177 200
177 201
177 205
177 175
177 176
177 185
178 173
178 175
178 179
178 180
178 181
179 197
179 198
179 202
179 203
179 178
179 180
179 181
180 203
180 175
180 178
180 179
180 185
180 186
180 187
181 202
181 173
181 178
181 179
181 123
182 3
182 4
182 204
182 174
182 176
183 196
183 205
183 206
183 207
183 184
183 185
184 195
184 196
184 183
184 185
184 187
184 253
185 205
185 175
185 177
185 180
185 183
185 184
185 187
186 261
186 203
186 208
186 180
186 187
186 188
187 180
187 189
187 184
187 185
187 186
187 188
187 253
188 208
188 186
188 187
188 189
188 190
189 193
189 195
189 251
189 252
189 249
189 187
189 188
189 253
189 190
189 191
190 192
190 208
190 209
190 188
190 189
190 191
191 192
191 193
191 189
191 190
192 193
192 194
192 209
192 210
192 190
192 191
193 192
193 194
193 195
193 189
193 191
194 192
194 193
194 195
194 196
194 207
194 210
195 193
195 194
195 196
195 249
195 184
195 253
195 252
195 189
196 194
196 195
196 207
196 183
196 184
197 198
197 199
197 200
197 201
197 202
197 179
198 261
198 197
198 199
198 203
198 179
199 197
199 198
199 261
199 200
199 205
199 206
199 177
200 177
200 201
200 197
200 199
201 197
201 200
201 202
201 204
201 176
201 177
202 197
202 201
202 204
202 114
202 179
202 181
202 123
203 261
203 198
203 179
203 180
203 186
204 3
204 201
204 202
204 176
204 113
204 114
204 182
205 199
205 206
205 177
205 183
205 185
206 261
206 199
206 205
206 207
206 208
206 183
207 194
207 196
207 206
207 208
207 209
207 210
207 183
208 261
208 206
208 207
208 209
208 186
208 188
208 190
209 192
209 207
209 208
209 210
209 190
210 192
210 209
210 194
210 207
211 106
211 107
211 212
211 213
212 106
212 109
212 211
212 213
212 214
213 224
213 97
213 226
213 225
213 227
213 107
213 108
213 211
213 212
213 214
213 215
213 218
214 224
214 225
214 227
214 101
214 109
214 110
214 212
214 213
214 216
214 219
215 97
215 98
215 262
215 213
215 216
215 217
215 218
216 100
216 101
216 214
216 215
216 217
216 218
216 219
217 100
217 262
217 111
217 215
217 216
217 221
218 227
218 213
218 215
218 216
218 219
219 216
219 218
219 227
219 214
220 12
220 14
220 111
220 112
220 15
220 221
221 262
221 263
221 14
221 111
221 18
221 217
221 220
222 96
222 98
222 259
222 262
222 263
222 41
222 42
222 18
223 224
223 225
223 226
224 225
224 226
224 213
224 214
224 223
225 224
225 226
225 227
225 213
225 214
225 223
226 224
226 225
226 213
226 223
227 225
227 213
227 214
227 218
227 219
228 229
228 230
228 231
229 228
229 230
229 231
229 232
229 149
229 152
230 228
230 229
230 231
230 149
230 152
231 228
231 229
231 149
231 230
232 229
232 140
232 148
232 149
232 152
233 161
233 164
233 234
233 235
233 236
233 237
234 233
234 235
234 236
235 161
235 164
235 233
235 234
235 236
236 233
236 234
236 235
236 164
237 160
237 161
237 164
237 165
237 233
238 133
238 135
238 239
238 240
238 242
239 240
239 131
239 133
239 238
240 129
240 131
240 238
240 239
240 241
240 242
240 245
240 246
240 247
240 248
241 129
241 172
241 240
241 243
241 248
241 127
242 135
242 138
242 238
242 240
242 243
242 245
242 246
242 248
243 170
243 138
243 172
243 139
243 241
243 242
243 248
244 245
244 246
244 247
245 240
245 242
245 244
245 246
245 247
245 248
246 240
246 242
246 244
246 245
246 247
247 240
247 244
247 245
247 246
248 240
248 241
248 242
248 243
248 245
249 195
249 189
249 250
249 251
249 252
249 253
250 249
250 251
250 252
251 249
251 250
251 252
251 189
252 195
252 249
252 250
252 251
252 189
253 195
253 184
253 249
253 187
253 189
254 6
254 264
254 13
254 16
254 17
255 256
255 26
255 28
255 34
256 34
256 255
256 27
256 28
256 30
256 31
257 69
257 71
257 53
257 58
257 61
258 76
258 78
258 81
258 82
258 84
258 91
259 96
259 99
259 260
259 41
259 222
260 99
260 259
260 41
260 111
260 112
261 198
261 199
261 203
261 206
261 208
261 186
262 98
262 263
262 215
262 217
262 221
262 222
263 221
263 18
263 222
263 262
264 1
264 6
264 7
264 8
264 9
264 10
264 11
264 17
264 25
264 254
