0 3
0 1
0 187
0 164
1 0
1 3
1 4
1 165
1 18
1 187
2 3
2 4
2 5
2 6
2 7
2 8
2 9
3 0
3 1
3 2
3 164
3 4
3 6
4 1
4 2
4 3
4 165
4 7
4 13
4 92
5 2
5 6
5 9
5 14
5 87
5 88
6 2
6 3
6 164
6 5
6 86
6 87
7 2
7 4
7 8
7 10
7 13
8 2
8 7
8 9
8 10
8 11
8 16
9 2
9 5
9 8
9 14
9 15
9 16
10 7
10 8
10 11
10 12
10 13
10 84
10 90
10 91
11 8
11 10
11 12
11 16
11 17
12 17
12 10
12 11
12 90
13 4
13 7
13 10
13 84
13 85
13 92
14 5
14 9
14 15
14 88
14 89
15 9
15 14
15 16
15 17
15 89
16 8
16 9
16 11
16 15
16 17
17 11
17 12
17 15
17 16
17 89
17 90
18 1
18 165
18 19
18 23
18 187
18 95
19 18
19 20
19 21
19 23
19 187
20 19
20 21
20 22
20 187
20 62
20 63
21 33
21 34
21 167
21 19
21 20
21 23
21 24
21 63
22 76
22 77
22 20
22 187
22 62
23 18
23 19
23 21
23 24
23 93
23 95
24 166
24 167
24 21
24 23
24 26
24 27
24 93
24 158
25 106
25 26
25 27
25 28
25 29
26 106
26 24
26 25
26 27
26 158
27 103
27 167
27 24
27 25
27 26
27 29
28 106
28 107
28 157
28 25
28 156
28 29
28 30
29 32
29 103
29 25
29 27
29 28
29 30
29 31
30 28
30 113
30 156
30 29
30 31
31 32
31 101
31 108
31 113
31 29
31 30
32 101
32 102
32 103
32 29
32 31
33 34
33 167
33 168
33 114
33 21
34 33
34 36
34 37
34 169
34 114
34 115
34 21
34 63
35 36
35 37
35 38
35 43
35 117
35 118
35 126
36 34
36 35
36 37
36 115
36 118
37 34
37 35
37 36
37 38
37 39
37 169
38 35
38 37
38 39
38 40
38 41
38 43
39 37
39 38
39 41
39 169
39 171
39 44
39 122
40 160
40 38
40 41
40 42
40 43
41 38
41 39
41 40
41 42
41 44
41 45
42 160
42 40
42 41
42 45
42 159
43 160
43 35
43 163
43 38
43 40
43 126
44 39
44 41
44 45
44 122
44 123
44 124
45 159
45 161
45 41
45 42
45 44
45 124
45 125
45 127
46 47
46 48
46 49
46 51
46 52
46 54
47 131
47 172
47 46
47 48
47 49
47 50
48 138
48 172
48 173
48 46
48 47
48 174
48 52
48 55
49 132
49 133
49 141
49 46
49 47
49 50
49 54
50 129
50 131
50 133
50 47
50 49
51 46
51 52
51 53
51 54
51 57
51 58
52 46
52 48
52 51
52 53
52 55
52 56
53 56
53 57
53 51
53 52
54 141
54 46
54 49
54 51
54 58
54 155
54 61
55 138
55 139
55 140
55 48
55 52
55 56
56 153
56 140
56 52
56 53
56 55
56 57
56 59
57 51
57 53
57 56
57 58
57 59
57 60
58 51
58 54
58 57
58 60
58 61
59 153
59 56
59 57
59 154
59 60
60 154
60 155
60 57
60 58
60 59
60 61
61 58
61 155
61 60
61 54
62 172
62 77
62 173
62 175
62 177
62 20
62 22
62 63
63 34
63 169
63 170
63 172
63 20
63 21
63 62
64 65
64 66
64 68
64 69
64 70
64 146
64 151
65 64
65 66
65 176
65 146
65 147
65 178
65 185
66 64
66 65
66 67
66 68
66 75
66 178
66 179
67 66
67 68
67 69
67 72
67 73
67 74
67 75
68 64
68 66
68 67
68 69
69 64
69 67
69 68
69 70
69 71
69 72
70 64
70 151
70 69
70 71
71 69
71 70
71 72
71 73
71 151
71 152
72 73
72 67
72 69
72 71
73 67
73 71
73 72
73 74
73 148
73 152
74 67
74 73
74 75
74 148
74 150
75 66
75 67
75 74
75 179
75 150
76 77
76 79
76 144
76 145
76 22
76 187
77 76
77 145
77 177
77 180
77 22
77 62
78 96
78 79
78 80
78 81
78 82
78 119
78 187
78 94
79 76
79 78
79 142
79 80
79 81
79 144
79 187
80 187
80 78
80 79
81 129
81 134
81 135
81 78
81 79
81 142
81 119
81 121
82 94
82 83
82 187
82 78
83 164
83 82
83 85
83 86
83 183
83 187
83 94
84 10
84 13
84 85
84 86
84 87
84 91
85 165
85 13
85 83
85 84
85 86
85 183
85 92
86 164
86 6
86 83
86 84
86 85
86 87
87 5
87 6
87 84
87 86
87 88
87 91
88 5
88 14
88 87
88 89
88 91
89 14
89 15
89 17
89 88
89 90
89 91
90 10
90 12
90 17
90 89
90 91
91 10
91 84
91 87
91 88
91 89
91 90
92 4
92 85
92 13
92 165
93 96
93 97
93 166
93 23
93 24
93 94
93 95
94 96
94 78
94 82
94 83
94 183
94 93
94 95
95 165
95 18
95 23
95 183
95 93
95 94
96 97
96 98
96 104
96 78
96 119
96 93
96 94
97 96
97 98
97 100
97 102
97 166
97 93
97 158
98 96
98 97
98 102
98 103
98 104
98 168
99 100
99 101
99 102
99 105
99 106
99 158
100 97
100 102
100 99
100 158
101 32
101 99
101 102
101 105
101 108
101 31
102 32
102 97
102 98
102 99
102 100
102 101
102 103
103 32
103 98
103 102
103 167
103 168
103 27
103 29
104 96
104 98
104 168
104 114
104 116
104 119
105 99
105 101
105 106
105 107
105 108
105 109
105 110
106 99
106 105
106 107
106 25
106 26
106 28
106 158
107 105
107 106
107 110
107 112
107 28
107 157
108 101
108 105
108 109
108 113
108 31
109 105
109 108
109 110
109 111
109 113
110 105
110 107
110 109
110 111
110 112
111 109
111 110
111 112
111 113
111 156
111 157
112 107
112 157
112 110
112 111
113 108
113 109
113 111
113 156
113 30
113 31
114 33
114 34
114 168
114 104
114 115
114 116
115 34
115 36
115 114
115 116
115 118
116 104
116 114
116 115
116 118
116 119
116 120
117 35
117 118
117 123
117 124
117 126
118 35
118 36
118 115
118 116
118 117
118 120
118 123
119 96
119 104
119 78
119 81
119 116
119 120
119 121
120 171
120 116
120 118
120 119
120 121
120 123
121 129
121 130
121 171
121 81
121 119
121 120
122 123
122 44
122 171
122 39
123 171
123 44
123 117
123 118
123 120
123 122
123 124
124 44
124 45
124 117
124 123
124 125
124 126
125 124
125 45
125 126
125 127
126 128
126 35
126 163
126 43
126 117
126 124
126 125
126 127
127 128
127 161
127 162
127 45
127 125
127 126
128 162
128 163
128 126
128 127
129 130
129 131
129 133
129 134
129 81
129 50
129 121
130 129
130 131
130 170
130 171
130 121
131 129
131 130
131 170
131 172
131 47
131 50
132 133
132 139
132 140
132 141
132 49
133 129
133 132
133 134
133 139
133 49
133 50
134 129
134 133
134 135
134 139
134 174
134 81
135 134
135 136
135 137
135 174
135 142
135 81
135 184
136 137
136 174
136 175
136 135
137 135
137 136
137 175
137 176
137 177
137 184
138 48
138 139
138 174
138 55
139 132
139 133
139 134
139 138
139 140
139 174
139 55
140 132
140 139
140 141
140 55
140 56
140 153
141 132
141 140
141 49
141 54
141 153
141 154
141 155
142 135
142 143
142 144
142 81
142 79
142 184
143 142
143 144
143 145
143 181
143 182
143 184
143 185
143 186
144 76
144 142
144 79
144 143
144 145
145 76
145 77
145 143
145 144
145 180
145 182
146 64
146 65
146 147
146 148
146 149
146 151
146 152
147 65
147 146
147 185
147 149
148 73
148 74
148 146
148 149
148 150
148 152
149 146
149 147
149 148
149 150
149 185
149 186
150 74
150 75
150 179
150 148
150 181
150 149
150 186
151 64
151 70
151 71
151 146
151 152
152 71
152 73
152 146
152 148
152 151
153 140
153 141
153 56
153 154
153 59
154 59
154 141
154 153
154 155
154 60
155 141
155 54
155 154
155 60
155 61
156 111
156 113
156 28
156 157
156 30
157 107
157 28
157 111
157 112
157 156
158 97
158 99
158 100
158 166
158 106
158 24
158 26
159 160
159 161
159 162
159 42
159 45
160 162
160 163
160 40
160 42
160 43
160 159
161 162
161 127
161 45
161 159
162 128
162 161
162 160
162 163
162 127
162 159
163 160
163 128
163 162
163 43
163 126
164 0
164 3
164 6
164 83
164 86
164 187
165 1
165 4
165 18
165 85
165 183
165 92
165 95
166 24
166 97
166 93
166 158
167 33
167 103
167 168
167 21
167 24
167 27
168 33
168 98
168 103
168 104
168 167
168 114
169 34
169 37
169 39
169 170
169 171
169 63
170 130
170 131
170 169
170 171
170 172
170 63
171 130
171 39
171 169
171 170
171 120
171 121
171 122
171 123
172 131
172 170
172 173
172 47
172 48
172 62
172 63
173 172
173 174
173 175
173 48
173 62
174 134
174 135
174 136
174 138
174 139
174 173
174 175
174 48
175 136
175 137
175 173
175 174
175 177
175 62
176 65
176 137
176 177
176 178
176 184
176 185
177 137
177 77
177 175
177 176
177 178
177 179
177 180
177 62
178 65
178 66
178 176
178 177
178 179
179 66
179 75
179 177
179 178
179 180
179 181
179 150
180 77
180 177
180 145
180 179
180 181
180 182
181 143
181 179
181 180
181 150
181 182
181 186
182 145
182 180
182 181
182 143
183 165
183 83
183 85
183 94
183 95
184 135
184 137
184 142
184 143
184 176
184 185
185 65
185 143
185 176
185 147
185 149
185 184
185 186
186 143
186 149
186 181
186 150
186 185
187 0
187 1
187 164
187 76
187 78
187 79
187 80
187 82
187 19
187 20
187 83
187 22
187 18
