0.283550 0.409987 -0.234107 -0.053146 0.282383 -0.957828
0.363878 0.300312 -0.214041 0.888438 0.005704 -0.458962
0.303709 0.297840 -0.237886 -0.083739 -0.411404 -0.907598
0.262667 0.301477 -0.193712 -0.625625 -0.355059 -0.694641
0.234963 0.402575 -0.182527 -0.482821 0.034834 -0.875026
0.314886 0.152606 -0.136755 -0.380102 -0.700705 -0.603768
0.371358 0.154556 -0.122984 0.817614 -0.439160 -0.372352
0.358700 0.490238 -0.158731 0.736055 0.401943 -0.544670
0.436572 0.529658 -0.027020 0.847311 0.280274 -0.451120
0.435812 0.532728 0.113231 0.816186 0.334504 0.471113
0.356665 0.485141 0.248182 0.623414 0.464526 0.628944
0.367527 0.296712 0.332296 0.846605 0.086341 0.525172
0.285876 0.090911 0.218139 0.151281 -0.978093 0.142994
0.333698 0.073232 0.227622 0.177249 -0.942647 0.282843
0.284225 0.118239 0.283705 0.327568 -0.645566 0.689887
0.283675 0.088787 0.082836 -0.576017 -0.780331 -0.243491
0.302090 0.040872 0.076841 -0.223008 -0.937459 -0.267280
0.372556 0.145093 0.282666 0.942426 -0.239341 0.233557
0.247925 0.206391 0.309641 -0.478290 0.049729 0.876793
0.324923 0.117660 0.321648 0.156881 -0.441900 0.883240
0.271789 0.260253 0.358277 -0.156861 0.165509 0.973653
0.140884 0.471827 0.245184 -0.735977 0.150107 0.660155
0.159599 0.362003 0.226239 -0.669571 -0.137735 0.729866
0.145209 0.427565 0.205756 -0.408696 0.628006 0.662251
0.130612 0.487196 0.124530 -0.976907 0.152203 0.149957
0.435767 0.581501 0.042721 0.938309 0.345790 -0.002482
0.353109 0.553498 0.041091 -0.005639 0.999978 -0.003375
0.140257 0.504543 0.133228 -0.307420 0.897017 0.317574
0.235719 0.483114 0.273992 -0.064100 0.804277 0.590787
0.122881 0.499454 0.043218 -0.999117 -0.041698 -0.005174
0.104640 0.544473 0.037000 -0.442148 0.896917 -0.006744
0.139197 0.502638 -0.050687 -0.148144 0.912373 -0.381614
0.130993 0.481896 -0.031838 -0.963467 0.023766 -0.266770
0.167706 0.481714 -0.159366 -0.544097 0.502238 -0.672098
0.261930 0.453776 -0.172979 -0.067296 0.908125 -0.413256
0.122788 0.461151 -0.012990 -0.625993 0.745957 -0.227333
0.169429 0.436469 -0.136962 -0.691107 0.395596 -0.604876
0.120227 0.466685 0.108922 -0.582824 0.800956 0.137060
0.169644 0.228642 0.201731 -0.911850 -0.403282 -0.076773
0.208501 0.225005 0.051386 -0.716973 -0.682424 -0.142294
0.209634 0.169484 0.076299 -0.836329 -0.355399 -0.417426
0.155646 0.163140 0.188401 -0.786418 0.250227 -0.564742
0.185207 0.234779 0.253926 -0.810805 0.314584 0.493592
0.124148 0.311490 0.188077 -0.502424 -0.685620 0.526778
0.086488 0.321187 0.111030 -0.570050 -0.820236 0.047491
0.049074 0.315042 0.152076 -0.260809 -0.825712 -0.500178
0.067753 0.382534 0.121034 -0.894777 0.446298 -0.013849
0.089150 0.311717 -0.007682 -0.492165 -0.865831 -0.090054
0.042205 0.306724 0.025483 0.026204 -0.922365 -0.385431
0.041376 0.309022 0.088011 0.043233 -0.807314 0.588536
-0.046971 0.301967 0.019289 0.042834 -0.866850 -0.496726
-0.047929 0.304641 0.092161 -0.007161 -0.886748 0.462198
-0.120001 0.306494 0.020365 0.006254 -0.890507 -0.454927
-0.120911 0.309067 0.089924 0.035439 -0.844229 0.534810
-0.047873 0.365992 -0.019609 0.027132 -0.154178 -0.987670
0.041954 0.370381 -0.010967 -0.013102 -0.098003 -0.995100
0.071313 0.370765 -0.014386 -0.814385 0.455245 -0.359902
-0.049794 0.372889 0.126265 0.015417 -0.147764 0.988902
-0.126037 0.365599 0.122458 -0.011320 0.069567 0.997513
0.040227 0.379605 0.119679 -0.015801 0.099693 0.994893
-0.206082 0.360328 -0.026345 0.045152 -0.021128 -0.998757
-0.183495 0.298815 0.017853 0.062602 -0.933288 -0.353630
-0.307879 0.297197 0.012480 -0.198390 -0.828678 -0.523387
-0.305294 0.357844 -0.026458 -0.162418 0.030727 -0.986243
-0.353675 0.360923 0.006833 -0.696866 -0.048045 -0.715590
-0.355099 0.329424 0.030900 -0.795756 -0.538937 -0.276259
-0.365273 0.363095 0.049246 -0.999416 0.030919 -0.014559
-0.355625 0.331103 0.070623 -0.723828 -0.661912 0.194796
-0.354804 0.364515 0.091979 -0.716490 0.011569 0.697502
-0.308947 0.300591 0.092930 -0.150117 -0.848679 0.507158
-0.307321 0.364305 0.126678 -0.173803 0.109501 0.978674
-0.207975 0.366348 0.127673 0.012850 0.069293 0.997514
0.094842 0.358811 0.249808 0.428399 -0.206369 0.879708
0.073558 0.302254 0.208224 0.197105 -0.925875 0.322344
0.000233 0.305167 0.245685 0.153732 -0.911894 0.380546
-0.027621 0.319711 0.181802 -0.271408 -0.735230 -0.621108
-0.076321 0.306182 0.277115 0.099249 -0.980163 0.171552
-0.034583 0.387469 0.160507 -0.389868 0.075761 -0.917749
-0.102694 0.319953 0.216634 -0.246876 -0.726953 -0.640775
0.043690 0.385523 0.132491 -0.335148 0.190615 -0.922682
0.021399 0.358346 0.288257 0.400765 -0.232906 0.886082
-0.059625 0.357775 0.319399 0.389265 -0.262614 0.882897
-0.128589 0.359745 0.358050 0.421264 -0.186992 0.887452
-0.212004 0.362666 0.395144 0.232672 -0.139158 0.962548
-0.233822 0.309192 0.351941 -0.083912 -0.925030 0.370511
-0.269054 0.371720 0.384164 -0.374553 -0.150197 0.914959
-0.281931 0.344579 0.358261 -0.652741 -0.684212 0.325245
-0.295799 0.380916 0.350428 -0.912548 0.039888 0.407020
-0.297490 0.352706 0.322583 -0.892955 -0.448862 -0.033956
-0.302406 0.389136 0.307683 -0.925255 0.131032 -0.355998
-0.265328 0.325650 0.279680 -0.530656 -0.657614 -0.534741
-0.168377 0.315406 0.240463 -0.266793 -0.759749 -0.592960
-0.271975 0.393987 0.257604 -0.551424 0.244570 -0.797570
-0.196425 0.391341 0.225353 -0.342282 0.182292 -0.921744
-0.026355 0.036418 0.325415 -0.309772 -0.637716 -0.705237
-0.046153 0.122632 0.325160 -0.578206 0.442720 -0.685329
0.029090 0.133847 0.283212 -0.583126 0.383445 -0.716194
-0.017248 0.173930 0.387522 -0.173329 0.982673 0.065654
0.057004 0.179747 0.339764 -0.201379 0.979065 -0.029643
0.046307 0.058907 0.283430 -0.387087 -0.622863 -0.679857
0.091383 0.030107 0.340205 0.246129 -0.968942 -0.023908
0.021957 0.003228 0.388020 0.272677 -0.959451 0.071418
-0.079565 0.028549 0.370219 -0.694013 -0.500776 -0.517271
-0.097524 0.106741 0.369989 -0.860355 0.281290 -0.425047
-0.107779 0.084426 0.416727 -0.995189 -0.067466 -0.071042
-0.098592 0.044408 0.416844 -0.886849 -0.455923 0.075055
-0.092548 0.066962 0.450159 -0.812033 -0.184844 0.553566
-0.094943 0.111560 0.444584 -0.792811 0.459679 0.400183
-0.071693 0.151327 0.422787 -0.569163 0.822076 -0.015621
-0.075237 0.025754 0.444839 -0.513269 -0.757321 0.403757
-0.036938 0.000000 0.423232 -0.153331 -0.988121 -0.010329
0.157827 0.039569 0.294754 0.153275 -0.987525 -0.036081
0.174045 0.084968 0.183789 -0.440747 -0.722516 -0.532648
0.271692 0.177312 -0.098311 -0.736032 -0.592104 -0.328130
0.147960 0.304807 -0.115662 -0.541744 -0.809999 -0.224532
0.070609 0.303306 -0.052463 -0.150278 -0.913005 0.379261
0.105825 0.296861 -0.115314 0.327300 -0.804302 -0.495956
0.028406 0.288722 -0.152100 0.192100 -0.947319 -0.256291
-0.006341 0.296012 -0.090887 -0.251792 -0.787242 0.562895
-0.043079 0.288293 -0.190104 0.227872 -0.936664 -0.265962
-0.076515 0.295069 -0.131104 -0.277560 -0.727976 0.626906
0.045094 0.349235 -0.190585 0.483049 -0.266036 -0.834200
0.117893 0.357751 -0.143908 0.479295 0.046488 -0.876422
0.137757 0.357561 -0.135186 -0.706829 0.194877 -0.680012
-0.024562 0.363758 -0.067856 -0.473537 -0.022479 0.880487
-0.097451 0.354555 -0.109772 -0.469495 0.121756 0.874500
0.053662 0.371320 -0.030835 -0.518988 0.063758 0.852400
-0.169898 0.351678 -0.140323 -0.456975 0.128534 0.880144
-0.134908 0.284603 -0.160244 -0.174928 -0.802191 0.570867
-0.246023 0.339768 -0.182951 -0.633288 0.140699 0.761019
-0.226139 0.275092 -0.207904 -0.343823 -0.829462 0.440203
-0.271271 0.333243 -0.235661 -0.959457 -0.043991 0.278400
-0.259086 0.299196 -0.251956 -0.671405 -0.733052 -0.108863
-0.260122 0.329060 -0.278042 -0.872521 -0.076844 -0.482496
-0.239696 0.296133 -0.286533 -0.522020 -0.636521 -0.567746
-0.229707 0.326677 -0.309779 -0.276444 -0.157889 -0.947971
-0.186869 0.268891 -0.277936 0.110773 -0.857923 -0.501695
-0.098976 0.278199 -0.224022 0.289108 -0.915461 -0.279907
-0.171270 0.327964 -0.316252 0.327988 -0.020564 -0.944458
-0.093927 0.340298 -0.275752 0.516137 -0.046015 -0.855269
-0.202704 0.449144 0.279490 -0.090515 0.922391 -0.375502
-0.103523 0.441388 0.242635 -0.087260 0.948023 -0.306005
-0.014594 0.447631 0.200824 -0.163881 0.913482 -0.372416
-0.115445 0.385722 0.198575 -0.370629 0.208665 -0.905038
0.064969 0.442084 0.174071 -0.160110 0.978683 -0.128622
0.016249 0.431537 0.271658 0.308174 0.660972 0.684211
0.089453 0.429296 0.230223 0.343485 0.696351 0.630169
-0.077130 0.427759 0.304382 0.266885 0.751004 0.603958
-0.173616 0.434434 0.350089 0.308866 0.777221 0.548206
-0.214751 0.420173 0.380616 -0.059049 0.712961 0.698713
-0.273658 0.410043 0.370389 -0.398397 0.739279 0.542905
-0.290451 0.418814 0.331876 -0.751114 0.647557 0.128441
-0.254486 0.440923 0.289486 -0.379962 0.924860 -0.016220
0.039592 0.438783 0.087602 -0.136339 0.906718 0.399092
0.041198 0.435284 0.013366 -0.238856 0.848960 -0.471397
-0.050502 0.436837 0.011020 -0.025248 0.785761 -0.618014
-0.124216 0.360401 -0.017424 0.019276 -0.018327 -0.999646
-0.051558 0.439782 0.090487 -0.060701 0.826280 0.559980
-0.133642 0.427662 0.017792 -0.039214 0.886843 -0.460403
-0.134536 0.430202 0.082282 -0.045920 0.816772 0.575130
-0.253981 0.427459 0.082913 -0.001399 0.904527 0.426414
-0.304230 0.416541 0.098630 -0.378278 0.867037 0.324274
-0.353545 0.397785 0.069571 -0.570572 0.813028 0.115898
-0.352975 0.395973 0.026692 -0.714228 0.604097 -0.353474
-0.302887 0.406382 -0.002832 -0.340628 0.790516 -0.508977
-0.253135 0.424773 0.013217 0.003211 0.806882 -0.590704
0.100950 0.425768 -0.122284 -0.008988 0.805191 -0.592947
0.070208 0.432262 -0.068167 -0.358112 0.901980 0.241222
0.027795 0.419429 -0.171668 0.273853 0.735532 -0.619676
-0.029603 0.341346 -0.229657 0.505874 -0.081555 -0.858743
-0.055936 0.407620 -0.210016 0.205220 0.821498 -0.532001
-0.010387 0.427427 -0.104403 -0.315727 0.859965 0.400970
-0.088211 0.414036 -0.153010 -0.260332 0.908863 0.325877
0.158357 0.404711 -0.177785 -0.311820 0.937699 -0.153261
0.203096 0.393995 -0.205275 0.546972 0.638992 -0.540843
0.170093 0.382016 -0.269166 0.440478 0.762165 -0.474430
0.222802 0.334364 -0.206860 0.855558 -0.095768 -0.508772
0.188993 0.319193 -0.268260 0.828124 -0.273230 -0.489445
0.112658 0.395751 -0.233820 -0.457515 0.882154 0.111738
0.085027 0.344085 -0.204425 -0.837076 0.116381 0.534565
0.075848 0.374224 -0.294244 -0.452177 0.889821 0.061278
0.129326 0.356756 -0.149430 -0.768917 0.346922 0.537040
0.230169 0.340428 -0.191625 0.303521 -0.052506 -0.951377
0.112990 0.287828 -0.389820 0.856820 -0.175277 -0.484909
0.073910 0.344587 -0.408502 0.526635 0.708607 -0.469608
0.125292 0.362585 -0.325031 0.514588 0.686399 -0.513864
0.000702 0.314043 -0.321628 -0.812424 0.207529 0.544884
0.018336 0.357087 -0.372792 -0.302759 0.952953 0.014722
-0.035028 0.300620 -0.376813 -0.925821 0.198045 0.321923
-0.013296 0.340464 -0.399610 -0.419297 0.825248 -0.378360
-0.033260 0.287282 -0.425287 -0.979338 -0.034128 -0.199329
-0.016572 0.313885 -0.441554 -0.644113 0.459759 -0.611343
-0.008044 0.278406 -0.451814 -0.547470 -0.172329 -0.818889
0.014048 0.306716 -0.460516 -0.144151 0.584796 -0.798269
0.027536 0.273058 -0.462939 0.187548 -0.310678 -0.931829
0.061179 0.323242 -0.446045 0.166053 0.660944 -0.731833
0.074306 0.275040 -0.444524 0.712716 -0.192301 -0.674578
0.107100 0.282285 -0.206646 -0.363819 -0.828070 0.426540
0.074768 0.274356 -0.258275 -0.564006 -0.640329 0.521417
0.123767 0.262669 -0.288431 0.302212 -0.953179 0.010815
0.158992 0.269858 -0.238533 0.382577 -0.922861 -0.044304
0.193771 0.286412 -0.178505 0.394151 -0.916880 -0.063061
0.149032 0.297124 -0.151016 -0.600607 -0.633728 0.487504
0.050341 0.327737 -0.260363 -0.816302 0.099077 0.569065
0.221884 0.285578 -0.164411 -0.346421 -0.712509 -0.610182
0.149529 0.304143 -0.321090 0.846510 -0.291189 -0.445678
0.092948 0.247421 -0.339230 0.348056 -0.936980 0.030414
0.045045 0.229831 -0.414437 0.271174 -0.928602 -0.253304
-0.012397 0.243270 -0.378864 -0.530482 -0.779230 0.333750
-0.018785 0.256718 -0.428030 -0.573243 -0.764263 -0.295457
0.009574 0.250083 -0.445596 -0.222649 -0.735618 -0.639760
-0.073101 0.094447 0.470945 -0.435523 0.158021 0.886199
-0.063084 0.050828 0.471070 -0.717472 -0.622586 0.312442
-0.036780 0.131274 0.466098 -0.164854 0.963764 0.209718
-0.014331 0.033517 0.466386 0.296074 -0.878958 0.373863
0.031679 0.140024 0.435838 0.303154 0.614541 0.728311
0.051126 0.055351 0.436085 0.555762 -0.509955 0.656562
0.123241 0.075741 0.400399 0.480597 -0.435006 0.761444
0.026464 0.119222 0.448836 0.488100 0.294246 0.821692
0.037338 0.071865 0.448974 0.529626 -0.079168 0.844529
0.243766 0.060412 0.235074 0.302582 -0.951891 0.048459
0.194269 0.089872 0.364855 0.592877 -0.362947 0.718864
0.120956 0.200023 0.294280 -0.328107 0.943468 0.047064
-0.150403 0.053757 0.480541 -0.974013 -0.212718 0.077785
-0.087653 0.032684 0.480464 -0.182677 -0.252619 -0.950165
-0.093559 0.066873 0.500000 -0.008369 0.000872 0.999965
-0.103159 0.103586 0.480189 -0.383315 0.407422 -0.828901
-0.034138 0.080498 0.491913 0.344290 0.081804 0.935293
-0.367761 0.374588 0.380361 -0.764041 -0.610629 0.208262
-0.321351 0.417843 0.369754 -0.351792 0.871397 0.341920
-0.326869 0.410699 0.328562 -0.580310 0.732435 -0.356061
-0.296491 0.396293 0.397769 0.283015 -0.950673 0.126975
-0.245416 0.449795 0.343438 -0.081515 0.964656 0.250589
-0.399284 0.399246 0.047515 -0.508559 0.859212 -0.055871
-0.439432 0.352095 0.048518 -0.822456 -0.568743 0.009860
-0.384158 0.378055 0.086939 -0.607939 0.420832 0.673283
-0.383377 0.375575 0.009022 0.144719 -0.847328 -0.510971
-0.318689 0.431359 0.046803 -0.199827 0.975797 -0.088821
-0.241120 0.363504 -0.294693 -0.531556 0.533419 -0.657961
-0.262056 0.366809 -0.257365 -0.993503 -0.111052 0.024868
-0.234425 0.390953 -0.210720 -0.570356 0.789930 0.225175
-0.182423 0.406880 -0.204692 -0.276208 0.869555 0.409369
-0.183738 0.383124 -0.301202 -0.139523 0.786759 -0.601286
-0.151321 0.401969 -0.260152 0.219841 0.848197 -0.481904
-0.327456 0.312853 -0.314371 -0.774529 -0.496246 -0.392231
-0.283376 0.373767 -0.294649 -0.478963 0.812944 -0.331236
-0.253277 0.349975 -0.323983 0.130105 0.254377 -0.958314
-0.293712 0.355465 -0.251082 -0.023591 -0.788150 0.615031
-0.223797 0.406621 -0.265262 -0.180619 0.965971 -0.185142
-0.014331 0.310669 -0.473728 -0.259331 0.708858 -0.655949
-0.043139 0.254565 -0.500000 -0.516509 -0.583215 -0.626961
-0.040858 0.303662 -0.445357 -0.546702 0.772547 -0.322936
0.019388 0.291165 -0.483365 -0.009420 0.749695 -0.661717
0.018272 0.347803 -0.437679 -0.055567 0.905883 -0.419866
0.375808 0.073204 0.075393 0.897387 -0.440813 -0.019495
0.249033 0.572108 0.039274 -0.067359 0.995321 -0.069281
0.213432 0.544080 0.041588 -0.215674 0.974003 -0.069299
-0.184454 0.301676 0.092748 0.048210 -0.797046 0.601992
-0.139346 0.300248 0.307036 0.152740 -0.939592 0.306327
0.087483 0.149903 0.228593 -0.632608 0.301595 -0.713335
0.105922 0.069676 0.228828 -0.422829 -0.538531 -0.728834
0.039074 0.260104 -0.305936 -0.450546 -0.720801 0.526738
0.105506 0.152933 0.400176 0.240428 0.611572 0.753773
0.175611 0.171066 0.364620 0.234103 0.630149 0.740343
0.439432 0.319377 0.057771 0.997370 -0.072435 -0.002420
