0.307612 0.150740 0.227191 0.867373 0.411873 0.279329
0.245648 0.200078 0.216258 0.409423 0.838816 0.358832
0.258652 0.113797 0.349754 0.815852 0.476688 0.327345
0.265694 0.124382 0.319140 0.804224 0.391218 0.447405
0.223755 0.156336 0.311110 -0.166013 0.933872 0.316738
0.250610 0.052432 0.351468 0.826087 -0.563539 -0.002170
0.270379 0.069156 0.296683 0.725103 -0.684856 0.072091
0.213103 0.148316 0.343219 -0.058053 0.981129 0.184436
0.184071 0.129159 0.437547 0.238370 0.919479 0.312631
0.239712 0.086977 0.445770 0.913425 0.208854 0.349334
0.123830 0.105508 0.415936 -0.784368 0.614905 -0.081598
0.169300 0.114282 0.478455 -0.229509 0.695295 0.681096
0.119331 0.085981 0.462507 -0.787132 0.313141 0.531381
0.159666 0.124563 0.340707 -0.817931 0.553011 -0.158643
0.232136 0.022964 0.425538 0.729092 -0.677662 0.095907
0.210838 0.022814 0.474225 0.571854 -0.542519 0.615350
0.214320 0.076736 0.488617 0.500575 0.319026 0.804765
0.156326 0.044540 0.500000 -0.281704 -0.227021 0.932258
0.235512 0.239202 0.158917 0.319311 0.752501 0.576005
0.241867 0.282521 0.067272 0.362996 0.878917 0.309416
0.236759 0.305102 -0.056167 0.321458 0.946517 -0.027758
0.071499 0.292890 0.059966 0.023969 0.965979 0.257508
0.250363 0.260033 -0.212918 0.602196 0.710195 -0.364668
0.103651 0.245010 0.141377 0.038832 0.736460 0.675366
0.055070 0.246134 0.170445 0.390443 0.634944 0.666634
-0.055206 0.245138 0.251953 0.478967 0.670356 0.566757
-0.026940 0.243997 0.227284 0.521368 0.502477 0.689704
-0.061014 0.271152 0.170489 0.032962 0.995715 0.086403
-0.117606 0.247496 0.299221 0.406622 0.710742 0.574025
-0.088592 0.272668 0.192942 -0.014985 0.987503 -0.156888
-0.156598 0.277978 0.236076 -0.090366 0.987339 -0.130366
-0.183955 0.240890 0.192007 -0.470043 0.366535 -0.802940
-0.121775 0.236783 0.163989 -0.493716 0.178372 -0.851133
0.031851 0.275105 0.064571 -0.682421 0.712767 0.162063
0.015629 0.290171 0.033842 -0.075660 0.866250 0.493848
-0.146960 0.249338 0.080925 0.238157 -0.232465 0.942996
-0.087310 0.243340 0.066263 0.168793 -0.013797 0.985555
-0.097617 0.298730 0.047693 0.135523 0.903588 0.406403
-0.140403 0.300713 0.055004 0.195789 0.831451 0.519957
-0.106907 0.299730 -0.027919 -0.014473 0.829199 -0.558767
-0.241813 0.314563 0.077765 0.142618 0.930486 0.337426
-0.149446 0.300792 -0.024063 0.064353 0.899511 -0.432132
-0.252182 0.316031 -0.013483 0.000532 0.928580 -0.371131
-0.240420 0.251788 0.106951 0.156423 0.106222 0.981962
-0.162904 0.250836 -0.050566 -0.093551 -0.090404 -0.991502
-0.259021 0.254957 -0.043824 -0.141713 0.016016 -0.989778
-0.128099 0.305428 -0.171185 -0.065249 0.873461 0.482501
-0.089746 0.301664 -0.156784 -0.189138 0.750805 0.632865
-0.063248 0.297526 -0.228615 0.255514 0.866784 -0.428250
-0.141637 0.249620 -0.147891 -0.317811 -0.167321 0.933274
-0.090231 0.244728 -0.130431 -0.383414 -0.133142 0.913929
-0.189561 0.316189 -0.193955 -0.036352 0.973118 0.227420
-0.099944 0.299589 -0.247141 0.310547 0.838520 -0.447710
-0.165482 0.306164 -0.279994 0.247773 0.830510 -0.498861
-0.196682 0.253366 -0.165857 -0.406280 0.038627 0.912932
-0.098305 0.245856 -0.269056 0.431714 -0.200661 -0.879408
-0.159299 0.243402 -0.300102 0.375269 -0.065507 -0.924598
-0.239860 0.308693 -0.301477 -0.131081 0.781326 -0.610202
-0.260238 0.314656 -0.230272 -0.600879 0.697939 0.389647
-0.235035 0.245856 -0.319942 -0.079354 -0.272669 -0.958830
-0.298916 0.251572 -0.278875 -0.960511 -0.055919 -0.272566
-0.268655 0.254256 -0.203588 -0.739948 -0.056932 0.670250
0.083807 0.298024 -0.203478 0.063904 0.981988 -0.177809
0.057944 0.310535 -0.072411 -0.085829 0.996179 0.016152
-0.078315 0.240811 -0.369404 -0.780361 0.162748 0.603780
-0.044198 0.235782 -0.334700 -0.757281 0.034187 0.652194
-0.022335 0.280710 -0.349877 -0.149542 0.962968 0.224343
-0.012513 0.275008 -0.443359 0.395411 0.843576 -0.363358
-0.058780 0.285253 -0.390191 -0.249082 0.944310 0.215026
-0.101945 0.281834 -0.447030 -0.501946 0.864889 0.004130
-0.114967 0.241185 -0.428971 -0.968974 0.048089 0.242440
-0.108784 0.233332 -0.489697 -0.765772 -0.094277 -0.636165
-0.064465 0.273946 -0.489027 0.045583 0.693816 -0.718709
-0.051253 0.223633 -0.500000 0.405766 -0.189293 -0.894160
0.002682 0.221024 -0.457166 0.758087 -0.056192 -0.649728
0.025981 0.271262 -0.388128 0.632218 0.678035 -0.374926
0.241787 0.176202 -0.259313 0.702832 -0.146375 -0.696134
0.120688 0.281490 -0.260793 0.338699 0.679407 -0.650914
0.195458 0.084655 -0.021970 -0.091400 -0.992974 0.075157
0.210274 0.078406 -0.197260 0.158009 -0.888885 -0.430020
0.345572 0.087987 -0.126055 0.542389 -0.836712 0.075671
0.043172 0.145412 -0.139676 -0.429526 -0.900986 -0.061081
0.226297 0.067376 0.066127 0.215430 -0.968509 -0.124822
0.240602 0.066728 0.195039 0.134712 -0.983572 -0.120164
0.155916 0.071086 0.328888 -0.847111 -0.276763 -0.453657
0.181326 0.096201 0.253315 -0.893283 -0.373733 -0.249739
0.218991 0.055759 0.257695 -0.132837 -0.954292 -0.267735
0.197067 0.033747 0.335255 -0.104531 -0.913946 -0.392142
0.178655 0.002975 0.398634 0.030292 -0.953927 -0.298505
0.165210 0.000000 0.449934 -0.193351 -0.962613 0.189714
0.116065 0.032703 0.447673 -0.906255 -0.372122 0.200567
0.121534 0.043998 0.392284 -0.763307 -0.507794 -0.399384
0.174971 0.138991 0.277231 -0.836893 0.545350 0.046951
0.102153 0.176925 0.153122 0.034924 -0.486735 0.872851
0.139020 0.118160 0.120701 -0.488158 -0.843105 0.225555
0.145349 0.172694 0.165738 -0.475228 0.113178 0.872553
0.065268 0.132813 0.084318 -0.315093 -0.937543 0.147412
0.034975 0.142049 0.128919 0.109940 -0.957429 0.266913
0.011505 0.156989 0.087530 -0.620244 -0.496727 -0.607091
-0.102425 0.142653 0.220264 0.088370 -0.990172 0.108397
-0.026412 0.142049 0.166673 0.114281 -0.977306 0.178360
-0.127191 0.167186 0.176121 -0.444507 -0.522840 -0.727360
-0.052645 0.161149 0.124993 -0.446482 -0.625620 -0.639729
-0.072273 0.231380 0.129342 -0.538739 0.317193 -0.780480
0.021984 0.157976 0.044057 -0.788930 -0.611160 0.063819
-0.144356 0.139643 0.252297 0.038869 -0.999241 -0.002395
-0.065183 0.183103 0.262618 0.598509 -0.387054 0.701410
-0.112327 0.181319 0.305025 0.494908 -0.422863 0.759113
-0.175287 0.170429 0.200279 -0.483171 -0.457615 -0.746414
-0.231567 0.171060 0.234216 -0.699083 -0.632888 -0.332769
-0.195012 0.140697 0.291694 -0.218058 -0.902331 0.371819
-0.243624 0.201524 0.315597 -0.859271 -0.113122 0.498855
-0.177350 0.183553 0.335582 0.009639 -0.413695 0.910365
-0.242029 0.238876 0.238892 -0.800167 0.309954 -0.513479
0.011333 0.236267 0.063839 -0.879016 0.007327 0.476737
-0.001579 0.232848 0.051959 0.021103 -0.278215 0.960287
-0.007467 0.177432 0.015955 -0.460955 -0.786411 0.411191
-0.154254 0.198329 0.044670 0.092627 -0.922739 0.374130
-0.077315 0.191053 0.029061 -0.016526 -0.847656 0.530289
0.033446 0.142785 -0.024610 -0.433055 -0.901216 -0.016549
-0.013575 0.180847 -0.043885 -0.475165 -0.823838 -0.309048
0.013646 0.169760 -0.086790 -0.795717 -0.593458 -0.121002
-0.102835 0.248835 -0.054880 -0.129048 -0.004131 -0.991630
-0.085296 0.193746 -0.030290 -0.163431 -0.798747 -0.579045
-0.162970 0.194248 -0.016162 -0.018343 -0.860581 -0.508983
-0.237300 0.190617 -0.014637 -0.023068 -0.872518 -0.488037
-0.227429 0.191714 0.067748 0.111941 -0.873127 0.474466
-0.303120 0.191855 -0.005260 -0.459280 -0.798725 -0.388716
-0.294888 0.190595 0.078611 -0.431280 -0.777933 0.456965
-0.007467 0.184928 -0.124420 -0.573095 -0.725975 0.380160
-0.000253 0.230225 -0.080352 -0.986411 -0.069553 0.148850
-0.009419 0.233099 -0.097503 -0.474164 0.181837 0.861455
-0.134048 0.197166 -0.181145 -0.132962 -0.922973 0.361168
-0.072353 0.195037 -0.155131 -0.265417 -0.880036 0.393815
0.007556 0.184813 -0.185084 -0.324175 -0.872321 -0.366015
0.042736 0.165824 -0.208749 -0.732899 -0.616590 -0.287534
0.029211 0.230926 -0.222582 -0.912564 0.058426 -0.404740
0.024699 0.231706 -0.236358 -0.923558 0.034167 0.381933
-0.052315 0.244900 -0.245193 0.416963 -0.124797 -0.900315
-0.056471 0.196469 -0.211468 0.150029 -0.845551 -0.512381
-0.118166 0.197950 -0.235714 0.227951 -0.886768 -0.402094
-0.187701 0.194922 -0.196070 -0.130309 -0.890245 0.436444
0.088192 0.136285 -0.224076 -0.396398 -0.880241 -0.260854
0.074562 0.159791 -0.282228 0.102208 -0.892001 -0.440327
0.119128 0.157200 -0.280197 0.052569 -0.665869 -0.744214
0.131278 0.200977 -0.295554 0.381112 0.084709 -0.920640
-0.057859 0.180411 -0.370655 -0.474510 -0.813049 0.337331
-0.031096 0.178291 -0.345184 -0.541550 -0.734038 0.409771
-0.016853 0.170963 -0.424308 0.363831 -0.845331 -0.391206
0.007397 0.171183 -0.382232 0.158479 -0.976965 -0.142911
0.037351 0.216811 -0.401393 0.804773 -0.271740 -0.527729
-0.101878 0.187678 -0.428090 -0.822349 -0.536531 0.189413
-0.070991 0.178776 -0.471387 -0.188755 -0.901021 -0.390555
-0.169215 0.191983 -0.262490 0.209802 -0.842551 -0.496075
-0.238283 0.188431 -0.280250 -0.224603 -0.882133 -0.413999
-0.252085 0.191472 -0.231735 -0.583775 -0.657988 0.475666
-0.219717 0.274651 0.277451 -0.331463 0.896078 0.295258
-0.181972 0.243794 0.338406 0.043388 0.434505 0.899624
-0.014557 0.183006 0.220356 0.503671 -0.484825 0.715024
-0.312458 0.315471 0.005696 -0.612044 0.664238 -0.429174
-0.304213 0.314612 0.077487 -0.364574 0.792228 0.489346
-0.316142 0.259941 -0.023464 -0.725566 0.006175 -0.688124
-0.348497 0.248681 0.050465 -0.990915 -0.081185 0.107223
-0.301556 0.255913 0.105268 -0.335242 -0.154483 0.929380
0.300627 0.084941 0.215306 0.795610 -0.605395 0.022407
0.175002 0.159875 0.203906 -0.717930 0.585336 0.376773
0.057979 0.180063 0.170974 0.440536 -0.404744 0.801318
0.026215 0.277462 0.105554 -0.244587 0.964032 -0.104015
0.004101 0.233830 0.076681 -0.748444 0.176258 -0.639347
0.008583 0.289876 -0.044903 -0.109466 0.940337 -0.322154
0.023685 0.263969 -0.074839 -0.807878 0.588456 -0.032448
-0.011997 0.235580 -0.070141 -0.312620 0.074907 -0.946920
0.014254 0.294887 -0.112517 -0.216317 0.946583 0.239139
0.030820 0.293358 -0.185895 0.069328 0.866291 -0.494705
0.015458 0.235641 -0.214954 0.150597 -0.041401 -0.987728
0.050902 0.267357 -0.212503 -0.665634 0.640089 -0.383688
-0.013447 0.233910 -0.295766 -0.812537 0.114197 0.571614
0.054511 0.285535 -0.240253 -0.335962 0.938465 0.080079
0.002462 0.279617 -0.318086 -0.409636 0.872079 0.267724
0.046204 0.269543 -0.357691 0.443710 0.830381 -0.337029
0.098984 0.271588 -0.291985 0.560467 0.620868 -0.548087
0.064567 0.213109 -0.359079 0.779520 -0.160754 -0.605397
0.105449 0.207830 -0.308250 0.654784 -0.206493 -0.727062
0.181105 0.108663 0.193109 -0.810198 -0.541793 0.223693
0.041894 0.173166 -0.252632 -0.751082 -0.617370 0.233943
0.002933 0.175814 -0.298547 -0.537371 -0.764743 0.355529
0.042533 0.166164 -0.330465 0.356191 -0.873647 -0.331464
0.348497 0.183565 -0.025245 0.995661 0.021646 -0.090498
