-0.350686 0.147827 -0.192298 -0.756275 -0.089308 -0.648130
-0.305423 0.150740 0.227196 -0.871811 0.414123 0.261624
-0.243459 0.200078 0.216258 -0.430931 0.834525 0.343316
-0.298439 0.084937 0.215306 -0.794881 -0.606395 0.021194
-0.256464 0.113797 0.349754 -0.815811 0.476755 0.327348
-0.210897 0.148316 0.343219 0.058078 0.981131 0.184413
-0.221566 0.156336 0.311110 0.166058 0.933866 0.316733
-0.263506 0.124382 0.319140 -0.804222 0.391212 0.447415
-0.181883 0.129159 0.437547 -0.238362 0.919485 0.312620
-0.237523 0.086977 0.445770 -0.913428 0.208855 0.349327
-0.248421 0.052432 0.351468 -0.826087 -0.563539 -0.002170
-0.121641 0.105508 0.415936 0.784395 0.614869 -0.081607
-0.167111 0.114282 0.478455 0.229533 0.695295 0.681087
-0.117142 0.085981 0.462507 0.787132 0.313141 0.531381
-0.157478 0.124559 0.340707 0.817963 0.552946 -0.158707
-0.172783 0.138987 0.277231 0.836893 0.545350 0.046951
-0.229948 0.022964 0.425538 -0.729092 -0.677662 0.095907
-0.208650 0.022814 0.474225 -0.571855 -0.542534 0.615336
-0.212131 0.076736 0.488622 -0.500575 0.319026 0.804765
-0.154137 0.044540 0.500000 0.281725 -0.227030 0.932249
-0.233323 0.239202 0.158917 -0.353484 0.743459 0.567731
-0.239678 0.282521 0.067272 -0.381128 0.872018 0.307126
-0.234571 0.305102 -0.056167 -0.318112 0.947644 -0.027839
-0.069310 0.292890 0.059966 -0.023970 0.965979 0.257506
-0.248174 0.260033 -0.212918 -0.578139 0.725530 -0.373310
-0.055790 0.180063 0.170974 -0.440529 -0.404773 0.801307
-0.052882 0.246134 0.170449 -0.390426 0.634941 0.666647
0.057394 0.245121 0.251953 -0.478932 0.670408 0.566725
0.090780 0.272650 0.192942 0.014894 0.987510 -0.156849
0.063203 0.271152 0.170489 -0.032846 0.995713 0.086463
0.119795 0.247496 0.299221 -0.406676 0.710756 0.573970
0.158787 0.277978 0.236076 0.090284 0.987340 -0.130416
0.123964 0.236783 0.163989 0.493716 0.178392 -0.851129
0.074462 0.231380 0.129342 0.538756 0.317201 -0.780465
0.186144 0.240890 0.192007 0.470011 0.366552 -0.802951
0.003768 0.232848 0.051959 -0.021138 -0.278199 0.960291
-0.013441 0.290171 0.033842 0.075656 0.866267 0.493819
0.149149 0.249338 0.080925 -0.238142 -0.232448 0.943004
0.142591 0.300713 0.055008 -0.195776 0.831453 0.519960
0.099806 0.298730 0.047693 -0.135531 0.903585 0.406404
0.151647 0.300792 -0.024063 -0.064354 0.899515 -0.432124
0.109095 0.299730 -0.027919 0.014472 0.829206 -0.558756
0.244001 0.314563 0.077765 -0.142615 0.930482 0.337437
0.254370 0.316031 -0.013483 -0.000532 0.928582 -0.371127
0.242626 0.251788 0.106951 -0.156411 0.106202 0.981966
0.165093 0.250836 -0.050566 0.093548 -0.090393 -0.991503
0.105023 0.248835 -0.054880 0.129048 -0.004131 -0.991630
0.261210 0.254957 -0.043824 0.141717 0.016007 -0.989778
0.130301 0.305428 -0.171185 0.065249 0.873461 0.482501
0.102132 0.299589 -0.247141 -0.310558 0.838520 -0.447703
0.065437 0.297526 -0.228615 -0.255520 0.866800 -0.428214
0.143825 0.249620 -0.147891 0.317805 -0.167294 0.933281
0.091935 0.301664 -0.156784 0.189067 0.750835 0.632851
0.191750 0.316189 -0.193955 0.036352 0.973116 0.227427
0.167671 0.306164 -0.279990 -0.247773 0.830510 -0.498861
0.198871 0.253366 -0.165857 0.406279 0.038600 0.912934
0.100506 0.245856 -0.269056 -0.431714 -0.200661 -0.879408
0.054504 0.244900 -0.245193 -0.416922 -0.124802 -0.900333
0.161488 0.243402 -0.300102 -0.375287 -0.065483 -0.924593
0.242049 0.308693 -0.301477 0.131059 0.781331 -0.610201
0.262444 0.314656 -0.230272 0.600879 0.697939 0.389647
0.237224 0.245856 -0.319942 0.079349 -0.272662 -0.958832
0.301105 0.251572 -0.278875 0.960495 -0.055993 -0.272605
0.270843 0.254256 -0.203588 0.739943 -0.057036 0.670247
-0.055755 0.310535 -0.072411 0.085836 0.996178 0.016141
-0.081619 0.298024 -0.203478 -0.063883 0.981991 -0.177800
0.080504 0.240811 -0.369404 0.780347 0.162763 0.603794
0.060968 0.285253 -0.390191 0.249082 0.944310 0.215026
0.024524 0.280710 -0.349877 0.149516 0.962951 0.224432
0.014701 0.275008 -0.443359 -0.395411 0.843576 -0.363358
-0.023792 0.271262 -0.388128 -0.632218 0.678035 -0.374926
0.104133 0.281834 -0.447030 0.501989 0.864864 0.004078
0.117155 0.241185 -0.428966 0.968973 0.048101 0.242441
0.110973 0.233315 -0.489692 0.765792 -0.094284 -0.636140
0.066653 0.273946 -0.489027 -0.045470 0.693767 -0.718763
0.053442 0.223633 -0.500000 -0.405765 -0.189285 -0.894162
-0.000494 0.221024 -0.457166 -0.758087 -0.056190 -0.649729
-0.035162 0.216811 -0.401393 -0.804776 -0.271737 -0.527726
-0.239599 0.176202 -0.259313 -0.560412 0.129717 -0.817992
-0.118499 0.281490 -0.260793 -0.338680 0.679421 -0.650909
-0.193270 0.084655 -0.021970 0.097083 -0.992312 0.076751
-0.343384 0.087987 -0.126055 -0.498276 -0.855083 0.143368
-0.208086 0.078406 -0.197260 0.047901 -0.938957 -0.340683
-0.040983 0.145412 -0.139672 0.429520 -0.900989 -0.061088
-0.224109 0.067376 0.066127 -0.203201 -0.971441 -0.122518
-0.238413 0.066728 0.195044 -0.137706 -0.983601 -0.116474
-0.153728 0.071086 0.328888 0.847107 -0.276771 -0.453660
-0.194878 0.033747 0.335255 0.104531 -0.913946 -0.392142
-0.216802 0.055759 0.257695 0.132856 -0.954289 -0.267735
-0.268190 0.069156 0.296683 -0.725097 -0.684862 0.072102
-0.176467 0.002975 0.398634 -0.030292 -0.953927 -0.298505
-0.163021 0.000000 0.449934 0.193351 -0.962613 0.189714
-0.113877 0.032703 0.447673 0.906255 -0.372122 0.200567
-0.119345 0.043998 0.392284 0.763307 -0.507794 -0.399384
-0.179137 0.096201 0.253315 0.893275 -0.373747 -0.249746
-0.099964 0.176925 0.153122 -0.034937 -0.486742 0.872847
-0.143160 0.172694 0.165738 0.475219 0.113177 0.872558
-0.136832 0.118160 0.120701 0.488159 -0.843105 0.225554
-0.063079 0.132813 0.084318 0.315087 -0.937542 0.147428
-0.032787 0.142049 0.128919 -0.109940 -0.957429 0.266913
-0.009316 0.156989 0.087530 0.620244 -0.496727 -0.607091
0.104613 0.142653 0.220264 -0.088370 -0.990172 0.108397
0.028600 0.142049 0.166673 -0.114281 -0.977306 0.178360
0.054834 0.161149 0.124993 0.446482 -0.625620 -0.639729
0.067371 0.183103 0.262618 -0.598527 -0.387077 0.701382
0.129380 0.167186 0.176121 0.444507 -0.522840 -0.727360
-0.019795 0.157976 0.044057 0.788956 -0.611124 0.063846
-0.009144 0.236280 0.063839 0.879058 0.007252 0.476660
-0.001913 0.233830 0.076681 0.748474 0.176230 -0.639320
0.146544 0.139643 0.252297 -0.038869 -0.999241 -0.002395
0.114516 0.181319 0.305025 -0.494908 -0.422863 0.759113
0.177476 0.170429 0.200279 0.483171 -0.457615 -0.746414
0.233755 0.171060 0.234216 0.699083 -0.632888 -0.332769
0.197201 0.140697 0.291694 0.218058 -0.902331 0.371819
0.245812 0.201524 0.315597 0.859271 -0.113122 0.498855
0.179538 0.183553 0.335582 -0.009639 -0.413695 0.910365
0.244217 0.238876 0.238892 0.800167 0.309954 -0.513479
0.009655 0.177432 0.015955 0.460934 -0.786398 0.411240
0.089498 0.243340 0.066263 -0.168796 -0.013768 0.985555
0.079503 0.191053 0.029065 0.016516 -0.847646 0.530305
-0.031258 0.142781 -0.024610 0.433048 -0.901219 -0.016547
0.015763 0.180843 -0.043885 0.475178 -0.823832 -0.309044
0.156442 0.198325 0.044670 -0.092615 -0.922742 0.374126
0.087484 0.193746 -0.030290 0.163437 -0.798743 -0.579049
-0.011458 0.169760 -0.086790 0.795721 -0.593447 -0.121032
0.165159 0.194248 -0.016162 0.018357 -0.860571 -0.508999
0.239502 0.190617 -0.014637 0.023068 -0.872518 -0.488037
0.229617 0.191714 0.067748 -0.111945 -0.873137 0.474447
0.305309 0.191855 -0.005260 0.459307 -0.798714 -0.388706
0.297077 0.190595 0.078611 0.431290 -0.777983 0.456870
0.009655 0.184928 -0.124420 0.573067 -0.725973 0.380206
0.002441 0.230225 -0.080352 0.986415 -0.069544 0.148826
0.014186 0.235580 -0.070141 0.312638 0.074904 -0.946914
0.092420 0.244728 -0.130431 0.383399 -0.133120 0.913939
0.074555 0.195037 -0.155131 0.265434 -0.880028 0.393822
-0.005368 0.184809 -0.185084 0.324157 -0.872334 -0.365999
0.136237 0.197166 -0.181145 0.132947 -0.922980 0.361155
0.058659 0.196469 -0.211468 -0.150015 -0.845532 -0.512417
-0.040547 0.165824 -0.208749 0.732889 -0.616608 -0.287522
-0.027023 0.230926 -0.222582 0.912564 0.058426 -0.404740
-0.013269 0.235641 -0.214954 -0.150594 -0.041400 -0.987728
-0.039705 0.173162 -0.252632 0.751080 -0.617365 0.233964
0.120355 0.197950 -0.235714 -0.227981 -0.886761 -0.402094
0.189890 0.194918 -0.196070 0.130283 -0.890245 0.436452
-0.086003 0.136285 -0.224076 0.396389 -0.880246 -0.260850
-0.116939 0.157200 -0.280192 -0.052569 -0.665869 -0.744214
-0.072373 0.159791 -0.282228 -0.102258 -0.891989 -0.440339
-0.129089 0.200977 -0.295554 -0.381072 0.084665 -0.920660
0.060047 0.180411 -0.370655 0.474510 -0.813035 0.337362
0.033285 0.178291 -0.345184 0.541572 -0.734036 0.409745
-0.005209 0.171183 -0.382232 -0.158491 -0.976964 -0.142905
0.046386 0.235782 -0.334700 0.757265 0.034188 0.652212
0.019042 0.170958 -0.424308 -0.363856 -0.845323 -0.391201
0.104067 0.187678 -0.428085 0.822330 -0.536537 0.189478
0.073180 0.178771 -0.471387 0.188741 -0.901043 -0.390511
0.171403 0.191983 -0.262490 -0.209834 -0.842529 -0.496099
0.240471 0.188427 -0.280250 0.224588 -0.882119 -0.414037
0.254274 0.191468 -0.231735 0.583794 -0.657961 0.475680
0.221905 0.274651 0.277451 0.331463 0.896078 0.295258
0.184161 0.243794 0.338406 -0.043388 0.434505 0.899624
0.029147 0.243997 0.227284 -0.521294 0.502499 0.689744
0.306402 0.314612 0.077487 0.364612 0.792192 0.489376
0.314647 0.315471 0.005696 0.612044 0.664238 -0.429174
0.318331 0.259941 -0.023464 0.725566 0.006175 -0.688124
0.350686 0.248681 0.050465 0.990916 -0.081185 0.107217
0.303744 0.255895 0.105268 0.335278 -0.154490 0.929366
-0.172813 0.159871 0.203906 0.717933 0.585331 0.376776
-0.101463 0.245010 0.141377 -0.038842 0.736461 0.675364
-0.024026 0.277462 0.105554 0.244584 0.964037 -0.103978
0.016746 0.183006 0.220356 -0.503662 -0.484786 0.715057
-0.029649 0.275105 0.064571 0.682374 0.712805 0.162095
-0.006394 0.289876 -0.044903 0.109456 0.940350 -0.322119
-0.021496 0.263986 -0.074834 0.807862 0.588472 -0.032553
0.011608 0.233099 -0.097503 0.474191 0.181855 0.861436
-0.012066 0.294874 -0.112517 0.216314 0.946593 0.239103
-0.028631 0.293358 -0.185895 -0.069313 0.866340 -0.494622
-0.022510 0.231706 -0.236358 0.923544 0.034054 0.381978
-0.052305 0.285535 -0.240253 0.336005 0.938453 0.080036
-0.048713 0.267357 -0.212503 0.665714 0.640081 -0.383563
0.015635 0.233910 -0.295766 0.812573 0.114141 0.571574
-0.000273 0.279600 -0.318086 0.409668 0.872071 0.267701
-0.044015 0.269543 -0.357691 -0.443669 0.830422 -0.336982
-0.096796 0.271588 -0.291980 -0.560453 0.620871 -0.548098
-0.062379 0.213105 -0.359079 -0.779575 -0.160741 -0.605331
-0.103243 0.207830 -0.308250 -0.654798 -0.206467 -0.727057
-0.178917 0.108663 0.193109 0.810195 -0.541798 0.223691
-0.000745 0.175810 -0.298547 0.537372 -0.764750 0.355512
-0.040344 0.166164 -0.330465 -0.356185 -0.873646 -0.331473
-0.346309 0.183565 -0.050464 -0.990870 0.132926 0.022546
