0 1
0 2
0 3
0 4
0 33
0 34
0 7
1 0
1 2
1 3
1 5
1 6
2 0
2 1
2 6
2 7
2 265
3 0
3 193
3 192
3 1
3 4
3 5
3 114
4 0
4 33
4 193
4 3
4 36
4 174
4 209
5 1
5 3
5 6
5 17
5 114
6 1
6 2
6 5
6 265
6 17
6 255
7 0
7 2
7 34
7 8
7 265
7 26
8 265
8 26
8 25
8 7
9 265
9 10
9 11
10 9
10 265
10 11
10 12
10 22
10 26
10 28
11 9
11 10
11 265
11 25
11 26
12 265
12 10
12 18
12 20
12 22
13 16
13 227
13 14
13 15
14 227
14 228
14 13
14 15
14 19
14 20
15 13
15 14
15 16
15 17
15 18
15 20
15 255
16 227
16 39
16 13
16 15
16 112
16 17
16 114
17 5
17 6
17 15
17 16
17 114
17 255
18 265
18 12
18 15
18 20
18 255
19 228
19 229
19 72
19 41
19 264
19 14
19 20
19 21
19 22
20 12
20 14
20 15
20 18
20 19
20 22
21 72
21 19
21 22
21 23
21 24
21 27
21 28
22 10
22 12
22 19
22 20
22 21
22 28
23 37
23 72
23 73
23 145
23 147
23 21
23 24
24 37
24 21
24 23
24 27
24 29
25 8
25 265
25 26
25 11
26 256
26 34
26 7
26 8
26 10
26 11
26 25
26 28
27 257
27 21
27 24
27 28
27 29
27 30
28 256
28 257
28 10
28 21
28 22
28 26
28 27
29 32
29 35
29 37
29 24
29 27
29 30
29 31
30 257
30 27
30 29
30 31
31 32
31 33
31 34
31 257
31 29
31 30
32 33
32 35
32 36
32 29
32 31
33 32
33 0
33 34
33 4
33 36
33 31
34 0
34 33
34 256
34 257
34 7
34 26
34 31
35 32
35 36
35 37
35 167
35 168
35 56
35 155
35 29
36 32
36 33
36 35
36 4
36 167
36 174
36 124
37 35
37 46
37 145
37 23
37 24
37 154
37 155
37 29
38 39
38 40
38 41
38 42
38 43
38 44
39 38
39 40
39 42
39 16
39 112
39 114
40 38
40 39
40 44
40 47
40 114
40 115
41 229
41 38
41 72
41 42
41 43
41 19
42 260
42 229
42 38
42 39
42 261
42 41
42 112
43 38
43 72
43 41
43 73
43 74
43 44
43 45
44 38
44 40
44 43
44 45
44 46
44 47
44 48
44 49
44 59
45 74
45 75
45 43
45 44
45 46
45 76
45 80
46 37
46 44
46 45
46 80
46 145
46 154
46 59
47 40
47 44
47 48
47 115
47 116
47 55
47 56
47 127
48 44
48 47
48 49
48 50
48 55
49 44
49 48
49 50
49 51
49 57
49 59
50 48
50 49
50 51
50 52
50 54
50 55
51 49
51 50
51 52
51 53
51 57
52 50
52 51
52 61
52 53
52 54
52 157
53 258
53 51
53 52
53 57
53 58
53 61
54 50
54 52
54 55
54 156
54 157
55 47
55 48
55 50
55 54
55 56
55 155
55 156
56 35
56 168
56 47
56 55
56 155
56 127
57 49
57 51
57 53
57 58
57 59
57 158
58 160
58 258
58 71
58 53
58 57
58 158
59 44
59 46
59 49
59 57
59 154
59 158
60 159
60 166
60 157
60 61
60 62
60 63
61 258
61 69
61 52
61 53
61 60
61 157
61 62
62 64
62 65
62 67
62 69
62 60
62 61
62 63
63 64
63 165
63 166
63 60
63 62
64 65
64 66
64 164
64 165
64 62
64 63
65 64
65 66
65 67
65 62
66 64
66 65
66 67
66 68
66 163
66 164
67 65
67 66
67 68
67 69
67 62
68 162
68 66
68 67
68 69
68 70
68 163
69 258
69 67
69 68
69 70
69 71
69 61
69 62
70 161
70 162
70 68
70 69
70 71
71 160
71 161
71 258
71 69
71 70
71 58
72 41
72 73
72 43
72 19
72 21
72 23
73 72
73 74
73 75
73 43
73 81
73 146
73 147
73 23
74 73
74 75
74 43
74 45
75 73
75 74
75 76
75 77
75 45
75 81
75 82
76 75
76 77
76 45
76 78
76 79
76 80
77 259
77 75
77 76
77 79
77 82
78 76
78 143
78 80
78 144
78 79
79 259
79 76
79 77
79 78
79 144
79 92
80 76
80 45
80 78
80 46
80 143
80 145
81 73
81 82
81 75
81 146
82 259
82 75
82 77
82 81
82 146
82 83
82 148
83 259
83 82
83 84
83 85
83 149
83 148
84 259
84 83
84 85
84 86
84 87
84 91
84 92
85 83
85 84
85 149
85 150
85 86
86 84
86 85
86 150
86 87
86 88
86 151
87 84
87 86
87 88
87 89
87 91
88 86
88 151
88 87
88 89
88 90
88 152
89 88
89 90
89 91
89 87
90 153
90 93
90 88
90 89
90 91
90 152
91 84
91 87
91 89
91 90
91 92
91 93
91 94
92 259
92 79
92 144
92 84
92 91
92 94
93 142
93 153
93 90
93 91
93 94
94 141
94 142
94 144
94 91
94 92
94 93
95 96
95 97
95 100
95 101
95 102
95 103
95 111
96 97
96 98
96 260
96 101
96 229
96 95
97 96
97 98
97 99
97 103
97 104
97 109
97 95
98 96
98 97
98 99
98 229
98 263
98 222
99 97
99 98
99 109
99 220
99 222
100 224
100 101
100 102
100 113
100 95
100 223
101 96
101 100
101 261
101 260
101 113
101 95
102 100
102 111
102 221
102 95
102 223
103 97
103 104
103 105
103 106
103 110
103 111
103 95
104 97
104 103
104 105
104 108
104 109
105 103
105 104
105 106
105 107
105 108
106 105
106 107
106 110
106 103
107 105
107 106
107 108
107 110
107 218
107 219
108 104
108 105
108 107
108 109
108 218
108 220
109 97
109 99
109 104
109 108
109 220
110 103
110 106
110 107
110 111
110 219
110 221
111 102
111 103
111 110
111 221
111 95
112 227
112 261
112 39
112 42
112 16
112 113
113 224
113 227
113 100
113 261
113 101
113 228
113 112
114 192
114 3
114 5
114 39
114 40
114 16
114 17
114 115
115 192
115 40
115 187
115 47
115 114
115 116
115 117
115 123
115 124
116 47
116 115
116 117
116 118
116 119
116 127
117 115
117 116
117 118
117 122
117 123
118 116
118 117
118 119
118 120
118 122
119 116
119 118
119 120
119 121
119 125
119 127
120 129
120 138
120 170
120 118
120 119
120 121
120 122
121 129
121 119
121 120
121 125
121 126
122 169
122 170
122 117
122 118
122 120
122 123
123 167
123 169
123 115
123 117
123 122
123 124
124 36
124 167
124 187
124 174
124 115
124 123
124 191
125 171
125 119
125 121
125 126
125 127
126 128
126 129
126 171
126 173
126 121
126 125
127 168
127 171
127 47
127 116
127 119
127 56
127 125
128 129
128 130
128 131
128 173
128 175
128 126
129 128
129 130
129 138
129 120
129 121
129 126
130 128
130 129
130 131
130 132
130 133
130 137
130 138
131 128
131 130
131 132
131 175
131 176
132 130
132 131
132 133
132 134
132 176
132 177
133 130
133 132
133 134
133 135
133 137
134 132
134 133
134 135
134 136
134 177
134 178
135 136
135 137
135 133
135 134
136 134
136 135
136 137
136 139
136 178
136 179
137 130
137 133
137 135
137 136
137 138
137 139
137 140
138 129
138 130
138 137
138 170
138 140
138 120
139 136
139 137
139 140
139 179
139 180
140 137
140 170
140 138
140 139
140 172
140 180
141 142
141 143
141 144
141 148
141 149
141 94
142 141
142 239
142 149
142 153
142 93
142 94
143 141
143 78
143 144
143 145
143 146
143 80
143 148
144 141
144 78
144 79
144 143
144 92
144 94
145 37
145 46
145 143
145 80
145 146
145 147
145 23
146 73
146 143
146 145
146 82
146 147
146 148
146 81
147 73
147 145
147 146
147 23
148 141
148 143
148 146
148 82
148 83
148 149
149 141
149 142
149 239
149 83
149 148
149 85
149 150
150 236
150 237
150 238
150 239
150 85
150 149
150 86
150 151
150 153
151 86
151 150
151 88
151 153
151 152
152 88
152 153
152 90
152 151
153 236
153 237
153 142
153 239
153 150
153 151
153 152
153 90
153 93
154 37
154 59
154 46
154 155
154 156
154 158
155 35
155 37
155 55
155 56
155 154
155 156
156 54
156 55
156 154
156 155
156 157
156 158
156 159
157 60
157 52
157 54
157 156
157 61
157 159
158 160
158 58
158 57
158 154
158 59
158 156
158 159
159 160
159 161
159 166
159 60
159 156
159 157
159 158
160 161
160 71
160 58
160 158
160 159
161 160
161 162
161 166
161 70
161 71
161 244
161 159
162 161
162 163
162 68
162 165
162 70
162 240
162 241
162 244
163 162
163 66
163 164
163 68
163 165
164 64
164 66
164 163
164 165
165 64
165 162
165 163
165 164
165 166
165 240
165 241
165 243
165 244
165 63
166 161
166 165
166 244
166 60
166 63
166 159
167 35
167 36
167 168
167 169
167 123
167 124
168 35
168 167
168 169
168 171
168 56
168 127
169 167
169 168
169 170
169 171
169 172
169 122
169 123
170 169
170 138
170 140
170 172
170 120
170 122
171 168
171 169
171 172
171 173
171 125
171 126
171 127
172 169
172 170
172 171
172 140
172 173
172 180
173 128
173 171
173 172
173 175
173 180
173 126
174 36
174 4
174 207
174 208
174 209
174 124
174 191
175 128
175 131
175 173
175 176
175 180
175 249
176 131
176 132
176 175
176 177
176 178
176 179
176 246
176 247
176 248
176 249
177 176
177 178
177 132
177 134
178 134
178 136
178 176
178 177
178 179
179 136
179 139
179 176
179 178
179 180
179 246
179 247
179 249
180 139
180 140
180 173
180 172
180 175
180 179
180 249
181 182
181 183
181 184
181 186
181 187
181 189
182 195
182 196
182 262
182 181
182 183
182 184
182 185
183 262
183 181
183 182
183 189
183 190
184 185
184 186
184 181
184 182
185 196
185 208
185 182
185 184
185 217
185 186
185 188
186 192
186 181
186 184
186 185
186 187
186 188
187 192
187 115
187 181
187 186
187 124
187 189
187 191
188 192
188 193
188 208
188 209
188 185
188 186
189 207
189 210
189 181
189 183
189 187
189 190
189 191
190 262
190 205
190 210
190 183
190 189
191 174
191 207
191 187
191 124
191 189
192 193
192 3
192 114
192 115
192 186
192 187
192 188
193 192
193 3
193 4
193 209
193 188
194 195
194 196
194 197
194 204
194 216
194 217
195 194
195 196
195 197
195 198
195 262
195 182
196 194
196 195
196 217
196 182
196 185
197 194
197 195
197 198
197 199
197 200
197 202
197 204
198 195
198 197
198 262
198 199
198 203
198 205
198 206
199 197
199 198
199 200
199 201
199 203
200 201
200 202
200 197
200 199
201 199
201 200
201 202
201 203
201 213
201 214
202 197
202 200
202 201
202 204
202 214
202 215
203 198
203 199
203 201
203 206
203 212
203 213
204 194
204 197
204 202
204 215
204 216
205 198
205 262
205 206
205 210
205 211
205 190
206 198
206 203
206 205
206 211
206 212
207 174
207 208
207 210
207 189
207 191
208 217
208 174
208 207
208 209
208 210
208 185
208 188
209 193
209 4
209 174
209 208
209 188
210 205
210 207
210 208
210 211
210 217
210 189
210 190
211 205
211 206
211 210
211 212
211 216
211 217
211 254
212 203
212 206
212 211
212 213
212 214
212 215
212 250
212 251
212 253
212 254
213 201
213 203
213 212
213 214
214 201
214 202
214 212
214 213
214 215
215 202
215 204
215 212
215 214
215 216
215 250
215 253
215 254
216 194
216 204
216 211
216 215
216 217
216 254
217 194
217 196
217 208
217 210
217 211
217 216
217 185
218 220
218 107
218 108
218 219
219 107
219 110
219 218
219 220
219 221
220 225
220 99
220 231
220 232
220 233
220 234
220 108
220 109
220 218
220 219
220 221
220 222
221 226
221 102
221 231
221 232
221 234
221 110
221 111
221 219
221 220
221 223
222 224
222 225
222 98
222 99
222 263
222 220
222 223
223 224
223 225
223 226
223 100
223 102
223 221
223 222
224 100
224 228
224 263
224 113
224 222
224 223
225 226
225 234
225 220
225 222
225 223
226 225
226 234
226 221
226 223
227 228
227 13
227 14
227 112
227 113
227 16
228 224
228 227
228 263
228 264
228 14
228 113
228 19
229 96
229 98
229 260
229 263
229 264
229 41
229 42
229 19
230 232
230 233
230 231
231 230
231 232
231 233
231 234
231 220
231 221
232 230
232 231
232 233
232 220
232 221
233 232
233 220
233 230
233 231
234 225
234 226
234 231
234 220
234 221
235 236
235 237
235 238
236 235
236 237
236 238
236 150
236 153
237 235
237 236
237 238
237 239
237 150
237 153
238 235
238 236
238 237
238 150
239 237
239 142
239 149
239 150
239 153
240 162
240 165
240 241
240 242
240 243
240 244
241 162
241 165
241 240
241 242
241 243
242 240
242 241
242 243
243 240
243 241
243 242
243 165
244 161
244 162
244 165
244 166
244 240
245 248
245 246
245 247
246 176
246 179
246 245
246 247
246 248
247 176
247 179
247 245
247 246
247 248
247 249
248 176
248 245
248 246
248 247
249 175
249 176
249 179
249 180
249 247
250 212
250 215
250 251
250 252
250 253
250 254
251 250
251 212
251 252
251 253
252 250
252 251
252 253
253 212
253 215
253 250
253 251
253 252
254 211
254 212
254 215
254 216
254 250
255 6
255 265
255 15
255 17
255 18
256 257
256 26
256 28
256 34
257 256
257 34
257 27
257 28
257 30
257 31
258 69
258 71
258 53
258 58
258 61
259 77
259 79
259 82
259 83
259 84
259 92
260 96
260 261
260 101
260 229
260 42
261 260
261 101
261 42
261 112
261 113
262 195
262 198
262 205
262 182
262 183
262 190
263 224
263 98
263 228
263 229
263 264
263 222
264 19
264 228
264 229
264 263
265 2
265 6
265 7
265 8
265 9
265 10
265 11
265 12
265 18
265 25
265 255
