2 3
3 2
4 174
5 6
6 5
12 220
15 16
16 15
24 27
24 37
27 24
27 37
29 30
30 29
31 32
31 35
32 31
32 35
33 36
35 31
35 32
36 33
36 173
37 24
37 27
39 40
40 39
43 73
46 59
46 79
47 115
55 56
56 55
56 126
59 46
64 65
64 66
64 67
64 163
65 64
65 66
65 67
66 64
66 65
66 67
66 162
67 64
67 65
67 66
67 68
68 67
68 70
68 162
68 235
69 70
70 68
70 69
73 43
79 46
83 149
85 86
85 87
85 150
86 85
86 87
86 88
87 85
87 86
87 88
87 150
87 151
88 86
88 87
88 89
88 90
89 88
89 151
90 88
92 152
102 105
104 105
104 106
104 107
105 102
105 104
105 106
106 104
106 105
106 107
106 109
106 211
106 212
106 224
106 226
107 104
107 106
107 108
107 211
107 226
108 107
108 213
109 106
109 110
109 212
109 214
109 224
110 109
114 116
114 202
115 47
116 114
120 125
122 123
122 181
123 122
123 181
125 120
126 56
131 132
131 133
131 239
132 131
132 133
132 134
133 131
133 132
133 134
133 238
133 239
133 247
134 132
134 133
134 135
134 136
135 134
135 238
135 246
136 134
138 242
140 152
149 83
149 150
150 85
150 87
150 149
150 151
150 231
151 87
151 89
151 150
151 229
151 230
151 232
152 92
152 140
160 161
161 160
162 66
162 68
162 233
162 235
163 64
163 164
163 233
163 236
163 237
164 163
173 36
174 4
174 175
175 174
176 182
181 122
181 123
182 176
184 195
187 189
188 189
189 187
189 188
190 192
190 209
190 210
190 251
191 192
191 193
191 249
191 251
191 252
191 253
192 190
192 191
192 193
192 194
192 209
192 210
192 249
192 251
192 252
193 191
193 192
193 194
193 210
193 249
193 251
193 252
193 253
194 192
194 193
194 196
194 207
194 209
194 210
195 184
195 196
195 253
196 194
196 195
198 199
199 198
199 205
201 204
202 114
204 201
205 199
207 194
208 209
209 190
209 192
209 194
209 208
209 210
209 251
210 190
210 192
210 193
210 194
210 209
210 252
211 106
211 107
211 212
211 213
211 226
211 227
212 106
212 109
212 211
212 224
213 108
213 211
213 227
214 109
215 218
216 219
218 215
218 219
219 216
219 218
220 12
223 225
224 106
224 109
224 212
225 223
225 226
226 106
226 107
226 211
226 225
226 227
227 211
227 213
227 226
229 151
229 230
229 231
230 151
230 229
231 150
231 229
232 151
233 162
233 163
233 235
233 236
235 68
235 162
235 233
236 163
236 233
237 163
238 133
238 135
238 239
238 245
238 246
239 131
239 133
239 238
239 240
239 247
240 239
242 138
242 243
242 248
243 242
245 238
245 246
245 247
246 135
246 238
246 245
247 133
247 239
247 245
248 242
249 191
249 192
249 193
249 251
249 252
249 253
250 252
251 190
251 191
251 192
251 193
251 209
251 249
252 191
252 192
252 193
252 210
252 249
252 250
253 191
253 193
253 195
253 249
