  0.348497   0.183565  -0.025245
  0.291843   0.156169   0.096957
  0.096814   0.205831   0.073911
  0.071838   0.208911  -0.021689
  0.058225   0.226666  -0.137870
  0.111294   0.217735  -0.219659
  0.246520   0.134253   0.194719
 -0.031316   0.205321   0.164196
 -0.083908   0.244647   0.002766
 -0.072467   0.247813  -0.186259
  0.017122   0.223891  -0.333371
  0.201767   0.085431   0.354806
 -0.149564   0.209606   0.248268
 -0.236857   0.254255   0.024828
 -0.203637   0.254300  -0.234679
 -0.054416   0.230444  -0.419781
  0.141625   0.057539   0.486190
 -0.239573   0.205448   0.310999
 -0.340442   0.240179   0.038084
 -0.285704   0.241366  -0.264490
 -0.101174   0.214731  -0.473072
