  0.439432   0.319377   0.057771
  0.323373   0.235022   0.155222
  0.164643   0.378365   0.141044
  0.143624   0.367650   0.057148
  0.149192   0.356882  -0.053380
  0.229122   0.364667  -0.093894
  0.230525   0.167537   0.233183
 -0.027919   0.372881   0.230322
 -0.062882   0.370794   0.053659
 -0.029559   0.352861  -0.151094
  0.122903   0.327273  -0.255474
  0.044595   0.097951   0.363849
 -0.208733   0.380661   0.313065
 -0.262711   0.362289   0.051333
 -0.191423   0.341101  -0.238783
  0.035075   0.295755  -0.388913
 -0.128160   0.062255   0.486490
 -0.347621   0.387865   0.376520
 -0.424155   0.362461   0.048815
 -0.315382   0.324115  -0.305144
 -0.030914   0.271789  -0.489160
