3 188
3 192
3 193
4 209
5 114
13 15
13 227
15 13
16 17
17 16
23 72
24 27
24 37
27 24
29 30
30 29
31 32
32 31
32 35
33 36
35 32
36 33
37 24
38 41
41 38
43 74
46 59
46 80
47 56
47 116
48 49
49 48
52 61
52 157
53 258
55 56
55 127
56 47
56 55
56 127
59 46
59 80
61 52
62 65
63 64
63 165
64 63
64 65
64 164
64 243
65 62
65 64
65 66
65 67
66 65
66 68
66 163
66 241
66 243
67 65
67 68
68 66
68 67
68 163
68 241
72 23
72 73
73 72
74 43
79 92
80 46
80 59
85 86
85 150
86 85
86 87
86 151
86 238
87 86
87 88
87 89
88 87
88 89
88 90
88 152
89 87
89 88
89 90
89 91
90 88
90 89
90 152
90 236
91 89
92 79
93 153
99 109
103 106
104 105
105 104
105 106
105 107
105 108
106 103
106 105
106 110
107 105
107 108
107 110
107 219
108 105
108 107
108 218
109 99
109 220
110 106
110 107
110 111
110 219
111 110
114 5
115 117
115 187
116 47
117 115
123 124
123 191
124 123
124 174
124 191
127 55
127 56
131 176
132 133
132 134
132 177
132 248
133 132
133 134
133 135
134 132
134 133
134 135
134 177
134 178
135 133
135 134
135 136
136 135
136 139
136 178
139 136
142 153
150 85
151 86
151 152
151 238
151 239
152 88
152 90
152 151
152 236
152 237
153 93
153 142
157 52
161 162
162 161
162 244
163 66
163 68
163 241
164 64
164 165
164 243
165 63
165 164
165 166
166 165
174 124
176 131
177 132
177 134
177 178
177 247
177 248
177 249
178 134
178 136
178 177
178 246
178 247
179 249
183 190
186 188
186 192
186 193
187 115
188 3
188 186
188 193
190 183
190 210
191 123
191 124
192 3
192 186
193 3
193 186
193 188
197 198
197 200
198 197
198 199
198 200
198 206
199 198
199 200
199 203
200 197
200 198
200 199
200 201
200 202
201 200
201 203
201 213
201 214
201 250
201 251
201 253
202 200
202 204
202 253
203 199
203 201
203 206
203 251
204 202
204 215
205 206
206 198
206 203
206 205
209 4
210 190
211 212
212 211
212 254
213 201
213 214
213 250
213 251
213 253
214 201
214 213
214 250
214 251
214 253
214 254
215 204
215 216
215 254
216 215
218 108
218 219
218 220
218 231
218 233
218 234
219 107
219 110
219 218
219 221
219 232
220 109
220 218
221 219
222 225
223 226
225 222
226 223
227 13
230 231
230 232
231 218
231 230
231 233
232 219
232 230
233 218
233 231
234 218
236 90
236 152
236 237
237 152
237 236
238 86
238 151
239 151
240 241
240 243
241 66
241 68
241 163
241 240
243 64
243 66
243 164
243 240
244 162
246 178
246 247
247 177
247 178
247 246
247 248
248 132
248 177
248 247
249 177
249 179
250 201
250 213
250 214
250 251
250 253
251 201
251 203
251 213
251 214
251 250
252 253
253 201
253 202
253 213
253 214
253 250
253 252
254 212
254 214
254 215
256 257
257 256
258 53
