 -0.346309   0.183565  -0.050464
 -0.291168   0.156290   0.081261
 -0.091668   0.212791   0.081084
 -0.064201   0.215682  -0.020851
 -0.058211   0.223285  -0.137533
 -0.106598   0.219162  -0.224548
 -0.247055   0.134470   0.186641
  0.038036   0.206807   0.163741
  0.092687   0.247240   0.004763
  0.074089   0.247601  -0.186909
 -0.016195   0.221948  -0.331970
 -0.200603   0.086257   0.351455
  0.162042   0.209908   0.243950
  0.240291   0.254479   0.027364
  0.202406   0.254186  -0.234739
  0.056093   0.230949  -0.418604
 -0.147968   0.052319   0.491970
  0.237255   0.228189   0.294782
  0.341791   0.236944   0.041337
  0.290861   0.241677  -0.267376
  0.106936   0.232775  -0.478888
