-0.282960 0.409988 -0.234110 0.053146 0.282376 -0.957831
-0.303119 0.297842 -0.237889 0.083739 -0.411413 -0.907594
-0.363289 0.300314 -0.214040 -0.890766 0.006067 -0.454421
-0.262077 0.301479 -0.193711 0.625643 -0.355059 -0.694625
-0.234373 0.402577 -0.182525 0.482840 0.034822 -0.875016
-0.314297 0.152606 -0.136754 0.380110 -0.700706 -0.603761
-0.370769 0.154556 -0.122983 -0.820162 -0.436225 -0.370192
-0.358110 0.490240 -0.158729 -0.740536 0.397355 -0.541955
-0.435983 0.529660 -0.027018 -0.850393 0.273723 -0.449341
-0.440025 0.510197 0.278215 -0.873253 -0.100054 0.476883
-0.356075 0.485143 0.248181 -0.419889 0.532590 0.734875
-0.435223 0.532731 0.113233 -0.765243 0.618394 0.178865
-0.366938 0.296717 0.332300 -0.843490 0.086641 0.530111
-0.285286 0.090912 0.218142 -0.151281 -0.978094 0.142991
-0.283636 0.118239 0.283709 -0.327569 -0.645567 0.689886
-0.333109 0.073233 0.227621 -0.177253 -0.942647 0.282841
-0.283086 0.088788 0.082835 0.576019 -0.780329 -0.243493
-0.301501 0.040872 0.076843 0.223008 -0.937458 -0.267284
-0.371966 0.145094 0.282669 -0.941541 -0.241253 0.235156
-0.247335 0.206396 0.309645 0.478309 0.049731 0.876782
-0.324334 0.117661 0.321652 -0.156882 -0.441903 0.883238
-0.140294 0.471829 0.245183 0.735988 0.150099 0.660146
-0.271200 0.260254 0.358280 0.156866 0.165515 0.973652
-0.144618 0.427566 0.205755 0.408697 0.628004 0.662252
-0.130022 0.487202 0.124528 0.976908 0.152197 0.149956
-0.435178 0.581504 0.042719 -0.938323 0.345752 -0.002481
-0.352519 0.553500 0.041089 0.005634 0.999978 -0.003375
-0.139667 0.504545 0.133230 0.307415 0.897018 0.317578
-0.235130 0.483116 0.273995 0.064097 0.804278 0.590787
-0.122291 0.499456 0.043217 0.999117 -0.041704 -0.005178
-0.104050 0.544475 0.037003 0.442148 0.896917 -0.006744
-0.138607 0.502640 -0.050685 0.148143 0.912374 -0.381612
-0.130402 0.481898 -0.031836 0.963466 0.023762 -0.266773
-0.167116 0.481716 -0.159364 0.544122 0.502214 -0.672096
-0.261341 0.453778 -0.172982 0.067300 0.908124 -0.413257
-0.122198 0.461153 -0.012988 0.625984 0.745964 -0.227336
-0.168839 0.436471 -0.136960 0.691094 0.395622 -0.604874
-0.119637 0.466687 0.108920 0.582834 0.800949 0.137061
-0.169054 0.228643 0.201734 0.911848 -0.403283 -0.076784
-0.209044 0.169484 0.076301 0.836336 -0.355386 -0.417424
-0.207911 0.225010 0.051389 0.716973 -0.682424 -0.142294
-0.184617 0.234780 0.253925 0.810801 0.314600 0.493588
-0.155056 0.163141 0.188403 0.786412 0.250228 -0.564749
-0.123557 0.311491 0.188080 0.502416 -0.685612 0.526797
-0.085897 0.321189 0.111032 0.570042 -0.820242 0.047486
-0.048484 0.315043 0.152074 0.260802 -0.825712 -0.500181
-0.067162 0.382535 0.121037 0.894768 0.446317 -0.013848
-0.088559 0.311718 -0.007680 0.492152 -0.865839 -0.090051
-0.041615 0.306726 0.025481 -0.026206 -0.922370 -0.385418
-0.040785 0.309024 0.088013 -0.043233 -0.807311 0.588541
0.047557 0.301968 0.019291 -0.042826 -0.866846 -0.496733
0.048520 0.304642 0.092160 0.007173 -0.886750 0.462194
0.120592 0.306495 0.020363 -0.006255 -0.890500 -0.454941
0.121502 0.309068 0.089923 -0.035449 -0.844238 0.534795
0.048464 0.365993 -0.019607 -0.027120 -0.154169 -0.987672
-0.041368 0.370383 -0.010970 0.013113 -0.097996 -0.995100
-0.070722 0.370767 -0.014384 0.814391 0.455221 -0.359918
0.050385 0.372891 0.126268 -0.015425 -0.147782 0.988900
0.126628 0.365601 0.122461 0.011311 0.069548 0.997514
-0.039636 0.379606 0.119678 0.015792 0.099712 0.994891
0.206673 0.360329 -0.026343 -0.045158 -0.021116 -0.998757
0.184087 0.298817 0.017855 -0.062602 -0.933287 -0.353632
0.308471 0.297198 0.012479 0.198383 -0.828683 -0.523382
0.305886 0.357845 -0.026456 0.162385 0.030736 -0.986249
0.354267 0.360924 0.006831 0.696859 -0.048065 -0.715596
0.355691 0.329425 0.030902 0.795756 -0.538937 -0.276259
0.365866 0.363096 0.049244 0.999415 0.030950 -0.014544
0.356217 0.331104 0.070621 0.723814 -0.661923 0.194811
0.355396 0.364516 0.091982 0.716495 0.011550 0.697497
0.309535 0.300593 0.092932 0.150125 -0.848678 0.507158
0.307913 0.364306 0.126676 0.173799 0.109493 0.978675
0.208562 0.366349 0.127676 -0.012837 0.069302 0.997513
-0.159008 0.362004 0.226237 0.669576 -0.137729 0.729862
-0.094251 0.358812 0.249807 -0.428415 -0.206375 0.879699
-0.072968 0.302255 0.208223 -0.197105 -0.925875 0.322344
0.000358 0.305168 0.245688 -0.153738 -0.911891 0.380551
0.028212 0.319712 0.181805 0.271415 -0.735233 -0.621101
0.076912 0.306184 0.277118 -0.099255 -0.980159 0.171573
0.035174 0.387471 0.160509 0.389867 0.075754 -0.917750
0.103285 0.319955 0.216633 0.246855 -0.726961 -0.640774
-0.043099 0.385525 0.132490 0.335152 0.190614 -0.922681
-0.020808 0.358347 0.288260 -0.400779 -0.232906 0.886076
0.060216 0.357781 0.319402 -0.389259 -0.262620 0.882897
0.129181 0.359747 0.358054 -0.421267 -0.187001 0.887448
0.234413 0.309194 0.351945 0.083908 -0.925033 0.370504
0.212596 0.362668 0.395147 -0.232675 -0.139155 0.962548
0.269646 0.371722 0.384168 0.374570 -0.150194 0.914953
0.282523 0.344580 0.358264 0.652749 -0.684203 0.325246
0.296391 0.380917 0.350428 0.912549 0.039902 0.407016
0.298082 0.352707 0.322586 0.892955 -0.448863 -0.033957
0.302998 0.389138 0.307687 0.925257 0.131015 -0.355997
0.265920 0.325651 0.279683 0.530661 -0.657616 -0.534735
0.168969 0.315407 0.240462 0.266811 -0.759739 -0.592966
0.272567 0.393988 0.257603 0.551431 0.244535 -0.797576
0.197016 0.391343 0.225356 0.342274 0.182285 -0.921749
0.026945 0.036418 0.325414 0.309782 -0.637718 -0.705231
-0.028499 0.133847 0.283211 0.583132 0.383461 -0.716181
0.046744 0.122633 0.325163 0.578219 0.442730 -0.685313
-0.056413 0.179748 0.339768 0.201384 0.979064 -0.029643
0.017839 0.173930 0.387526 0.173329 0.982673 0.065656
-0.090792 0.030107 0.340205 -0.246134 -0.968941 -0.023908
-0.045717 0.058907 0.283433 0.387068 -0.622856 -0.679874
-0.021367 0.003228 0.388023 -0.272671 -0.959453 0.071416
0.080157 0.028549 0.370223 0.694023 -0.500765 -0.517268
0.098115 0.106742 0.369992 0.860355 0.281290 -0.425047
0.108370 0.084427 0.416730 0.995189 -0.067466 -0.071042
0.099183 0.044408 0.416848 0.886847 -0.455926 0.075057
0.093139 0.066962 0.450163 0.812021 -0.184851 0.553581
0.095534 0.111560 0.444588 0.792803 0.459678 0.400199
0.072284 0.151328 0.422791 0.569162 0.822077 -0.015621
0.075828 0.025754 0.444839 0.513260 -0.757324 0.403763
0.037529 0.000000 0.423236 0.153334 -0.988120 -0.010329
-0.173455 0.084969 0.183791 0.440765 -0.722506 -0.532645
-0.157236 0.039570 0.294757 -0.153267 -0.987526 -0.036092
-0.271103 0.177313 -0.098309 0.736036 -0.592101 -0.328128
-0.147369 0.304808 -0.115660 0.541744 -0.810002 -0.224522
-0.070018 0.303307 -0.052461 0.150285 -0.913000 0.379269
-0.105235 0.296863 -0.115312 -0.327301 -0.804310 -0.495943
-0.027815 0.288723 -0.152099 -0.192090 -0.947326 -0.256270
0.006932 0.296013 -0.090885 0.251801 -0.787230 0.562908
0.043670 0.288294 -0.190103 -0.227872 -0.936665 -0.265959
0.077102 0.295070 -0.131106 0.277560 -0.727976 0.626906
-0.044503 0.349232 -0.190584 -0.483059 -0.266058 -0.834186
-0.117303 0.357752 -0.143906 -0.479283 0.046449 -0.876430
-0.137166 0.357562 -0.135188 0.706830 0.194873 -0.680012
0.025153 0.363760 -0.067854 0.473525 -0.022481 0.880494
0.098042 0.354556 -0.109770 0.469484 0.121746 0.874507
-0.053076 0.371321 -0.030837 0.518992 0.063758 0.852398
0.170490 0.351680 -0.140322 0.456979 0.128546 0.880140
0.135500 0.284605 -0.160242 0.174918 -0.802190 0.570872
0.226731 0.275094 -0.207903 0.343837 -0.829464 0.440187
0.246615 0.339770 -0.182954 0.633305 0.140692 0.761006
0.271863 0.333244 -0.235664 0.959463 -0.043980 0.278383
0.259678 0.299197 -0.251959 0.671385 -0.733068 -0.108870
0.260714 0.329061 -0.278045 0.872512 -0.076805 -0.482518
0.240288 0.296134 -0.286532 0.521971 -0.636542 -0.567768
0.230295 0.326678 -0.309782 0.276420 -0.157885 -0.947979
0.187461 0.268896 -0.277936 -0.110773 -0.857928 -0.501686
0.099567 0.278201 -0.224020 -0.289095 -0.915462 -0.279915
0.171861 0.327965 -0.316251 -0.327989 -0.020588 -0.944457
0.094518 0.340300 -0.275755 -0.516132 -0.046037 -0.855271
0.104114 0.441390 0.242638 0.087249 0.948023 -0.306005
0.203295 0.449149 0.279489 0.090503 0.922390 -0.375509
0.015181 0.447632 0.200823 0.163880 0.913485 -0.372409
0.116033 0.385723 0.198574 0.370630 0.208691 -0.905031
-0.064379 0.442086 0.174074 0.160097 0.978686 -0.128616
-0.015658 0.431539 0.271661 -0.308181 0.660973 0.684207
-0.088863 0.429298 0.230226 -0.343508 0.696334 0.630175
0.077721 0.427761 0.304385 -0.266873 0.751021 0.603942
0.174212 0.434436 0.350092 -0.308868 0.777219 0.548208
0.215343 0.420175 0.380620 0.059045 0.712985 0.698689
0.274250 0.410045 0.370393 0.398419 0.739283 0.542883
0.291043 0.418816 0.331875 0.751114 0.647557 0.128441
0.255078 0.440925 0.289486 0.379969 0.924857 -0.016226
-0.039001 0.438785 0.087600 0.136342 0.906719 0.399088
-0.040607 0.435285 0.013364 0.238847 0.848960 -0.471400
0.051093 0.436839 0.011022 0.025262 0.785759 -0.618017
0.124807 0.360402 -0.017422 -0.019267 -0.018308 -0.999647
0.052149 0.439784 0.090489 0.060688 0.826280 0.559980
0.134233 0.427663 0.017794 0.039214 0.886843 -0.460403
0.135128 0.430204 0.082285 0.045921 0.816774 0.575127
0.254572 0.427461 0.082916 0.001405 0.904523 0.426422
0.304822 0.416542 0.098633 0.378277 0.867040 0.324265
0.354134 0.397787 0.069573 0.570577 0.813026 0.115892
0.353567 0.395975 0.026691 0.714218 0.604137 -0.353429
0.303479 0.406384 -0.002834 0.340625 0.790524 -0.508966
0.253727 0.424775 0.013219 -0.003223 0.806878 -0.590710
-0.100360 0.425770 -0.122287 0.008989 0.805197 -0.592940
-0.069618 0.432263 -0.068166 0.358132 0.901975 0.241210
-0.027204 0.419431 -0.171671 -0.273859 0.735520 -0.619686
0.030194 0.341348 -0.229660 -0.505878 -0.081573 -0.858739
0.010974 0.427429 -0.104402 0.315725 0.859964 0.400974
0.056526 0.407622 -0.210015 -0.205218 0.821504 -0.531993
0.088798 0.414038 -0.153009 0.260313 0.908868 0.325878
-0.157766 0.404713 -0.177788 0.311804 0.937705 -0.153259
0.183015 0.406886 -0.204691 0.276203 0.869562 0.409358
0.235016 0.390954 -0.210719 0.570348 0.789947 0.225138
0.262643 0.366810 -0.257364 0.993523 -0.110892 0.024817
0.241712 0.363505 -0.294692 0.531498 0.533504 -0.657939
0.184326 0.383126 -0.301202 0.139524 0.786764 -0.601278
0.151908 0.401970 -0.260155 -0.219842 0.848196 -0.481905
-0.106509 0.282287 -0.206645 0.363819 -0.828070 0.426540
-0.123177 0.262670 -0.288430 -0.302225 -0.953175 0.010813
-0.074177 0.274357 -0.258274 0.564006 -0.640329 0.521417
-0.158402 0.269859 -0.238532 -0.382603 -0.922849 -0.044323
-0.188403 0.319198 -0.268259 -0.828122 -0.273253 -0.489435
-0.193181 0.286413 -0.178504 -0.394157 -0.916876 -0.063075
-0.148441 0.297126 -0.151014 0.600600 -0.633730 0.487509
-0.222212 0.334365 -0.206859 -0.855559 -0.095773 -0.508769
-0.084437 0.344086 -0.204424 0.837074 0.116389 0.534565
-0.049750 0.327738 -0.260362 0.816302 0.099077 0.569065
-0.128736 0.356757 -0.149429 0.768900 0.346951 0.537046
-0.221294 0.285580 -0.164409 0.346421 -0.712509 -0.610182
-0.229579 0.340429 -0.191624 -0.303521 -0.052506 -0.951377
-0.112400 0.287829 -0.389819 -0.856822 -0.175297 -0.484899
-0.092358 0.247422 -0.339230 -0.348056 -0.936980 0.030414
-0.148939 0.304145 -0.321089 -0.846509 -0.291211 -0.445666
-0.044455 0.229832 -0.414437 -0.271174 -0.928603 -0.253299
0.012988 0.243271 -0.378864 0.530482 -0.779230 0.333750
0.019376 0.256719 -0.428030 0.573231 -0.764265 -0.295475
-0.008987 0.250084 -0.445595 0.222649 -0.735618 -0.639760
0.008635 0.278407 -0.451813 0.547467 -0.172324 -0.818892
-0.026945 0.273059 -0.462939 -0.187500 -0.310680 -0.931838
0.033851 0.287283 -0.425287 0.979335 -0.034088 -0.199350
-0.073716 0.275041 -0.444527 -0.712717 -0.192327 -0.674570
-0.000111 0.314044 -0.321628 0.812425 0.207543 0.544877
0.035619 0.300621 -0.376813 0.925822 0.198078 0.321898
-0.112068 0.395752 -0.233823 0.457512 0.882155 0.111738
-0.169503 0.382018 -0.269169 -0.440480 0.762168 -0.474423
-0.202506 0.393996 -0.205273 -0.546994 0.638981 -0.540834
-0.075257 0.374226 -0.294243 0.452175 0.889822 0.061274
-0.017746 0.357089 -0.372796 0.302759 0.952954 0.014710
0.013882 0.340466 -0.399614 0.419313 0.825239 -0.378362
0.017159 0.313886 -0.441554 0.644136 0.459747 -0.611328
-0.013458 0.306722 -0.460515 0.144189 0.584758 -0.798290
-0.060588 0.323244 -0.446049 -0.166034 0.660947 -0.731835
-0.073320 0.344588 -0.408506 -0.526647 0.708596 -0.469611
-0.124706 0.362587 -0.325030 -0.514588 0.686399 -0.513863
0.073692 0.094447 0.470945 0.435489 0.158044 0.886212
0.063675 0.050828 0.471074 0.717520 -0.622553 0.312398
0.037371 0.131274 0.466098 0.164915 0.963754 0.209720
0.014922 0.033517 0.466386 -0.296013 -0.878977 0.373866
-0.031088 0.140025 0.435838 -0.303159 0.614542 0.728308
-0.050535 0.055351 0.436088 -0.555768 -0.509952 0.656560
-0.122651 0.075741 0.400403 -0.480594 -0.434997 0.761451
-0.025873 0.119222 0.448840 -0.488097 0.294296 0.821676
-0.036748 0.071865 0.448977 -0.529617 -0.079203 0.844531
-0.243176 0.060412 0.235073 -0.302580 -0.951891 0.048459
-0.193679 0.089872 0.364858 -0.592875 -0.362940 0.718869
-0.120365 0.200024 0.294284 0.328108 0.943467 0.047073
0.150994 0.053757 0.480545 0.974011 -0.212718 0.077801
0.094150 0.066873 0.500000 0.008351 0.000876 0.999965
0.088244 0.032684 0.480468 0.182714 -0.252586 -0.950166
0.103750 0.103586 0.480193 0.383301 0.407350 -0.828943
0.034729 0.080498 0.491917 -0.344260 0.081797 0.935304
0.368354 0.374590 0.380365 0.764109 -0.610526 0.208313
0.327461 0.410700 0.328566 0.580308 0.732412 -0.356111
0.321943 0.417849 0.369757 0.351788 0.871402 0.341912
0.297083 0.396294 0.397773 -0.283011 -0.950662 0.127067
0.246008 0.449797 0.343437 0.081512 0.964657 0.250586
0.399877 0.399248 0.047517 0.508557 0.859214 -0.055873
0.384750 0.378057 0.086937 0.607929 0.420885 0.673259
0.440025 0.352097 0.048520 0.822456 -0.568744 0.009861
0.383969 0.375577 0.009024 -0.144686 -0.847314 -0.511003
0.319277 0.431361 0.046801 0.199827 0.975798 -0.088818
0.328048 0.312855 -0.314370 0.774529 -0.496246 -0.392231
0.253869 0.349977 -0.323982 -0.130093 0.254488 -0.958286
0.283967 0.373769 -0.294648 0.478956 0.812945 -0.331243
0.294304 0.355467 -0.251081 0.023591 -0.788150 0.615031
0.224389 0.406623 -0.265261 0.180629 0.965964 -0.185166
0.014922 0.310670 -0.473728 0.259346 0.708863 -0.655937
0.041449 0.303663 -0.445357 0.546700 0.772550 -0.322933
0.043730 0.254566 -0.500000 0.516516 -0.583203 -0.626965
-0.018802 0.291167 -0.483369 0.009454 0.749697 -0.661714
-0.017681 0.347804 -0.437678 0.055575 0.905879 -0.419875
-0.375219 0.073204 0.075391 -0.897457 -0.440672 -0.019490
-0.248443 0.572110 0.039272 0.067361 0.995320 -0.069280
-0.212843 0.544082 0.041590 0.215678 0.974002 -0.069299
0.185046 0.301677 0.092750 -0.048220 -0.797050 0.601985
0.139938 0.300249 0.307035 -0.152746 -0.939592 0.306325
-0.086892 0.149908 0.228592 0.632597 0.301596 -0.713345
-0.105332 0.069681 0.228831 0.422820 -0.538536 -0.728836
-0.038483 0.260105 -0.305935 0.450546 -0.720801 0.526738
-0.104915 0.152934 0.400176 -0.240429 0.611573 0.753772
-0.175021 0.171066 0.364620 -0.234076 0.630141 0.740358
-0.438843 0.319379 0.061840 -0.994293 -0.106414 -0.007535
