0 81
0 82
0 188
0 78
1 2
1 3
1 188
1 7
2 1
2 166
2 6
2 7
2 20
2 188
3 1
3 7
3 85
3 88
3 89
3 188
4 5
4 6
4 7
4 8
4 9
4 10
4 89
5 4
5 6
5 8
5 11
5 14
6 2
6 4
6 5
6 166
6 7
6 14
6 15
7 1
7 2
7 3
7 4
7 6
7 89
8 4
8 5
8 9
8 11
8 12
8 18
9 4
9 8
9 10
9 16
9 17
9 18
10 4
10 9
10 16
10 87
10 89
10 90
11 5
11 8
11 12
11 13
11 14
11 86
11 92
11 93
12 8
12 11
12 13
12 18
12 19
13 19
13 11
13 12
13 92
14 5
14 6
14 11
14 15
14 86
14 94
15 94
15 166
15 14
15 6
16 9
16 10
16 17
16 90
16 91
17 9
17 16
17 18
17 19
17 91
18 8
18 9
18 12
18 17
18 19
19 12
19 13
19 17
19 18
19 91
19 92
20 96
20 2
20 166
20 167
20 21
20 188
21 167
21 20
21 22
21 23
21 188
22 64
22 65
22 21
22 23
22 24
22 188
23 64
23 36
23 167
23 168
23 170
23 21
23 22
23 26
24 65
24 78
24 79
24 22
24 188
25 169
25 26
25 99
25 95
26 160
26 167
26 168
26 169
26 23
26 25
26 29
26 95
27 160
27 104
27 28
27 29
27 30
28 32
28 33
28 34
28 27
28 29
28 30
28 31
29 160
29 33
29 168
29 26
29 27
29 28
30 104
30 31
30 110
30 27
30 28
30 158
30 159
31 34
31 116
31 30
31 28
31 158
32 33
32 34
32 103
32 105
32 28
33 32
33 100
33 103
33 168
33 108
33 28
33 29
34 32
34 105
34 111
34 116
34 28
34 31
35 36
35 107
35 117
35 118
35 119
36 64
36 35
36 39
36 170
36 107
36 171
36 118
36 23
37 38
37 39
37 44
37 118
37 119
37 122
37 127
38 37
38 39
38 40
38 41
38 42
38 44
39 36
39 37
39 38
39 41
39 171
39 118
40 38
40 41
40 42
40 43
40 45
40 47
41 132
41 38
41 39
41 40
41 171
41 45
41 46
42 161
42 38
42 40
42 43
42 44
43 161
43 162
43 40
43 42
43 47
44 161
44 37
44 38
44 165
44 42
44 127
45 40
45 41
45 46
45 47
45 123
45 125
46 41
46 123
46 132
46 45
47 128
47 162
47 163
47 40
47 43
47 45
47 125
47 126
48 49
48 50
48 51
48 52
48 53
48 55
49 48
49 50
49 53
49 54
49 56
49 58
50 140
50 174
50 175
50 48
50 49
50 52
50 56
50 57
51 133
51 134
51 136
51 143
51 48
51 52
51 55
52 133
52 173
52 174
52 48
52 50
52 51
53 48
53 49
53 54
53 55
53 59
53 60
54 49
54 58
54 59
54 53
55 143
55 48
55 51
55 53
55 60
55 157
55 63
56 137
56 142
56 49
56 50
56 57
56 58
57 56
57 137
57 50
57 140
58 155
58 142
58 49
58 54
58 56
58 59
58 61
59 53
59 54
59 58
59 60
59 61
59 62
60 53
60 55
60 59
60 62
60 63
61 155
61 58
61 59
61 156
61 62
62 156
62 157
62 59
62 60
62 61
62 63
63 60
63 157
63 62
63 55
64 65
64 36
64 171
64 172
64 174
64 22
64 23
65 64
65 174
65 79
65 175
65 177
65 178
65 22
65 24
66 67
66 68
66 71
66 72
66 148
66 151
66 153
67 66
67 68
67 69
67 71
68 66
68 67
68 69
68 70
68 180
68 181
68 151
69 67
69 68
69 70
69 71
69 74
69 75
69 76
70 68
70 69
70 76
70 77
70 181
71 66
71 67
71 69
71 72
71 73
71 74
72 73
72 66
72 153
72 71
73 71
73 72
73 74
73 75
73 153
73 154
74 73
74 75
74 69
74 71
75 69
75 73
75 74
75 76
75 152
75 154
76 69
76 70
76 75
76 77
76 152
77 70
77 76
77 181
77 150
77 183
77 152
77 187
78 0
78 79
78 145
78 82
78 147
78 24
78 188
79 65
79 78
79 177
79 147
79 182
79 24
80 97
80 98
80 81
80 82
80 83
80 84
80 120
80 188
81 80
81 0
81 82
81 188
82 0
82 78
82 80
82 81
82 144
82 83
82 145
83 130
83 135
83 138
83 80
83 144
83 82
83 120
83 124
84 80
84 97
84 188
84 85
85 97
85 3
85 84
85 88
85 185
85 188
85 94
86 11
86 14
86 87
86 88
86 93
86 94
87 10
87 86
87 88
87 89
87 90
87 93
88 3
88 85
88 86
88 87
88 89
88 94
89 3
89 4
89 7
89 10
89 87
89 88
90 10
90 16
90 87
90 91
90 93
91 16
91 17
91 19
91 90
91 92
91 93
92 11
92 13
92 19
92 91
92 93
93 11
93 86
93 87
93 90
93 91
93 92
94 166
94 14
94 15
94 85
94 86
94 88
94 185
95 96
95 97
95 98
95 99
95 167
95 25
95 26
96 97
96 166
96 167
96 20
96 185
96 95
97 96
97 98
97 80
97 84
97 85
97 185
97 95
98 97
98 99
98 100
98 106
98 80
98 120
98 95
99 98
99 100
99 102
99 103
99 169
99 25
99 95
100 33
100 98
100 99
100 103
100 106
100 108
101 102
101 103
101 104
101 169
101 105
101 109
102 169
102 99
102 101
102 103
103 32
103 33
103 99
103 100
103 101
103 102
103 105
104 160
104 101
104 169
104 109
104 110
104 27
104 30
105 32
105 34
105 101
105 103
105 109
105 111
106 98
106 100
106 107
106 108
106 117
106 120
107 35
107 36
107 106
107 170
107 108
107 117
108 33
108 100
108 168
108 106
108 107
108 170
109 101
109 104
109 105
109 110
109 111
109 112
109 113
110 104
110 109
110 113
110 115
110 30
110 159
111 34
111 105
111 109
111 112
111 116
112 109
112 111
112 113
112 114
112 116
113 109
113 110
113 112
113 114
113 115
114 112
114 113
114 115
114 116
114 158
114 159
115 113
115 114
115 110
115 159
116 34
116 111
116 112
116 114
116 158
116 31
117 35
117 106
117 107
117 119
117 120
117 121
118 35
118 36
118 37
118 39
118 119
119 35
119 37
119 117
119 118
119 121
119 122
119 123
120 98
120 106
120 80
120 83
120 117
120 121
120 124
121 132
121 117
121 119
121 120
121 123
121 124
122 37
122 119
122 123
122 125
122 127
123 132
123 45
123 46
123 119
123 121
123 122
123 125
124 130
124 131
124 132
124 83
124 120
124 121
125 45
125 47
125 122
125 123
125 126
125 127
126 128
126 127
126 125
126 47
127 128
127 129
127 37
127 165
127 44
127 122
127 125
127 126
128 129
128 163
128 164
128 47
128 126
128 127
129 128
129 164
129 165
129 127
130 131
130 133
130 134
130 135
130 173
130 83
130 124
131 130
131 132
131 172
131 173
131 124
132 131
132 41
132 171
132 172
132 46
132 121
132 123
132 124
133 130
133 134
133 173
133 51
133 52
134 130
134 133
134 135
134 136
134 137
134 51
135 130
135 134
135 137
135 138
135 140
135 83
136 134
136 137
136 142
136 143
136 51
137 134
137 135
137 136
137 140
137 142
137 56
137 57
138 135
138 139
138 140
138 141
138 176
138 144
138 83
139 178
139 138
139 140
139 176
140 135
140 137
140 138
140 139
140 175
140 50
140 178
140 57
141 138
141 176
141 144
141 146
141 179
141 186
142 136
142 137
142 143
142 56
142 58
142 155
143 136
143 142
143 51
143 55
143 155
143 156
143 157
144 138
144 141
144 145
144 82
144 83
144 146
145 78
145 144
145 82
145 147
145 146
146 141
146 144
146 145
146 147
146 183
146 184
146 186
146 187
147 78
147 79
147 145
147 146
147 182
147 184
148 66
148 149
148 150
148 151
148 152
148 153
148 154
149 186
149 148
149 150
149 151
150 77
150 148
150 149
150 152
150 186
150 187
151 66
151 68
151 179
151 180
151 148
151 149
151 186
152 75
152 76
152 77
152 148
152 150
152 154
153 66
153 72
153 73
153 148
153 154
154 73
154 75
154 148
154 152
154 153
155 142
155 143
155 58
155 156
155 61
156 143
156 157
156 155
156 61
156 62
157 143
157 55
157 156
157 62
157 63
158 114
158 116
158 31
158 30
158 159
159 110
159 114
159 115
159 30
159 158
160 104
160 169
160 26
160 27
160 29
161 162
161 164
161 165
161 42
161 43
161 44
162 161
162 163
162 164
162 43
162 47
163 128
163 162
163 164
163 47
164 128
164 129
164 162
164 161
164 163
164 165
165 161
165 129
165 164
165 44
165 127
166 96
166 2
166 6
166 15
166 20
166 185
166 94
167 96
167 20
167 21
167 23
167 26
167 95
168 33
168 170
168 108
168 23
168 26
168 29
169 160
169 99
169 101
169 102
169 104
169 25
169 26
170 36
170 168
170 107
170 108
170 23
171 64
171 36
171 132
171 39
171 41
171 172
172 64
172 131
172 132
172 171
172 173
172 174
173 130
173 131
173 133
173 172
173 174
173 52
174 64
174 65
174 172
174 173
174 175
174 50
174 52
175 65
175 140
175 174
175 178
175 50
176 138
176 139
176 141
176 177
176 178
176 179
177 65
177 79
177 176
177 178
177 179
177 180
177 181
177 182
178 65
178 139
178 140
178 175
178 176
178 177
179 141
179 176
179 177
179 180
179 151
179 186
180 68
180 177
180 179
180 181
180 151
181 68
181 70
181 77
181 177
181 180
181 182
181 183
182 79
182 177
182 147
182 181
182 183
182 184
183 77
183 146
183 181
183 182
183 184
183 187
184 146
184 147
184 182
184 183
185 96
185 97
185 166
185 85
185 94
186 141
186 146
186 179
186 149
186 150
186 151
186 187
187 77
187 146
187 150
187 183
187 186
188 0
188 1
188 2
188 3
188 78
188 80
188 81
188 84
188 21
188 22
188 85
188 24
188 20
