2 3
2 5
3 2
3 6
4 7
5 2
6 3
7 4
8 11
9 16
10 12
11 8
12 10
14 15
15 14
16 9
21 33
23 24
23 93
24 23
25 26
26 25
26 158
27 29
29 27
33 21
33 34
33 114
33 115
33 167
33 168
34 33
34 114
35 36
35 38
36 35
36 37
37 36
37 38
38 35
38 37
40 160
46 47
47 46
48 52
48 138
49 50
49 132
50 49
52 48
52 55
54 141
55 52
62 175
63 170
64 65
64 68
65 64
65 66
65 147
65 176
66 65
66 178
68 64
69 70
69 71
69 72
70 69
70 71
70 151
71 69
71 70
72 69
72 73
73 72
73 152
75 150
75 179
77 180
85 92
88 89
89 88
89 90
90 89
90 91
91 90
92 85
93 23
93 166
95 165
97 166
99 101
101 99
101 108
104 116
108 101
112 157
113 156
114 33
114 34
114 115
114 168
115 33
115 114
115 168
116 104
121 129
129 121
130 131
130 171
131 130
131 171
132 49
133 139
134 135
135 134
135 142
135 184
136 137
136 174
137 136
138 48
139 133
140 153
141 54
142 135
142 184
143 144
143 184
144 143
144 145
145 144
145 182
146 147
147 65
147 146
148 149
149 148
149 186
150 75
150 179
150 181
151 70
152 73
153 140
154 155
155 154
156 113
157 112
158 26
159 161
160 40
161 159
165 95
166 93
166 97
167 33
168 33
168 114
168 115
169 170
170 63
170 169
170 172
171 130
171 131
172 170
173 175
174 136
175 62
175 173
175 177
176 65
176 178
177 175
178 66
178 176
179 75
179 150
179 181
180 77
181 150
181 179
182 145
184 135
184 142
184 143
186 149
