1 3
3 1
4 5
4 7
5 4
5 6
5 7
6 5
6 7
7 4
7 5
7 6
8 12
9 18
11 13
12 8
13 11
13 92
16 17
17 16
18 9
23 170
25 95
27 104
27 160
28 29
28 32
29 28
32 28
35 107
35 108
36 170
38 39
39 38
40 41
41 40
45 125
47 163
48 52
49 50
50 49
51 55
51 133
52 48
55 51
56 57
57 56
65 175
65 177
65 178
66 151
67 68
68 67
68 180
70 181
71 72
71 74
72 71
74 71
74 75
75 74
76 77
77 76
79 182
86 87
87 86
88 94
90 91
91 90
91 92
92 13
92 91
92 93
93 92
94 88
95 25
95 96
96 95
98 99
99 98
99 100
100 99
100 106
101 109
102 103
103 102
104 27
106 100
106 117
107 35
107 108
107 170
108 35
108 107
109 101
115 159
116 158
117 106
121 124
121 131
121 132
124 121
124 130
125 45
130 124
130 173
131 121
131 132
131 172
131 173
132 121
132 131
132 172
132 173
133 51
135 138
135 140
138 135
138 141
139 140
139 176
139 178
140 135
140 139
140 176
140 178
141 138
141 146
145 146
145 147
146 141
146 145
146 187
147 145
147 184
148 149
149 148
149 150
150 149
150 152
151 66
151 179
152 150
153 154
154 153
156 157
157 156
158 116
159 115
160 27
163 47
166 185
170 23
170 36
170 107
171 172
172 131
172 132
172 171
172 173
172 174
173 130
173 131
173 132
173 172
174 172
175 65
175 178
176 139
176 140
176 177
176 178
177 65
177 176
177 178
178 65
178 139
178 140
178 175
178 176
178 177
179 151
179 180
180 68
180 179
181 70
181 183
182 79
183 181
184 147
185 166
186 187
187 146
187 186
