-0.452682 0.312107 0.040684 -0.366335 0.295088 0.882452
-0.500000 0.254901 -0.038230 -0.957949 -0.286935 0.001158
-0.434754 0.217583 0.012381 0.024494 -0.607074 0.794268
-0.434386 0.215624 -0.080552 0.112402 -0.712925 -0.692173
-0.235091 0.285274 0.011046 0.216451 -0.682666 0.697937
-0.234364 0.282349 -0.071768 0.184387 -0.650836 -0.736488
-0.093010 0.327229 0.008488 0.090743 -0.782555 0.615933
-0.092155 0.324424 -0.075061 -0.033624 -0.854516 -0.518335
0.012488 0.330762 0.042754 -0.288809 -0.957129 -0.022231
0.027979 0.300517 -0.100551 -0.290086 -0.953460 0.082250
0.157504 0.255757 -0.102013 -0.304434 -0.948783 0.084449
0.015901 0.307710 -0.226543 -0.287792 -0.950849 0.114289
-0.077152 0.294179 -0.265084 -0.095421 -0.671525 0.734812
0.168606 0.236853 -0.338139 -0.128146 -0.983696 -0.126178
-0.175576 0.244782 -0.281062 0.203071 -0.438218 0.875630
-0.065690 0.264053 -0.343870 0.129297 -0.991442 0.018022
-0.166185 0.217822 -0.340705 0.539522 -0.839054 0.070038
-0.315220 0.159163 -0.275691 0.181712 -0.581933 0.792676
-0.289491 0.128790 -0.333991 0.303475 -0.939473 0.159041
-0.391944 0.147333 -0.326310 -0.859587 -0.510981 -0.003062
-0.307667 0.141594 -0.393882 0.215806 -0.757329 -0.616344
-0.333516 0.191726 -0.411194 -0.322549 0.003859 -0.946545
-0.183505 0.238436 -0.395824 0.302077 -0.555190 -0.774928
-0.214366 0.287472 -0.407534 -0.196100 0.153649 -0.968471
-0.063004 0.290885 -0.406806 0.039235 -0.637678 -0.769303
-0.077639 0.352103 -0.424862 -0.078660 0.163078 -0.983472
0.170308 0.304537 -0.406199 0.125629 -0.480126 -0.868157
-0.483287 0.355764 -0.027008 -0.677175 0.735645 -0.016108
-0.452067 0.309661 -0.096890 -0.332782 0.374725 -0.865354
-0.276439 0.461022 -0.023227 -0.394997 0.918423 -0.021829
-0.257048 0.395281 -0.090799 -0.113959 0.265200 -0.957435
-0.107645 0.518955 -0.023227 -0.350149 0.936691 -0.002518
-0.106302 0.446995 -0.108967 -0.714419 0.697450 -0.056291
0.015662 0.518955 -0.103236 -0.221667 0.964542 -0.143256
-0.108500 0.484809 -0.202268 -0.336681 0.863011 -0.376641
0.113726 0.533837 -0.213858 -0.082594 0.950400 -0.299862
0.003097 0.467241 -0.291429 -0.233654 0.896747 -0.375832
0.145914 0.474314 -0.369607 -0.066436 0.839090 -0.539921
-0.085321 0.418828 -0.377417 -0.341023 0.850297 -0.400871
0.164577 0.400524 -0.414983 0.089537 0.246682 -0.964951
-0.234852 0.349058 -0.373388 -0.550232 0.816642 -0.174184
-0.356695 0.239539 -0.362166 -0.724022 0.567993 -0.391377
-0.049592 0.293323 0.179480 0.014496 -0.906937 0.421018
0.151533 0.272222 0.149475 -0.221478 -0.952441 0.209294
-0.087279 0.328084 0.067884 0.023194 -0.739745 -0.672487
-0.200091 0.265148 0.180943 0.297275 -0.851450 0.432042
-0.208507 0.283932 0.088002 0.235422 -0.647548 -0.724747
-0.354377 0.179161 0.182893 0.326121 -0.883174 0.337117
-0.358030 0.208918 0.088122 0.168756 -0.628991 -0.758875
-0.385718 0.252583 0.076292 -0.490705 0.298334 -0.818661
-0.433651 0.192701 0.137150 -0.902015 -0.431110 -0.022650
-0.378284 0.240266 0.217167 -0.439209 0.188529 0.878380
-0.398410 0.281734 0.138861 -0.673978 0.727838 0.126516
-0.219489 0.339298 0.212771 -0.178932 0.252691 0.950858
-0.254003 0.403825 0.138861 -0.510443 0.829613 0.226253
-0.066785 0.400404 0.219117 -0.075471 0.213989 0.973916
-0.079837 0.481636 0.135687 -0.227500 0.867651 0.442070
0.146409 0.440896 0.200941 -0.031465 0.525414 0.850265
0.143964 0.518587 0.126424 -0.067327 0.881588 0.467193
-0.349861 0.214409 -0.283380 -0.488013 0.463081 0.739864
-0.210705 0.310156 -0.282037 -0.381311 0.560294 0.735304
-0.089349 0.309541 -0.209590 0.043568 -0.900194 -0.433304
-0.091787 0.321250 -0.129213 -0.027671 -0.697724 0.715832
-0.212408 0.283316 -0.142146 0.194450 -0.619929 0.760182
-0.246929 0.363693 -0.128606 -0.221810 0.352737 0.909053
-0.390721 0.212827 -0.136774 0.094889 -0.564553 0.819925
-0.421214 0.274540 -0.124697 -0.373428 0.295600 0.879302
-0.470730 0.222458 -0.176171 -0.870688 -0.490663 0.033937
0.144331 0.357226 0.202652 0.052275 -0.277099 0.959418
0.363624 0.562252 -0.097873 0.285741 0.952474 -0.105567
-0.107645 0.382844 -0.273133 -0.733979 0.523725 -0.432419
-0.244363 0.341009 -0.257036 -0.060011 0.064666 -0.996101
-0.272538 0.429802 -0.206904 -0.435411 0.867445 -0.240741
-0.416826 0.256732 -0.252400 -0.192678 -0.026269 -0.980910
-0.458405 0.326494 -0.203731 -0.644544 0.743349 0.178875
0.002489 0.500659 0.052146 -0.196229 0.939642 0.280299
0.367773 0.530664 0.110686 0.332540 0.879944 0.339287
-0.091787 0.456266 0.047142 -0.729026 0.612905 0.304743
-0.234724 0.354917 0.077028 -0.313333 0.317515 -0.894990
-0.385965 0.201485 -0.213003 0.200593 -0.952087 -0.230850
-0.210945 0.272590 -0.215440 0.298117 -0.812714 -0.500622
0.035300 0.550303 -0.019567 -0.089736 0.987266 0.131350
-0.257655 0.398454 0.038486 -0.078783 0.178274 0.980822
0.369115 0.314177 -0.367897 0.666192 -0.200366 -0.718361
0.370698 0.471021 -0.352415 0.435249 0.724309 -0.534729
0.001634 0.022932 0.388886 -0.706282 -0.551252 0.444170
0.090795 0.007194 0.386073 0.390466 -0.868443 0.305521
0.077503 0.053177 0.424862 0.043847 0.235377 0.970915
0.050543 0.000000 0.319852 -0.318522 -0.779432 -0.539471
0.000659 0.080496 0.333384 -0.725734 -0.027933 -0.687408
0.177877 0.065374 0.223505 0.115397 -0.796653 -0.593320
0.113479 0.157580 0.246805 -0.704566 0.118009 -0.699757
0.365702 0.232337 0.069954 0.164433 -0.948130 -0.272051
0.248127 0.253319 0.140323 -0.430182 -0.862000 -0.268140
0.242276 0.444429 0.199599 -0.127858 0.584775 0.801056
0.420702 0.380038 0.252895 0.569865 0.355165 0.741021
0.193847 0.336621 0.190575 -0.987316 0.156961 -0.023889
0.371186 0.241122 -0.275091 0.547421 -0.734350 -0.401323
0.003712 0.122571 0.395225 -0.642795 0.685224 0.342466
0.126531 0.202948 0.324735 -0.316467 0.617720 0.719910
0.373384 0.187817 -0.096650 0.255139 -0.966862 0.009080
0.414851 0.211364 0.217039 0.804518 -0.589999 0.068207
0.232757 0.138917 0.378759 0.241533 0.200618 0.949428
0.250924 0.083670 0.333879 0.680808 -0.616942 0.394821
0.500000 0.383194 -0.074129 0.997741 0.018434 -0.064603
