  0.500000   0.383194  -0.074129
  0.385714   0.325910   0.066232
 -0.053226   0.387292   0.125385
 -0.056152   0.398173  -0.030305
 -0.053729   0.389957  -0.176539
 -0.010746   0.352153  -0.319070
  0.294285   0.280084   0.178521
 -0.190741   0.339950   0.125174
 -0.224348   0.371518  -0.029863
 -0.204422   0.351342  -0.182833
 -0.166577   0.299185  -0.332598
  0.168990   0.142503   0.296526
 -0.319884   0.259253   0.129274
 -0.380199   0.310928  -0.025469
 -0.349195   0.291686  -0.186305
 -0.284112   0.214225  -0.338679
  0.003070   0.029806   0.380761
 -0.415383   0.223621   0.129374
 -0.488999   0.315211  -0.027849
 -0.460432   0.270197  -0.191595
 -0.379220   0.173641  -0.346037
