0 1
0 2
0 82
0 27
0 29
1 0
1 2
1 3
1 27
1 28
2 0
2 1
2 3
2 4
2 82
3 1
3 2
3 4
3 5
3 28
3 30
4 2
4 3
4 5
4 6
4 77
4 82
5 32
5 3
5 4
5 6
5 7
5 30
6 4
6 5
6 7
6 8
6 77
7 32
7 5
7 6
7 8
7 9
8 6
8 7
8 9
8 10
8 42
8 43
8 44
8 77
9 32
9 7
9 8
9 10
9 11
9 61
9 62
10 100
10 8
10 9
10 11
10 43
10 13
10 92
10 93
11 70
11 9
11 10
11 12
11 13
11 61
12 70
12 11
12 13
12 14
12 15
12 60
13 97
13 100
13 10
13 11
13 12
13 15
13 24
13 26
14 12
14 15
14 16
14 17
14 59
14 60
15 12
15 13
15 14
15 16
15 22
15 24
16 14
16 15
16 17
16 18
16 20
16 22
17 14
17 16
17 18
17 19
17 59
18 16
18 17
18 19
18 20
19 41
19 17
19 18
19 20
19 21
19 59
20 16
20 18
20 19
20 21
20 22
21 41
21 19
21 20
21 22
21 23
22 15
22 16
22 20
22 21
22 23
22 24
23 40
23 41
23 21
23 22
23 24
23 25
24 13
24 15
24 22
24 23
24 25
24 26
25 38
25 39
25 40
25 23
25 24
25 26
26 97
26 39
26 13
26 83
26 24
26 25
27 0
27 1
27 28
27 29
28 1
28 3
28 27
28 29
28 30
29 0
29 82
29 27
29 28
29 30
29 31
30 32
30 3
30 5
30 28
30 29
30 31
31 32
31 33
31 75
31 77
31 81
31 82
31 29
31 30
32 64
32 33
32 34
32 5
32 7
32 72
32 9
32 62
32 63
32 30
32 31
33 32
33 34
33 35
33 69
33 81
33 31
34 32
34 33
34 35
34 36
34 70
34 71
34 72
35 33
35 34
35 36
35 69
35 84
36 34
36 35
36 37
36 70
36 38
36 84
37 36
37 39
37 38
37 84
38 36
38 37
38 70
38 39
38 40
38 25
38 60
39 37
39 38
39 83
39 84
39 25
39 26
40 38
40 41
40 23
40 25
40 59
40 60
41 40
41 19
41 21
41 23
41 59
42 68
42 8
42 43
42 44
42 45
42 55
43 96
43 68
43 8
43 42
43 10
43 93
44 8
44 42
44 77
44 45
44 46
45 42
45 44
45 46
45 47
45 53
45 55
46 44
46 77
46 45
46 47
46 48
46 78
47 45
47 46
47 48
47 50
47 51
47 53
48 78
48 46
48 47
48 49
48 50
49 48
49 50
49 52
49 78
50 47
50 48
50 49
50 51
50 52
51 50
51 52
51 53
51 47
52 78
52 49
52 50
52 51
52 53
52 54
53 45
53 47
53 51
53 52
53 54
53 55
54 77
54 78
54 52
54 53
54 55
54 56
55 68
55 42
55 45
55 53
55 54
55 56
55 57
56 75
56 77
56 54
56 55
56 57
56 58
57 68
57 55
57 56
57 58
57 94
58 75
58 76
58 56
58 57
58 94
59 40
59 41
59 14
59 17
59 19
59 60
60 70
60 38
60 40
60 12
60 14
60 59
61 70
61 71
61 9
61 11
61 80
61 62
62 32
62 9
62 80
62 61
62 63
63 32
63 65
63 64
63 79
63 80
63 62
64 32
64 65
64 66
64 72
64 74
64 63
65 64
65 66
65 67
65 79
65 63
66 64
66 65
66 74
66 67
67 65
67 66
67 73
67 74
67 79
68 96
68 42
68 43
68 55
68 57
68 94
69 33
69 35
69 104
69 76
69 81
69 84
70 34
70 36
70 38
70 71
70 11
70 12
70 60
70 61
71 34
71 70
71 72
71 73
71 80
71 61
72 32
72 64
72 34
72 71
72 73
72 74
73 67
73 71
73 72
73 74
73 79
73 80
74 64
74 66
74 67
74 72
74 73
75 76
75 77
75 81
75 56
75 58
75 31
76 69
76 104
76 75
76 81
76 58
76 94
76 95
77 4
77 6
77 8
77 75
77 44
77 78
77 46
77 82
77 54
77 56
77 31
78 77
78 46
78 48
78 49
78 52
78 54
79 65
79 67
79 73
79 80
79 63
80 71
80 73
80 79
80 61
80 62
80 63
81 33
81 69
81 75
81 76
81 31
82 0
82 2
82 4
82 77
82 29
82 31
83 97
83 39
83 104
83 84
83 26
84 35
84 36
84 37
84 69
84 39
84 104
84 83
85 98
85 86
85 87
85 88
85 89
86 102
86 103
86 85
86 87
86 88
86 90
87 98
87 99
87 102
87 85
87 86
88 89
88 90
88 85
88 86
89 98
89 85
89 88
89 90
89 91
90 101
90 103
90 86
90 88
90 89
90 91
90 92
91 96
91 98
91 99
91 89
91 90
91 92
91 93
92 100
92 101
92 104
92 10
92 90
92 91
92 93
93 96
93 10
93 43
93 91
93 92
94 96
94 99
94 68
94 76
94 57
94 58
94 95
95 99
95 101
95 102
95 103
95 104
95 76
95 94
96 99
96 68
96 43
96 91
96 93
96 94
97 100
97 104
97 13
97 83
97 26
98 99
98 85
98 87
98 89
98 91
99 96
99 98
99 102
99 87
99 91
99 94
99 95
100 97
100 104
100 10
100 13
100 92
101 103
101 104
101 90
101 92
101 95
102 99
102 103
102 86
102 87
102 95
103 101
103 102
103 86
103 90
103 95
104 97
104 100
104 69
104 101
104 76
104 83
104 84
104 92
104 95
