0.049592 0.293323 0.179480 -0.045675 -0.916737 0.396872
0.066785 0.400404 0.219117 0.069445 0.159502 0.984752
-0.151533 0.272222 0.149475 0.200093 -0.915885 0.348019
0.219489 0.339298 0.212771 0.190006 0.228192 0.954896
0.200091 0.265148 0.180943 -0.336187 -0.867653 0.366273
0.378284 0.240266 0.217167 0.263099 0.028519 0.964347
0.354377 0.179161 0.182893 -0.313678 -0.942869 0.112267
0.358030 0.208918 0.088122 -0.187369 -0.782375 -0.593955
0.433651 0.192701 0.137150 0.902038 -0.431063 -0.022646
0.385718 0.252583 0.076292 0.326438 0.166682 -0.930406
0.208507 0.283932 0.088002 -0.304519 -0.692138 -0.654381
0.234724 0.354917 0.077028 0.318230 0.275578 -0.907075
0.087279 0.328084 0.067884 -0.005662 -0.661532 -0.749896
0.091787 0.456266 0.047142 0.702553 0.697338 0.141913
-0.012488 0.330762 0.042754 0.297197 -0.954441 -0.026778
0.093010 0.327229 0.008488 -0.032967 -0.747547 0.663390
-0.027979 0.300517 -0.100551 0.317970 -0.945764 0.066524
0.092155 0.324424 -0.075061 0.029532 -0.701552 -0.712007
0.106302 0.446995 -0.108967 0.714419 0.697450 -0.056291
0.234364 0.282349 -0.071768 -0.184387 -0.650836 -0.736488
0.257048 0.395281 -0.090799 0.113959 0.265200 -0.957435
0.434386 0.215624 -0.080552 -0.112402 -0.712925 -0.692173
0.452067 0.309661 -0.096890 0.332782 0.374725 -0.865354
0.500000 0.254901 -0.038230 0.957949 -0.286935 0.001158
0.077639 0.352103 -0.424862 0.077347 0.250113 -0.965122
0.063004 0.290885 -0.406806 -0.074983 -0.574996 -0.814713
-0.164585 0.400524 -0.414983 -0.086751 0.147196 -0.985296
0.183505 0.238436 -0.395824 -0.301295 -0.567454 -0.766301
0.214366 0.287472 -0.407534 0.124614 0.173742 -0.976875
0.307667 0.141594 -0.394002 -0.119079 -0.614612 -0.779790
0.333516 0.191726 -0.411194 0.439125 0.146003 -0.886483
0.391944 0.147333 -0.326310 0.859573 -0.511005 -0.003061
0.107645 0.518955 -0.023227 0.350234 0.936659 -0.002518
-0.002489 0.500659 0.052146 0.196229 0.939642 0.280299
-0.035300 0.550303 -0.019567 0.089736 0.987266 0.131350
-0.367773 0.530664 0.110686 -0.329544 0.880773 0.340059
0.079837 0.481636 0.135687 0.227500 0.867651 0.442070
-0.143964 0.518587 0.126424 0.067327 0.881588 0.467193
-0.146409 0.440896 0.200941 0.016607 0.483114 0.875400
0.254003 0.403825 0.138861 0.510449 0.829609 0.226254
0.398402 0.281734 0.138861 0.673978 0.727838 0.126516
-0.015662 0.518955 -0.103236 0.221667 0.964542 -0.143256
-0.113726 0.533837 -0.213858 0.082594 0.950400 -0.299862
-0.363624 0.562252 -0.097873 -0.286709 0.952188 -0.105530
0.108500 0.484809 -0.202268 0.336681 0.863011 -0.376641
0.272538 0.429802 -0.206904 0.435411 0.867445 -0.240741
0.246929 0.363693 -0.128606 0.221810 0.352737 0.909053
0.458405 0.326494 -0.203731 0.644544 0.743349 0.178875
0.421214 0.274540 -0.124697 0.373428 0.295600 0.879302
-0.157504 0.255757 -0.102013 0.292492 -0.951709 0.093264
-0.015901 0.307710 -0.226543 0.227963 -0.955674 0.186336
-0.168606 0.236853 -0.338139 0.148333 -0.979520 -0.136155
0.091787 0.321250 -0.129213 0.085880 -0.759188 0.645181
0.089349 0.309541 -0.209590 -0.158599 -0.941431 -0.297579
0.212408 0.283316 -0.142146 -0.165366 -0.596893 0.785094
0.210945 0.272590 -0.215560 -0.293794 -0.850479 -0.436316
0.390721 0.212827 -0.136774 -0.169992 -0.687927 0.705591
0.385965 0.201485 -0.213003 -0.152003 -0.805063 -0.573384
0.470730 0.222458 -0.176171 0.870688 -0.490663 0.033937
0.416826 0.256732 -0.252400 0.282664 0.092749 -0.954724
0.065690 0.264053 -0.343870 -0.056012 -0.981160 0.184902
0.077152 0.294179 -0.265084 0.067532 -0.527968 0.846575
0.175576 0.244782 -0.281062 -0.189897 -0.444134 0.875605
0.210705 0.310156 -0.282037 0.357864 0.571692 0.738310
0.315220 0.159163 -0.275691 -0.137011 -0.449357 0.882783
0.349861 0.214409 -0.283380 0.579900 0.537937 0.611833
0.356695 0.239539 -0.362166 0.794951 0.571662 -0.203117
0.234852 0.349058 -0.373388 0.559017 0.815801 -0.148216
0.085321 0.418828 -0.377417 0.393099 0.854732 -0.338979
-0.145922 0.474314 -0.369607 0.070518 0.790429 -0.608481
0.244363 0.341009 -0.257036 0.059927 0.070902 -0.995681
0.107645 0.382844 -0.273133 0.757634 0.430713 -0.490384
-0.003097 0.467241 -0.291429 0.233653 0.896747 -0.375835
0.452682 0.312107 0.040684 0.251753 0.157039 0.954966
0.483287 0.355764 -0.027008 0.677175 0.735645 -0.016108
0.276439 0.461022 -0.023227 0.394925 0.918454 -0.021842
0.434754 0.217583 0.012381 0.025456 -0.784076 0.620142
0.235091 0.285274 0.011046 -0.236385 -0.681439 0.692649
0.257655 0.398454 0.038366 0.081027 0.182639 0.979836
0.166185 0.217822 -0.340705 -0.496789 -0.864413 0.077399
0.289491 0.128790 -0.333991 -0.383297 -0.923597 0.007225
-0.000659 0.080496 0.333384 0.752736 0.143302 -0.642536
-0.003712 0.122571 0.395225 0.330249 0.597041 0.731080
-0.001634 0.022932 0.388886 0.706282 -0.551252 0.444170
-0.126531 0.202948 0.324735 0.403163 0.662172 0.631655
-0.113479 0.157580 0.246805 0.694839 0.057832 -0.716836
-0.193847 0.336621 0.190575 0.963338 0.267142 -0.024799
-0.248127 0.253319 0.140323 0.423973 -0.880711 -0.211174
-0.144331 0.357226 0.202652 -0.025054 -0.328508 0.944169
-0.420702 0.380038 0.252895 -0.565587 0.355646 0.744061
-0.414851 0.211364 0.217039 -0.803750 -0.591010 0.068512
-0.365702 0.232337 0.069954 -0.163955 -0.948115 -0.272392
-0.373384 0.187817 -0.096650 -0.255336 -0.966810 0.009078
-0.371186 0.241122 -0.275091 -0.550631 -0.732465 -0.400376
-0.369115 0.314177 -0.367897 -0.722571 -0.218999 -0.655691
-0.370698 0.471021 -0.352415 -0.434578 0.683332 -0.586685
-0.170308 0.304537 -0.406199 -0.169176 -0.375946 -0.911068
-0.242276 0.444429 0.199599 0.138454 0.598047 0.789411
-0.177877 0.065374 0.223505 -0.082073 -0.768936 -0.634036
-0.050543 0.000000 0.319852 0.009888 -0.920376 -0.390909
-0.250924 0.083670 0.333879 -0.662179 -0.665077 0.345240
-0.090795 0.007194 0.386073 -0.363846 -0.783197 0.504201
-0.232757 0.138917 0.378759 -0.228770 0.250879 0.940598
-0.077503 0.053177 0.424862 -0.060505 -0.033464 0.997607
-0.500000 0.383194 -0.069149 -0.997741 0.018434 -0.064603
