0 1
0 2
0 3
0 4
0 12
0 14
1 0
1 2
1 3
1 36
1 38
1 39
1 88
2 0
2 1
2 14
2 49
2 87
2 88
3 0
3 1
3 4
3 5
3 39
3 40
4 0
4 3
4 5
4 6
4 10
4 12
5 3
5 4
5 6
5 8
5 40
6 4
6 5
6 7
6 8
6 10
7 8
7 9
7 10
7 6
8 5
8 6
8 7
8 40
8 9
9 7
9 8
9 40
9 10
9 11
10 4
10 6
10 7
10 9
10 11
10 12
11 39
11 40
11 9
11 10
11 12
11 13
12 0
12 4
12 10
12 11
12 13
12 14
13 32
13 33
13 36
13 39
13 11
13 12
13 14
13 15
13 78
14 0
14 2
14 12
14 13
14 15
14 16
14 49
15 13
15 14
15 77
15 16
15 17
15 78
15 19
16 14
16 15
16 17
16 18
16 49
16 50
16 51
16 52
17 16
17 18
17 19
17 15
18 32
18 41
18 44
18 45
18 46
18 16
18 17
18 19
18 20
18 52
18 54
19 77
19 15
19 17
19 18
19 20
19 21
20 32
20 75
20 18
20 19
20 21
20 22
21 76
21 77
21 19
21 20
21 22
21 23
22 74
22 75
22 20
22 21
22 23
23 73
23 74
23 76
23 21
23 22
24 68
24 69
24 25
24 26
24 27
24 28
25 96
25 79
25 51
25 24
25 26
25 27
25 60
26 96
26 69
26 24
26 25
26 95
27 79
27 80
27 24
27 25
27 28
27 29
28 67
28 68
28 24
28 27
28 29
28 30
29 80
29 27
29 28
29 30
29 31
30 66
30 67
30 28
30 29
30 31
31 64
31 65
31 66
31 80
31 29
31 30
32 33
32 34
32 41
32 75
32 13
32 78
32 18
32 20
33 32
33 34
33 35
33 36
33 37
33 13
34 32
34 33
34 35
34 41
34 43
35 33
35 34
35 97
35 37
35 104
35 43
35 89
36 33
36 1
36 37
36 38
36 39
36 13
37 33
37 97
37 35
37 36
37 38
38 1
38 97
38 36
38 37
38 86
38 88
39 1
39 3
39 36
39 40
39 11
39 13
40 3
40 5
40 39
40 8
40 9
40 11
41 32
41 34
41 42
41 43
41 44
41 18
42 72
42 41
42 43
42 44
42 95
43 34
43 35
43 104
43 41
43 42
43 95
44 70
44 71
44 72
44 41
44 42
44 45
44 18
45 70
45 44
45 46
45 47
45 18
45 59
46 45
46 47
46 48
46 18
46 54
46 56
47 45
47 46
47 48
47 58
47 59
48 56
48 58
48 46
48 47
49 2
49 14
49 16
49 51
49 87
49 91
49 92
50 71
50 16
50 51
50 52
50 53
50 60
50 61
51 96
51 92
51 16
51 49
51 50
51 25
51 60
51 93
52 16
52 18
52 50
52 53
52 54
53 71
53 50
53 52
53 54
53 55
54 46
54 18
54 52
54 53
54 55
54 56
55 70
55 71
55 53
55 54
55 56
55 57
56 46
56 48
56 54
56 55
56 57
56 58
57 70
57 55
57 56
57 58
57 59
58 47
58 48
58 56
58 57
58 59
59 70
59 45
59 47
59 57
59 58
60 79
60 50
60 51
60 25
60 61
60 62
61 50
61 60
61 62
61 71
62 64
62 71
62 79
62 60
62 61
62 63
63 64
63 65
63 67
63 68
63 71
63 62
64 65
64 79
64 80
64 63
64 62
64 31
65 64
65 66
65 67
65 31
65 63
66 65
66 67
66 30
66 31
67 65
67 66
67 68
67 28
67 30
67 63
68 67
68 69
68 71
68 72
68 24
68 28
68 63
69 68
69 72
69 24
69 26
69 95
70 71
70 44
70 45
70 55
70 57
70 59
71 68
71 70
71 72
71 44
71 50
71 53
71 55
71 61
71 62
71 63
72 68
72 69
72 71
72 42
72 44
72 95
73 74
73 75
73 76
73 77
73 78
73 23
74 73
74 75
74 22
74 23
75 32
75 73
75 74
75 78
75 20
75 22
76 73
76 77
76 21
76 23
77 73
77 76
77 78
77 15
77 19
77 21
78 32
78 73
78 75
78 13
78 77
78 15
79 64
79 80
79 25
79 27
79 60
79 62
80 64
80 79
80 27
80 29
80 31
81 98
81 99
81 82
81 83
81 84
81 85
82 102
82 103
82 81
82 83
82 84
83 99
83 101
83 103
83 81
83 82
84 97
84 102
84 81
84 82
84 85
84 86
84 89
85 98
85 81
85 84
85 86
85 87
85 91
86 97
86 38
86 84
86 85
86 87
86 88
87 2
87 49
87 85
87 86
87 88
87 91
88 1
88 2
88 38
88 86
88 87
89 97
89 35
89 100
89 102
89 104
89 84
89 90
90 98
90 100
90 104
90 89
90 91
91 98
91 104
91 49
91 85
91 87
91 90
91 92
92 104
92 49
92 51
92 91
92 93
93 96
93 104
93 51
93 92
93 94
94 104
94 96
94 93
94 95
95 96
95 69
95 104
95 72
95 42
95 43
95 26
95 94
96 51
96 25
96 26
96 93
96 94
96 95
97 35
97 37
97 38
97 84
97 86
97 89
98 99
98 100
98 81
98 85
98 90
98 91
99 98
99 100
99 101
99 81
99 83
100 98
100 99
100 101
100 102
100 89
100 90
101 99
101 100
101 102
101 103
101 83
102 100
102 101
102 103
102 82
102 84
102 89
103 82
103 83
103 101
103 102
104 35
104 43
104 89
104 90
104 91
104 92
104 93
104 94
104 95
