 -0.500000   0.383194  -0.069149
 -0.384137   0.322909   0.069471
  0.049225   0.370954   0.119985
  0.062890   0.375257  -0.036491
  0.076568   0.387439  -0.184814
  0.009066   0.350899  -0.324247
 -0.291447   0.274681   0.180367
  0.196880   0.339571   0.131611
  0.241571   0.353068  -0.037807
  0.219164   0.341697  -0.185386
  0.169099   0.299282  -0.335036
 -0.164255   0.137016   0.297541
  0.319130   0.267898   0.147896
  0.386603   0.305350  -0.035567
  0.356433   0.285503  -0.184509
  0.285088   0.216249  -0.338548
 -0.007179   0.030296   0.366494
  0.407396   0.234673   0.156959
  0.489063   0.255536  -0.032199
  0.460757   0.268830  -0.186683
  0.379545   0.169534  -0.343187
