0 1
0 2
0 3
0 15
1 0
1 2
1 13
1 15
2 0
2 1
2 3
2 4
2 13
3 0
3 2
3 4
3 5
3 14
3 15
3 20
4 2
4 3
4 5
4 6
4 11
4 12
4 13
5 3
5 4
5 6
5 7
5 71
5 20
6 4
6 5
6 7
6 8
6 10
6 11
7 5
7 6
7 71
7 8
7 9
7 54
8 6
8 7
8 10
8 54
8 62
8 63
9 71
9 7
9 19
9 54
9 55
10 6
10 71
10 8
10 11
10 51
10 55
10 57
10 62
11 4
11 6
11 71
11 10
11 12
11 14
11 20
12 11
12 4
12 13
12 14
13 1
13 2
13 4
13 12
13 14
13 15
14 3
14 11
14 12
14 13
14 15
14 20
15 0
15 1
15 3
15 13
15 14
16 71
16 44
16 45
16 46
16 17
16 18
17 71
17 44
17 47
17 16
17 49
18 32
18 71
18 46
18 16
18 19
18 28
19 39
19 71
19 9
19 18
19 55
19 28
20 3
20 5
20 71
20 11
20 14
21 30
21 29
21 22
21 23
22 24
22 29
22 21
22 23
23 21
23 22
23 24
23 25
23 27
23 30
24 32
24 46
24 22
24 23
24 25
24 26
24 29
24 31
25 24
25 26
25 27
25 23
26 71
26 46
26 47
26 51
26 24
26 25
26 27
26 28
27 32
27 23
27 25
27 26
27 28
27 30
27 31
28 32
28 65
28 37
28 39
28 18
28 19
28 51
28 26
28 27
29 21
29 22
29 24
29 30
29 31
30 21
30 23
30 27
30 29
30 31
31 32
31 24
31 27
31 29
31 30
32 46
32 18
32 24
32 27
32 28
32 31
33 65
33 34
33 35
33 37
33 53
34 33
34 35
34 36
34 53
35 33
35 34
35 36
35 37
36 34
36 35
36 37
36 38
36 53
37 33
37 65
37 35
37 36
37 38
37 39
37 28
38 36
38 37
38 39
38 52
38 53
38 55
39 37
39 38
39 19
39 55
39 28
40 41
40 42
40 50
40 49
41 40
41 42
41 43
41 50
42 40
42 41
42 43
42 44
42 49
43 41
43 42
43 44
43 45
43 50
44 42
44 43
44 45
44 16
44 17
44 49
45 43
45 44
45 46
45 47
45 16
45 48
45 50
46 32
46 45
46 47
46 16
46 18
46 24
46 26
47 71
47 45
47 46
47 48
47 49
47 17
47 26
48 49
48 50
48 45
48 47
49 40
49 42
49 44
49 47
49 48
49 17
49 50
50 40
50 41
50 43
50 45
50 48
50 49
51 65
51 71
51 10
51 52
51 55
51 26
51 28
52 65
52 38
52 51
52 53
52 55
53 33
53 34
53 65
53 36
53 38
53 52
54 7
54 8
54 9
54 55
54 56
54 63
55 38
55 39
55 9
55 10
55 51
55 52
55 19
55 54
55 56
55 57
56 54
56 55
56 57
56 58
56 63
57 10
57 55
57 56
57 58
57 59
57 61
57 62
58 64
58 56
58 57
58 59
58 60
58 63
59 57
59 58
59 60
59 61
60 64
60 58
60 59
60 61
61 64
61 57
61 59
61 60
61 62
61 63
62 8
62 10
62 57
62 61
62 63
63 64
63 8
63 54
63 56
63 58
63 61
63 62
64 58
64 60
64 61
64 63
65 33
65 37
65 51
65 52
65 53
65 28
66 67
66 71
67 66
67 68
67 71
68 67
68 70
68 71
69 70
69 71
70 68
70 69
70 71
71 66
71 67
71 68
71 5
71 70
71 7
71 69
71 9
71 10
71 11
71 47
71 16
71 17
71 18
71 19
71 20
71 51
71 26
