-0.047417 0.528674 0.270820 -0.000166 -0.199845 0.979827
-0.221232 0.524002 0.251436 -0.459742 0.556780 0.691833
-0.144139 0.420625 0.288229 0.728787 -0.007075 0.684704
-0.270875 0.379275 0.296990 -0.701927 0.204643 0.682217
-0.048474 0.332082 0.370698 0.647800 0.750469 -0.130960
-0.114354 0.287110 0.436578 -0.491660 -0.094090 0.865689
0.138905 0.204297 0.443348 0.580719 0.813513 0.031023
0.104065 0.180700 0.500000 -0.241017 -0.340907 0.908677
0.214336 0.104542 0.455265 0.676190 -0.722871 0.142217
-0.192266 0.637191 0.147124 -0.336415 0.875420 0.347080
0.068682 0.129417 0.396630 -0.425384 -0.766462 0.481232
-0.143672 0.213525 0.341725 -0.283750 -0.949084 -0.136843
0.084566 0.140285 0.387287 0.456795 0.000497 -0.889572
-0.089938 0.258375 0.282155 0.531199 -0.227061 -0.816254
-0.187357 0.340614 0.154599 0.478599 -0.542776 -0.690172
-0.075923 0.458819 0.121774 0.266719 -0.884786 -0.382118
-0.289800 0.278701 0.190572 -0.650784 -0.758985 0.020539
0.214941 0.485808 0.050172 0.033186 0.034951 0.998838
0.015056 0.675385 -0.014192 0.347983 0.891891 0.288855
0.250561 0.555074 -0.012675 0.692498 0.691925 -0.204171
0.391903 0.252539 0.030428 0.228648 0.046506 0.972398
0.430335 0.259432 -0.015478 0.939376 0.341678 -0.028789
0.452300 0.000000 -0.017814 0.233803 -0.971956 0.025257
0.389674 0.249031 -0.083924 0.311210 0.105949 -0.944417
0.217277 0.490947 -0.347676 0.224469 -0.205573 0.952551
-0.001748 0.579367 -0.263345 0.936434 0.288114 -0.200203
0.220662 0.552975 -0.396852 0.611299 0.757729 -0.228386
0.350332 0.270996 -0.408065 0.523009 0.100523 0.846378
0.388618 0.281037 -0.467757 0.799906 0.413319 -0.435108
0.408492 0.055832 -0.437742 0.106117 -0.987122 -0.119708
0.322638 0.279168 -0.500000 -0.267746 -0.167454 -0.948826
-0.154769 0.701784 -0.032297 -0.178700 0.974102 0.138530
-0.161195 0.689982 -0.152608 -0.230658 0.936575 -0.263865
-0.000813 0.657862 -0.322800 -0.188822 0.944474 -0.268915
0.435818 0.005016 -0.253412 0.220115 -0.961377 -0.165240
0.390617 0.257440 -0.199334 0.390649 0.025573 0.920184
0.331032 0.256973 -0.253764 -0.805068 -0.569676 0.165336
0.225908 0.482538 -0.154362 0.107537 -0.203964 0.973054
0.175667 0.424830 -0.225381 -0.459890 -0.887205 0.036994
0.011234 0.672352 -0.161484 0.366247 0.930079 -0.028578
0.250454 0.550402 -0.214054 0.731024 0.678359 -0.073703
0.192631 0.494333 -0.285188 0.010312 0.108363 -0.994058
0.390854 0.270529 -0.252945 0.827059 0.383966 -0.410541
0.359675 0.269128 -0.308547 0.025495 -0.052159 -0.998313
-0.048589 0.592801 -0.395566 -0.454863 0.323903 -0.829570
0.174855 0.500873 -0.450356 -0.212421 -0.054536 -0.975655
-0.070201 0.489661 -0.329218 -0.230576 -0.925813 -0.299509
0.176953 0.439902 -0.400705 -0.471277 -0.875084 0.110114
0.311196 0.269825 -0.443930 -0.808863 -0.545162 0.220316
-0.067276 0.479268 -0.028330 0.062319 -0.987959 -0.141613
0.340276 0.237589 -0.022371 -0.805827 -0.590114 0.049077
0.177666 0.408363 -0.025527 -0.415371 -0.839874 0.349399
-0.009690 0.596423 -0.096776 0.764843 0.584370 -0.271159
-0.068448 0.467466 -0.171762 0.024115 -0.999592 0.015322
0.388518 0.270407 0.186367 0.269931 -0.074675 -0.959980
0.425893 0.294356 0.256927 0.857946 0.475434 0.194656
0.217376 0.477162 0.139649 0.275700 -0.107197 -0.955248
0.228826 0.554254 0.212300 0.586045 0.810267 -0.004330
-0.016001 0.579605 0.075638 0.693472 0.649432 0.311986
0.002342 0.636371 0.174573 0.101236 0.866277 0.489199
0.440253 0.028965 0.237183 0.338605 -0.925402 0.170230
0.361061 0.281504 0.301310 -0.169753 -0.174631 0.969891
0.326023 0.253236 0.232044 -0.762445 -0.623833 -0.171783
0.184099 0.469334 0.271640 -0.020488 0.183971 0.982718
0.179527 0.402290 0.204940 -0.358658 -0.930007 0.080318
0.208270 0.478096 -0.080891 -0.066888 -0.177040 -0.981928
-0.400300 0.270996 -0.159501 -0.972612 -0.231704 0.018424
-0.393055 0.262587 0.117217 -0.977672 -0.198427 0.069167
-0.417119 0.486276 0.220365 -0.989858 0.046628 0.134189
-0.381376 0.710546 0.047714 -0.955546 0.280256 0.091590
-0.379859 0.741732 -0.172582 -0.952322 0.302925 0.036328
-0.452300 0.498504 -0.043402 -0.982674 -0.067905 -0.172458
