  0.452331   0.504406  -0.030909
  0.310938   0.416431   0.126478
 -0.158077   0.505089   0.209896
  0.118174   0.574253  -0.016513
  0.089933   0.574053  -0.191564
  0.161904   0.599961  -0.312062
  0.197824   0.346050   0.252387
 -0.297251   0.369505   0.223468
 -0.166634   0.504834  -0.017046
 -0.178946   0.498145  -0.211392
 -0.146518   0.517553  -0.369879
  0.032439   0.241090   0.385028
 -0.388966   0.222654   0.234338
 -0.347266   0.308362  -0.018184
 -0.340235   0.311399  -0.231639
 -0.301784   0.343602  -0.418328
 -0.163988   0.157490   0.463132
 -0.429285   0.058119   0.241989
 -0.433266   0.064327  -0.019378
 -0.416207   0.081673  -0.249279
 -0.378276   0.132148  -0.460446
