-0.104264 0.181057 0.500000 0.241689 -0.340902 0.908500
-0.214442 0.104740 0.455247 -0.675025 -0.723970 0.142158
-0.139144 0.204617 0.443360 -0.581933 0.812629 0.031436
0.113994 0.287827 0.436574 0.491927 -0.093640 0.865586
0.048033 0.332726 0.370719 -0.648954 0.749539 -0.130576
0.270366 0.380290 0.296991 0.692484 0.202237 0.692507
0.143559 0.421451 0.288260 -0.728716 -0.008413 0.684764
0.220496 0.524958 0.251488 0.443001 0.558104 0.701619
0.046669 0.529369 0.270904 0.000642 -0.200183 0.979758
0.191337 0.638146 0.147215 0.318188 0.879911 0.352864
0.075261 0.459601 0.121817 -0.255910 -0.885382 -0.388083
0.186887 0.341542 0.154591 -0.468510 -0.534203 -0.703652
0.089600 0.259113 0.282140 -0.530947 -0.227568 -0.816277
-0.084733 0.140708 0.387256 -0.456934 0.000133 -0.889501
0.143413 0.214314 0.341691 0.285159 -0.948604 -0.137240
-0.068817 0.129863 0.396600 0.426609 -0.766003 0.480878
-0.000221 0.658704 -0.322704 0.189972 0.944520 -0.267940
0.047650 0.593730 -0.395512 0.463328 0.327274 -0.823540
0.160149 0.691010 -0.152515 0.226835 0.937903 -0.262456
0.153723 0.702760 -0.032188 0.165919 0.976103 0.140333
0.289430 0.279770 0.190535 0.656836 -0.753835 0.017296
-0.435871 0.005124 -0.253479 -0.218608 -0.961681 -0.165470
-0.360129 0.269384 -0.308534 -0.025475 -0.051888 -0.998328
-0.331491 0.257259 -0.253755 0.805955 -0.568497 0.165072
-0.193418 0.494849 -0.285120 -0.010613 0.108680 -0.994020
-0.176353 0.425349 -0.225339 0.461222 -0.886529 0.036611
0.067725 0.468340 -0.171740 -0.015394 -0.999769 0.014990
-0.226666 0.482954 -0.154284 -0.107117 -0.204446 0.972999
0.008787 0.597192 -0.096687 -0.765755 0.583257 -0.270981
-0.391317 0.270716 -0.252928 -0.827680 0.382845 -0.410337
-0.391042 0.257619 -0.199321 -0.390707 0.024761 0.920182
-0.251314 0.550815 -0.213957 -0.732040 0.677300 -0.073363
-0.012238 0.673111 -0.161377 -0.367681 0.929525 -0.028190
-0.390100 0.249171 -0.083903 -0.311412 0.105760 -0.944371
-0.452331 0.000000 -0.017865 -0.232252 -0.972337 0.024906
-0.430763 0.259480 -0.015445 -0.939899 0.340275 -0.028345
-0.392298 0.252625 0.030457 -0.228540 0.045785 0.972457
-0.251413 0.555411 -0.012557 -0.693592 0.690965 -0.203710
-0.215660 0.486171 0.050264 -0.033110 0.034540 0.998855
-0.016098 0.676090 -0.014066 -0.349307 0.891250 0.289236
-0.323127 0.279555 -0.500000 0.267808 -0.166668 -0.948947
-0.408650 0.056050 -0.437807 -0.104630 -0.987238 -0.120060
-0.389150 0.281309 -0.467747 -0.800694 0.412255 -0.434667
-0.350785 0.271306 -0.408066 -0.522954 0.099427 0.846542
-0.221550 0.553488 -0.396769 -0.612533 0.756902 -0.227824
-0.218065 0.491448 -0.347611 -0.224075 -0.206234 0.952501
0.000844 0.580181 -0.263275 -0.936982 0.286641 -0.199754
0.069425 0.490591 -0.329199 0.246626 -0.921533 -0.299921
-0.177708 0.440476 -0.400667 0.472659 -0.874405 0.109585
-0.175709 0.501474 -0.450299 0.212361 -0.053904 -0.975703
-0.311684 0.270203 -0.443934 0.809796 -0.543952 0.219880
0.066561 0.480090 -0.028282 -0.053203 -0.988414 -0.142155
-0.178283 0.408805 -0.025471 0.416728 -0.839382 0.348962
-0.340628 0.237774 -0.022354 0.806717 -0.588939 0.048567
-0.003269 0.637028 0.174696 -0.102452 0.865959 0.489508
0.015144 0.580319 0.075731 -0.694365 0.648323 0.312304
-0.229646 0.554553 0.212433 -0.587262 0.809387 -0.003958
-0.218096 0.477493 0.139739 -0.275663 -0.107286 -0.955248
-0.426320 0.294322 0.256987 -0.858644 0.474042 0.194971
-0.388912 0.270456 0.186422 -0.269896 -0.074798 -0.959980
-0.440275 0.028898 0.237157 -0.337151 -0.925984 0.169950
-0.326375 0.253360 0.232079 0.763357 -0.622623 -0.172125
-0.180106 0.402647 0.205011 0.360082 -0.929489 0.079951
-0.184778 0.469673 0.271739 0.020336 0.183658 0.982780
-0.361454 0.281554 0.301365 0.170099 -0.174687 0.969820
-0.209027 0.478520 -0.080809 0.067024 -0.176572 -0.982003
0.383516 0.747651 -0.174022 0.956143 0.290851 0.034593
0.385032 0.716462 0.046289 0.958225 0.272654 0.086394
0.420778 0.492176 0.218951 0.990809 0.045593 0.127353
0.403958 0.276882 -0.160940 0.975710 -0.218250 0.018914
0.396713 0.268472 0.115796 0.979518 -0.190681 0.064695
0.452331 0.504406 -0.030909 0.981643 -0.068489 -0.178008
