0 64
0 1
0 2
0 15
0 59
0 63
1 0
1 2
1 3
1 71
1 9
1 59
2 0
2 1
2 3
2 4
2 14
2 15
3 1
3 2
3 4
3 5
3 71
3 16
4 2
4 3
4 5
4 6
4 12
4 13
4 14
5 3
5 4
5 6
5 7
5 10
5 11
5 16
6 4
6 5
6 7
6 8
6 12
7 8
7 10
7 5
7 6
8 10
8 12
8 6
8 7
9 1
9 71
9 58
9 59
9 31
10 5
10 7
10 8
10 11
10 12
11 5
11 10
11 12
11 13
11 14
11 16
12 4
12 6
12 8
12 10
12 11
12 13
13 11
13 12
13 4
13 14
14 2
14 4
14 71
14 11
14 13
14 15
14 16
15 0
15 64
15 2
15 71
15 14
15 49
15 56
15 58
16 3
16 5
16 71
16 11
16 14
17 50
17 18
17 19
17 20
17 51
17 58
18 17
18 19
18 52
18 58
18 31
19 65
19 17
19 18
19 20
19 21
19 52
19 23
20 17
20 50
20 19
20 21
20 22
21 19
21 20
21 22
21 23
22 50
22 20
22 21
22 23
23 65
23 50
23 19
23 21
23 22
24 33
24 46
24 47
24 48
24 25
24 26
24 27
25 32
25 33
25 39
25 41
25 46
25 53
25 24
26 33
26 44
26 45
26 24
26 27
26 28
27 48
27 24
27 26
27 28
27 29
28 45
28 26
28 27
28 29
28 30
29 48
29 27
29 28
29 30
30 48
30 45
30 28
30 29
31 32
31 71
31 9
31 18
31 52
31 58
32 33
32 39
32 71
32 52
32 25
32 31
33 32
33 71
33 44
33 24
33 25
33 26
34 43
34 42
34 35
34 36
35 34
35 36
35 37
35 40
35 42
36 34
36 35
36 37
36 38
36 41
36 43
37 35
37 36
37 38
37 39
37 40
37 52
37 53
38 41
38 53
38 36
38 37
39 32
39 37
39 40
39 41
39 52
39 25
40 35
40 37
40 39
40 41
40 42
41 36
41 38
41 39
41 40
41 42
41 43
41 53
41 25
42 34
42 35
42 40
42 41
42 43
43 41
43 42
43 34
43 36
44 33
44 71
44 45
44 46
44 26
45 44
45 46
45 47
45 48
45 26
45 28
45 30
46 71
46 44
46 45
46 47
46 53
46 24
46 25
47 24
47 48
47 45
47 46
48 45
48 47
48 24
48 27
48 29
48 30
49 65
49 71
49 15
49 51
49 52
49 53
49 58
50 65
50 17
50 51
50 20
50 22
50 23
51 65
51 17
51 50
51 49
51 58
52 32
52 65
52 37
52 39
52 49
52 18
52 19
52 53
52 31
53 37
53 38
53 71
53 41
53 46
53 49
53 52
53 25
54 56
54 60
54 62
54 55
55 54
55 56
55 57
55 60
55 61
55 63
56 64
56 15
56 54
56 55
56 57
56 58
56 62
57 55
57 56
57 58
57 59
57 63
58 9
58 15
58 17
58 18
58 51
58 49
58 56
58 57
58 59
58 31
59 0
59 1
59 9
59 57
59 58
59 63
60 62
60 61
60 54
60 55
61 60
61 55
61 62
61 63
62 64
62 54
62 56
62 60
62 61
62 63
63 64
63 0
63 55
63 57
63 59
63 61
63 62
64 0
64 15
64 56
64 62
64 63
65 49
65 50
65 19
65 51
65 52
65 23
66 67
66 71
67 66
67 68
67 71
68 67
68 69
68 71
69 68
69 70
69 71
70 69
70 71
71 32
71 1
71 33
71 3
71 67
71 68
71 69
71 70
71 66
71 9
71 44
71 14
71 15
71 16
71 49
71 46
71 53
71 31
