 -0.452300   0.498504  -0.043402
 -0.319919   0.423368   0.107367
 -0.129204   0.558260   0.159532
 -0.096002   0.575289  -0.018410
  0.177706   0.523747  -0.217504
  0.137945   0.559725  -0.395949
 -0.214014   0.363259   0.227983
  0.152641   0.486678   0.189901
  0.179831   0.494816  -0.020231
  0.287932   0.375123  -0.231218
  0.260757   0.400803  -0.419931
 -0.049131   0.250584   0.375583
  0.344467   0.318371   0.219607
  0.350267   0.304939  -0.023599
  0.376416   0.233196  -0.243804
  0.346179   0.266397  -0.438165
  0.175264   0.146231   0.446984
  0.430273   0.089952   0.244465
  0.428013   0.073127  -0.027399
  0.411186   0.071383  -0.252790
  0.391011   0.124462  -0.450815
