  0.500000   0.338718  -0.071449
  0.323508   0.247257   0.041261
 -0.057568   0.337020   0.053012
 -0.081141   0.339830  -0.049716
 -0.085312   0.333509  -0.152569
 -0.088218   0.312052  -0.258166
  0.182314   0.174089   0.131429
 -0.193086   0.319001   0.049162
 -0.226875   0.337071  -0.061883
 -0.209320   0.326250  -0.154273
 -0.193304   0.311993  -0.255603
  0.049109   0.091831   0.207059
 -0.322475   0.319462   0.045198
 -0.369689   0.325707  -0.073672
 -0.332334   0.321165  -0.155998
 -0.275186   0.311585  -0.253598
 -0.075113   0.068358   0.259194
 -0.424181   0.329810   0.041919
 -0.482470   0.332100  -0.083251
 -0.431799   0.312682  -0.157301
 -0.331736   0.306285  -0.252119
