0 1
0 2
0 15
0 16
0 17
1 0
1 2
1 44
1 17
1 24
2 0
2 1
2 48
2 16
2 24
3 4
3 7
3 9
3 10
3 11
4 3
4 9
4 11
4 46
4 55
5 6
5 12
5 13
5 14
5 22
6 5
6 13
6 47
6 22
6 23
7 3
7 8
7 9
7 10
7 11
8 7
8 9
8 11
8 55
8 57
8 58
9 3
9 4
9 7
9 8
9 55
10 3
10 11
10 7
11 3
11 4
11 7
11 8
11 10
11 46
11 58
12 5
12 13
12 14
13 5
13 6
13 41
13 42
13 12
13 14
13 47
14 5
14 42
14 12
14 13
14 22
15 16
15 17
15 0
16 0
16 2
16 43
16 44
16 15
16 48
16 17
17 0
17 1
17 44
17 15
17 16
18 19
18 20
18 21
19 59
19 43
19 45
19 18
19 51
19 20
19 21
19 27
20 49
20 18
20 19
20 21
20 59
21 45
21 49
21 18
21 19
21 20
22 5
22 6
22 42
22 14
22 23
23 6
23 42
23 46
23 47
23 22
23 58
24 1
24 2
24 41
24 44
24 47
24 48
25 36
25 48
25 52
25 26
25 27
25 61
26 25
26 27
26 61
26 51
27 45
27 48
27 50
27 51
27 19
27 25
27 26
28 34
28 37
28 40
28 29
28 30
29 34
29 35
29 28
29 30
30 32
30 35
30 40
30 28
30 29
31 32
31 33
31 38
31 39
31 40
31 54
31 57
32 33
32 35
32 36
32 40
32 52
32 53
32 30
32 31
33 32
33 36
33 46
33 47
33 54
33 31
34 37
34 35
34 28
34 29
35 32
35 34
35 37
35 38
35 53
35 29
35 30
36 32
36 33
36 47
36 48
36 52
36 25
37 34
37 35
37 38
37 40
37 28
38 35
38 37
38 39
38 40
38 53
38 31
39 38
39 53
39 56
39 57
39 60
39 31
40 32
40 37
40 38
40 28
40 30
40 31
41 42
41 43
41 44
41 13
41 47
41 24
41 58
41 60
41 61
42 41
42 13
42 14
42 22
42 23
42 58
43 41
43 44
43 16
43 48
43 50
43 51
43 19
43 59
43 61
44 1
44 41
44 43
44 16
44 17
44 24
45 49
45 50
45 19
45 21
45 27
46 33
46 4
46 11
46 47
46 55
46 54
46 23
46 58
47 33
47 36
47 6
47 41
47 13
47 46
47 48
47 23
47 24
48 2
48 36
48 43
48 47
48 16
48 50
48 24
48 25
48 27
49 45
49 50
49 20
49 21
49 59
50 59
50 43
50 45
50 48
50 49
50 27
51 43
51 19
51 26
51 27
51 61
52 32
52 36
52 53
52 56
52 25
52 61
53 32
53 35
53 38
53 39
53 52
53 56
54 33
54 46
54 55
54 57
54 31
55 4
55 8
55 9
55 46
55 54
55 57
56 39
56 52
56 53
56 60
56 61
57 39
57 8
57 54
57 55
57 58
57 60
57 31
58 8
58 41
58 42
58 11
58 46
58 23
58 57
58 60
59 43
59 49
59 50
59 19
59 20
60 39
60 41
60 56
60 57
60 58
60 61
61 41
61 43
61 51
61 52
61 56
61 25
61 26
61 60
