-0.005751 0.404690 0.119146 -0.029836 0.552411 0.833038
0.256980 0.268337 0.155909 0.201503 0.300029 0.932405
0.495960 0.446721 0.025072 0.192784 0.937573 0.289468
0.112331 0.236539 0.157965 -0.608340 0.143455 0.780604
-0.195936 0.366661 0.104151 -0.165592 0.630727 0.758131
-0.210142 0.256857 0.101939 -0.115815 -0.671415 0.731976
-0.487455 0.342910 -0.027550 -0.446145 0.768218 0.459125
-0.230414 0.401809 -0.012141 -0.165005 0.681318 0.713147
-0.234535 0.406131 -0.105610 -0.163725 0.815795 -0.554683
-0.500000 0.342259 -0.106775 -0.366122 0.678963 -0.636368
-0.432191 0.287820 -0.028944 -0.118667 -0.704423 0.699791
0.315575 0.330448 -0.269503 0.366703 0.277690 -0.887929
-0.014166 0.397257 -0.299172 0.163107 0.767793 -0.619588
0.003894 0.259968 -0.300962 0.041026 -0.493146 -0.868979
0.294872 0.206833 -0.231097 0.257884 -0.866606 -0.427189
-0.027188 0.427560 -0.208044 0.016992 0.997563 -0.067673
-0.033429 0.433139 -0.105591 0.032159 0.986629 -0.159780
0.260485 0.192654 -0.089541 0.045492 -0.990823 -0.127279
-0.059198 0.035937 0.207328 -0.314970 -0.641964 -0.699054
-0.079956 0.098608 0.241687 -0.778146 0.345446 -0.524553
0.078018 0.073270 0.144594 -0.402787 -0.286224 -0.869390
-0.050626 0.000000 0.269843 -0.244963 -0.930812 0.271262
0.124261 0.035056 0.208035 0.354156 -0.916507 0.185979
-0.010403 0.266016 -0.208466 -0.178506 -0.965596 -0.189103
-0.021893 0.264245 -0.104343 -0.195813 -0.969614 0.146645
0.132786 0.221709 0.018822 -0.437720 -0.888892 -0.135176
-0.232755 0.281075 -0.121146 -0.082991 -0.577410 0.812225
-0.383791 0.281213 -0.201382 -0.202338 -0.447210 -0.871242
-0.217557 0.277359 -0.202290 -0.034121 -0.715752 -0.697520
-0.181391 0.263786 -0.226976 -0.086995 -0.498865 0.862303
-0.153896 0.252443 -0.298411 -0.060573 -0.699168 -0.712387
-0.288808 0.269732 -0.294345 -0.280429 -0.437622 -0.854311
-0.015616 0.260436 0.004745 -0.183261 -0.958985 -0.216247
0.007354 0.250672 0.120623 -0.209189 -0.748663 0.629081
-0.390307 0.289959 0.010159 -0.223432 -0.506332 -0.832890
-0.224293 0.276010 0.012453 -0.075950 -0.662350 -0.745335
-0.250310 0.284746 -0.017152 -0.117508 -0.618351 0.777067
-0.444671 0.287958 -0.110795 -0.176788 -0.515642 -0.838367
-0.254036 0.293207 -0.105958 -0.037199 -0.998665 0.035850
-0.063089 0.064249 0.300962 0.083153 0.219663 0.972026
0.032022 0.155560 0.188112 -0.647212 0.709686 -0.278322
-0.027620 0.429799 0.003588 -0.121710 0.942354 0.311698
-0.207426 0.390282 0.014243 -0.128121 0.588014 -0.798639
-0.370613 0.282002 0.088733 -0.214418 -0.731494 0.647257
-0.425216 0.336165 0.089880 -0.388397 0.713356 0.583328
-0.445516 0.344204 0.011554 -0.380786 0.717861 -0.582818
-0.455280 0.336395 -0.128433 -0.485794 0.813882 0.318748
-0.215456 0.394788 -0.117531 -0.197127 0.698410 0.688015
-0.402512 0.281259 -0.129956 -0.122475 -0.655414 0.745274
-0.202323 0.390090 -0.201932 -0.133715 0.491040 -0.860814
-0.438183 0.333843 -0.197518 -0.338577 0.560492 -0.755787
-0.169818 0.364807 -0.297410 -0.132801 0.510283 -0.849691
-0.182418 0.378894 -0.226242 -0.211880 0.510233 0.833528
-0.349726 0.336817 -0.236401 -0.592546 0.760176 0.266499
-0.331206 0.331054 -0.294510 -0.349481 0.410234 -0.842361
-0.304207 0.280378 -0.233630 -0.208377 -0.579137 0.788149
0.167017 0.115255 0.073857 -0.008063 -0.821788 -0.569736
0.088562 0.115952 0.252681 0.236319 0.246695 0.939837
0.262045 0.105857 0.150063 0.647544 -0.686501 0.330762
0.495914 0.319059 0.067727 0.699523 -0.232221 0.675826
0.500000 0.338718 -0.071449 0.759057 0.246150 -0.602696
