0.401530 0.292455 -0.166142 0.256648 -0.426195 -0.867462
0.415782 0.296410 -0.093698 0.046598 -0.651094 0.757565
0.219374 0.303008 -0.178650 0.040868 -0.724946 -0.687592
0.393638 0.302779 0.045326 0.276545 -0.468911 -0.838836
0.215832 0.302127 0.036277 0.072758 -0.678783 -0.730725
0.455032 0.310589 -0.072040 0.263682 -0.486519 -0.832929
0.253394 0.310405 -0.079923 0.054243 -0.721113 -0.690691
0.415351 0.354519 0.126625 0.411605 0.666511 0.621566
0.198900 0.398129 0.127102 0.120837 0.608135 0.784583
0.370365 0.290785 0.122587 0.118741 -0.731167 0.671786
0.438862 0.365954 0.049620 0.471380 0.681595 -0.559670
0.222192 0.415795 0.038562 0.196670 0.560547 -0.804430
0.500000 0.373626 -0.065130 0.410036 0.671490 -0.617229
0.258983 0.423834 -0.079079 0.152531 0.527987 -0.835443
0.482637 0.372048 0.013160 0.425597 0.752754 0.502224
0.446443 0.354473 -0.159397 0.418643 0.503945 -0.755498
0.230965 0.417144 -0.177485 0.193798 0.465764 -0.863427
0.458373 0.360237 -0.089431 0.520701 0.772823 0.362787
0.348184 0.329980 -0.262684 0.474476 0.294203 -0.829649
0.198203 0.401708 -0.275330 0.224005 0.507291 -0.832152
0.362986 0.338432 -0.203529 0.740588 0.581685 0.336409
0.291460 0.276927 -0.266245 0.259234 -0.469876 -0.843810
0.437697 0.308267 0.008883 0.096696 -0.706513 0.701063
0.242895 0.303844 0.008388 0.040742 -0.606647 0.793927
0.232140 0.304449 -0.096534 0.007624 -0.561992 0.827107
-0.288118 0.223563 -0.230730 -0.242246 -0.821634 -0.515979
-0.311473 0.346343 -0.268512 -0.348240 0.307740 -0.885452
0.021113 0.288968 -0.289674 0.016530 -0.480657 -0.876753
0.096457 0.096882 0.233960 0.789978 0.321164 -0.522291
0.066668 0.042765 0.193214 0.216274 -0.598052 -0.771724
-0.062655 0.094047 0.145181 0.375263 -0.246799 -0.893459
-0.090434 0.244018 0.157607 0.666321 0.212986 0.714600
-0.155380 0.126772 0.075995 0.185442 -0.783965 -0.592460
-0.147470 0.241320 0.026237 0.508601 -0.840406 -0.187199
0.056124 0.000000 0.251351 0.176892 -0.976405 0.123867
-0.109018 0.056338 0.207796 -0.371714 -0.911102 0.178106
-0.250262 0.210449 -0.090367 0.153575 -0.968317 -0.196920
0.077892 0.057035 0.289674 -0.006092 0.130038 0.991490
-0.071410 0.135463 0.254122 -0.207741 0.236183 0.949242
-0.242847 0.282746 0.158470 -0.197568 0.269696 0.942460
-0.013347 0.173024 0.191415 0.683079 0.686275 -0.249857
0.041853 0.464378 -0.093211 -0.049582 0.984561 -0.167874
0.248163 0.420631 0.013876 0.130313 0.663382 0.736847
0.040890 0.457165 -0.195839 -0.041940 0.995269 -0.087639
0.239059 0.418539 -0.092349 0.152665 0.666822 0.729412
0.170020 0.291161 -0.278194 0.014785 -0.698487 -0.715470
0.020929 0.292180 0.016574 0.202982 -0.952178 -0.228375
0.033493 0.296502 -0.091982 0.212419 -0.955062 -0.206724
0.028629 0.297291 -0.196600 0.214014 -0.956433 -0.198581
0.305198 0.282140 -0.204483 0.032044 -0.577070 0.816066
0.184933 0.298503 -0.205640 0.014837 -0.487489 0.873003
0.035347 0.426440 -0.287435 -0.166855 0.772333 -0.612912
-0.486627 0.226169 0.000156 -0.500289 -0.849203 -0.169013
-0.250079 0.117990 0.152082 -0.540992 -0.528569 0.654173
-0.007373 0.279956 0.131058 0.236617 -0.798032 0.554217
0.193137 0.286040 0.124487 0.041842 -0.661106 0.749125
-0.481442 0.330439 0.076023 -0.623302 -0.070460 0.778801
0.001520 0.430340 0.129544 -0.012245 0.526041 0.850371
0.029739 0.459909 0.015399 0.089970 0.942442 0.322039
0.210207 0.411564 -0.203217 0.183956 0.456374 0.870565
-0.485617 0.457725 0.034386 -0.229693 0.924659 0.303721
-0.500000 0.347822 -0.064271 -0.512343 0.708430 -0.485418
