0 1
0 2
0 3
0 4
0 33
0 5
0 41
1 0
1 2
1 3
1 57
1 58
1 59
2 0
2 1
2 41
2 16
2 59
2 60
3 0
3 33
3 1
3 40
3 56
3 57
3 25
4 0
4 5
4 41
4 42
4 43
4 44
5 0
5 33
5 32
5 35
5 4
5 43
6 37
6 7
6 8
6 9
6 10
7 36
7 6
7 8
7 41
7 10
7 16
8 37
8 6
8 7
8 38
8 9
8 16
8 24
9 8
9 37
9 6
10 36
10 37
10 38
10 6
10 7
11 12
11 13
11 60
11 14
12 11
12 13
12 15
12 51
12 60
13 11
13 12
13 14
13 51
13 23
13 29
13 30
14 11
14 13
14 17
14 23
14 60
15 12
15 47
15 16
15 49
15 51
15 52
15 23
15 60
15 29
16 2
16 7
16 8
16 41
16 15
16 47
16 24
16 26
16 60
17 14
17 23
17 24
17 25
17 56
17 60
18 19
18 20
18 21
18 22
19 39
19 40
19 18
19 20
19 21
20 40
20 18
20 19
20 22
20 56
21 18
21 19
21 22
21 39
22 39
22 18
22 20
22 21
22 56
22 57
22 58
23 13
23 14
23 15
23 17
23 49
23 24
23 26
23 28
23 29
24 32
24 36
24 38
24 8
24 16
24 17
24 23
24 25
24 26
25 32
25 33
25 3
25 17
25 24
25 56
26 47
26 16
26 48
26 23
26 24
26 28
27 46
27 48
27 49
27 50
27 28
28 48
28 49
28 23
28 26
28 27
29 13
29 15
29 23
29 52
29 55
29 30
30 13
30 51
30 55
30 29
30 31
31 51
31 53
31 54
31 55
31 30
32 33
32 35
32 36
32 5
32 41
32 42
32 24
32 25
33 0
33 32
33 3
33 5
33 25
34 35
34 42
34 43
34 44
34 45
35 32
35 34
35 5
35 42
35 43
36 32
36 38
36 7
36 41
36 10
36 24
37 6
37 38
37 8
37 9
37 10
38 36
38 37
38 8
38 10
38 24
39 40
39 19
39 21
39 22
39 57
40 3
40 39
40 19
40 20
40 56
40 57
41 0
41 32
41 2
41 4
41 36
41 7
41 42
41 16
42 32
42 34
42 35
42 4
42 41
42 44
42 45
43 34
43 35
43 4
43 5
43 44
44 34
44 4
44 42
44 43
44 45
45 34
45 44
45 42
46 47
46 48
46 49
46 50
46 27
47 46
47 15
47 48
47 49
47 16
47 26
48 46
48 47
48 26
48 27
48 28
49 46
49 47
49 15
49 50
49 23
49 27
49 28
50 49
50 27
50 46
51 12
51 13
51 15
51 52
51 53
51 54
51 30
51 31
52 15
52 51
52 53
52 55
52 29
53 51
53 52
53 54
53 55
53 31
54 51
54 53
54 31
55 52
55 53
55 29
55 30
55 31
56 3
56 40
56 17
56 20
56 22
56 25
56 58
56 60
57 1
57 3
57 39
57 40
57 22
57 58
58 1
58 22
58 56
58 57
58 59
58 60
59 1
59 58
59 2
59 60
60 2
60 11
60 12
60 14
60 15
60 16
60 17
60 56
60 58
60 59
