 -0.500000   0.347822  -0.064271
 -0.316589   0.261008   0.044848
  0.008254   0.352712   0.070194
 -0.002508   0.364429  -0.038711
  0.096989   0.364584  -0.145000
  0.104952   0.363137  -0.244966
 -0.169861   0.191557   0.132143
  0.151688   0.351223   0.069937
  0.168799   0.360678  -0.039191
  0.224254   0.354416  -0.133875
  0.201679   0.345077  -0.235283
 -0.035928   0.104782   0.204041
  0.294018   0.335886   0.069621
  0.337819   0.345593  -0.039660
  0.345384   0.342604  -0.123280
  0.285660   0.328771  -0.226764
  0.083799   0.088948   0.250388
  0.403039   0.315314   0.069282
  0.474373   0.339094  -0.040051
  0.443157   0.340584  -0.114740
  0.353317   0.335529  -0.219962
