0 86
1 3
1 57
2 58
3 1
3 4
4 3
4 96
5 6
6 5
10 11
10 80
11 10
12 13
12 81
13 12
14 15
14 65
15 14
15 63
16 17
16 33
17 16
18 31
19 20
20 19
20 32
24 82
25 88
26 27
26 49
27 26
27 87
28 29
28 50
29 28
29 30
30 29
30 48
31 18
31 33
32 20
32 34
33 16
33 31
34 32
34 35
35 34
35 76
37 75
44 88
45 82
46 47
46 87
47 46
48 30
49 26
50 28
57 1
57 84
58 2
58 85
58 86
60 94
61 62
61 95
62 61
62 81
63 15
63 64
64 63
64 65
65 14
65 64
72 73
73 72
73 74
74 73
74 77
75 37
76 35
77 74
80 10
81 12
81 62
82 24
82 45
84 57
84 96
85 58
85 86
86 0
86 58
86 85
87 27
87 46
88 25
88 44
94 60
95 61
96 4
96 84
