0 40
0 1
0 100
0 38
1 0
1 32
1 2
1 3
1 100
1 38
1 30
2 1
2 3
2 4
2 5
2 27
2 28
2 29
2 30
3 1
3 2
3 4
3 37
3 38
4 33
4 2
4 3
4 34
4 5
4 6
4 35
4 37
4 97
5 96
5 2
5 4
5 6
5 7
5 42
5 27
6 97
6 4
6 5
6 7
6 8
6 18
6 82
6 53
7 96
7 5
7 6
7 8
7 9
8 6
8 7
8 9
8 10
8 14
8 16
8 18
9 96
9 7
9 8
9 10
9 11
9 91
10 8
10 9
10 11
10 12
10 13
10 14
11 9
11 10
11 12
11 13
11 88
11 90
11 91
12 10
12 11
12 13
13 10
13 11
13 12
13 14
13 15
13 88
14 8
14 10
14 13
14 15
14 16
15 13
15 14
15 16
15 17
15 88
15 89
15 95
16 8
16 14
16 15
16 17
16 18
17 15
17 16
17 18
17 19
17 95
18 36
18 37
18 38
18 39
18 6
18 8
18 16
18 17
18 19
18 20
18 53
19 42
19 44
19 17
19 18
19 20
19 21
19 95
20 39
20 73
20 74
20 18
20 19
20 21
20 22
20 62
21 66
21 67
21 44
21 19
21 20
21 22
22 67
22 79
22 20
22 21
22 62
23 78
23 24
23 25
23 26
23 27
23 62
24 64
24 23
24 25
24 26
24 63
25 64
25 69
25 23
25 24
25 61
25 62
26 74
26 76
26 23
26 24
26 58
26 27
26 28
26 63
27 2
27 5
27 42
27 43
27 78
27 23
27 26
27 28
28 2
28 76
28 77
28 86
28 26
28 27
28 29
29 2
29 84
29 86
29 28
29 30
29 31
30 32
30 1
30 2
30 29
30 31
31 32
31 83
31 84
31 29
31 30
32 1
32 100
32 41
32 83
32 30
32 31
33 34
33 35
33 4
33 36
33 50
33 52
34 33
34 97
34 98
34 4
34 50
34 51
35 33
35 4
35 37
35 36
36 33
36 35
36 37
36 18
36 52
36 53
37 35
37 36
37 4
37 38
37 3
37 18
38 0
38 1
38 3
38 37
38 39
38 40
38 18
39 38
39 40
39 41
39 73
39 18
39 20
40 0
40 100
40 38
40 39
40 41
41 32
41 100
41 39
41 40
41 73
41 83
42 96
42 5
42 43
42 44
42 19
42 27
42 95
43 42
43 44
43 45
43 78
43 27
44 66
44 42
44 43
44 45
44 46
44 19
44 21
45 43
45 44
45 78
45 46
45 47
45 93
46 66
46 44
46 45
46 47
46 48
47 68
47 45
47 46
47 48
47 49
47 93
47 94
48 49
48 66
48 46
48 47
49 66
49 67
49 68
49 47
49 48
50 33
50 34
50 98
50 80
50 51
50 52
51 50
51 34
51 98
52 33
52 36
52 80
52 81
52 50
52 53
53 36
53 6
53 81
53 18
53 82
53 52
54 64
54 65
54 55
54 56
54 57
54 58
54 63
55 65
55 72
55 54
55 56
55 57
55 59
56 65
56 54
56 55
57 58
57 59
57 54
57 55
58 74
58 54
58 57
58 26
58 59
58 60
58 63
59 70
59 72
59 55
59 57
59 58
59 60
59 61
60 74
60 58
60 59
60 61
60 62
61 69
61 70
61 25
61 59
61 60
61 62
62 74
62 78
62 79
62 20
62 22
62 23
62 25
62 60
62 61
63 64
63 58
63 54
63 24
63 26
64 65
64 69
64 54
64 24
64 25
64 63
65 64
65 69
65 71
65 72
65 54
65 55
65 56
66 67
66 44
66 46
66 48
66 49
66 21
67 66
67 68
67 79
67 49
67 21
67 22
67 92
68 67
68 47
68 49
68 92
68 94
69 64
69 65
69 70
69 71
69 25
69 61
70 69
70 71
70 72
70 59
70 61
71 72
71 65
71 69
71 70
72 65
72 70
72 71
72 55
72 59
73 39
73 41
73 74
73 75
73 83
73 20
74 58
74 73
74 75
74 76
74 20
74 26
74 60
74 62
75 73
75 74
75 76
75 77
75 83
75 84
75 85
75 87
76 74
76 75
76 77
76 26
76 28
77 75
77 76
77 86
77 87
77 28
78 43
78 45
78 79
78 23
78 27
78 92
78 93
78 62
79 67
79 78
79 22
79 92
79 62
80 98
80 99
80 81
80 50
80 82
80 52
81 80
81 82
81 52
81 53
82 97
82 98
82 99
82 6
82 80
82 81
82 53
83 32
83 73
83 41
83 75
83 84
83 31
84 75
84 83
84 85
84 86
84 29
84 31
85 75
85 84
85 86
85 87
86 77
86 84
86 85
86 87
86 28
86 29
87 75
87 77
87 85
87 86
88 11
88 13
88 15
88 89
88 90
89 15
89 88
89 90
89 91
89 95
90 88
90 89
90 91
90 11
91 96
91 9
91 11
91 89
91 90
91 95
92 67
92 68
92 78
92 79
92 93
92 94
93 45
93 78
93 47
93 92
93 94
94 47
94 92
94 93
94 68
95 96
95 42
95 15
95 17
95 19
95 89
95 91
96 5
96 7
96 9
96 42
96 91
96 95
97 34
97 98
97 4
97 6
97 82
98 97
98 34
98 99
98 80
98 50
98 82
98 51
99 80
99 98
99 82
100 0
100 1
100 32
100 40
100 41
