0 1
0 2
0 3
0 4
0 86
0 58
1 0
1 2
1 3
1 5
1 56
1 57
1 58
2 0
2 1
2 58
3 0
3 1
3 4
3 5
4 0
4 96
4 3
4 99
4 5
4 6
4 86
5 1
5 3
5 4
5 6
5 7
5 54
5 56
6 99
6 4
6 5
6 7
6 8
7 97
7 5
7 6
7 8
7 9
7 54
7 89
7 90
8 99
8 6
8 7
8 9
8 10
8 80
8 51
8 83
8 53
9 97
9 98
9 38
9 7
9 8
9 10
9 43
9 11
10 8
10 9
10 11
10 12
10 80
11 9
11 10
11 43
11 12
11 13
11 94
12 65
12 10
12 11
12 13
12 14
12 80
12 81
13 11
13 12
13 14
13 15
13 94
13 95
14 65
14 12
14 13
14 15
14 63
15 63
15 13
15 14
15 95
16 32
16 33
16 17
16 18
16 19
16 20
16 31
17 16
17 18
17 19
18 35
18 76
18 16
18 17
18 19
18 31
19 76
19 16
19 17
19 18
19 20
19 21
20 32
20 16
20 19
20 21
20 22
21 39
21 41
21 75
21 76
21 79
21 19
21 20
21 22
21 23
22 32
22 36
22 38
22 82
22 20
22 21
22 23
22 24
23 79
23 52
23 21
23 22
23 24
23 25
23 59
24 82
24 22
24 23
24 25
24 26
25 27
25 88
25 23
25 24
25 26
25 59
26 49
26 82
26 24
26 25
26 27
26 28
27 87
27 88
27 25
27 26
27 28
27 29
28 48
28 49
28 50
28 26
28 27
28 29
28 30
29 27
29 28
29 30
29 87
30 46
30 48
30 87
30 28
30 29
31 32
31 33
31 34
31 35
31 16
31 18
32 33
32 34
32 36
32 16
32 20
32 22
32 31
33 32
33 16
33 31
34 32
34 35
34 36
34 31
35 34
35 36
35 37
35 76
35 18
35 31
36 32
36 34
36 35
36 37
36 38
36 22
37 35
37 36
37 38
37 39
37 75
37 76
38 98
38 36
38 37
38 39
38 40
38 9
38 43
38 44
38 45
38 82
38 22
39 37
39 38
39 40
39 41
39 75
39 21
40 98
40 66
40 38
40 39
40 41
40 42
40 92
41 39
41 40
41 42
41 79
41 21
42 66
42 67
42 68
42 100
42 40
42 41
42 79
43 38
43 9
43 11
43 44
43 88
43 59
43 94
44 38
44 43
44 45
44 46
44 88
45 38
45 44
45 46
45 47
45 82
46 44
46 45
46 47
46 48
46 87
46 88
46 30
47 45
47 46
47 48
47 49
47 82
48 46
48 47
48 49
48 50
48 28
48 30
49 47
49 48
49 50
49 82
49 26
49 28
50 48
50 49
50 28
51 8
51 83
51 52
51 53
51 54
51 55
52 78
52 79
52 51
52 53
52 54
52 23
52 59
52 60
53 8
53 80
53 81
53 51
53 52
53 60
53 61
53 62
54 5
54 7
54 78
54 51
54 52
54 55
54 56
54 89
55 83
55 51
55 54
55 56
55 57
56 1
56 5
56 54
56 55
56 57
57 1
57 83
57 84
57 55
57 56
57 58
58 0
58 1
58 2
58 84
58 85
58 86
58 57
59 43
59 52
59 23
59 88
59 25
59 60
59 94
60 52
60 53
60 59
60 61
60 94
61 53
61 95
61 62
61 60
61 94
61 63
62 64
62 81
62 53
62 61
62 63
63 64
63 65
63 14
63 15
63 61
63 62
63 95
64 81
64 65
64 62
64 63
65 64
65 12
65 14
65 81
65 63
66 40
66 42
66 100
66 92
67 68
67 69
67 70
67 42
67 79
68 67
68 100
68 69
68 42
68 91
68 93
69 67
69 68
69 70
69 71
69 93
70 67
70 69
70 71
70 72
70 78
70 79
71 69
71 70
71 72
71 73
71 90
71 93
72 70
72 71
72 73
72 74
72 77
72 78
73 72
73 74
73 90
73 71
74 72
74 73
74 90
74 77
75 37
75 76
75 21
75 39
76 35
76 37
76 75
76 18
76 19
76 21
77 72
77 74
77 78
77 89
77 90
78 70
78 72
78 77
78 79
78 52
78 54
78 89
79 67
79 70
79 41
79 42
79 78
79 52
79 21
79 23
80 8
80 10
80 12
80 81
80 53
81 64
81 65
81 12
81 80
81 53
81 62
82 38
82 45
82 47
82 49
82 22
82 24
82 26
83 99
83 8
83 51
83 84
83 55
83 57
84 96
84 99
84 83
84 85
84 57
84 58
85 96
85 58
85 84
85 86
86 0
86 96
86 4
86 85
86 58
87 46
87 88
87 27
87 29
87 30
88 59
88 43
88 44
88 46
88 87
88 25
88 27
89 7
89 77
89 78
89 54
89 90
90 97
90 7
90 71
90 73
90 74
90 77
90 89
90 93
91 97
91 98
91 100
91 68
91 92
91 93
92 66
92 98
92 100
92 40
92 91
93 97
93 68
93 69
93 71
93 90
93 91
94 11
94 43
94 13
94 59
94 60
94 61
94 95
95 13
95 15
95 61
95 94
95 63
96 99
96 4
96 84
96 85
96 86
97 98
97 7
97 9
97 90
97 91
97 93
98 97
98 38
98 40
98 9
98 91
98 92
99 96
99 4
99 6
99 8
99 83
99 84
100 66
100 68
100 42
100 91
100 92
