7 8
8 7
9 10
9 91
10 9
10 14
11 12
11 13
11 88
11 90
12 11
12 13
13 11
13 12
13 88
14 10
14 15
15 14
15 89
16 17
17 16
19 20
20 19
22 79
24 25
25 24
33 34
33 52
34 33
34 97
35 36
36 35
36 53
43 44
44 43
45 46
45 93
46 45
46 66
47 48
47 94
48 47
49 68
50 80
51 98
52 33
52 81
53 36
54 64
55 56
55 72
56 55
56 65
57 59
58 63
59 57
59 70
60 61
61 60
63 58
64 54
64 69
65 56
65 71
65 72
66 46
66 67
67 66
67 92
68 49
68 94
69 64
69 70
70 59
70 69
71 65
71 72
72 55
72 65
72 71
77 87
78 79
79 22
79 78
80 50
80 98
80 99
81 52
81 82
82 81
82 97
85 86
85 87
86 85
87 77
87 85
88 11
88 13
88 90
89 15
89 91
90 11
90 88
91 9
91 89
92 67
92 93
93 45
93 92
94 47
94 68
97 34
97 82
98 51
98 80
98 99
99 80
99 98
