 -0.500000   0.140211  -0.113529
 -0.292744   0.131894   0.029023
  0.022359   0.230402   0.051961
  0.049649   0.218595  -0.050623
  0.063888   0.200152  -0.153338
  0.044621   0.165503  -0.261879
 -0.126938   0.125241   0.143065
  0.168458   0.229829   0.050503
  0.210070   0.210273  -0.060267
  0.203656   0.177314  -0.168659
  0.148450   0.116850  -0.274321
 -0.030331   0.115141   0.237354
  0.308083   0.214787   0.055385
  0.354894   0.178729  -0.057938
  0.315849   0.111529  -0.161600
  0.217421   0.060570  -0.270752
  0.031557   0.111127   0.287295
  0.426702   0.219431   0.051256
  0.489118   0.148237  -0.055201
  0.409549   0.044400  -0.149280
  0.284469   0.021478  -0.271970
