  0.500000   0.140212  -0.113587
  0.291512   0.136369   0.030204
 -0.010141   0.221282   0.046374
 -0.047456   0.212077  -0.045455
 -0.077667   0.207341  -0.156362
 -0.039038   0.173825  -0.260867
  0.124721   0.133295   0.145238
 -0.163719   0.227968   0.050832
 -0.214724   0.213352  -0.059272
 -0.213454   0.175106  -0.168609
 -0.139889   0.118879  -0.274349
  0.033289   0.118080   0.236917
 -0.304541   0.217975   0.062207
 -0.359912   0.178530  -0.055262
 -0.321066   0.110446  -0.163127
 -0.215527   0.060375  -0.274898
 -0.027105   0.129157   0.284464
 -0.429916   0.209636   0.072290
 -0.485403   0.144694  -0.050131
 -0.414863   0.046493  -0.153534
 -0.290012   0.018146  -0.281889
