0.430286 0.222443 -0.270927 0.585308 0.499878 -0.638386
0.427023 0.075711 -0.267233 0.418277 -0.659116 -0.624988
0.190545 0.043564 -0.252650 -0.276537 -0.954816 -0.108875
0.103400 0.103547 -0.329802 0.083259 -0.250881 -0.964431
-0.010564 0.119374 -0.318149 -0.129387 -0.867465 -0.480378
-0.040206 0.149600 -0.170415 -0.344166 -0.917697 0.198446
-0.037232 0.163788 -0.230671 0.147785 -0.855175 0.496825
-0.176074 0.146489 -0.170423 0.196722 -0.978427 0.063100
-0.179564 0.160192 -0.216043 0.061420 -0.377458 -0.923988
-0.278103 0.083548 -0.169800 0.511198 -0.848418 0.137347
-0.288080 0.096969 -0.205383 0.196907 -0.472835 -0.858868
-0.363730 0.031820 -0.168860 0.348121 -0.933626 0.084582
-0.366856 0.046501 -0.198540 0.175896 -0.628842 -0.757376
-0.423356 0.041486 -0.190733 -0.556891 0.145453 -0.817751
-0.316334 0.134092 -0.209898 -0.270016 0.203460 -0.941114
-0.335233 0.151679 -0.170939 -0.657907 0.734979 -0.164206
-0.200906 0.215683 -0.217591 -0.271008 0.452261 -0.849714
-0.213569 0.244308 -0.171341 -0.310916 0.897859 -0.311738
-0.027915 0.241516 -0.230413 -0.113511 0.897938 -0.425232
-0.065342 0.287539 -0.123839 -0.223087 0.837810 -0.498304
-0.039607 0.311848 -0.068135 0.009503 0.999930 -0.007019
-0.220124 0.257859 -0.103475 -0.221444 0.633404 -0.741459
-0.230480 0.285392 -0.057574 -0.238324 0.970983 -0.019828
-0.043908 0.213384 0.001612 -0.191050 -0.981473 0.014519
-0.181665 0.175411 0.059911 0.027770 -0.994891 -0.097065
-0.185914 0.203574 0.014723 -0.028889 -0.442453 -0.896326
-0.039387 0.177778 0.108748 -0.396272 -0.664761 0.633294
-0.038598 0.169630 -0.056299 -0.476442 -0.877095 0.060891
0.067651 0.093206 0.096017 -0.695047 -0.708293 -0.123413
0.149909 0.037290 0.080456 -0.229202 -0.973049 -0.025327
0.310320 0.027556 -0.074394 0.101579 -0.993522 -0.050957
0.286937 0.032457 0.086071 0.212672 -0.913435 0.346996
0.428935 0.062676 0.028152 0.680983 -0.621657 0.387045
-0.205663 0.097075 -0.313703 -0.272884 0.145936 -0.950914
-0.170361 0.056644 -0.310448 0.137077 -0.462495 -0.875962
-0.143146 0.158158 -0.320797 -0.170689 0.195051 -0.965826
-0.148965 0.186700 -0.280092 -0.476747 0.839662 -0.260152
-0.018902 0.202542 -0.325410 -0.089188 0.526909 -0.845229
0.210202 0.231540 -0.307777 0.089691 0.698227 -0.710236
0.206105 0.304223 -0.102678 0.070197 0.995151 -0.068891
0.427714 0.267214 -0.116646 0.365884 0.920582 -0.136594
0.425832 0.236175 0.016908 0.548433 0.626928 0.553337
-0.047065 0.202428 -0.115334 -0.225623 -0.951503 0.209133
-0.204919 0.171527 -0.056337 0.080404 -0.992033 -0.096980
-0.212795 0.197944 -0.103331 0.002413 -0.394343 -0.918960
-0.346606 0.134942 -0.055806 0.235725 -0.969435 0.068046
-0.353768 0.156345 -0.095782 0.084569 -0.553246 -0.828714
-0.445495 0.115853 -0.055237 -0.031069 -0.997909 0.056684
-0.447673 0.133023 -0.085517 -0.130740 -0.321032 -0.938001
-0.499871 0.155837 -0.075244 -0.592601 0.464115 -0.658347
-0.297018 0.019559 -0.293263 -0.542727 0.098683 -0.834092
-0.236808 0.015500 -0.303142 0.063629 -0.590211 -0.804737
-0.213880 0.114214 -0.278803 -0.730528 0.681197 -0.047954
-0.152698 0.164835 -0.236998 -0.324753 0.323158 0.888878
-0.324134 0.193407 0.096882 -0.080804 -0.293282 0.952605
-0.444069 0.220220 0.074341 -0.469780 0.447088 0.761196
-0.403911 0.193316 0.083870 -0.269512 -0.529146 0.804592
-0.332108 0.244172 0.094067 -0.192696 0.515267 0.835086
-0.183395 0.271250 0.103005 -0.112718 0.360950 0.925748
-0.334073 0.253716 0.057377 -0.241356 0.966946 -0.082232
-0.189374 0.291522 0.057589 -0.115121 0.993157 0.019636
-0.187667 0.263868 0.012856 -0.158486 0.434962 -0.886392
-0.061745 0.293457 0.000216 -0.172649 0.960552 0.218019
-0.183501 0.207565 0.106123 -0.046008 -0.501807 0.863755
-0.321584 0.169433 0.057581 0.035560 -0.996142 0.080234
-0.404579 0.174045 0.057202 -0.289203 -0.954869 0.067728
-0.367334 0.203839 -0.096245 -0.193005 0.304640 -0.932708
-0.374845 0.222928 -0.056519 -0.404113 0.912554 -0.062747
-0.500000 0.156140 -0.035784 -0.609466 0.489610 0.623565
-0.324020 0.185373 0.022127 -0.045996 -0.385859 -0.921410
-0.332821 0.236532 0.021657 -0.167860 0.413294 -0.894992
-0.403585 0.191139 0.031110 -0.224289 -0.274362 -0.935104
-0.443743 0.218262 0.041194 -0.519197 0.553778 -0.650972
0.218252 0.247578 0.108718 0.197227 0.879962 0.432167
-0.036132 0.276242 0.116684 -0.011973 0.827545 0.561271
0.130736 0.198089 0.192121 0.326243 0.472465 0.818745
0.065678 0.191473 0.145666 -0.802303 0.233154 0.549499
-0.023666 0.147218 0.286071 -0.789889 0.569964 -0.226308
-0.212704 0.203263 -0.007940 0.012602 -0.423641 0.905742
-0.220093 0.267380 -0.011733 -0.219857 0.565294 0.795051
-0.298755 0.021524 -0.259577 -0.636509 0.183269 0.749178
-0.212840 0.101878 -0.242446 -0.477992 0.360992 0.800755
-0.182045 0.069140 -0.239479 0.095100 -0.284712 0.953884
0.267575 0.112576 0.149968 0.499978 0.072278 0.863017
0.135827 0.061933 0.202682 0.390385 -0.571633 0.721689
-0.019160 0.087205 0.329802 0.584427 -0.155239 0.796459
-0.035426 0.070976 0.289273 -0.579187 -0.803189 -0.139388
-0.019038 0.130132 0.329613 0.020789 0.589817 0.807270
-0.425382 0.042244 -0.150484 -0.780535 0.258568 0.569128
-0.326000 0.143591 -0.131987 -0.398776 0.346369 0.849121
-0.371302 0.050347 -0.139126 -0.011964 -0.309620 0.950785
-0.295371 0.102083 -0.129362 0.154997 -0.332488 0.930284
-0.368313 0.208513 -0.016240 -0.207542 0.355622 0.911295
-0.354694 0.162642 -0.013918 0.082948 -0.519203 0.850616
-0.447430 0.136057 -0.024654 -0.129622 -0.290970 0.947911
-0.209214 0.233573 -0.126722 -0.258453 0.378679 0.888709
-0.186916 0.174910 -0.122936 0.139106 -0.541074 0.829391
-0.159853 0.042662 -0.274524 0.470358 -0.801870 0.368467
-0.242012 0.000000 -0.274569 0.263177 -0.953046 0.149806
-0.243605 0.020007 -0.249107 0.047127 -0.484267 0.873650
0.500000 0.140212 -0.113587 0.999985 0.000247 0.005483
