-0.163538 0.108370 -0.282830 -0.134300 -0.989334 -0.056410
-0.010034 0.086615 -0.281242 -0.323929 -0.895584 0.304958
-0.173342 0.146379 -0.245363 -0.073814 -0.436970 0.896442
-0.012367 0.147131 -0.237139 -0.362681 -0.931441 0.029654
-0.174018 0.195594 -0.247916 -0.086056 0.403008 0.911141
-0.042625 0.210292 -0.240267 -0.125290 0.698302 0.704753
-0.241465 0.190557 -0.128490 -0.062870 -0.378392 0.923508
-0.022560 0.187168 -0.117528 -0.266699 -0.939179 0.216368
-0.242284 0.250371 -0.131913 -0.056316 0.417838 0.906774
-0.050629 0.256642 -0.123842 -0.091555 0.696666 0.711530
-0.162279 0.206387 -0.287690 -0.095771 0.994837 -0.033573
-0.035694 0.217172 -0.288409 -0.133212 0.951973 -0.275684
-0.172886 0.186086 -0.325479 -0.082153 0.597199 -0.797875
-0.030209 0.191926 -0.334751 -0.090864 0.211888 -0.973061
-0.174094 0.127396 -0.322039 -0.106210 -0.368354 -0.923599
0.005788 0.110728 -0.336111 -0.158726 -0.536452 -0.828870
-0.015444 0.132391 -0.174654 -0.475766 -0.847581 0.235058
-0.229268 0.159851 -0.174435 -0.111802 -0.966404 0.231438
-0.240171 0.177608 -0.218233 -0.107801 -0.380064 -0.918657
-0.227857 0.262575 -0.175424 -0.039319 0.975007 -0.218668
-0.049910 0.271095 -0.176810 -0.102741 0.949307 -0.297088
0.080105 0.049596 -0.275520 -0.317463 -0.947792 -0.030130
0.066785 0.075399 -0.160675 -0.460344 -0.876485 0.140916
-0.241312 0.233044 -0.221258 -0.052138 0.385371 -0.921287
-0.049395 0.229976 -0.230200 -0.061168 0.410593 -0.909765
-0.269728 0.208171 -0.009234 -0.064323 -0.394787 0.916518
-0.019289 0.198518 0.003757 -0.282595 -0.925818 0.251001
-0.270649 0.266861 -0.012344 -0.058811 0.393810 0.917309
-0.051373 0.279107 -0.004881 -0.077280 0.637576 0.766502
-0.271562 0.259279 -0.101655 -0.063670 0.416368 -0.906964
-0.051373 0.268416 -0.111274 -0.072068 0.433748 -0.898147
-0.271114 0.202381 -0.101199 -0.074414 -0.337620 -0.938336
-0.013779 0.153165 -0.056302 -0.513197 -0.854472 0.080662
-0.256137 0.175538 -0.056193 -0.087738 -0.992745 0.082217
-0.255816 0.286359 -0.057283 -0.066244 0.993485 -0.092734
-0.051373 0.299307 -0.059345 -0.106421 0.989700 -0.095750
0.067047 0.091374 -0.046912 -0.465087 -0.884875 0.026252
0.007706 0.199558 -0.333931 -0.121866 0.744571 -0.656325
0.069583 0.173746 -0.345003 0.024991 0.068129 -0.997363
0.098539 0.084637 -0.339940 -0.032929 -0.452370 -0.891222
-0.009231 0.221736 -0.239075 -0.294685 0.844665 -0.446880
0.037930 0.234363 -0.285417 -0.091980 0.928174 -0.360601
0.054859 0.207046 -0.331235 0.101105 0.662351 -0.742340
-0.022873 0.281601 0.002303 -0.362861 0.923647 0.123318
0.025235 0.313955 -0.063740 -0.044889 0.985096 -0.166045
-0.030260 0.267325 -0.116970 -0.283574 0.932232 -0.224786
0.019454 0.284948 -0.178669 -0.090338 0.950720 -0.296597
-0.006730 0.138797 0.067273 -0.493682 -0.863096 0.106509
0.196944 0.012052 0.044123 -0.262742 -0.962832 -0.062612
0.130817 0.034991 0.126918 -0.462876 -0.873708 -0.149598
0.168825 0.049689 -0.031023 -0.426978 -0.897505 -0.110338
0.096401 0.073895 0.101655 -0.587315 -0.809034 -0.022923
0.203545 0.021755 0.148885 -0.121836 -0.975610 0.182595
0.259624 0.005223 0.105205 -0.016161 -0.984285 0.175848
0.330189 0.000000 0.045923 0.139269 -0.988507 0.058811
0.273645 0.003296 -0.020982 -0.098036 -0.986681 -0.129803
0.194291 0.039183 -0.135074 -0.285726 -0.953998 0.090820
-0.219616 0.188486 0.019917 -0.066631 -0.426903 -0.901839
-0.221594 0.247362 0.018674 -0.080559 0.371633 -0.924878
-0.045887 0.259558 0.009437 -0.142401 0.655051 -0.742045
-0.019103 0.263184 0.118060 -0.125439 0.665457 0.735821
-0.219861 0.255036 0.103312 -0.083087 0.389381 0.917322
-0.022467 0.184438 0.121424 -0.117236 -0.363687 0.924115
-0.219861 0.194140 0.106422 -0.089293 -0.365882 0.926368
-0.208544 0.268416 0.061729 -0.082104 0.995932 -0.037125
-0.039202 0.283291 0.061534 -0.189342 0.981357 0.032997
0.164092 0.048277 0.213753 0.337931 -0.522934 0.782523
0.267154 0.026471 0.163726 0.347677 -0.480877 0.804909
0.166315 0.127962 0.221267 0.413012 0.195554 0.889483
0.258948 0.100552 0.182565 0.438453 0.188635 0.878735
0.026038 0.182265 0.131609 -0.344522 -0.300414 0.889413
0.029816 0.264266 0.128110 -0.120757 0.386032 0.914547
-0.208113 0.163426 0.063343 -0.088624 -0.995094 -0.043966
0.150738 0.034661 0.188947 -0.020275 -0.974432 0.223766
0.090535 0.039141 0.167301 -0.355250 -0.922269 -0.152373
0.077240 0.084350 0.154057 -0.883521 -0.168836 -0.436903
-0.431641 0.210858 -0.091403 -0.107032 -0.479724 -0.870867
-0.435630 0.254986 -0.091183 -0.107438 0.611690 -0.783768
-0.430627 0.194047 -0.055187 -0.174341 -0.983278 0.052625
-0.481693 0.220324 -0.081810 -0.369804 -0.472494 -0.799996
-0.487153 0.210672 -0.055237 -0.725495 -0.687565 0.030184
-0.480899 0.222395 -0.027777 -0.350398 -0.462895 0.814217
-0.435630 0.257293 -0.019249 -0.099229 0.507729 0.855783
-0.429891 0.214577 -0.019199 -0.104539 -0.623869 0.774506
-0.286023 0.177651 -0.056083 -0.093644 -0.993859 0.058947
-0.285313 0.284238 -0.057131 -0.080071 0.994910 -0.061172
-0.435664 0.269633 -0.055795 -0.112423 0.993255 -0.028384
-0.237670 0.266244 0.061669 -0.081529 0.993632 -0.077768
-0.377938 0.244818 0.093905 -0.118671 0.485293 0.866261
-0.378588 0.253439 0.061745 -0.128153 0.989912 -0.060423
-0.379222 0.202102 0.092265 -0.129291 -0.601189 0.788578
-0.379704 0.240575 0.028513 -0.109529 0.450669 -0.885946
-0.378014 0.198797 0.031057 -0.140679 -0.660023 -0.737956
-0.420586 0.200496 0.061162 -0.669786 -0.740247 -0.058489
-0.376180 0.183026 0.061636 -0.199824 -0.976205 0.084226
-0.412176 0.212177 0.085859 -0.397796 -0.432828 0.808961
-0.413300 0.210951 0.037632 -0.414810 -0.281704 -0.865202
-0.237416 0.165835 0.062895 -0.110513 -0.992036 0.060435
0.223855 0.022414 -0.259943 -0.094671 -0.975196 -0.200076
0.244765 0.157730 -0.327102 0.207680 0.322392 -0.923543
0.031490 0.302139 0.000258 0.051724 0.994316 0.093062
0.042460 0.306990 0.058238 0.034301 0.965647 0.257583
0.242745 0.278254 0.000765 0.186966 0.976165 0.110209
0.239990 0.292766 -0.089231 0.132233 0.991215 -0.002821
0.022413 0.279995 -0.117545 -0.036130 0.981731 -0.186813
0.238967 0.266717 0.089451 0.255936 0.817108 0.516557
0.239990 0.282116 -0.188380 0.052174 0.962141 -0.267511
0.265836 0.017986 -0.118255 -0.091136 -0.994579 -0.050060
0.243726 0.245097 -0.262343 0.113342 0.790983 -0.601249
0.233499 0.056890 -0.325403 0.077912 -0.452854 -0.888174
0.329149 0.052934 -0.303546 0.335140 -0.460565 -0.821925
0.027856 0.245283 -0.236311 -0.079537 0.891951 -0.445080
0.091786 0.249340 0.132987 0.070538 0.682289 0.727672
0.348513 0.022558 -0.230454 0.116770 -0.977921 -0.173308
0.216020 0.184480 0.160202 0.310624 0.531347 0.788152
0.148946 0.215329 0.150507 0.056858 0.576777 0.814920
0.102351 0.175817 0.153136 -0.307761 0.211955 0.927555
0.079412 0.125190 0.130130 -0.726979 -0.383030 0.569903
0.081356 0.142093 0.169473 -0.758675 0.643321 -0.102720
0.157347 0.177651 0.181399 -0.092518 0.720252 0.687515
0.348538 0.087410 0.132640 0.514731 0.035528 0.856615
0.316395 0.180152 0.120233 0.415645 0.485305 0.769232
0.352730 0.019211 0.107124 0.440691 -0.711899 0.546801
-0.500000 0.256118 -0.035029 -0.616719 0.608333 0.499589
-0.499975 0.255789 -0.075945 -0.608533 0.591809 -0.528630
-0.433357 0.238082 0.044799 -0.639909 0.561760 -0.524349
-0.433433 0.240153 0.079182 -0.658885 0.559277 0.503071
0.050388 0.084308 0.181982 -0.723223 -0.024573 -0.690177
0.036316 0.084257 0.195919 -0.805322 0.064163 -0.589355
0.058029 0.138797 0.194085 -0.555342 0.703032 -0.444231
0.045148 0.137149 0.208116 -0.629248 0.684826 -0.367505
0.073885 0.147697 0.241070 0.022611 0.976585 0.213938
0.085193 0.149396 0.230910 0.057023 0.976226 0.209120
0.099021 0.124294 0.273187 0.597966 0.355979 0.718133
0.110363 0.124809 0.263535 0.594112 0.358143 0.720253
0.097601 0.054253 0.267642 0.660548 -0.204976 0.722261
0.107980 0.054582 0.258227 0.638719 -0.285967 0.714325
0.082573 0.039420 0.250519 0.129639 -0.961677 0.241602
0.095200 0.039420 0.238931 0.118732 -0.984007 0.132787
0.050000 0.039842 0.210288 -0.499701 -0.813272 -0.298141
0.062965 0.039606 0.196241 -0.441596 -0.797832 -0.410434
0.020671 0.064759 0.343853 0.459994 -0.432705 0.775353
0.021593 0.113974 0.342822 0.556878 0.366618 0.745303
-0.008581 0.110441 0.345003 -0.558686 0.476916 0.678543
-0.007904 0.070650 0.344360 -0.602069 -0.516707 0.608709
-0.010465 0.125325 0.287420 -0.712585 0.650120 -0.263754
0.013876 0.134512 0.310071 -0.107446 0.959925 0.258844
0.016116 0.049452 0.318599 -0.042367 -0.977790 0.205261
-0.010863 0.049968 0.296252 -0.628620 -0.773382 -0.081960
-0.022273 0.084773 0.278410 -0.862084 -0.169225 -0.477676
0.129152 0.055242 0.239202 0.564398 -0.306956 0.766311
0.117784 0.039327 0.217632 0.086642 -0.970687 0.224185
0.107751 0.152785 0.210702 -0.053748 0.934618 0.351568
0.133056 0.125891 0.244247 0.563217 0.350706 0.748192
-0.024952 0.087131 0.315007 -0.987105 0.015603 0.159310
-0.262121 0.184150 -0.317982 -0.116750 0.246327 -0.962129
-0.260591 0.137665 -0.314441 -0.188728 -0.544284 -0.817396
-0.260253 0.121369 -0.281892 -0.173664 -0.952715 0.249350
-0.299022 0.134461 -0.282163 -0.437338 -0.893605 -0.101020
-0.299833 0.150900 -0.310139 -0.405546 -0.320180 -0.856164
-0.302208 0.155050 -0.260923 -0.364617 -0.334862 0.868862
-0.262696 0.192163 -0.254931 -0.116725 0.533994 0.837392
-0.262341 0.149962 -0.251601 -0.135611 -0.356707 0.924321
-0.182732 0.110399 -0.282797 -0.127046 -0.962537 0.239546
-0.181355 0.205162 -0.287378 -0.072199 0.996617 -0.039272
-0.264631 0.198375 -0.287124 -0.071555 0.976113 -0.205144
-0.393143 0.252678 -0.174536 -0.117765 0.982728 -0.142750
-0.393852 0.244488 -0.139393 -0.100655 0.529370 0.842399
-0.256188 0.261156 -0.175364 -0.051673 0.983123 -0.175497
-0.440304 0.207325 -0.146738 -0.354446 -0.463065 0.812366
-0.388984 0.176332 -0.173370 -0.207217 -0.972255 0.108538
-0.447894 0.201578 -0.172685 -0.663284 -0.747628 0.033268
-0.439484 0.203885 -0.201227 -0.381554 -0.558328 -0.736672
-0.390370 0.191309 -0.206391 -0.120139 -0.534982 -0.836278
-0.390903 0.232943 -0.212156 -0.089076 0.580239 -0.809561
-0.390962 0.199981 -0.137660 -0.112265 -0.589233 0.800126
-0.257591 0.161778 -0.174291 -0.105812 -0.985430 0.133162
-0.323507 0.192163 -0.267118 -0.543394 0.625515 0.559869
-0.318174 0.152084 -0.284707 -0.898981 -0.437935 0.006751
-0.323541 0.189424 -0.302050 -0.528492 0.554919 -0.642465
-0.461654 0.233323 -0.195717 -0.542221 0.623349 -0.563412
-0.462676 0.235301 -0.153981 -0.590795 0.673977 0.443527
0.469087 0.024350 -0.107791 0.338786 -0.938732 -0.063293
0.468403 0.049503 -0.196984 0.709954 -0.564917 -0.420516
0.470499 0.042150 0.003681 0.684878 -0.700560 0.200395
0.467177 0.221972 -0.007991 0.456148 0.807991 0.372934
0.469054 0.254140 -0.103870 0.516586 0.853337 0.070390
0.471674 0.235157 -0.200830 0.394844 0.794944 -0.460611
0.471192 0.081147 0.050969 0.808759 -0.168127 0.563598
0.467828 0.165505 0.043920 0.720086 0.274400 0.637323
0.475249 0.154061 -0.262149 0.647902 0.049194 -0.760134
0.500000 0.136485 -0.102839 0.999920 0.001707 0.012497
