  0.500000   0.136485  -0.102839
  0.308308   0.120790   0.037306
 -0.059807   0.212458   0.057273
 -0.045763   0.187495  -0.063780
  0.026956   0.178604  -0.166952
  0.019612   0.154273  -0.271580
  0.154954   0.108233   0.149422
 -0.196044   0.213242   0.055804
 -0.213407   0.222099  -0.059104
 -0.147054   0.194750  -0.171371
 -0.114587   0.156745  -0.277278
  0.054162   0.092407   0.252010
 -0.322154   0.217963   0.053822
 -0.362216   0.232364  -0.051860
 -0.308356   0.212196  -0.175863
 -0.225787   0.159034  -0.281812
 -0.019370   0.108698   0.320211
 -0.431451   0.219749   0.052344
 -0.498306   0.233701  -0.043992
 -0.463327   0.229312  -0.180235
 -0.301714   0.137930  -0.281264
