0 2
0 14
0 163
2 0
2 4
3 16
4 2
4 10
4 164
5 11
5 24
5 40
6 176
8 19
8 168
9 30
9 45
10 4
10 12
10 164
11 5
11 13
12 10
12 14
12 164
13 11
13 37
14 0
14 12
14 163
16 3
17 176
18 176
19 8
19 23
19 168
23 19
23 168
24 5
24 40
25 27
27 25
27 34
28 43
28 59
29 34
29 85
30 9
30 45
31 33
31 84
33 31
33 84
34 27
34 29
34 85
37 13
38 42
40 5
40 24
40 111
41 111
42 38
43 28
43 59
43 65
45 9
45 30
45 104
46 104
49 51
49 73
49 74
51 49
57 72
57 97
58 87
59 28
59 43
60 71
61 64
63 72
63 97
64 61
65 43
66 150
66 151
68 119
68 153
71 60
72 57
72 63
72 97
73 49
74 49
74 75
74 140
75 74
75 127
75 128
76 77
76 78
76 79
77 76
77 86
78 76
78 81
78 83
79 76
79 80
79 124
80 79
80 81
80 123
80 124
81 78
81 80
81 82
81 83
81 123
82 81
82 83
82 86
83 78
83 81
83 82
84 31
84 33
85 29
85 34
86 77
86 82
87 58
88 89
88 90
88 95
89 88
89 91
89 126
90 88
90 93
90 94
90 95
91 89
91 92
91 96
91 125
92 91
92 93
92 94
92 96
93 90
93 92
93 94
93 95
93 96
93 125
93 126
94 90
94 92
94 93
94 95
94 96
95 88
95 90
95 93
95 94
95 96
95 125
95 126
96 91
96 92
96 93
96 94
96 95
96 125
96 126
97 57
97 63
97 72
104 45
104 46
111 40
111 41
116 117
116 118
117 116
117 118
118 116
118 117
118 129
118 130
119 68
119 152
123 80
123 81
123 124
124 79
124 80
124 123
125 91
125 93
125 95
125 96
125 126
126 89
126 93
126 95
126 96
126 125
127 75
127 128
127 139
127 140
128 75
128 127
128 139
128 140
129 118
129 130
129 132
130 118
130 129
130 132
131 132
131 133
131 134
131 152
132 129
132 130
132 131
132 133
132 134
132 152
133 131
133 132
133 134
134 131
134 132
134 133
134 152
134 153
135 136
135 137
135 138
135 150
135 151
136 135
136 137
136 138
136 150
136 151
137 135
137 136
137 138
137 150
137 151
138 135
138 136
138 137
138 140
138 150
138 151
139 127
139 128
139 140
140 74
140 127
140 128
140 138
140 139
140 151
141 142
141 143
141 144
141 147
141 148
142 141
142 143
142 144
142 146
143 141
143 142
143 144
143 145
143 146
143 154
144 141
144 142
144 143
144 147
144 148
144 154
145 143
145 146
145 149
145 154
146 142
146 143
146 145
147 141
147 144
147 148
148 141
148 144
148 147
148 149
148 154
149 145
149 148
149 154
150 66
150 135
150 136
150 137
150 138
150 151
151 66
151 135
151 136
151 137
151 138
151 140
151 150
152 119
152 131
152 132
152 134
152 153
153 68
153 134
153 152
154 143
154 144
154 145
154 148
154 149
155 156
155 159
155 165
156 155
156 157
156 158
156 159
157 156
157 158
157 159
157 160
157 162
157 178
158 156
158 157
158 159
158 160
158 162
158 178
159 155
159 156
159 157
159 158
159 178
159 179
160 157
160 158
160 161
160 162
160 177
160 178
161 160
161 162
161 165
161 177
162 157
162 158
162 160
162 161
163 0
163 14
164 4
164 10
164 12
165 155
165 161
165 179
166 167
166 174
167 166
167 175
168 8
168 19
168 23
169 171
169 172
169 180
169 181
170 173
170 175
171 169
171 172
171 180
171 181
172 169
172 171
172 180
173 170
173 174
174 166
174 173
175 167
175 170
176 6
176 17
176 18
177 160
177 161
177 178
177 179
178 157
178 158
178 159
178 160
178 177
178 179
179 159
179 165
179 177
179 178
180 169
180 171
180 172
180 181
181 169
181 171
181 180
