0 1
0 2
0 4
0 5
0 172
0 56
1 0
1 2
1 3
1 56
1 25
1 26
2 0
2 1
2 3
2 5
2 43
3 1
3 2
3 42
3 43
3 26
4 0
4 5
4 6
4 172
4 174
4 53
5 0
5 2
5 4
5 6
5 7
5 43
5 55
6 4
6 5
6 7
6 8
6 9
6 53
7 5
7 6
7 8
7 54
7 55
8 6
8 7
8 9
8 44
8 54
8 25
8 26
9 6
9 8
9 76
9 173
9 53
9 25
10 11
10 12
10 16
10 17
10 18
10 22
11 10
11 12
11 13
11 50
11 20
11 22
12 10
12 11
12 13
12 14
12 15
12 16
13 11
13 12
13 78
13 14
13 50
13 63
14 12
14 13
14 78
14 47
14 15
14 23
15 12
15 14
15 16
15 49
15 23
15 24
16 10
16 12
16 15
16 17
16 49
17 10
17 16
17 49
17 18
17 48
18 10
18 48
18 17
18 21
18 22
19 76
19 77
19 47
19 20
19 21
19 23
20 11
20 76
20 50
20 19
20 21
20 22
21 48
21 18
21 19
21 20
21 22
21 23
21 24
22 10
22 11
22 18
22 20
22 21
23 14
23 15
23 47
23 19
23 21
23 24
24 15
24 48
24 49
24 21
24 23
25 1
25 8
25 9
25 76
25 56
25 26
26 1
26 3
26 8
26 42
26 44
26 25
27 38
27 45
27 46
27 28
27 29
28 36
28 38
28 51
28 27
28 29
28 30
29 32
29 39
29 40
29 46
29 27
29 28
29 30
30 64
30 39
30 51
30 28
30 29
30 63
31 32
31 33
31 34
31 37
31 40
31 41
32 33
32 40
32 46
32 29
32 31
33 32
33 34
33 45
33 46
33 31
34 33
34 37
34 38
34 45
34 31
35 36
35 37
35 41
35 75
35 52
35 60
36 35
36 37
36 38
36 75
36 51
36 28
37 34
37 35
37 36
37 38
37 41
37 31
38 34
38 36
38 37
38 45
38 27
38 28
39 40
39 41
39 52
39 29
39 30
39 63
40 32
40 39
40 41
40 29
40 31
41 35
41 37
41 39
41 40
41 52
41 31
42 3
42 43
42 44
42 54
42 55
42 26
43 2
43 3
43 5
43 42
43 55
44 8
44 42
44 26
44 54
45 33
45 34
45 38
45 46
45 27
46 32
46 33
46 45
46 27
46 29
47 77
47 78
47 14
47 80
47 19
47 23
48 49
48 18
48 17
48 21
48 24
49 15
49 16
49 48
49 17
49 24
50 11
50 76
50 13
50 79
50 20
50 63
51 64
51 36
51 72
51 75
51 28
51 30
52 35
52 71
52 39
52 41
52 60
52 63
53 4
53 6
53 9
53 173
53 174
53 175
54 7
54 8
54 42
54 44
54 55
55 5
55 7
55 42
55 43
55 54
56 0
56 1
56 172
56 76
56 25
56 92
57 69
57 70
57 111
57 58
57 59
58 101
58 109
58 110
58 111
58 57
58 59
58 60
58 61
59 70
59 71
59 73
59 57
59 58
59 60
60 35
60 71
60 75
60 52
60 85
60 58
60 59
60 61
60 62
61 65
61 109
61 112
61 58
61 60
61 62
62 65
62 66
62 85
62 60
62 61
63 64
63 71
63 39
63 13
63 78
63 79
63 50
63 52
63 90
63 30
64 72
64 51
64 90
64 30
64 63
65 66
65 67
65 112
65 61
65 62
66 65
66 67
66 68
66 82
66 85
66 86
66 62
67 65
67 66
67 99
67 68
67 69
67 112
67 113
68 66
68 67
68 69
68 70
68 82
68 83
69 99
69 67
69 68
69 70
69 100
69 101
69 111
69 57
70 68
70 69
70 73
70 83
70 84
70 57
70 59
71 73
71 74
71 79
71 52
71 59
71 60
71 63
72 64
72 75
72 51
72 85
72 90
72 91
73 70
73 71
73 74
73 171
73 84
73 183
73 59
74 71
74 73
74 171
74 79
74 81
75 35
75 36
75 72
75 51
75 85
75 60
76 9
76 77
76 173
76 79
76 50
76 19
76 20
76 56
76 89
76 92
76 25
77 76
77 47
77 80
77 19
77 89
78 13
78 14
78 47
78 80
78 90
78 63
79 71
79 74
79 76
79 81
79 50
79 92
79 63
80 77
80 78
80 47
80 88
80 89
80 90
81 166
81 168
81 74
81 171
81 79
81 92
82 66
82 68
82 83
82 86
82 87
83 68
83 70
83 82
83 84
83 87
83 158
84 70
84 73
84 83
84 183
84 184
84 158
85 66
85 72
85 75
85 181
85 86
85 91
85 60
85 62
86 66
86 82
86 181
86 85
86 87
86 159
87 82
87 83
87 86
87 158
87 159
88 80
88 147
88 180
88 182
88 89
88 90
89 76
89 77
89 173
89 175
89 80
89 179
89 180
89 88
90 64
90 72
90 78
90 80
90 182
90 88
90 91
90 63
91 72
91 85
91 182
91 181
91 149
91 90
92 168
92 172
92 76
92 79
92 176
92 81
92 56
92 189
93 129
93 114
93 94
93 95
94 96
94 114
94 115
94 93
94 126
94 95
95 96
95 97
95 128
95 129
95 93
95 94
96 97
96 98
96 119
96 94
96 126
96 95
97 96
97 128
97 98
97 134
97 116
97 117
97 95
98 96
98 97
98 117
98 119
98 122
98 127
99 67
99 100
99 69
99 103
99 141
99 113
100 99
100 101
100 69
100 102
100 103
101 100
101 69
101 102
101 108
101 110
101 111
101 58
102 100
102 101
102 103
102 137
102 108
103 99
103 100
103 102
103 137
103 141
104 105
104 106
104 116
104 117
104 123
104 124
105 104
105 106
105 107
105 115
105 124
105 125
106 132
106 104
106 105
106 136
106 107
106 116
107 132
107 105
107 106
107 114
107 115
108 101
108 102
108 137
108 140
108 109
108 110
109 140
109 108
109 110
109 112
109 113
109 58
109 61
110 109
110 58
110 108
110 101
111 57
111 101
111 58
111 69
112 65
112 67
112 109
112 113
112 61
113 99
113 67
113 140
113 109
113 141
113 112
114 129
114 132
114 133
114 107
114 115
114 93
114 94
115 105
115 107
115 114
115 126
115 125
115 94
116 97
116 134
116 135
116 104
116 136
116 106
116 117
117 97
117 98
117 104
117 116
117 123
117 127
118 169
118 178
118 119
118 120
118 121
118 122
119 96
119 98
119 118
119 120
119 122
119 126
120 138
120 178
120 118
120 119
120 186
120 188
120 125
120 126
121 169
121 122
121 118
121 127
122 98
122 118
122 119
122 121
122 127
123 104
123 168
123 117
123 124
123 189
123 127
124 104
124 105
124 138
124 189
124 123
124 125
124 190
125 105
125 138
125 115
125 120
125 124
125 126
126 96
126 115
126 119
126 120
126 125
126 94
127 98
127 167
127 168
127 169
127 117
127 121
127 122
127 123
128 129
128 130
128 131
128 97
128 134
128 95
129 128
129 130
129 133
129 114
129 93
129 95
130 128
130 129
130 131
130 132
130 133
130 139
131 128
131 130
131 134
131 135
131 139
132 130
132 133
132 136
132 106
132 107
132 139
132 114
133 129
133 114
133 132
133 130
134 128
134 97
134 131
134 135
134 116
135 131
135 134
135 136
135 139
135 116
136 132
136 135
136 106
136 139
136 116
137 102
137 103
137 140
137 108
137 141
138 120
138 186
138 187
138 124
138 125
138 190
139 130
139 131
139 132
139 135
139 136
140 137
140 108
140 109
140 141
140 113
141 99
141 103
141 137
141 140
141 113
142 143
142 147
142 150
142 152
142 154
142 155
142 191
143 147
143 148
143 142
143 191
144 163
144 145
144 151
144 156
144 191
145 161
145 162
145 163
145 164
145 144
145 146
145 191
146 160
146 161
146 145
146 153
146 191
147 142
147 143
147 148
147 149
147 150
147 180
147 88
147 182
148 159
148 143
148 147
148 149
148 153
148 158
148 191
149 147
149 148
149 181
149 182
149 91
149 159
150 142
150 147
150 180
150 179
150 155
151 144
151 152
151 156
151 157
151 191
152 142
152 151
152 154
152 157
152 191
153 160
153 146
153 148
153 158
153 191
154 142
154 152
154 186
154 155
154 188
154 157
155 186
155 142
155 179
155 150
155 185
155 154
155 187
156 163
156 170
156 144
156 178
156 151
156 157
157 156
157 178
157 151
157 152
157 154
157 188
158 160
158 83
158 148
158 84
158 87
158 184
158 153
158 159
159 148
159 149
159 86
159 87
159 181
159 158
160 161
160 146
160 183
160 184
160 153
160 158
161 160
161 164
161 145
161 146
161 183
162 163
162 164
162 165
162 166
162 145
163 162
163 165
163 170
163 144
163 145
163 156
164 161
164 162
164 166
164 171
164 145
164 183
165 162
165 163
165 166
165 167
165 169
165 170
166 162
166 164
166 165
166 167
166 168
166 171
166 81
167 165
167 166
167 168
167 169
167 127
168 166
168 167
168 81
168 123
168 92
168 189
168 127
169 165
169 167
169 170
169 178
169 118
169 121
169 127
170 163
170 165
170 169
170 178
170 156
171 164
171 166
171 73
171 74
171 81
171 183
172 0
172 4
172 174
172 176
172 177
172 56
172 92
173 9
173 76
173 175
173 53
173 89
174 4
174 172
174 175
174 177
174 179
174 53
175 173
175 174
175 179
175 53
175 89
176 172
176 177
176 92
176 189
176 190
177 172
177 174
177 176
177 179
177 185
177 190
178 169
178 170
178 156
178 118
178 120
178 188
178 157
179 89
179 174
179 175
179 177
179 180
179 150
179 185
179 155
180 179
180 147
180 150
180 88
180 89
181 149
181 85
181 86
181 91
181 159
182 147
182 149
182 88
182 90
182 91
183 160
183 161
183 164
183 73
183 171
183 84
183 184
184 160
184 84
184 158
184 183
185 187
185 177
185 179
185 155
185 190
186 138
186 187
186 120
186 154
186 155
186 188
187 138
187 185
187 186
187 155
187 190
188 154
188 178
188 120
188 186
188 157
189 168
189 176
189 124
189 123
189 92
189 190
190 138
190 176
190 177
190 185
190 187
190 124
190 189
191 142
191 143
191 144
191 145
191 146
191 148
191 151
191 152
191 153
