0 1
0 2
0 163
0 14
0 15
1 0
1 2
1 3
1 15
1 16
1 21
2 0
2 1
2 161
2 3
2 4
2 162
2 163
2 157
3 1
3 2
3 4
3 5
3 40
3 16
3 17
3 18
3 24
4 161
4 2
4 3
4 164
4 5
4 10
5 3
5 4
5 40
5 10
5 11
6 167
6 8
6 7
6 175
6 176
6 17
7 32
7 33
7 6
7 8
7 9
7 45
7 16
7 17
7 30
7 31
8 6
8 7
8 168
8 9
8 167
8 19
9 7
9 8
9 45
9 19
9 20
10 164
10 4
10 5
10 11
10 12
11 37
11 5
11 40
11 41
11 10
11 12
11 13
12 164
12 165
12 10
12 11
12 13
12 14
12 155
13 37
13 38
13 11
13 12
13 14
13 15
14 0
14 163
14 12
14 13
14 15
14 155
14 156
14 157
15 0
15 1
15 38
15 39
15 13
15 14
15 21
16 32
16 1
16 3
16 7
16 17
16 21
16 22
17 3
17 6
17 7
17 16
17 176
17 18
18 3
18 173
18 176
18 17
18 23
18 24
19 8
19 9
19 168
19 20
19 23
19 24
20 40
20 9
20 45
20 46
20 19
20 24
21 1
21 98
21 39
21 15
21 16
21 22
21 56
22 32
22 36
22 16
22 21
22 56
23 168
23 173
23 174
23 18
23 19
23 24
24 3
24 40
24 18
24 19
24 20
24 23
25 33
25 82
25 83
25 84
25 26
25 27
26 32
26 33
26 72
26 59
26 43
26 47
26 25
26 58
26 27
26 28
26 57
27 34
27 82
27 85
27 25
27 26
27 28
28 34
28 35
28 43
28 26
28 27
29 34
29 76
29 77
29 85
29 30
29 31
30 34
30 35
30 7
30 45
30 29
30 31
31 33
31 7
31 76
31 84
31 29
31 30
32 33
32 36
32 7
32 47
32 16
32 22
32 26
33 32
33 7
33 84
33 25
33 26
33 31
34 35
34 85
34 27
34 28
34 29
34 30
35 34
35 43
35 44
35 45
35 28
35 30
36 32
36 47
36 50
36 51
36 22
36 56
37 38
37 41
37 42
37 11
37 13
38 99
38 37
38 39
38 42
38 13
38 15
39 98
39 99
39 38
39 109
39 15
39 21
40 3
40 5
40 41
40 11
40 46
40 111
40 20
40 24
41 37
41 40
41 42
41 11
41 108
41 111
42 99
42 37
42 38
42 41
42 108
43 65
43 35
43 100
43 101
43 44
43 26
43 59
43 28
44 35
44 100
44 103
44 104
44 43
44 45
45 35
45 7
45 104
45 9
45 44
45 46
45 20
45 30
46 40
46 104
46 106
46 45
46 111
46 20
47 32
47 36
47 70
47 72
47 51
47 117
47 26
47 62
48 49
48 50
48 52
48 53
48 54
48 55
49 74
49 48
49 50
49 51
49 52
50 36
50 107
50 48
50 49
50 51
50 55
50 56
51 36
51 74
51 75
51 47
51 49
51 50
51 117
52 66
52 67
52 73
52 74
52 48
52 49
52 53
53 67
53 48
53 52
53 54
53 122
54 48
54 53
54 182
54 55
54 184
54 122
55 107
55 48
55 50
55 182
55 54
56 98
56 36
56 107
56 50
56 21
56 22
57 97
57 26
57 72
57 58
57 91
57 92
58 64
58 91
58 87
58 57
58 26
58 59
59 64
59 65
59 58
59 43
59 26
60 64
60 65
60 101
60 71
60 61
60 62
61 64
61 87
61 88
61 60
61 62
61 63
62 70
62 71
62 72
62 47
62 60
62 61
62 63
63 97
63 72
63 88
63 90
63 61
63 62
64 65
64 87
64 58
64 59
64 60
64 61
65 64
65 101
65 43
65 59
65 60
66 67
66 68
66 73
66 52
66 150
66 151
67 66
67 68
67 69
67 52
67 53
67 120
67 122
68 66
68 67
68 69
68 114
68 150
68 119
68 152
68 153
69 67
69 68
69 114
69 120
69 121
70 71
70 47
70 116
70 117
70 62
71 101
71 70
71 112
71 116
71 60
71 62
72 97
72 47
72 57
72 26
72 62
72 63
73 66
73 52
73 74
73 151
74 73
74 138
74 75
74 140
74 49
74 51
74 52
74 151
75 74
75 140
75 51
75 117
75 118
75 127
76 77
76 78
76 79
76 84
76 29
76 31
77 76
77 79
77 85
77 86
77 124
77 29
78 76
78 79
78 80
78 81
78 83
78 84
79 76
79 77
79 78
79 80
79 124
80 78
80 79
80 81
80 123
80 124
81 78
81 80
81 82
81 83
81 123
82 123
82 81
82 83
82 85
82 86
82 25
82 27
83 78
83 81
83 82
83 84
83 25
84 33
84 76
84 78
84 83
84 25
84 31
85 34
85 77
85 82
85 86
85 27
85 29
86 77
86 82
86 85
86 123
86 124
87 64
87 88
87 89
87 58
87 91
87 61
88 126
88 87
88 89
88 90
88 61
88 95
88 63
89 87
89 88
89 91
89 125
89 126
90 97
90 88
90 63
90 94
90 95
91 96
91 87
91 89
91 58
91 92
91 125
91 57
92 96
92 97
92 57
92 91
92 93
92 94
93 96
93 94
93 92
93 125
93 126
93 95
94 97
94 90
94 92
94 93
94 95
95 88
95 94
95 90
95 93
95 126
96 125
96 91
96 92
96 93
97 72
97 57
97 90
97 92
97 94
97 63
98 39
98 107
98 109
98 110
98 113
98 21
98 56
99 38
99 39
99 42
99 108
99 109
99 110
99 187
99 190
100 101
100 102
100 103
100 43
100 44
101 65
101 100
101 102
101 71
101 105
101 43
101 112
101 60
102 100
102 101
102 103
102 105
102 185
103 100
103 102
103 104
103 106
103 44
103 185
103 186
103 187
104 103
104 106
104 44
104 45
104 46
105 185
105 101
105 102
105 112
105 114
105 115
105 121
106 103
106 104
106 108
106 46
106 111
106 187
107 98
107 113
107 50
107 182
107 55
107 56
108 99
108 41
108 42
108 106
108 111
108 187
109 98
109 99
109 110
109 39
110 98
110 99
110 109
110 113
110 183
110 190
111 40
111 41
111 106
111 108
111 46
112 101
112 71
112 105
112 115
112 116
113 98
113 107
113 110
113 182
113 183
114 68
114 69
114 105
114 115
114 119
114 121
115 105
115 112
115 114
115 116
115 119
116 70
116 71
116 112
116 115
116 117
116 118
116 119
117 70
117 75
117 47
117 51
117 116
117 118
118 129
118 75
118 116
118 117
118 119
118 152
118 127
119 68
119 114
119 115
119 116
119 118
119 152
120 67
120 69
120 121
120 122
120 188
120 189
121 69
121 105
121 114
121 120
121 185
121 189
122 67
122 53
122 54
122 120
122 188
122 184
123 80
123 81
123 82
123 86
123 124
124 77
124 79
124 80
124 86
124 123
125 96
125 89
125 91
125 93
125 126
126 125
126 88
126 89
126 93
126 95
127 128
127 129
127 75
127 139
127 140
127 118
128 129
128 130
128 139
128 145
128 149
128 127
129 128
129 130
129 132
129 118
129 152
129 127
130 128
130 129
130 131
130 132
130 145
131 130
131 132
131 133
131 134
131 142
131 145
131 146
132 129
132 130
132 131
132 134
132 152
132 153
133 142
133 131
133 134
133 135
134 131
134 132
134 133
134 135
134 136
134 153
135 133
135 134
135 136
135 137
135 141
135 142
136 134
136 135
136 137
136 138
136 150
136 153
137 135
137 136
137 138
137 139
137 140
137 141
137 147
138 136
138 137
138 74
138 140
138 150
138 151
139 128
139 137
139 140
139 147
139 148
139 149
139 127
140 137
140 138
140 139
140 74
140 75
140 127
141 135
141 137
141 142
141 143
141 144
141 147
142 131
142 133
142 135
142 141
142 143
142 146
143 141
143 142
143 144
143 145
143 146
143 154
144 141
144 143
144 147
144 148
144 154
145 128
145 130
145 131
145 143
145 146
145 149
145 154
146 145
146 131
146 142
146 143
147 137
147 139
147 141
147 144
147 148
148 139
148 144
148 147
148 149
148 154
149 128
149 139
149 145
149 148
149 154
150 66
150 68
150 136
150 138
150 151
150 153
151 66
151 73
151 74
151 138
151 150
152 129
152 132
152 68
152 118
152 119
152 153
153 132
153 68
153 134
153 136
153 150
153 152
154 143
154 144
154 145
154 148
154 149
155 165
155 12
155 14
155 179
155 156
155 159
156 14
156 155
156 157
156 158
156 159
157 160
157 162
157 163
157 2
157 14
157 156
157 158
158 160
158 178
158 156
158 157
158 159
159 178
159 179
159 155
159 156
159 158
160 161
160 162
160 177
160 178
160 157
160 158
161 160
161 162
161 2
161 164
161 4
161 165
161 177
162 160
162 161
162 2
162 157
163 0
163 2
163 157
163 14
164 161
164 4
164 165
164 10
164 12
165 161
165 164
165 12
165 177
165 179
165 155
166 167
166 168
166 174
166 180
166 181
167 166
167 6
167 168
167 8
167 169
167 175
167 181
168 166
168 167
168 8
168 174
168 19
168 23
169 167
169 170
169 171
169 175
169 181
170 169
170 171
170 172
170 173
170 175
170 176
171 169
171 170
171 172
171 180
171 181
172 170
172 171
172 173
172 174
172 180
173 170
173 172
173 174
173 176
173 18
173 23
174 166
174 168
174 172
174 173
174 180
174 23
175 6
175 167
175 169
175 170
175 176
176 6
176 170
176 173
176 175
176 17
176 18
177 160
177 161
177 165
177 178
177 179
178 160
178 177
178 179
178 158
178 159
179 165
179 177
179 178
179 155
179 159
180 166
180 171
180 172
180 174
180 181
181 166
181 167
181 169
181 171
181 180
182 107
182 113
182 55
182 54
182 183
182 184
182 191
183 110
183 113
183 182
183 190
183 191
184 54
184 182
184 122
184 188
184 191
185 102
185 103
185 105
185 121
185 186
185 189
185 191
186 185
186 187
186 103
186 191
187 99
187 103
187 106
187 108
187 186
187 190
187 191
188 184
188 122
188 120
188 189
188 191
189 121
189 120
189 185
189 188
189 191
190 99
190 110
190 183
190 187
190 191
191 182
191 183
191 184
191 185
191 186
191 187
191 188
191 189
191 190
