 -0.500000   0.136486  -0.104291
 -0.310864   0.122201   0.032509
  0.040181   0.214502   0.054964
  0.035756   0.196704  -0.060715
 -0.015032   0.181291  -0.164120
 -0.003561   0.152729  -0.280433
 -0.159555   0.110773   0.141948
  0.180884   0.216070   0.053846
  0.200299   0.220095  -0.058137
  0.154508   0.200723  -0.171257
  0.114645   0.158879  -0.278285
 -0.061424   0.093779   0.244507
  0.312828   0.220347   0.052408
  0.351602   0.232661  -0.054572
  0.311394   0.213990  -0.177191
  0.220039   0.160247  -0.275681
  0.022692   0.099632   0.312181
  0.429544   0.231290   0.050047
  0.486042   0.217758  -0.047805
  0.455455   0.217433  -0.181404
  0.298453   0.141229  -0.270504
