0 4
1 25
1 56
2 3
2 5
2 43
3 2
3 26
3 42
4 0
4 53
5 2
5 7
5 43
6 9
6 53
7 5
7 8
7 54
8 7
8 26
8 44
9 6
9 53
10 12
10 16
10 17
10 18
10 22
11 13
11 50
12 10
12 15
13 11
13 14
13 50
14 13
14 23
15 12
15 24
15 49
16 10
16 17
16 18
16 48
16 49
17 10
17 16
17 18
17 48
17 49
18 10
18 16
18 17
18 22
18 48
18 49
19 23
19 47
20 50
21 22
21 24
22 10
22 18
22 21
23 14
23 19
23 47
24 15
24 21
25 1
26 3
26 8
26 42
26 44
27 29
27 38
28 30
28 36
28 51
29 27
29 32
29 40
30 28
30 39
30 51
31 37
31 40
32 29
32 33
32 46
33 32
33 34
33 45
33 46
34 33
34 37
34 38
34 45
35 36
35 41
35 52
36 28
36 35
36 51
37 31
37 34
37 38
38 27
38 34
38 37
39 30
39 41
40 29
40 31
41 35
41 39
41 52
42 3
42 26
42 43
42 44
42 54
42 55
43 2
43 5
43 42
43 44
43 54
43 55
44 8
44 26
44 42
44 43
44 54
44 55
45 33
45 34
45 46
46 32
46 33
46 45
47 19
47 23
48 16
48 17
48 18
48 49
49 15
49 16
49 17
49 18
49 48
50 11
50 13
50 20
51 28
51 30
51 36
52 35
52 41
53 4
53 6
53 9
54 7
54 42
54 43
54 44
54 55
55 42
55 43
55 44
55 54
56 1
57 69
57 111
58 61
61 58
61 65
61 112
62 66
62 75
62 85
64 72
64 78
64 90
65 61
65 67
65 112
66 62
66 68
66 85
67 65
67 112
68 66
68 82
69 57
69 111
72 64
72 90
75 62
75 85
77 89
77 173
78 64
78 80
78 90
80 78
82 68
82 86
82 87
83 87
85 62
85 66
85 75
85 181
86 82
86 87
87 82
87 83
87 86
88 180
89 77
89 173
90 64
90 72
90 78
93 94
93 114
94 93
94 114
94 115
94 126
95 96
95 97
95 98
95 119
96 95
96 97
96 98
96 119
97 95
97 96
97 98
97 117
97 119
97 122
98 95
98 96
98 97
98 117
98 119
98 122
99 100
99 103
99 113
100 99
100 101
100 102
100 103
101 100
101 102
101 103
101 110
102 100
102 101
102 103
102 108
102 110
102 137
103 99
103 100
103 101
103 102
103 108
103 137
103 141
104 106
104 116
104 117
104 123
105 107
105 114
105 115
105 124
105 125
106 104
106 116
107 105
107 114
107 115
108 102
108 103
108 109
108 110
108 137
108 140
108 141
109 108
109 110
109 113
110 101
110 102
110 108
110 109
111 57
111 69
112 61
112 65
112 67
113 99
113 109
113 140
113 141
114 93
114 94
114 105
114 107
114 115
114 125
115 94
115 105
115 107
115 114
115 125
115 126
116 104
116 106
116 117
117 97
117 98
117 104
117 116
117 127
118 119
118 121
118 122
119 95
119 96
119 97
119 98
119 118
119 122
120 126
121 118
121 122
121 127
122 97
122 98
122 118
122 119
122 121
122 127
123 104
123 124
123 127
123 168
124 105
124 123
124 189
124 190
125 105
125 114
125 115
125 126
125 190
126 94
126 115
126 120
126 125
127 117
127 121
127 122
127 123
128 129
128 130
128 131
128 134
129 128
129 130
129 131
129 133
129 139
130 128
130 129
130 131
130 133
130 139
131 128
131 129
131 130
131 134
131 135
131 139
132 133
132 136
133 129
133 130
133 132
134 128
134 131
134 135
135 131
135 134
135 136
135 139
136 132
136 135
136 139
137 102
137 103
137 108
137 140
137 141
138 187
139 129
139 130
139 131
139 135
139 136
140 108
140 113
140 137
140 141
141 103
141 108
141 113
141 137
141 140
168 123
172 176
173 77
173 89
173 175
175 173
176 172
180 88
181 85
187 138
189 124
189 190
190 124
190 125
190 189
