0.219861 0.194140 0.106418 0.089293 -0.365882 0.926368
0.237416 0.165835 0.062891 0.110513 -0.992036 0.060435
0.379222 0.202102 0.092261 0.129291 -0.601189 0.788578
0.376180 0.183026 0.061631 0.199824 -0.976205 0.084226
0.219861 0.255036 0.103308 0.083087 0.389381 0.917322
0.377938 0.244818 0.093901 0.118671 0.485293 0.866261
0.237670 0.266244 0.061665 0.081528 0.993632 -0.077769
0.378588 0.253439 0.061741 0.128154 0.989913 -0.060408
0.379712 0.240575 0.028508 0.109529 0.450669 -0.885946
0.221594 0.247362 0.018670 0.080558 0.371635 -0.924877
0.430627 0.194047 -0.055191 0.174341 -0.983278 0.052625
0.286023 0.177651 -0.056087 0.093644 -0.993859 0.058947
0.431641 0.210858 -0.091407 0.107032 -0.479724 -0.870867
0.271114 0.202381 -0.101203 0.074414 -0.337620 -0.938336
0.271562 0.259279 -0.101660 0.063670 0.416368 -0.906964
0.435630 0.254986 -0.091188 0.107438 0.611690 -0.783768
0.481693 0.220324 -0.081814 0.369804 -0.472494 -0.799996
0.487153 0.210672 -0.055242 0.725495 -0.687565 0.030184
0.480899 0.222395 -0.027781 0.350398 -0.462895 0.814217
0.270649 0.266861 -0.012348 0.058811 0.393810 0.917309
0.269728 0.208171 -0.009238 0.064323 -0.394787 0.916518
0.435630 0.257293 -0.019253 0.099229 0.507729 0.855783
0.429891 0.214577 -0.019203 0.104539 -0.623869 0.774506
0.285313 0.284238 -0.057135 0.080071 0.994910 -0.061172
0.435664 0.269633 -0.055800 0.112423 0.993255 -0.028384
0.219616 0.188486 0.019913 0.066630 -0.426901 -0.901840
0.378014 0.198797 0.031052 0.140679 -0.660032 -0.737948
0.393143 0.252678 -0.174540 0.117765 0.982728 -0.142750
0.256188 0.261156 -0.175369 0.051673 0.983123 -0.175497
0.393852 0.244488 -0.139397 0.100655 0.529370 0.842399
0.242284 0.250371 -0.131917 0.056316 0.417838 0.906774
0.388976 0.176332 -0.173374 0.207217 -0.972255 0.108538
0.440304 0.207325 -0.146742 0.354440 -0.463095 0.812351
0.447894 0.201578 -0.172689 0.663249 -0.747659 0.033270
0.439484 0.203885 -0.201232 0.381549 -0.558359 -0.736651
0.240171 0.177608 -0.218237 0.107801 -0.380064 -0.918657
0.241312 0.233045 -0.221263 0.052138 0.385371 -0.921287
0.390370 0.191309 -0.206396 0.120141 -0.534982 -0.836278
0.390903 0.232943 -0.212160 0.089076 0.580239 -0.809561
0.241465 0.190557 -0.128494 0.062870 -0.378392 0.923508
0.390962 0.199981 -0.137665 0.112267 -0.589234 0.800125
0.257591 0.161778 -0.174295 0.105815 -0.985429 0.133163
0.420586 0.200496 0.061158 0.669786 -0.740247 -0.058489
0.412176 0.212177 0.085854 0.397796 -0.432828 0.808961
0.413300 0.210951 0.037628 0.414834 -0.281746 -0.865177
0.461654 0.233323 -0.195721 0.542221 0.623349 -0.563412
0.462676 0.235301 -0.153985 0.590795 0.673977 0.443527
0.255816 0.286359 -0.057287 0.066244 0.993485 -0.092734
0.500000 0.256118 -0.035033 0.616719 0.608333 0.499589
0.499975 0.255789 -0.075949 0.608533 0.591809 -0.528630
0.256137 0.175538 -0.056197 0.087738 -0.992745 0.082217
0.227857 0.262575 -0.175428 0.039319 0.975007 -0.218668
0.229268 0.159851 -0.174439 0.111802 -0.966404 0.231438
0.208544 0.268416 0.061724 0.082104 0.995932 -0.037125
0.433357 0.238082 0.044795 0.639947 0.561753 -0.524310
0.433433 0.240153 0.079177 0.658885 0.559277 0.503071
0.208113 0.163426 0.063339 0.088624 -0.995094 -0.043966
0.163538 0.108370 -0.282835 0.134300 -0.989334 -0.056410
0.173342 0.146379 -0.245367 0.073813 -0.437069 0.896394
0.010034 0.086615 -0.281246 0.323929 -0.895584 0.304958
0.012367 0.147131 -0.237144 0.362677 -0.931448 0.029478
0.174018 0.195552 -0.247920 0.086052 0.402981 0.911154
0.042625 0.210292 -0.240271 0.125371 0.698128 0.704911
0.022560 0.187168 -0.117532 0.266687 -0.939182 0.216369
0.050629 0.256642 -0.123846 0.091495 0.696686 0.711518
0.162279 0.206387 -0.287695 0.095887 0.994837 -0.033243
0.035694 0.217172 -0.288413 0.133212 0.951973 -0.275684
0.172886 0.186086 -0.325483 0.082154 0.597218 -0.797861
0.030209 0.191926 -0.334755 0.090864 0.211888 -0.973061
0.174094 0.127396 -0.322043 0.106210 -0.368354 -0.923599
-0.005788 0.110728 -0.336116 0.158706 -0.536452 -0.828874
0.015444 0.132391 -0.174659 0.475766 -0.847581 0.235058
0.049910 0.271095 -0.176814 0.102678 0.949341 -0.297001
-0.080105 0.049596 -0.275524 0.317460 -0.947793 -0.030131
-0.066785 0.075399 -0.160679 0.460345 -0.876485 0.140912
0.049395 0.229976 -0.230205 0.061168 0.410593 -0.909765
0.019289 0.198518 0.003753 0.282595 -0.925818 0.251001
0.051373 0.279107 -0.004885 0.077280 0.637576 0.766502
0.051373 0.268416 -0.111278 0.072004 0.433763 -0.898145
0.013779 0.153166 -0.056307 0.513198 -0.854471 0.080661
0.051373 0.299307 -0.059349 0.106352 0.989698 -0.095848
-0.067047 0.091374 -0.046908 0.465087 -0.884876 0.026251
-0.007706 0.199558 -0.333935 0.121820 0.744585 -0.656317
-0.069583 0.173746 -0.345007 -0.025010 0.068129 -0.997363
-0.098539 0.084637 -0.339936 0.032927 -0.452388 -0.891213
0.009231 0.221736 -0.239079 0.294685 0.844665 -0.446880
-0.037930 0.234363 -0.285421 0.091973 0.928167 -0.360621
-0.054859 0.207046 -0.331230 -0.101105 0.662351 -0.742340
-0.025235 0.313955 -0.063744 0.044952 0.985081 -0.166120
0.022873 0.281601 0.002299 0.362861 0.923647 0.123318
0.030260 0.267283 -0.116966 0.283574 0.932232 -0.224786
-0.019454 0.284948 -0.178673 0.090400 0.950737 -0.296525
0.006730 0.138797 0.067269 0.493684 -0.863094 0.106511
-0.099021 0.124294 0.273183 -0.597943 0.355931 0.718177
-0.110363 0.124809 0.263539 -0.594060 0.358100 0.720317
-0.097601 0.054253 0.267638 -0.660528 -0.204985 0.722277
-0.107980 0.054582 0.258223 -0.638707 -0.286034 0.714309
-0.082573 0.039420 0.250515 -0.129639 -0.961677 0.241602
-0.095200 0.039420 0.238927 -0.118732 -0.984007 0.132787
0.262121 0.184150 -0.317986 0.116750 0.246327 -0.962129
0.260591 0.137665 -0.314445 0.188728 -0.544284 -0.817396
0.260253 0.121369 -0.281897 0.173664 -0.952715 0.249350
0.299022 0.134461 -0.282167 0.437338 -0.893605 -0.101020
0.299833 0.150900 -0.310143 0.405546 -0.320180 -0.856164
-0.050388 0.084308 0.181978 0.723223 -0.024573 -0.690177
-0.058029 0.138797 0.194081 0.555342 0.703032 -0.444231
-0.036316 0.084257 0.195915 0.805322 0.064163 -0.589355
-0.045148 0.137149 0.208111 0.629233 0.684855 -0.367477
0.302208 0.155050 -0.260927 0.364617 -0.334862 0.868862
0.262696 0.192163 -0.254935 0.116626 0.533977 0.837417
0.262341 0.149962 -0.251605 0.135611 -0.356707 0.924321
0.182732 0.110399 -0.282801 0.127046 -0.962537 0.239546
0.181355 0.205162 -0.287373 0.072073 0.996641 -0.038881
0.264631 0.198375 -0.287128 0.071548 0.976115 -0.205134
-0.073893 0.147697 0.241065 -0.022598 0.976585 0.213940
-0.085193 0.149396 0.230906 -0.057015 0.976230 0.209104
-0.050000 0.039842 0.210284 0.499701 -0.813272 -0.298141
-0.062965 0.039606 0.196236 0.441596 -0.797832 -0.410434
-0.164092 0.048277 0.213749 -0.337931 -0.522934 0.782523
-0.129152 0.055242 0.239197 -0.564431 -0.306988 0.766274
-0.166315 0.127962 0.221263 -0.413030 0.195557 0.889474
-0.150738 0.034661 0.188942 0.020275 -0.974432 0.223766
-0.117784 0.039327 0.217628 -0.086642 -0.970687 0.224185
-0.077240 0.084350 0.154053 0.883510 -0.168837 -0.436926
-0.081356 0.142094 0.169469 0.758685 0.643307 -0.102726
-0.107751 0.152785 0.210698 0.053730 0.934626 0.351549
-0.133056 0.125891 0.244252 -0.563267 0.350707 0.748154
-0.090535 0.039141 0.167297 0.355239 -0.922272 -0.152377
-0.020671 0.064759 0.343849 -0.460014 -0.432716 0.775335
-0.021593 0.113974 0.342818 -0.556900 0.366600 0.745297
0.008581 0.110441 0.345007 0.558686 0.476916 0.678543
0.007904 0.070650 0.344356 0.602069 -0.516749 0.608673
0.010465 0.125325 0.287416 0.712567 0.650146 -0.263738
-0.013876 0.134512 0.310067 0.107425 0.959930 0.258833
-0.016116 0.049452 0.318595 0.042367 -0.977790 0.205261
0.010863 0.049968 0.296248 0.628620 -0.773382 -0.081960
0.022273 0.084773 0.278406 0.862084 -0.169225 -0.477676
0.318174 0.152084 -0.284711 0.898981 -0.437935 0.006751
-0.157347 0.177651 0.181395 0.092485 0.720239 0.687534
0.024952 0.087131 0.315003 0.987107 0.015599 0.159300
0.323507 0.192163 -0.267123 0.543394 0.625515 0.559869
0.323541 0.189424 -0.302054 0.528492 0.554919 -0.642465
-0.467169 0.222539 -0.008486 -0.456538 0.807611 0.373281
-0.469113 0.254707 -0.104364 -0.516875 0.853138 0.070678
-0.470372 0.042716 0.003186 -0.686161 -0.699469 0.199815
-0.469011 0.024916 -0.108294 -0.340059 -0.938291 -0.063002
-0.468394 0.050061 -0.197479 -0.708426 -0.566409 -0.421085
-0.239990 0.292766 -0.089235 -0.130897 0.991392 -0.002803
-0.471775 0.235724 -0.201324 -0.392458 0.795763 -0.461235
-0.239990 0.282116 -0.188385 -0.051042 0.962192 -0.267548
-0.242745 0.278254 0.000761 -0.186033 0.976341 0.110223
-0.471057 0.081671 0.050475 -0.810457 -0.167562 0.561321
-0.467752 0.166021 0.043417 -0.722067 0.273350 0.635530
-0.475333 0.154577 -0.262643 -0.645431 0.048540 -0.762275
-0.316395 0.180152 0.120228 -0.416024 0.485270 0.769049
-0.238967 0.266717 0.089447 -0.255624 0.817093 0.516736
-0.352739 0.019211 0.107120 -0.443378 -0.711133 0.545624
-0.348538 0.087410 0.132636 -0.516261 0.035794 0.855683
-0.244765 0.157730 -0.327106 -0.206229 0.322069 -0.923981
-0.243726 0.245097 -0.262347 -0.111959 0.791071 -0.601392
-0.329149 0.052934 -0.303550 -0.334409 -0.461004 -0.821977
-0.348513 0.022558 -0.230458 -0.118617 -0.977786 -0.172813
-0.273646 0.003296 -0.020986 0.096722 -0.986743 -0.130316
-0.330189 0.000000 0.045919 -0.141496 -0.988235 0.058059
-0.265836 0.017986 -0.118251 0.089959 -0.994710 -0.049597
-0.196944 0.012052 0.044119 0.262742 -0.962832 -0.062612
-0.168825 0.049689 -0.031027 0.426981 -0.897503 -0.110339
-0.130817 0.034991 0.126914 0.462887 -0.873702 -0.149600
-0.096401 0.073895 0.101660 0.587319 -0.809031 -0.022924
-0.203545 0.021755 0.148880 0.121836 -0.975610 0.182595
-0.259624 0.005223 0.105201 0.016160 -0.984284 0.175849
-0.194291 0.039183 -0.135078 0.285728 -0.953997 0.090820
0.022467 0.184438 0.121420 0.117236 -0.363687 0.924115
0.045887 0.259558 0.009432 0.142401 0.655051 -0.742045
0.019103 0.263184 0.118056 0.125439 0.665457 0.735821
0.039202 0.283291 0.061530 0.189342 0.981357 0.032997
-0.026038 0.182265 0.131605 0.344565 -0.300425 0.889393
-0.029816 0.264266 0.128106 0.120778 0.386050 0.914537
-0.267154 0.026471 0.163722 -0.347671 -0.480875 0.804913
-0.042460 0.306990 0.058234 -0.034301 0.965647 0.257583
-0.031490 0.302139 0.000254 -0.051724 0.994316 0.093062
-0.027856 0.245283 -0.236315 0.079537 0.891951 -0.445080
-0.022413 0.279995 -0.117549 0.036225 0.981728 -0.186807
-0.223855 0.022414 -0.259938 0.094673 -0.975196 -0.200076
-0.233499 0.056890 -0.325407 -0.077871 -0.452894 -0.888157
-0.091786 0.249340 0.132982 -0.070548 0.682303 0.727657
-0.216020 0.184480 0.160197 -0.310624 0.531347 0.788152
-0.148946 0.215329 0.150503 -0.056881 0.576791 0.814909
-0.258948 0.100552 0.182561 -0.438453 0.188635 0.878735
-0.079412 0.125190 0.130126 0.726980 -0.383021 0.569908
-0.102351 0.175817 0.153140 0.307761 0.211955 0.927555
-0.500000 0.136486 -0.104291 -0.999914 0.001106 0.013058
