  0.495105   0.290206   0.025191
  0.356331   0.237585   0.125833
  0.010049   0.381355   0.160264
 -0.000444   0.357071   0.028496
 -0.000202   0.347976  -0.114111
  0.084370   0.340464  -0.234578
  0.245312   0.195487   0.206347
 -0.141322   0.355993   0.189915
 -0.191817   0.393197   0.036971
 -0.165110   0.342908  -0.137706
 -0.045012   0.295346  -0.277909
  0.121239   0.104783   0.277372
 -0.274844   0.297975   0.221953
 -0.359067   0.340913   0.058751
 -0.309937   0.282031  -0.150153
 -0.143846   0.217380  -0.300167
  0.002696   0.040966   0.306162
 -0.382747   0.253068   0.246422
 -0.481369   0.305323   0.074685
 -0.414320   0.224754  -0.156088
 -0.207518   0.153488  -0.308557
