 -0.495101   0.290205   0.000134
 -0.346919   0.232020   0.122669
  0.005291   0.377480   0.159904
  0.058634   0.375438   0.038009
  0.019012   0.347778  -0.111276
 -0.082241   0.329715  -0.225941
 -0.228374   0.185473   0.220698
  0.144806   0.350682   0.187856
  0.232658   0.388119   0.037466
  0.181666   0.337725  -0.134644
  0.052849   0.292999  -0.278147
 -0.105170   0.100879   0.281492
  0.279650   0.294356   0.218904
  0.383489   0.334671   0.048736
  0.317771   0.275698  -0.144489
  0.145297   0.214608  -0.299355
 -0.003961   0.059004   0.308990
  0.377811   0.262424   0.238966
  0.485707   0.312098   0.053887
  0.403007   0.229033  -0.148408
  0.205190   0.153403  -0.308510
