0 1
0 2
0 3
0 4
0 70
0 29
1 0
1 2
1 11
1 13
1 19
1 20
1 21
1 28
1 29
1 36
1 50
1 79
1 80
1 83
1 84
1 85
1 86
1 90
1 93
1 95
1 96
1 97
1 98
2 0
2 1
2 3
2 11
3 0
3 2
3 4
3 5
3 74
3 11
3 12
4 0
4 3
4 5
4 70
4 6
5 3
5 4
5 6
5 7
5 74
6 4
6 5
6 70
6 7
6 8
6 71
7 5
7 6
7 8
7 9
7 74
7 75
8 6
8 71
8 7
8 9
8 10
9 8
9 10
9 75
9 7
10 71
10 8
10 9
10 42
10 75
11 1
11 2
11 3
11 12
11 13
12 3
12 41
12 42
12 11
12 43
12 13
12 14
12 44
12 74
13 1
13 36
13 11
13 12
13 14
13 15
14 12
14 13
14 44
14 15
14 16
14 46
14 53
14 56
15 36
15 37
15 13
15 14
15 16
15 17
15 23
15 30
15 31
16 78
16 14
16 15
16 17
16 18
16 56
17 32
17 15
17 16
17 18
17 27
17 30
18 32
18 33
18 34
18 78
18 16
18 17
19 1
19 76
19 79
19 48
19 49
19 50
19 20
19 21
20 1
20 19
20 79
21 1
21 76
21 19
21 22
21 28
22 66
22 76
22 21
22 23
22 24
22 25
22 26
22 28
23 36
23 37
23 15
23 22
23 24
23 25
23 58
24 66
24 36
24 52
24 22
24 23
25 58
25 59
25 22
25 23
25 26
25 27
26 25
26 27
26 28
26 22
27 32
27 60
27 17
27 55
27 25
27 26
27 59
27 28
27 29
27 30
27 31
28 1
28 21
28 22
28 26
28 27
28 29
29 0
29 1
29 70
29 55
29 27
29 28
30 17
30 27
30 15
30 31
31 37
31 38
31 39
31 15
31 27
31 60
31 30
32 33
32 17
32 18
32 55
32 57
32 27
33 32
33 34
33 35
33 18
33 57
34 33
34 18
34 35
34 78
35 33
35 34
35 78
35 56
35 57
36 1
36 13
36 15
36 50
36 51
36 52
36 23
36 24
37 68
37 38
37 15
37 23
37 58
37 31
38 68
38 37
38 39
38 40
38 31
39 69
39 38
39 40
39 60
39 31
40 68
40 69
40 38
40 39
41 70
41 42
41 43
41 12
41 62
42 70
42 71
42 41
42 74
42 75
42 12
42 10
43 41
43 12
43 45
43 44
43 62
43 63
44 43
44 12
44 45
44 46
44 14
45 43
45 44
45 77
45 46
45 47
45 63
46 44
46 45
46 14
46 47
46 53
46 54
47 77
47 45
47 46
47 54
47 61
48 64
48 49
48 50
48 19
48 51
49 64
49 65
49 66
49 76
49 48
49 19
50 1
50 36
50 48
50 51
50 19
51 64
51 36
51 72
51 48
51 50
51 52
52 66
52 67
52 36
52 72
52 51
52 24
53 46
53 14
53 54
53 55
53 56
54 70
54 46
54 47
54 53
54 55
54 61
54 62
55 32
55 70
55 53
55 54
55 56
55 57
55 27
55 29
56 35
56 78
56 14
56 16
56 53
56 55
56 57
57 32
57 33
57 35
57 55
57 56
58 68
58 37
58 23
58 25
58 59
59 68
59 69
59 25
59 58
59 27
59 60
60 69
60 39
60 59
60 27
60 31
61 77
61 47
61 54
61 62
61 63
62 70
62 41
62 43
62 54
62 61
62 63
63 43
63 45
63 77
63 61
63 62
64 65
64 72
64 73
64 48
64 49
64 51
65 64
65 66
65 67
65 73
65 49
66 65
66 67
66 76
66 49
66 52
66 22
66 24
67 65
67 66
67 72
67 73
67 52
68 37
68 69
68 38
68 40
68 58
68 59
69 68
69 39
69 40
69 59
69 60
70 0
70 4
70 6
70 71
70 41
70 42
70 54
70 55
70 29
70 62
71 70
71 6
71 8
71 42
71 10
72 64
72 67
72 73
72 51
72 52
73 72
73 65
73 67
73 64
74 3
74 5
74 7
74 42
74 75
74 12
75 7
75 9
75 74
75 10
75 42
76 66
76 49
76 19
76 21
76 22
77 47
77 61
77 45
77 63
78 34
78 35
78 16
78 18
78 56
79 1
79 19
79 20
80 81
80 82
80 83
80 1
81 80
81 82
81 83
81 84
81 94
82 80
82 81
83 80
83 81
83 84
83 1
84 1
84 81
84 83
84 85
84 94
85 96
85 1
85 84
86 1
86 87
86 88
86 89
86 90
86 95
87 88
87 89
87 86
88 95
88 86
88 87
89 90
89 91
89 86
89 87
90 1
90 86
90 89
90 91
90 92
90 93
91 89
91 90
91 92
92 90
92 91
92 93
93 1
93 90
93 92
94 81
94 84
95 88
95 1
95 86
96 1
96 85
97 1
97 98
98 97
98 1
