0.339789 0.395784 -0.236748 0.495597 0.680440 -0.539801
0.495105 0.290209 0.025190 0.774101 -0.533011 -0.341565
0.350298 0.300614 -0.252496 0.645318 -0.346651 -0.680733
0.155161 0.313280 -0.308817 0.165128 -0.448254 -0.878522
0.140961 0.390549 -0.281942 0.077634 0.581911 -0.809539
-0.020488 0.244233 -0.339512 0.348207 -0.221551 -0.910861
-0.074485 0.320466 -0.339349 -0.064925 0.540377 -0.838914
-0.131981 0.162629 -0.367503 0.308877 -0.497807 -0.810421
-0.217193 0.229818 -0.348614 -0.686440 0.443967 -0.575928
-0.210676 0.125569 -0.316681 -0.651616 -0.758489 -0.009562
-0.201706 0.221133 -0.256718 -0.623484 0.156399 0.766033
0.246241 0.201050 -0.226264 0.113210 -0.963010 -0.244529
0.063918 0.286390 -0.195653 -0.245456 -0.960852 -0.128508
0.207358 0.219334 -0.015242 -0.119002 -0.992663 0.021437
0.010599 0.295522 -0.050546 -0.270349 -0.962472 -0.023653
0.043122 0.294603 0.107182 -0.306059 -0.935234 0.177948
-0.190308 0.306443 0.062549 0.036461 -0.960767 0.274949
-0.208101 0.403112 0.111306 0.024251 -0.028717 0.999293
-0.432114 0.338981 0.147456 -0.106550 -0.072626 0.991651
0.494707 0.205518 0.170257 0.572519 -0.617087 0.539839
0.500000 0.180402 0.244052 0.999536 0.025022 0.017350
0.494421 0.402881 0.162781 0.431303 0.240924 0.869445
0.294040 0.371076 0.237564 0.056149 0.635421 0.770122
0.113938 0.341522 0.228957 -0.096219 -0.517107 0.850496
0.163418 0.277012 0.239874 -0.603724 0.389840 0.695372
0.117152 0.447485 0.203905 0.087748 0.702112 0.706639
0.293077 0.458210 0.094890 0.182001 0.908138 0.377043
0.057164 0.477064 0.096625 -0.024803 0.989006 0.145781
0.320286 0.459036 0.078031 0.180804 0.916098 0.357874
0.316929 0.450842 -0.095838 0.308554 0.940968 -0.139186
0.011695 0.386740 0.098768 -0.222294 0.073362 0.972216
-0.153244 0.386824 0.125078 -0.220094 -0.006520 -0.975457
-0.230474 0.464894 0.079098 -0.136495 0.921160 0.364464
-0.453597 0.398290 0.047612 -0.557706 0.829949 -0.012175
-0.500000 0.279037 0.061689 -0.891442 -0.453013 -0.010482
-0.429779 0.338799 -0.043238 -0.307116 0.021303 -0.951433
0.167163 0.212984 0.152293 -0.352418 -0.847017 -0.397950
-0.109180 0.284055 0.163754 0.197178 -0.966869 -0.162125
-0.302691 0.217102 0.184442 -0.069929 -0.710216 -0.700503
-0.333655 0.335560 0.165991 -0.603750 0.444996 -0.661411
-0.388247 0.245669 0.244671 -0.937471 -0.344967 0.046330
0.034767 0.362180 -0.209917 -0.084554 0.072074 -0.993809
-0.064675 0.304816 -0.230019 -0.230351 -0.038145 0.972360
-0.145041 0.323552 -0.213421 0.193540 -0.530037 -0.825593
-0.141920 0.280762 -0.135685 0.084841 -0.967870 0.236706
-0.329453 0.178485 -0.138162 0.257376 -0.910097 0.324779
-0.184277 0.370978 -0.067228 -0.037002 -0.095558 0.994736
-0.367667 0.288316 -0.070742 -0.487314 0.321973 0.811701
0.243096 0.076817 0.239997 0.370100 -0.924908 -0.087007
0.233093 0.113533 0.325897 0.502263 -0.504502 0.702289
0.381508 0.121234 0.157488 0.036846 -0.703509 -0.709731
0.149990 0.142084 0.184024 -0.258597 -0.381577 -0.887427
0.131047 0.211435 0.276343 -0.759848 0.631304 -0.155199
0.007134 0.412146 -0.070875 -0.558451 0.768232 0.312972
-0.184641 0.419455 -0.136638 -0.327443 0.934592 0.138991
0.040507 0.477939 -0.063016 -0.064389 0.979907 -0.188778
-0.203962 0.399338 -0.047435 -0.066029 -0.284448 -0.956415
-0.229437 0.463110 0.006291 -0.238415 0.826420 -0.510086
-0.106792 0.316396 0.269059 0.260568 -0.286310 0.922026
-0.149012 0.405919 0.250613 -0.014754 0.662094 0.749275
-0.166681 0.427383 0.183788 -0.357246 0.929618 -0.090473
-0.387028 0.321144 -0.191475 -0.576686 0.746449 -0.332036
-0.163880 0.398836 -0.204053 -0.126187 0.494406 -0.860023
-0.345392 0.236468 -0.237981 -0.036868 -0.237349 -0.970725
0.093103 0.000000 0.266425 0.293112 -0.935270 -0.198383
0.073001 0.051957 0.367503 0.017511 -0.288263 0.957391
0.205987 0.196784 0.346014 -0.067758 0.414997 0.907296
0.004008 0.115022 0.309053 -0.730707 0.569652 0.376249
-0.288643 0.232309 0.308001 0.174711 -0.573893 0.800077
-0.340625 0.333486 0.283431 -0.458151 0.682885 0.569005
0.079651 0.441951 -0.199526 -0.068894 0.926021 -0.371131
-0.085701 0.357545 -0.272284 -0.603931 0.779485 0.166344
0.042488 0.063139 0.220700 -0.604127 0.130095 -0.786197
-0.001851 0.002344 0.306040 -0.765404 -0.633940 0.110802
-0.004588 0.251542 -0.261431 0.415990 -0.871123 0.260952
-0.125931 0.150410 -0.268976 0.248499 -0.678897 0.690903
0.414901 0.284822 0.260660 0.457985 0.126581 0.879902
-0.428575 0.219157 -0.168915 -0.926434 -0.376397 -0.006700
-0.366778 0.227463 0.046914 0.131417 -0.959829 -0.247908
0.500000 0.039183 0.105187 0.943016 -0.288481 -0.165829
0.236770 0.191475 -0.224809 -0.084477 -0.995579 0.041074
0.025993 0.281199 -0.050546 -0.419248 -0.907711 -0.017103
0.063918 0.272067 -0.195653 -0.429603 -0.901307 -0.055557
0.207358 0.205011 -0.015242 0.011336 -0.998754 0.048591
0.167163 0.209032 0.152293 -0.157144 -0.935462 -0.316570
0.381508 0.117288 0.157488 0.010067 -0.611769 -0.790972
0.320286 0.468359 0.078031 0.313753 0.946706 0.072843
0.117152 0.456809 0.203905 0.171465 0.916735 0.360827
0.294040 0.380400 0.237564 0.146524 0.855872 0.495998
0.052584 0.486388 0.083025 0.078090 0.996272 0.036650
0.316929 0.460166 -0.095838 0.322878 0.935753 -0.141833
0.040507 0.487263 -0.063016 0.082853 0.989424 -0.119060
0.074686 0.451820 -0.188861 0.084037 0.948964 -0.303981
0.339789 0.405108 -0.236748 0.458299 0.850533 -0.257983
0.043122 0.282758 0.107182 -0.527359 -0.847103 0.065638
0.494421 0.416054 0.162781 0.326584 0.940839 -0.090363
0.494707 0.191195 0.170257 0.516530 -0.707896 -0.481746
0.497282 0.032818 0.107546 0.999959 0.006389 -0.006469
0.497277 0.177522 0.249699 0.999959 0.006389 -0.006469
