0 1
0 2
0 3
0 4
0 67
0 68
0 73
0 13
1 0
1 32
1 2
1 3
1 64
1 65
1 63
2 0
2 1
2 34
2 67
2 32
3 0
3 1
3 65
3 4
3 5
3 42
3 43
3 44
3 76
4 0
4 3
4 5
4 6
4 40
4 13
5 3
5 4
5 6
5 7
5 76
5 56
5 29
5 30
6 4
6 5
6 37
6 7
6 8
6 40
6 16
6 50
6 51
7 5
7 6
7 8
7 9
7 30
8 6
8 7
8 9
8 10
8 50
8 52
9 7
9 8
9 10
9 11
9 54
9 30
10 8
10 9
10 11
10 52
10 53
11 9
11 10
11 53
11 54
12 25
12 13
12 14
12 79
13 0
13 4
13 12
13 14
13 25
13 26
13 31
13 32
13 33
13 35
13 40
13 72
13 73
13 79
13 81
13 83
13 84
13 85
13 87
13 89
13 92
13 93
13 95
14 12
14 13
14 15
14 17
14 25
14 26
15 14
15 16
15 17
15 18
15 19
15 26
16 37
16 38
16 6
16 40
16 15
16 17
16 18
17 40
17 14
17 15
17 16
17 25
18 38
18 15
18 16
18 19
18 20
19 15
19 18
19 50
19 20
19 21
19 51
19 52
19 26
19 27
19 28
20 38
20 39
20 18
20 19
20 21
20 22
21 51
21 19
21 20
21 22
21 23
22 39
22 20
22 21
22 23
22 24
23 51
23 21
23 22
23 55
23 24
24 39
24 55
24 22
24 23
25 40
25 12
25 13
25 14
25 79
25 17
26 41
26 13
26 14
26 15
26 19
26 27
26 31
27 58
27 41
27 19
27 56
27 57
27 26
27 28
27 29
28 19
28 52
28 53
28 54
28 27
28 29
28 30
29 5
29 56
29 27
29 28
29 30
30 5
30 7
30 9
30 54
30 28
30 29
31 32
31 41
31 13
31 26
31 62
32 33
32 34
32 1
32 2
32 13
32 63
32 62
32 31
33 32
33 34
33 35
33 13
34 32
34 33
34 2
34 67
34 35
34 36
34 75
35 33
35 34
35 36
35 70
35 72
35 13
36 34
36 35
36 70
36 71
36 75
37 6
37 38
37 39
37 16
37 51
37 55
38 37
38 39
38 16
38 18
38 20
39 37
39 38
39 20
39 22
39 55
39 24
40 4
40 6
40 13
40 16
40 17
40 25
41 58
41 42
41 43
41 44
41 45
41 74
41 26
41 27
41 63
41 62
41 31
42 3
42 41
42 43
42 44
43 3
43 41
43 42
43 76
43 58
43 60
44 65
44 66
44 3
44 41
44 42
44 45
44 46
45 41
45 74
45 44
45 46
45 47
46 66
46 44
46 45
46 47
46 48
47 74
47 45
47 46
47 48
47 49
48 49
48 66
48 46
48 47
49 64
49 65
49 66
49 74
49 47
49 48
50 6
50 8
50 51
50 19
50 52
51 37
51 6
51 50
51 19
51 23
51 21
51 55
52 8
52 10
52 50
52 19
52 53
52 28
53 10
53 11
53 52
53 54
53 28
54 9
54 11
54 53
54 28
54 30
55 37
55 39
55 51
55 23
55 24
56 5
56 76
56 77
56 78
56 57
56 27
56 29
57 27
57 78
57 56
57 58
57 59
58 59
58 41
58 43
58 57
58 27
58 60
59 78
59 57
59 58
59 60
59 61
60 43
60 76
60 77
60 58
60 59
60 61
61 59
61 60
61 77
61 78
62 32
62 41
62 63
62 31
63 32
63 1
63 64
63 41
63 74
63 62
64 65
64 1
64 74
64 49
64 63
65 64
65 1
65 66
65 3
65 44
65 49
66 65
66 44
66 46
66 48
66 49
67 0
67 2
67 34
67 68
67 69
67 75
68 0
68 67
68 69
68 70
68 72
68 73
69 67
69 68
69 70
69 71
69 75
70 35
70 68
70 69
70 36
70 71
70 72
71 75
71 36
71 69
71 70
72 35
72 68
72 70
72 73
72 13
73 72
73 0
73 68
73 13
74 64
74 41
74 45
74 47
74 49
74 63
75 34
75 67
75 36
75 69
75 71
76 3
76 5
76 43
76 77
76 56
76 60
77 76
77 78
77 56
77 60
77 61
78 77
78 56
78 57
78 59
78 61
79 25
79 12
79 13
80 96
80 81
80 82
80 83
80 84
81 13
81 80
81 82
81 83
81 93
82 80
82 81
83 80
83 81
83 84
83 13
84 96
84 13
84 80
84 83
84 85
85 84
85 13
86 88
86 89
86 90
86 87
87 13
87 86
87 88
87 89
87 92
88 92
88 86
88 87
89 13
89 86
89 87
89 90
89 91
89 94
89 95
90 89
90 91
90 86
91 89
91 90
91 94
92 88
92 13
92 87
93 81
93 13
94 89
94 91
94 95
95 89
95 13
95 94
96 80
96 84
