-0.167160 0.212983 0.152292 0.358162 -0.850324 -0.385577
-0.113935 0.341520 0.228956 0.096219 -0.517107 0.850496
-0.163415 0.277011 0.239873 0.603724 0.389840 0.695372
-0.043119 0.294601 0.107182 0.306059 -0.935234 0.177948
-0.207355 0.219333 -0.015241 0.118748 -0.992689 0.021620
-0.010597 0.295521 -0.050546 0.270349 -0.962472 -0.023653
-0.063915 0.286388 -0.195652 0.245456 -0.960852 -0.128508
0.141921 0.280761 -0.135684 -0.084841 -0.967870 0.236706
0.145042 0.323551 -0.213420 -0.193540 -0.530037 -0.825593
0.329454 0.178484 -0.138161 -0.257376 -0.910097 0.324779
0.345393 0.236466 -0.237980 0.036868 -0.237349 -0.970725
0.428575 0.219156 -0.168914 0.926434 -0.376397 -0.006700
-0.500000 0.182087 -0.231989 -0.999850 0.017292 -0.000532
-0.495100 0.290202 0.000133 -0.712690 -0.667645 0.215229
-0.494068 0.378688 -0.162122 -0.753426 0.578465 -0.312614
-0.339785 0.395782 -0.236747 -0.233165 0.730133 -0.642292
-0.155157 0.313278 -0.308816 -0.165128 -0.448254 -0.878522
-0.350293 0.300612 -0.252494 -0.380194 -0.185660 -0.906081
-0.140958 0.390547 -0.281940 -0.077634 0.581911 -0.809539
-0.079648 0.441949 -0.199525 0.068894 0.926021 -0.371131
0.074487 0.320464 -0.339348 0.064925 0.540377 -0.838914
0.085703 0.357543 -0.272282 0.603931 0.779485 0.166344
0.217195 0.229816 -0.348613 0.686440 0.443967 -0.575928
0.201708 0.221132 -0.256716 0.623484 0.156399 0.766033
0.210677 0.125569 -0.316680 0.651616 -0.758489 -0.009562
-0.496161 0.224204 -0.149820 0.544444 -0.740139 -0.394684
-0.316925 0.450840 -0.095838 -0.039821 0.992677 -0.114048
-0.040505 0.477937 -0.063015 0.064389 0.979907 -0.188778
0.184643 0.419453 -0.136638 0.327443 0.934592 0.138991
-0.007132 0.412144 -0.070875 0.558451 0.768232 0.312972
0.184279 0.370976 -0.067228 0.037002 -0.095558 0.994736
-0.320282 0.459033 0.078031 -0.073979 -0.842510 0.533577
-0.294036 0.371074 0.237563 -0.321122 0.678307 0.660893
-0.414896 0.284821 0.260658 -0.760973 0.041975 0.647424
-0.205984 0.196783 0.346012 0.067758 0.414997 0.907296
-0.233090 0.113532 0.325895 -0.645068 -0.596402 0.477695
-0.072998 0.051957 0.367501 -0.017511 -0.288263 0.957391
0.004591 0.251541 -0.261430 -0.415990 -0.871123 0.260952
0.020491 0.244232 -0.339510 -0.348207 -0.221551 -0.910861
0.131983 0.162628 -0.367501 -0.308877 -0.497807 -0.810421
-0.246238 0.201049 -0.226263 0.007325 -0.985053 -0.172098
-0.057162 0.477062 0.096624 0.079579 0.961737 0.262162
-0.011693 0.386738 0.098762 0.222294 0.073362 0.972216
0.208102 0.403110 0.111306 -0.024258 -0.028718 0.999293
0.153245 0.386822 0.125077 0.220102 -0.006520 -0.975455
0.166683 0.427380 0.183787 0.357256 0.929612 -0.090498
0.333656 0.335558 0.165990 0.603750 0.444996 -0.661411
0.340626 0.333484 0.283430 0.458161 0.682885 0.568996
0.388247 0.245667 0.244670 0.937471 -0.344967 0.046330
0.288644 0.232308 0.308000 -0.174709 -0.573886 0.800082
-0.034764 0.362178 -0.209916 0.084554 0.072074 -0.993809
0.064677 0.304815 -0.230018 0.230351 -0.038145 0.972360
0.163882 0.398834 -0.204052 0.126187 0.494406 -0.860023
0.387028 0.321142 -0.191474 0.576686 0.746449 -0.332036
0.367668 0.288315 -0.070742 0.487314 0.321973 0.811701
0.125933 0.150409 -0.268974 -0.248499 -0.678897 0.690903
0.203963 0.399336 -0.047435 0.066029 -0.284448 -0.956415
0.229438 0.463108 0.006291 0.238415 0.826420 -0.510086
0.230475 0.464892 0.079097 0.136495 0.921160 0.364464
0.453597 0.398289 0.047612 0.557706 0.829949 -0.012175
0.432114 0.338979 0.147455 0.106550 -0.072626 0.991651
0.500000 0.279035 0.061688 0.891442 -0.453013 -0.010482
-0.293073 0.458208 0.094889 -0.182001 0.908138 0.377043
-0.117149 0.447483 0.203905 -0.087754 0.702109 0.706641
0.106794 0.316395 0.269058 -0.260567 -0.286304 0.922028
0.109182 0.284054 0.163754 -0.197178 -0.966869 -0.162125
0.302691 0.217101 0.184441 0.069929 -0.710216 -0.700503
-0.131044 0.211434 0.276342 0.759848 0.631304 -0.155199
-0.149987 0.142083 0.184023 0.258597 -0.381577 -0.887427
-0.042485 0.063138 0.220699 0.604127 0.130095 -0.786197
-0.093100 0.000000 0.266424 -0.293112 -0.935270 -0.198383
0.001853 0.002344 0.306039 0.765404 -0.633940 0.110802
-0.243092 0.076817 0.239996 -0.667369 -0.738623 0.095152
-0.381504 0.121234 0.157487 0.162566 -0.596767 -0.785774
0.149014 0.405922 0.250612 0.014754 0.662094 0.749275
-0.004006 0.115021 0.309052 0.730707 0.569652 0.376249
0.190310 0.306442 0.062549 -0.036461 -0.960767 0.274949
0.366779 0.227462 0.046914 -0.131417 -0.959829 -0.247908
0.429779 0.338797 -0.043237 0.307116 0.021303 -0.951433
-0.500000 0.037610 -0.098895 0.859352 -0.470271 0.200897
-0.025991 0.281198 -0.050546 0.419248 -0.907711 -0.017104
-0.236766 0.191474 -0.224803 0.081576 -0.984196 0.157176
-0.063915 0.272066 -0.195652 0.429602 -0.901308 -0.055556
-0.207355 0.205010 -0.015241 -0.013870 -0.998700 0.049057
-0.167160 0.209031 0.152292 0.167658 -0.936919 -0.306713
-0.381504 0.117287 0.157487 0.225138 -0.570714 -0.789682
-0.052581 0.486385 0.083025 -0.078090 0.996272 0.036650
-0.320282 0.468357 0.078031 -0.427647 0.878349 0.213592
-0.117149 0.456807 0.203905 -0.171465 0.916735 0.360827
-0.316925 0.460164 -0.095838 -0.272926 0.959456 -0.070395
-0.040505 0.487260 -0.063015 -0.082853 0.989424 -0.119060
-0.074684 0.451818 -0.188860 -0.084037 0.948964 -0.303981
-0.294036 0.380398 0.237563 -0.555644 0.686051 0.469674
-0.496161 0.209881 -0.149820 0.073607 -0.879331 0.470489
-0.339785 0.405106 -0.236747 -0.162571 0.927687 -0.336106
-0.494068 0.388011 -0.162122 -0.422192 0.892928 0.156315
-0.043119 0.282756 0.107182 0.527359 -0.847103 0.065638
