0 1
0 7
1 0
1 10
2 3
2 6
2 64
3 2
3 11
3 64
4 65
5 7
5 9
5 27
5 28
6 2
7 0
7 5
7 28
8 65
9 5
9 10
9 27
10 1
10 9
11 3
12 13
12 17
12 62
12 63
13 12
13 14
13 15
13 32
13 63
14 13
14 15
14 16
15 13
15 14
15 32
16 14
16 37
17 12
17 62
17 63
18 20
18 22
18 66
19 21
19 24
19 43
19 44
19 70
19 71
20 18
20 66
21 19
21 39
21 44
22 18
22 23
23 22
23 67
24 19
24 25
24 43
24 71
25 24
25 40
25 42
25 43
26 27
26 28
26 68
26 69
27 5
27 9
27 26
27 68
28 5
28 7
28 26
28 69
29 30
29 36
29 60
30 29
30 60
31 32
31 37
32 13
32 15
32 31
33 34
33 61
34 33
34 35
34 61
35 34
35 61
36 29
36 60
37 16
37 31
38 41
38 67
39 21
39 40
39 44
40 25
40 39
40 42
40 44
41 38
41 67
42 25
42 40
42 43
42 44
42 70
43 19
43 24
43 25
43 42
43 71
44 19
44 21
44 39
44 40
44 42
44 70
45 46
45 50
45 57
46 45
46 54
47 48
47 49
47 72
48 47
48 53
48 72
49 47
49 52
49 73
50 45
50 51
50 57
51 50
51 56
51 57
51 58
51 59
52 49
52 55
52 73
53 48
53 55
53 72
54 46
54 56
55 52
55 53
55 73
56 51
56 54
56 58
56 59
57 45
57 50
57 51
57 58
57 59
57 74
57 75
58 51
58 56
58 57
58 59
58 74
59 51
59 56
59 57
59 58
59 74
59 75
59 76
60 29
60 30
60 36
61 33
61 34
61 35
62 12
62 17
62 63
63 12
63 13
63 17
63 62
64 2
64 3
65 4
65 8
66 18
66 20
67 23
67 38
67 41
68 26
68 27
68 69
69 26
69 28
69 68
70 19
70 42
70 44
70 71
71 19
71 24
71 43
71 70
72 47
72 48
72 53
73 49
73 52
73 55
74 57
74 58
74 59
74 75
74 76
75 57
75 59
75 74
75 76
76 59
76 74
76 75
78 86
78 126
83 86
83 90
83 125
86 78
86 83
88 91
90 83
90 125
91 88
93 94
94 93
95 99
95 130
98 126
99 95
99 130
100 103
100 130
101 104
103 100
103 131
104 101
107 126
110 112
110 116
112 110
112 130
116 110
116 119
116 131
119 116
122 128
125 83
125 90
126 78
126 98
126 107
128 122
130 95
130 99
130 100
130 112
131 103
131 116
138 139
138 140
138 141
138 158
138 159
138 160
139 138
139 141
139 158
139 159
140 138
140 141
140 147
140 159
140 176
141 138
141 139
141 140
141 158
141 173
141 174
142 143
142 152
142 157
143 142
143 156
143 163
144 149
145 149
145 150
147 140
147 151
147 176
149 144
149 145
149 150
149 154
149 155
149 162
150 145
150 149
150 154
150 155
150 161
150 162
151 147
151 153
151 160
152 142
152 156
152 157
152 163
153 151
153 159
153 160
154 149
154 150
154 155
154 161
154 162
155 149
155 150
155 154
155 156
155 161
155 162
155 163
156 143
156 152
156 155
156 157
156 163
157 142
157 152
157 156
157 163
158 138
158 139
158 141
158 159
159 138
159 139
159 140
159 153
159 158
159 160
160 138
160 151
160 153
160 159
161 150
161 154
161 155
161 162
162 149
162 150
162 154
162 155
162 161
163 143
163 152
163 155
163 156
163 157
164 165
164 166
164 167
164 181
165 164
165 169
165 181
166 164
166 167
166 168
166 171
167 164
167 166
167 181
168 166
168 170
168 171
168 172
169 165
169 170
169 172
170 168
170 169
170 171
170 172
171 166
171 168
171 170
171 172
171 181
172 168
172 169
172 170
172 171
172 181
173 141
173 174
174 141
174 173
176 140
176 147
181 164
181 165
181 167
181 171
181 172
