0 1
0 2
0 3
0 4
0 5
0 36
0 37
0 38
0 39
1 0
1 96
1 2
1 39
1 81
2 0
2 1
2 5
2 81
2 82
2 115
2 124
3 0
3 97
3 4
3 38
3 95
4 0
4 3
4 37
4 107
4 108
4 95
5 0
5 2
5 36
5 122
5 124
6 7
6 8
6 40
6 16
6 17
7 6
7 8
7 9
7 42
7 43
7 17
8 6
8 7
8 40
8 9
8 10
8 88
8 90
9 7
9 8
9 10
9 11
9 43
9 19
10 8
10 9
10 41
10 11
10 12
10 48
10 88
10 89
11 9
11 10
11 12
11 13
11 19
12 41
12 10
12 11
12 13
12 14
13 11
13 12
13 14
13 15
13 18
13 19
13 20
14 41
14 12
14 13
14 15
14 16
14 17
14 83
14 84
14 89
15 17
15 20
15 13
15 14
16 6
16 40
16 14
16 17
16 84
17 6
17 7
17 42
17 14
17 15
17 16
17 20
18 42
18 43
18 13
18 19
18 20
19 9
19 11
19 43
19 13
19 18
20 42
20 13
20 15
20 17
20 18
21 68
21 44
21 22
21 23
21 54
21 25
22 35
22 47
22 21
22 23
22 24
22 25
22 27
23 32
23 45
23 21
23 22
23 53
23 24
23 54
23 31
24 35
24 31
24 22
24 23
25 44
25 21
25 22
25 26
25 27
26 68
26 44
26 48
26 49
26 25
26 27
26 28
26 29
26 30
27 46
27 47
27 22
27 25
27 26
27 28
28 34
28 46
28 26
28 27
28 30
29 32
29 45
29 48
29 50
29 26
29 30
29 31
30 33
30 34
30 26
30 28
30 29
30 31
31 32
31 33
31 35
31 23
31 24
31 29
31 30
32 45
32 31
32 29
32 23
33 34
33 35
33 46
33 47
33 30
33 31
34 46
34 33
34 28
34 30
35 33
35 47
35 22
35 24
35 31
36 0
36 5
36 37
36 116
36 121
36 122
37 0
37 36
37 4
37 108
37 114
37 116
38 0
38 97
38 99
38 3
38 39
39 0
39 1
39 96
39 99
39 38
40 6
40 8
40 16
40 84
40 90
41 89
41 10
41 12
41 14
42 7
42 43
42 17
42 18
42 20
43 7
43 9
43 42
43 18
43 19
44 25
44 26
44 68
44 21
45 32
45 50
45 53
45 23
45 29
46 33
46 34
46 47
46 27
46 28
47 33
47 35
47 46
47 22
47 27
48 101
48 10
48 49
48 50
48 88
48 89
48 26
48 29
49 48
49 26
49 68
49 101
50 45
50 48
50 51
50 53
50 85
50 56
50 89
50 92
50 29
51 50
51 52
51 53
51 91
51 92
52 102
52 51
52 53
52 54
52 91
52 93
53 45
53 50
53 51
53 52
53 54
53 23
54 68
54 102
54 52
54 21
54 53
54 23
55 69
55 70
55 77
55 56
55 57
55 92
56 79
56 50
56 85
56 55
56 57
56 58
56 92
57 65
57 76
57 77
57 55
57 56
57 58
57 59
57 60
58 78
58 79
58 56
58 57
58 60
59 65
59 60
59 61
59 57
60 78
60 80
60 57
60 58
60 59
60 61
60 62
61 65
61 66
61 59
61 60
61 62
61 63
62 64
62 96
62 99
62 80
62 60
62 61
62 63
63 64
63 66
63 67
63 100
63 98
63 73
63 61
63 62
64 97
64 98
64 99
64 62
64 63
65 66
65 76
65 57
65 59
65 61
66 65
66 67
66 75
66 76
66 61
66 63
67 66
67 72
67 73
67 74
67 75
67 63
68 101
68 102
68 44
68 49
68 21
68 54
68 26
69 70
69 71
69 172
69 77
69 178
69 55
70 100
70 69
70 71
70 73
70 55
70 91
70 92
71 69
71 70
71 72
71 73
71 172
71 173
72 67
72 71
72 73
72 74
72 173
72 174
73 67
73 100
73 70
73 71
73 72
73 63
74 67
74 72
74 75
74 174
74 175
74 176
75 66
75 67
75 74
75 76
75 176
75 177
76 65
76 66
76 75
76 77
76 177
76 57
77 69
77 76
77 177
77 178
77 55
77 57
78 79
78 80
78 81
78 82
78 58
78 60
79 78
79 82
79 115
79 85
79 86
79 56
79 58
80 96
80 78
80 81
80 60
80 62
81 96
81 1
81 2
81 78
81 80
81 82
82 2
82 78
82 79
82 81
82 115
83 130
83 103
83 14
83 84
83 89
83 126
83 127
84 103
84 40
84 14
84 16
84 83
84 90
85 79
85 50
85 86
85 87
85 56
85 89
86 110
86 79
86 115
86 119
86 85
86 87
87 110
87 85
87 86
87 89
87 126
88 101
88 8
88 10
88 48
88 90
89 41
89 10
89 14
89 48
89 50
89 83
89 85
89 87
89 126
90 101
90 103
90 40
90 8
90 104
90 84
90 88
91 100
91 70
91 51
91 52
91 92
91 93
91 94
92 70
92 50
92 51
92 55
92 56
92 91
93 102
93 52
93 91
93 94
93 95
94 98
94 100
94 91
94 93
94 95
95 97
95 98
95 3
95 4
95 102
95 107
95 93
95 94
96 1
96 99
96 39
96 80
96 81
96 62
97 64
97 98
97 3
97 99
97 38
97 95
98 64
98 97
98 100
98 63
98 94
98 95
99 64
99 97
99 96
99 38
99 39
99 62
100 98
100 70
100 73
100 91
100 94
100 63
101 68
101 102
101 104
101 105
101 48
101 49
101 88
101 90
102 68
102 101
102 105
102 107
102 52
102 54
102 93
102 95
103 130
103 104
103 106
103 109
103 146
103 83
103 84
103 90
104 101
104 103
104 105
104 106
104 108
104 90
105 101
105 102
105 104
105 107
105 108
106 103
106 104
106 108
106 109
106 114
107 4
107 102
107 105
107 108
107 95
108 4
108 37
108 104
108 105
108 106
108 107
108 114
109 103
109 106
109 112
109 113
109 114
109 146
110 140
110 117
110 86
110 119
110 87
110 125
110 126
111 136
111 112
111 113
111 116
111 120
111 158
112 132
112 134
112 136
112 109
112 143
112 111
112 113
112 146
113 109
113 111
113 112
113 114
113 116
114 37
114 106
114 108
114 109
114 113
114 116
115 2
115 79
115 82
115 86
115 119
115 124
116 36
116 37
116 111
116 113
116 114
116 120
116 121
117 140
117 110
117 118
117 119
117 121
117 123
118 121
118 122
118 117
118 119
119 110
119 115
119 117
119 86
119 118
119 122
119 124
120 111
120 116
120 121
120 123
120 158
121 36
121 116
121 117
121 118
121 120
121 122
121 123
122 36
122 5
122 118
122 119
122 121
122 124
123 137
123 140
123 117
123 120
123 121
123 158
124 2
124 5
124 115
124 119
124 122
125 131
125 132
125 135
125 140
125 141
125 110
125 126
126 128
126 132
126 110
126 144
126 83
126 87
126 89
126 125
126 127
127 128
127 129
127 130
127 83
127 147
127 150
127 151
127 152
127 126
128 144
128 150
128 126
128 127
129 130
129 145
129 146
129 147
129 148
129 149
129 127
130 129
130 103
130 146
130 83
130 127
131 161
131 132
131 133
131 164
131 135
131 165
131 166
131 125
132 131
132 133
132 134
132 143
132 144
132 112
132 125
132 126
133 161
133 162
133 131
133 132
133 163
133 134
133 138
134 132
134 133
134 136
134 138
134 112
135 131
135 166
135 125
135 141
136 134
136 137
136 138
136 111
136 112
136 158
137 136
137 138
137 139
137 140
137 123
137 158
138 163
138 133
138 134
138 136
138 137
138 139
139 162
139 163
139 167
139 137
139 138
139 140
139 141
140 137
140 139
140 141
140 110
140 117
140 123
140 125
141 165
141 166
141 167
141 135
141 168
141 139
141 140
141 125
142 143
142 144
142 145
142 146
142 149
142 154
143 132
143 142
143 144
143 112
143 146
144 128
144 132
144 142
144 143
144 150
144 151
144 153
144 154
144 126
145 129
145 146
145 149
145 142
146 129
146 130
146 103
146 109
146 142
146 143
146 112
146 145
147 160
147 129
147 148
147 152
147 157
147 127
148 160
148 129
148 147
148 149
148 154
148 159
149 129
149 142
149 145
149 148
149 154
150 151
150 128
150 144
150 127
151 144
151 150
151 152
151 153
151 155
151 156
151 157
151 127
152 147
152 127
152 157
152 151
153 144
153 154
153 156
153 151
154 142
154 144
154 148
154 149
154 153
154 156
154 159
155 160
155 151
155 156
155 157
155 159
156 151
156 153
156 154
156 155
156 159
157 160
157 147
157 151
157 152
157 155
158 136
158 137
158 111
158 120
158 123
159 160
159 148
159 154
159 155
159 156
160 147
160 148
160 155
160 157
160 159
161 162
161 131
161 164
161 133
161 169
161 188
162 161
162 163
162 133
162 167
162 139
162 188
162 190
163 162
163 139
163 133
163 138
164 169
164 161
164 131
164 165
165 131
165 164
165 166
165 168
165 169
165 170
165 141
166 131
166 165
166 141
166 135
167 162
167 168
167 171
167 139
167 141
167 190
168 165
168 167
168 170
168 171
168 141
169 161
169 164
169 165
169 170
169 188
169 189
170 165
170 168
170 169
170 171
170 189
171 167
171 168
171 170
171 189
171 190
172 69
172 71
172 173
172 178
172 179
172 182
173 71
173 72
173 172
173 174
173 182
174 72
174 74
174 173
174 175
174 181
174 182
174 183
175 74
175 174
175 176
175 183
175 185
176 74
176 75
176 175
176 177
176 185
177 75
177 76
177 77
177 176
177 178
177 180
177 184
177 185
178 69
178 172
178 77
178 177
178 179
178 180
179 172
179 178
179 180
179 182
179 191
180 177
180 178
180 179
180 184
180 187
180 191
181 186
181 182
181 174
181 183
182 172
182 173
182 174
182 179
182 181
182 186
182 191
183 174
183 175
183 181
183 185
183 186
184 177
184 185
184 180
184 187
185 175
185 176
185 177
185 183
185 184
185 186
185 187
186 181
186 182
186 183
186 185
186 187
186 191
187 180
187 184
187 185
187 186
187 191
188 161
188 162
188 169
188 189
188 190
189 169
189 170
189 171
189 188
189 190
190 162
190 167
190 171
190 188
190 189
191 179
191 180
191 182
191 186
191 187
