  0.500002   0.133853  -0.103141
  0.300784   0.114832   0.045245
 -0.064808   0.209849   0.054877
 -0.056917   0.189209  -0.061258
 -0.027216   0.185357  -0.165799
  0.004197   0.153898  -0.280416
  0.141410   0.099616   0.163954
 -0.192964   0.209498   0.054768
 -0.207720   0.213078  -0.056145
 -0.180967   0.194324  -0.163671
 -0.123226   0.161175  -0.276800
  0.041127   0.088017   0.256566
 -0.316876   0.212952   0.053976
 -0.354031   0.229419  -0.050205
 -0.323900   0.212382  -0.163140
 -0.234954   0.161688  -0.272801
 -0.029185   0.083466   0.311170
 -0.419718   0.204113   0.054737
 -0.481840   0.218011  -0.041380
 -0.452118   0.212624  -0.160328
 -0.318324   0.190614  -0.273844
