0 1
0 2
0 69
0 6
0 7
0 28
1 0
1 2
1 3
1 68
1 69
1 10
2 0
2 1
2 64
2 3
2 97
2 98
2 6
3 64
3 1
3 2
3 10
3 11
4 8
4 65
4 5
4 6
5 4
5 6
5 7
5 8
5 9
5 26
5 27
5 28
6 0
6 65
6 2
6 98
6 4
6 5
6 7
6 77
6 87
7 0
7 28
7 5
7 6
8 96
8 65
8 4
8 5
8 9
8 10
8 11
8 87
8 95
9 8
9 10
9 27
9 5
10 1
10 3
10 68
10 8
10 9
10 11
10 27
11 64
11 97
11 3
11 8
11 10
11 95
12 13
12 14
12 17
12 62
12 63
13 32
13 12
13 14
13 15
13 63
14 34
14 35
14 12
14 13
14 15
14 16
14 17
15 32
15 33
15 34
15 13
15 14
16 17
16 35
16 37
16 14
17 37
17 12
17 14
17 16
17 62
18 66
18 19
18 20
18 22
18 24
19 70
19 71
19 18
19 20
19 21
19 24
20 66
20 38
20 39
20 18
20 19
20 84
20 21
20 90
20 94
21 70
21 39
21 44
21 19
21 20
22 66
22 18
22 23
22 24
22 93
22 94
23 67
23 40
23 41
23 22
23 24
23 25
23 88
23 93
24 71
24 43
24 18
24 19
24 22
24 23
24 25
25 24
25 40
25 43
25 23
26 68
26 69
26 5
26 27
26 28
27 68
27 5
27 9
27 10
27 26
28 0
28 69
28 5
28 7
28 26
29 36
29 37
29 60
29 30
29 31
30 32
30 33
30 83
30 86
30 60
30 29
30 31
31 32
31 37
31 30
31 29
31 62
31 63
32 33
32 13
32 15
32 63
32 30
32 31
33 32
33 34
33 15
33 83
33 84
33 85
33 61
33 30
34 33
34 35
34 14
34 15
34 61
35 34
35 36
35 37
35 77
35 14
35 78
35 16
35 85
35 61
36 35
36 37
36 78
36 60
36 29
37 35
37 36
37 16
37 17
37 29
37 62
37 31
38 67
38 39
38 40
38 41
38 20
38 84
38 89
39 38
39 40
39 42
39 44
39 20
39 21
40 38
40 39
40 41
40 42
40 43
40 23
40 25
41 40
41 67
41 38
41 23
42 70
42 39
42 40
42 71
42 43
42 44
43 71
43 40
43 42
43 24
43 25
44 42
44 21
44 70
44 39
45 75
45 46
45 47
45 49
45 50
45 57
46 75
46 76
46 45
46 47
46 48
46 53
46 54
47 96
47 99
47 72
47 45
47 46
47 48
47 49
48 72
48 53
48 46
48 47
49 96
49 101
49 73
49 45
49 47
49 50
49 51
49 52
50 49
50 51
50 45
50 57
51 49
51 50
51 52
51 55
51 56
51 57
51 58
52 73
52 49
52 51
52 55
53 103
53 72
53 104
53 46
53 48
53 54
53 55
54 76
54 46
54 53
54 55
54 56
54 59
55 101
55 104
55 73
55 51
55 52
55 53
55 54
55 56
56 51
56 54
56 55
56 58
56 59
57 74
57 75
57 45
57 50
57 51
57 58
58 74
58 51
58 56
58 57
58 59
59 74
59 76
59 54
59 56
59 58
60 36
60 78
60 86
60 29
60 30
61 33
61 34
61 35
61 85
62 37
62 12
62 17
62 31
62 63
63 32
63 12
63 13
63 62
63 31
64 11
64 97
64 2
64 3
65 8
65 4
65 6
65 87
66 94
66 18
66 20
66 22
67 38
67 41
67 23
67 88
67 89
68 1
68 69
68 10
68 26
68 27
69 0
69 1
69 68
69 26
69 28
70 71
70 42
70 44
70 19
70 21
71 70
71 42
71 43
71 19
71 24
72 99
72 100
72 103
72 47
72 48
72 53
73 49
73 52
73 101
73 55
74 75
74 76
74 57
74 58
74 59
75 74
75 76
75 45
75 46
75 57
76 74
76 75
76 46
76 54
76 59
77 98
77 35
77 6
77 78
77 85
77 87
77 126
78 35
78 36
78 77
78 86
78 60
78 126
79 132
79 133
79 134
79 109
79 80
79 81
79 124
80 102
80 109
80 79
80 81
80 82
80 115
81 134
81 79
81 80
81 82
81 85
81 89
82 102
82 80
82 81
82 85
82 87
83 33
83 84
83 86
83 125
83 30
84 33
84 38
84 83
84 20
84 85
84 89
84 90
84 125
85 33
85 35
85 77
85 81
85 82
85 84
85 87
85 89
85 61
86 78
86 83
86 126
86 60
86 125
86 30
86 127
87 96
87 65
87 101
87 6
87 102
87 8
87 77
87 82
87 85
88 67
88 23
88 89
88 91
88 92
88 93
89 67
89 38
89 134
89 173
89 81
89 84
89 85
89 88
89 91
90 20
90 125
90 94
90 84
91 173
91 174
91 88
91 89
91 92
92 174
92 88
92 121
92 122
92 91
92 93
93 22
93 23
93 88
93 122
93 92
93 94
94 66
94 122
94 20
94 125
94 22
94 90
94 93
95 96
95 97
95 130
95 8
95 11
96 130
96 99
96 101
96 8
96 47
96 49
96 87
96 95
97 64
97 2
97 98
97 130
97 105
97 11
97 126
97 95
98 97
98 2
98 6
98 77
98 126
99 96
99 130
99 100
99 72
99 47
100 130
100 99
100 131
100 103
100 72
100 110
101 96
101 102
101 104
101 73
101 49
101 55
101 87
102 101
102 104
102 80
102 82
102 115
102 114
102 87
103 131
103 100
103 72
103 104
103 53
103 119
104 101
104 102
104 103
104 114
104 119
104 53
104 55
105 97
105 130
105 106
105 107
105 112
105 126
106 105
106 107
106 108
106 111
106 112
106 188
107 105
107 106
107 108
107 126
107 127
108 128
108 129
108 106
108 107
108 186
108 188
108 127
109 79
109 80
109 115
109 120
109 124
109 184
110 130
110 131
110 100
110 111
110 112
110 116
111 106
111 110
111 112
111 116
111 117
111 188
111 191
112 130
112 105
112 106
112 110
112 111
113 114
113 115
113 117
113 118
114 102
114 104
114 113
114 115
114 117
114 119
115 102
115 109
115 80
115 113
115 114
115 118
115 120
116 131
116 110
116 111
116 117
116 119
117 111
117 113
117 114
117 116
117 118
117 119
117 191
118 113
118 115
118 117
118 120
118 187
118 191
119 131
119 103
119 104
119 114
119 116
119 117
120 109
120 115
120 118
120 184
120 187
121 174
121 175
121 122
121 123
121 92
122 128
122 129
122 93
122 121
122 123
122 92
122 125
122 94
123 129
123 185
123 186
123 175
123 178
123 179
123 121
123 122
124 132
124 136
124 109
124 79
124 184
125 128
125 122
125 83
125 84
125 86
125 90
125 94
125 127
126 97
126 98
126 105
126 107
126 77
126 78
126 86
126 127
127 128
127 107
127 108
127 86
127 125
127 126
128 129
128 108
128 122
128 125
128 127
129 128
129 122
129 108
129 186
129 123
130 96
130 97
130 99
130 100
130 105
130 110
130 112
130 95
131 100
131 103
131 110
131 116
131 119
132 133
132 135
132 136
132 137
132 79
132 124
133 132
133 134
133 137
133 143
133 79
134 133
134 173
134 142
134 143
134 79
134 81
134 89
135 132
135 136
135 137
135 177
135 146
136 132
136 135
136 177
136 182
136 184
136 124
137 132
137 133
137 135
137 143
137 144
137 145
137 146
138 139
138 140
138 151
138 153
138 158
138 159
139 138
139 140
139 141
139 152
139 157
139 158
140 138
140 139
140 141
140 176
140 147
140 151
141 139
141 140
141 173
141 142
141 174
141 176
141 152
142 134
142 141
142 173
142 143
142 152
142 156
143 133
143 134
143 137
143 142
143 144
143 149
143 155
143 156
144 145
144 137
144 149
144 143
145 137
145 144
145 146
145 147
145 149
145 150
146 135
146 137
146 177
146 145
146 147
146 148
146 180
147 140
147 176
147 145
147 146
147 179
147 148
147 150
147 151
148 178
148 146
148 147
148 180
148 179
149 143
149 144
149 145
149 150
149 155
150 145
150 147
150 149
150 151
150 154
150 155
151 138
151 140
151 147
151 150
151 153
151 154
152 163
152 139
152 141
152 142
152 156
152 157
153 160
153 161
153 138
153 151
153 154
153 159
154 161
154 162
154 150
154 151
154 153
154 155
155 162
155 143
155 149
155 150
155 154
155 156
156 162
156 163
156 142
156 143
156 152
156 155
157 163
157 164
157 167
157 139
157 152
157 158
158 167
158 138
158 139
158 157
158 159
159 160
159 166
159 167
159 168
159 138
159 153
159 158
160 161
160 168
160 170
160 153
160 159
161 160
161 162
161 170
161 153
161 154
162 161
162 163
162 165
162 169
162 170
162 154
162 155
162 156
163 162
163 164
163 165
163 152
163 156
163 157
164 163
164 165
164 167
164 181
164 157
165 162
165 163
165 164
165 169
165 172
165 181
166 159
166 171
166 168
166 167
167 164
167 166
167 171
167 181
167 157
167 158
167 159
168 160
168 166
168 170
168 171
168 159
169 170
169 162
169 172
169 165
170 160
170 161
170 162
170 168
170 169
170 171
170 172
171 166
171 167
171 168
171 170
171 172
171 181
172 165
172 169
172 170
172 171
172 181
173 134
173 141
173 174
173 142
173 89
173 91
174 141
174 173
174 175
174 176
174 121
174 91
174 92
175 174
175 176
175 179
175 121
175 123
176 140
176 141
176 174
176 175
176 147
176 179
177 135
177 136
177 146
177 180
177 182
177 189
178 179
178 180
178 148
178 185
178 123
178 190
179 175
179 176
179 178
179 147
179 148
179 123
180 177
180 178
180 146
180 148
180 189
180 190
181 164
181 165
181 167
181 171
181 172
182 136
182 177
182 183
182 184
182 189
183 182
183 184
183 185
183 186
183 187
183 188
183 189
183 190
183 191
184 136
184 109
184 182
184 183
184 120
184 187
184 124
185 178
185 183
185 186
185 123
185 190
186 129
186 108
186 183
186 185
186 123
186 188
187 118
187 183
187 184
187 120
187 191
188 106
188 108
188 111
188 183
188 186
188 191
189 177
189 180
189 182
189 183
189 190
190 178
190 180
190 183
190 185
190 189
191 111
191 117
191 118
191 183
191 187
191 188
