 -0.500002   0.133852  -0.104279
 -0.314027   0.115043   0.030383
  0.051908   0.211148   0.053914
  0.040045   0.199036  -0.062096
  0.022543   0.178425  -0.166052
 -0.002411   0.152842  -0.275404
 -0.165247   0.099995   0.138113
  0.183109   0.214755   0.053027
  0.197786   0.210469  -0.054929
  0.179684   0.202642  -0.168190
  0.123639   0.159061  -0.279324
 -0.057793   0.090406   0.242481
  0.312309   0.214931   0.052650
  0.349058   0.230884  -0.049320
  0.325219   0.212773  -0.168579
  0.228467   0.156236  -0.281501
  0.007847   0.066084   0.333600
  0.422921   0.207076   0.053041
  0.485316   0.217499  -0.040133
  0.455622   0.219207  -0.168559
  0.316547   0.154873  -0.283570
