0.500000 0.133851 -0.103142 0.999917 0.001779 0.012728
0.460615 0.041722 0.003643 0.666832 -0.715878 0.207012
0.459216 0.024132 -0.106699 0.336545 -0.938882 -0.072373
0.457331 0.219719 -0.007908 0.588179 0.645129 0.487703
0.459182 0.251537 -0.102818 0.403316 0.909535 0.100410
0.458533 0.055090 -0.194981 0.689839 -0.579501 -0.433937
-0.281057 0.280950 -0.056429 -0.077839 0.982337 -0.170160
-0.436320 0.266901 -0.055226 -0.097213 0.990669 0.095526
-0.268185 0.263949 -0.012292 -0.066931 0.709850 0.701165
-0.436277 0.254676 -0.019057 -0.093803 0.354907 0.930184
-0.269098 0.206317 -0.009162 -0.065099 -0.398735 0.914752
-0.430613 0.212357 -0.018997 -0.101213 -0.627796 0.771769
-0.281987 0.176222 -0.055491 -0.091894 -0.976240 0.196241
-0.431338 0.192089 -0.054621 -0.143326 -0.981704 -0.125356
-0.270053 0.200406 -0.100139 -0.082502 -0.483921 -0.871214
-0.432336 0.208723 -0.090474 -0.119685 -0.512267 -0.850446
-0.269038 0.256673 -0.100438 -0.063002 0.483867 -0.872871
-0.436286 0.252399 -0.090252 -0.095906 0.467218 -0.878925
-0.487290 0.208544 -0.054672 -0.725348 -0.687728 0.030023
-0.481096 0.220128 -0.027494 -0.350588 -0.462884 0.814142
-0.481881 0.218090 -0.080980 -0.369784 -0.472598 -0.799944
-0.237304 0.251674 0.103210 -0.087351 0.680734 0.727304
-0.379183 0.242316 0.092948 -0.130327 0.497019 0.857897
-0.236639 0.192583 0.106255 -0.089884 -0.322518 0.942286
-0.380454 0.200039 0.091327 -0.151015 -0.461087 0.874411
-0.247968 0.262815 0.061027 -0.087550 0.996139 0.006529
-0.240367 0.244039 0.019774 -0.086241 0.485399 -0.870029
-0.379823 0.250855 0.061112 -0.110477 0.978185 -0.175923
-0.380932 0.238128 0.028227 -0.130708 0.468049 -0.873983
-0.238354 0.186450 0.020976 -0.074353 -0.609066 -0.789626
-0.379251 0.196772 0.030744 -0.126424 -0.350521 -0.927983
-0.377443 0.181178 0.061010 -0.158399 -0.984005 0.081513
-0.246756 0.164817 0.062170 -0.117701 -0.990318 0.073593
-0.421392 0.198453 0.060541 -0.669829 -0.740215 -0.058398
-0.414175 0.208817 0.037244 -0.414800 -0.281669 -0.865219
-0.413066 0.210037 0.084989 -0.397819 -0.432859 0.808933
0.465315 0.152448 -0.259488 0.560059 0.183997 -0.807762
0.461784 0.232771 -0.198794 0.420138 0.829745 -0.367432
0.457979 0.152363 0.045476 0.708939 0.278757 0.647843
0.461297 0.080314 0.050449 0.793020 -0.192614 0.577944
-0.261480 0.282537 -0.056565 -0.066582 0.964626 -0.255075
-0.258460 0.174362 -0.055584 -0.092913 -0.993515 0.065530
-0.499974 0.253175 -0.075170 -0.608565 0.591885 -0.528507
-0.500000 0.253491 -0.034676 -0.616659 0.608359 0.499632
-0.229644 0.264179 0.061061 -0.085596 0.992465 -0.087675
-0.228552 0.163588 0.062434 -0.105562 -0.940756 0.322234
-0.434034 0.235680 0.044341 -0.639917 0.561729 -0.524373
-0.434111 0.237718 0.078378 -0.658774 0.559359 0.503124
-0.024179 0.196499 0.003719 -0.384917 -0.900182 -0.203742
-0.050513 0.256903 0.009341 -0.155150 0.531232 -0.832899
-0.011751 0.137408 0.066580 -0.434472 -0.900353 0.024481
0.020682 0.180402 0.130269 -0.344568 -0.300431 0.889390
0.024427 0.261586 0.126805 -0.115300 0.397372 0.910385
-0.027319 0.182543 0.120186 -0.117321 -0.463777 0.878149
-0.046538 0.259769 0.115434 -0.110713 0.455906 0.883115
0.071370 0.083496 0.152490 -0.871623 -0.168867 -0.460171
0.090333 0.073132 0.100625 -0.587438 -0.808949 -0.022752
0.084533 0.038728 0.165602 -0.349901 -0.923419 -0.157689
0.124395 0.034633 0.125628 -0.462817 -0.873775 -0.149390
0.144118 0.034318 0.187022 -0.020121 -0.974495 0.223504
0.196384 0.021548 0.147372 -0.121862 -0.975572 0.182781
0.157332 0.047770 0.211581 0.338112 -0.522832 0.782513
0.259347 0.026223 0.162053 0.347734 -0.480790 0.804936
0.159532 0.126677 0.219011 0.413002 0.195554 0.889488
0.251226 0.099542 0.180709 0.438437 0.188647 0.878741
0.111497 0.038907 0.215420 0.088961 -0.971299 0.220600
0.122749 0.054680 0.236771 0.565649 -0.314949 0.762134
0.126613 0.124587 0.241762 0.564782 0.354283 0.745322
-0.043894 0.280405 0.060907 -0.146718 0.988881 -0.024240
0.040916 0.083411 0.183149 -0.727709 0.006064 -0.685859
0.075431 0.140633 0.167743 -0.755429 0.642898 -0.126528
0.049925 0.137357 0.196491 -0.550577 0.721660 -0.419610
0.077503 0.147858 0.230194 0.068378 0.973579 0.217874
0.101568 0.151228 0.208553 -0.053433 0.938223 0.341882
0.104153 0.123546 0.260853 0.596271 0.354350 0.720346
0.101056 0.054040 0.256588 0.640995 -0.284838 0.712736
0.085838 0.039001 0.239407 0.113688 -0.985167 0.128531
0.052450 0.039180 0.197745 -0.443664 -0.787856 -0.427136
0.189850 0.011909 0.043676 -0.262642 -0.962863 -0.062566
0.162015 0.049135 -0.030701 -0.426844 -0.897571 -0.110320
0.251892 0.005135 0.104131 -0.015978 -0.984234 0.176151
0.321739 0.000000 0.045459 0.139381 -0.988498 0.058690
0.265771 0.003275 -0.020772 -0.097836 -0.986686 -0.129918
-0.027421 0.185264 -0.116330 -0.367007 -0.930180 0.008441
-0.055939 0.265672 -0.110137 -0.074181 0.437643 -0.896083
0.061279 0.090406 -0.046431 -0.465214 -0.884809 0.026238
0.187222 0.038771 -0.133698 -0.285686 -0.954024 0.090675
0.061014 0.074633 -0.159042 -0.460402 -0.876480 0.140760
-0.055939 0.276225 -0.004828 -0.074193 0.368329 0.926730
-0.018729 0.151586 -0.055729 -0.416597 -0.905614 0.079438
-0.055939 0.296262 -0.058741 -0.100548 0.994816 0.015228
0.096219 0.174038 0.151578 -0.307798 0.211965 0.927540
0.073511 0.123905 0.128801 -0.727017 -0.383072 0.569826
0.085770 0.246769 0.131634 0.070602 0.682371 0.727588
0.142344 0.213133 0.148976 0.056889 0.576903 0.814829
0.231453 0.263992 0.088538 0.254387 0.839703 0.479777
0.344055 0.019048 0.106034 0.440755 -0.711786 0.546896
0.308082 0.178312 0.119008 0.423187 0.478112 0.769625
0.208736 0.182586 0.158573 0.310638 0.531412 0.788102
0.339900 0.086542 0.131292 0.515736 0.031470 0.856169
0.150652 0.175855 0.179549 -0.092558 0.720276 0.687485
-0.027728 0.278724 0.002286 -0.363002 0.923598 0.123270
0.036941 0.303855 0.057640 0.032389 0.965245 0.259333
-0.035039 0.264581 -0.115775 -0.283475 0.932257 -0.224806
0.019889 0.310722 -0.063091 -0.044911 0.985050 -0.166312
0.026073 0.299086 0.000256 0.051590 0.994354 0.092734
0.017099 0.277129 -0.116355 -0.036200 0.981793 -0.186472
0.235189 0.275448 0.000759 0.151852 0.982176 0.110774
0.232459 0.289762 -0.088324 0.111199 0.992081 -0.058394
0.014173 0.282043 -0.176845 -0.090452 0.950722 -0.296556
0.074202 0.049093 -0.272710 -0.315829 -0.948295 -0.031444
0.032446 0.231952 -0.282512 -0.091891 0.928100 -0.360814
-0.014224 0.219497 -0.236635 -0.294576 0.844751 -0.446790
0.022482 0.242768 -0.233905 -0.079533 0.891856 -0.445272
0.232459 0.279270 -0.186459 0.052149 0.962151 -0.267480
0.258042 0.017820 -0.117046 -0.090971 -0.994599 -0.049975
0.236153 0.242589 -0.259676 0.136054 0.757696 -0.638269
0.092440 0.083769 -0.336475 -0.035677 -0.453687 -0.890446
0.226036 0.056318 -0.322093 0.077960 -0.452827 -0.888184
0.216490 0.022179 -0.257296 -0.094634 -0.975192 -0.200112
0.049208 0.204901 -0.327860 0.101026 0.662534 -0.742188
0.237185 0.156133 -0.323774 0.199404 0.259967 -0.944804
0.320715 0.052411 -0.300451 0.340506 -0.464280 -0.817618
0.063787 0.172000 -0.341491 0.021674 0.064465 -0.997685
0.339883 0.022316 -0.228113 0.133685 -0.973626 -0.184878
-0.015018 0.085722 -0.278374 -0.298856 -0.930443 0.212037
-0.020375 0.131045 -0.172878 -0.390799 -0.894411 0.217499
-0.248727 0.188907 -0.127428 -0.071225 -0.428047 0.900946
-0.238217 0.159136 -0.172631 -0.122402 -0.982433 0.140863
-0.248514 0.247588 -0.130721 -0.057835 0.743203 0.666561
-0.055205 0.254037 -0.122583 -0.085025 0.379793 0.921156
-0.178197 0.145180 -0.241881 -0.073717 -0.436450 0.896704
-0.017330 0.145589 -0.234733 -0.447094 -0.874623 0.187462
-0.178982 0.193590 -0.245063 -0.086558 0.475416 0.875492
-0.047280 0.208135 -0.237829 -0.121878 0.700444 0.703224
-0.172413 0.107134 -0.279791 -0.130870 -0.963833 0.232162
-0.040422 0.214950 -0.285472 -0.147773 0.963218 -0.224442
-0.034988 0.189999 -0.331349 -0.093919 0.434391 -0.895815
-0.170852 0.204176 -0.284252 -0.088229 0.981813 -0.168103
-0.176747 0.184539 -0.321846 -0.084162 0.315002 -0.945352
-0.012339 0.110956 -0.331673 -0.148081 -0.411805 -0.899160
-0.177958 0.126728 -0.318348 -0.122638 -0.606294 -0.785727
-0.246765 0.230630 -0.217348 -0.044381 0.558104 -0.828583
-0.053976 0.227678 -0.227857 -0.068439 0.292619 -0.953777
-0.246483 0.176180 -0.214242 -0.116607 -0.546407 -0.829362
-0.240179 0.259309 -0.173612 -0.048693 0.980022 -0.192837
-0.054488 0.268308 -0.175011 -0.077376 0.962325 -0.260660
-0.394930 0.241992 -0.137980 -0.104166 0.372310 0.922245
-0.394231 0.250087 -0.172759 -0.100823 0.994162 -0.038418
-0.256737 0.258541 -0.173578 -0.049138 0.958801 -0.279798
-0.259953 0.160952 -0.172469 -0.098940 -0.984933 0.141836
-0.390111 0.174541 -0.171607 -0.161999 -0.979272 0.121588
-0.392073 0.197906 -0.136257 -0.120250 -0.449802 0.884996
-0.391484 0.189359 -0.204296 -0.137954 -0.563172 -0.814743
-0.392021 0.230544 -0.209994 -0.085699 0.429459 -0.899011
-0.448425 0.199544 -0.170933 -0.663245 -0.747661 0.033301
-0.440099 0.201813 -0.199178 -0.381738 -0.558452 -0.736483
-0.440918 0.205226 -0.145248 -0.354721 -0.463154 0.812195
0.002538 0.197497 -0.330530 -0.121533 0.745009 -0.655890
-0.462048 0.230953 -0.193718 -0.541958 0.623536 -0.563457
-0.463055 0.232907 -0.152414 -0.590584 0.674182 0.443497
-0.265114 0.190221 -0.252339 -0.122671 0.393190 0.911237
-0.267033 0.196362 -0.284201 -0.070574 0.990354 -0.119241
-0.189116 0.202769 -0.284508 -0.080463 0.989629 -0.118998
-0.264764 0.148404 -0.249038 -0.143448 -0.356437 0.923242
-0.262700 0.120134 -0.279023 -0.177663 -0.953130 0.244906
-0.187069 0.108814 -0.279492 -0.136699 -0.963072 0.231960
-0.264551 0.182270 -0.314748 -0.115062 0.246492 -0.962290
-0.263032 0.136265 -0.311234 -0.184776 -0.544853 -0.817920
-0.304226 0.153454 -0.258268 -0.364791 -0.334752 0.868832
-0.301070 0.133084 -0.279296 -0.437386 -0.893557 -0.101238
-0.301872 0.149360 -0.306986 -0.405579 -0.320200 -0.856141
0.029912 0.083411 0.194631 -0.808324 0.083041 -0.582851
0.039082 0.135771 0.208374 -0.629027 0.684641 -0.368228
0.066559 0.146178 0.240201 0.025502 0.975464 0.218676
0.092918 0.123043 0.270398 0.639044 0.252166 0.726660
0.090205 0.053725 0.266500 0.645803 -0.296000 0.703792
0.074228 0.039044 0.249499 0.082495 -0.975050 0.206086
0.041838 0.039410 0.209346 -0.580713 -0.730301 -0.359769
-0.027140 0.083905 0.275576 -0.866668 -0.159792 -0.472603
-0.015845 0.049451 0.293235 -0.481265 -0.875983 -0.032220
0.008646 0.133135 0.306917 -0.111424 0.958943 0.260791
-0.015444 0.124041 0.284499 -0.713330 0.649449 -0.263394
0.016280 0.112815 0.339333 0.427357 0.576013 0.696832
0.010855 0.048956 0.315363 -0.015999 -0.951809 0.306275
0.015368 0.064089 0.340357 0.550691 -0.301388 0.778399
-0.013593 0.109318 0.341491 -0.558726 0.476892 0.678527
-0.012919 0.069907 0.340860 -0.601986 -0.516782 0.608728
-0.325305 0.190221 -0.264402 -0.543484 0.625371 0.559943
-0.320024 0.150545 -0.281812 -0.899054 -0.437787 0.006681
-0.325339 0.187499 -0.298976 -0.528447 0.554842 -0.642568
-0.029793 0.086226 0.311805 -0.987123 0.015622 0.159197
