6 8
6 16
6 40
7 9
7 17
8 6
8 40
9 7
9 11
9 19
9 43
10 12
10 41
11 9
11 13
11 19
12 10
12 41
13 11
13 15
13 19
14 16
15 13
15 17
15 20
16 6
16 14
17 7
17 15
17 42
18 19
18 20
18 42
18 43
19 9
19 11
19 13
19 18
19 20
19 43
20 15
20 18
20 19
20 42
21 25
21 44
22 24
22 27
22 35
23 32
23 45
24 22
24 31
24 33
24 35
25 21
25 26
25 44
26 25
26 44
27 22
27 28
27 34
27 46
27 47
28 27
28 30
28 34
29 32
29 45
30 28
30 31
30 33
30 34
31 24
31 30
31 33
31 34
32 23
32 29
32 45
33 24
33 30
33 31
33 34
33 35
33 46
33 47
34 27
34 28
34 30
34 31
34 33
34 46
34 47
35 22
35 24
35 33
35 47
40 6
40 8
41 10
41 12
42 17
42 18
42 20
42 43
43 9
43 18
43 19
43 42
44 21
44 25
44 26
45 23
45 29
45 32
46 27
46 33
46 34
46 47
47 27
47 33
47 34
47 35
47 46
49 88
49 101
51 53
53 51
55 57
55 69
55 92
56 92
57 55
57 58
57 77
58 57
58 59
59 58
59 61
59 65
61 59
63 67
65 59
65 66
65 75
65 76
65 176
66 65
66 75
66 76
66 176
67 63
67 72
67 73
67 74
67 175
69 55
69 71
69 172
69 173
69 178
70 71
70 92
71 69
71 70
71 72
71 172
71 173
71 174
72 67
72 71
72 73
72 74
72 173
72 174
72 175
73 67
73 72
73 74
74 67
74 72
74 73
74 175
75 65
75 66
75 76
75 176
75 177
76 65
76 66
76 75
76 176
76 177
76 178
77 57
77 178
84 103
84 130
88 49
88 90
88 101
90 88
91 94
92 55
92 56
92 70
94 91
94 100
100 94
101 49
101 88
101 105
102 105
103 84
103 106
103 130
105 101
105 102
106 103
106 109
109 106
111 113
111 120
112 134
112 136
112 143
113 111
120 111
120 123
120 158
123 120
125 140
126 132
127 129
128 144
128 150
129 127
129 145
130 84
130 103
130 146
131 133
131 135
131 166
132 126
133 131
133 138
133 163
134 112
134 136
134 143
135 131
135 141
135 166
136 112
136 134
137 158
138 133
138 139
138 163
139 138
139 163
140 125
141 135
141 166
142 145
142 149
143 112
143 134
144 128
144 150
145 129
145 142
145 149
146 130
147 148
147 152
147 157
148 147
148 154
149 142
149 145
150 128
150 144
151 152
151 153
152 147
152 151
152 157
153 151
153 154
153 156
154 148
154 153
154 156
155 156
155 157
155 159
155 160
156 153
156 154
156 155
156 159
156 160
157 147
157 152
157 155
157 160
158 120
158 137
159 155
159 156
159 160
160 155
160 156
160 157
160 159
161 162
161 164
162 161
162 167
162 190
163 133
163 138
163 139
164 161
164 165
164 168
164 169
164 170
165 164
165 168
165 169
165 170
165 189
166 131
166 135
166 141
167 162
167 168
167 171
167 190
168 164
168 165
168 167
168 170
168 171
169 164
169 165
169 170
169 171
169 188
169 189
169 190
170 164
170 165
170 168
170 169
170 171
170 189
171 167
171 168
171 169
171 170
171 189
171 190
172 69
172 71
172 173
172 178
173 69
173 71
173 72
173 172
173 174
174 71
174 72
174 173
175 67
175 72
175 74
176 65
176 66
176 75
176 76
176 177
177 75
177 76
177 176
178 69
178 76
178 77
178 172
179 180
179 182
179 191
180 179
180 184
180 185
180 187
180 191
181 182
181 183
181 186
182 179
182 181
182 191
183 181
183 185
183 186
183 187
184 180
184 185
184 187
185 180
185 183
185 184
185 186
185 187
186 181
186 183
186 185
186 187
186 191
187 180
187 183
187 184
187 185
187 186
187 191
188 169
188 189
188 190
189 165
189 169
189 170
189 171
189 188
189 190
190 162
190 167
190 169
190 171
190 188
190 189
191 179
191 180
191 182
191 186
191 187
