0 1
0 2
0 76
0 101
1 0
1 2
1 3
1 4
1 76
1 77
2 0
2 1
2 3
2 101
2 47
2 17
3 1
3 2
3 4
3 5
3 17
4 1
4 3
4 5
4 6
4 77
4 87
4 88
5 3
5 4
5 6
5 7
5 16
5 17
6 4
6 5
6 7
6 8
6 88
6 91
7 5
7 6
7 8
7 9
7 11
7 14
7 16
8 6
8 7
8 9
8 10
8 91
9 8
9 10
9 11
9 7
10 8
10 9
10 11
10 12
10 90
10 91
11 7
11 9
11 10
11 12
11 13
11 14
12 10
12 11
12 13
12 89
12 90
13 11
13 12
13 14
13 15
13 86
13 89
14 7
14 11
14 13
14 15
14 16
15 13
15 14
15 16
15 80
15 86
15 23
16 5
16 7
16 14
16 15
16 17
16 18
16 23
17 2
17 3
17 5
17 47
17 16
17 18
17 19
18 16
18 17
18 19
18 20
18 22
18 23
19 32
19 34
19 47
19 17
19 18
19 20
19 21
19 24
19 26
20 18
20 19
20 21
20 22
21 100
21 48
21 19
21 20
21 85
21 22
21 24
21 25
22 80
22 18
22 82
22 20
22 85
22 21
22 23
23 15
23 16
23 80
23 18
23 22
24 25
24 26
24 19
24 21
25 48
25 21
25 24
25 26
25 27
25 28
26 32
26 19
26 24
26 25
26 27
26 29
26 30
26 31
27 25
27 26
27 28
27 29
28 100
28 48
28 25
28 27
28 29
29 100
29 85
29 26
29 27
29 28
29 30
30 82
30 85
30 26
30 29
30 31
31 32
31 33
31 46
31 81
31 82
31 26
31 30
32 33
32 34
32 19
32 26
32 31
33 32
33 65
33 34
33 35
33 67
33 44
33 45
33 46
33 31
34 32
34 33
34 35
34 101
34 47
34 19
35 65
35 33
35 34
35 36
35 101
35 55
36 35
36 37
36 101
36 53
36 55
37 96
37 36
37 101
37 68
37 53
38 65
38 66
38 67
38 39
38 40
38 83
39 67
39 38
39 40
39 41
39 42
40 38
40 39
40 41
40 83
40 84
41 39
41 40
41 42
41 43
41 84
42 67
42 39
42 41
42 43
42 44
43 41
43 42
43 44
43 45
43 83
43 84
44 33
44 67
44 42
44 43
44 45
45 33
45 43
45 44
45 46
45 83
46 33
46 45
46 81
46 83
46 31
47 2
47 34
47 101
47 17
47 19
48 100
48 25
48 28
48 21
49 69
49 70
49 71
49 50
49 51
50 68
50 69
50 49
50 51
50 52
50 53
51 71
51 72
51 49
51 50
51 52
52 72
52 73
52 50
52 51
52 53
52 54
53 36
53 37
53 68
53 50
53 52
53 54
53 55
54 73
54 74
54 52
54 53
54 55
55 64
55 65
55 35
55 36
55 74
55 75
55 53
55 54
55 62
55 63
56 64
56 99
56 57
56 58
56 63
57 56
57 58
57 59
57 62
57 63
58 99
58 56
58 57
58 59
58 60
59 57
59 58
59 60
59 61
59 62
60 99
60 58
60 59
60 61
61 65
61 66
61 98
61 99
61 59
61 60
61 62
62 65
62 55
62 57
62 59
62 61
62 63
63 64
63 55
63 56
63 57
63 62
64 98
64 99
64 75
64 55
64 56
64 63
65 33
65 66
65 67
65 35
65 38
65 55
65 61
65 62
66 65
66 97
66 98
66 38
66 81
66 83
66 61
67 65
67 33
67 38
67 39
67 42
67 44
68 96
68 69
68 37
68 50
68 53
68 93
68 94
68 95
69 68
69 70
69 49
69 50
69 92
69 93
70 49
70 92
70 69
70 71
71 70
71 72
71 49
71 51
71 92
72 71
72 73
72 51
72 52
72 92
72 93
73 72
73 74
73 52
73 54
73 93
74 73
74 75
74 54
74 55
74 93
74 94
75 64
75 97
75 98
75 74
75 55
75 94
75 95
76 0
76 1
76 101
76 77
77 1
77 4
77 101
77 76
77 78
77 87
78 101
78 77
78 79
78 80
78 86
78 87
79 96
79 97
79 101
79 78
79 80
79 81
79 95
80 78
80 79
80 15
80 81
80 82
80 22
80 23
80 86
81 97
81 66
81 46
81 79
81 80
81 82
81 83
81 31
82 80
82 81
82 85
82 22
82 30
82 31
83 66
83 38
83 40
83 43
83 45
83 46
83 81
83 84
84 40
84 43
84 83
84 41
85 100
85 82
85 21
85 22
85 29
85 30
86 13
86 78
86 15
86 80
86 87
86 88
86 89
87 4
87 77
87 78
87 86
87 88
88 4
88 6
88 86
88 87
88 89
88 91
89 12
89 13
89 86
89 88
89 90
89 91
90 89
90 10
90 91
90 12
91 6
91 8
91 10
91 88
91 89
91 90
92 69
92 70
92 71
92 72
92 93
93 68
93 69
93 72
93 73
93 74
93 92
93 94
94 68
94 74
94 75
94 93
94 95
95 96
95 97
95 68
95 75
95 79
95 94
96 68
96 37
96 101
96 79
96 95
97 66
97 98
97 75
97 79
97 81
97 95
98 64
98 97
98 66
98 99
98 75
98 61
99 64
99 98
99 56
99 58
99 60
99 61
100 48
100 85
100 21
100 28
100 29
101 96
101 0
101 2
101 34
101 35
101 36
101 37
101 76
101 77
101 78
101 47
101 79
