0 2
1 4
1 7
2 0
2 90
4 1
4 6
5 24
6 4
6 7
7 1
7 6
14 15
14 16
14 45
14 46
14 96
15 14
15 16
15 46
16 14
16 15
16 46
24 5
25 26
26 25
30 43
32 33
32 44
33 32
33 34
33 44
34 33
34 36
34 42
34 44
35 36
36 34
36 35
36 42
36 95
42 34
42 36
42 43
42 95
43 30
43 42
43 95
44 32
44 33
44 34
45 14
45 46
45 48
45 49
45 96
46 14
46 15
46 16
46 45
46 48
47 48
48 45
48 46
48 47
48 49
49 45
49 48
49 50
49 96
50 49
50 97
55 64
56 60
57 64
58 59
59 58
59 65
60 56
61 62
62 61
63 73
63 74
63 75
64 55
64 57
65 59
68 70
69 70
69 71
69 73
69 75
70 68
70 69
70 71
70 72
71 69
71 70
71 72
71 73
72 70
72 71
72 100
73 63
73 69
73 71
73 74
73 75
74 63
74 73
74 75
74 100
75 63
75 69
75 73
75 74
77 98
89 90
90 2
90 89
90 91
91 90
91 92
92 91
94 95
95 36
95 42
95 43
95 94
96 14
96 45
96 49
96 97
97 50
97 96
98 77
99 100
100 72
100 74
100 99
