  0.459279   0.319668   0.004911
  0.324688   0.260580   0.124174
  0.027718   0.309722   0.117688
 -0.002151   0.307661  -0.006640
  0.013443   0.302281  -0.101309
  0.116795   0.320051  -0.180802
  0.217015   0.213309   0.219585
 -0.121024   0.290344   0.198901
 -0.172697   0.278134  -0.003412
 -0.121510   0.277532  -0.183385
  0.027215   0.281362  -0.301247
  0.137033   0.122113   0.360781
 -0.262323   0.274604   0.275572
 -0.336113   0.246407  -0.000013
 -0.251475   0.244486  -0.262649
 -0.053349   0.244398  -0.409871
  0.056225   0.041420   0.460091
 -0.369882   0.250458   0.336117
 -0.450078   0.244226   0.000667
 -0.361371   0.211398  -0.329792
 -0.115925   0.241988  -0.490388
