4 87
6 8
7 9
8 6
8 10
9 7
10 8
11 12
11 14
12 11
12 13
13 12
14 11
21 48
24 25
24 26
25 24
25 26
26 24
26 25
26 27
27 26
27 28
27 29
28 27
28 29
28 48
28 100
29 27
29 28
29 30
29 85
29 100
30 29
30 85
31 46
31 82
39 40
39 42
40 39
41 42
42 39
42 41
43 45
45 43
46 31
48 21
48 28
48 100
49 50
49 52
49 69
49 70
49 71
50 49
50 52
50 69
50 70
51 52
51 71
51 72
52 49
52 50
52 51
56 57
56 58
56 63
56 64
56 99
57 56
57 58
57 62
57 63
58 56
58 57
58 59
58 60
58 99
59 58
59 60
59 61
59 62
60 58
60 59
60 61
60 99
61 59
61 60
62 57
62 59
63 56
63 57
63 64
64 56
64 63
69 49
69 50
69 70
69 93
70 49
70 50
70 69
70 71
70 92
70 93
71 49
71 51
71 70
71 72
72 51
72 71
72 73
73 72
74 75
75 74
82 31
85 29
85 30
85 100
87 4
88 91
89 90
89 91
90 89
90 91
91 88
91 89
91 90
92 70
92 93
93 69
93 70
93 92
94 95
95 94
98 99
99 56
99 58
99 60
99 98
100 28
100 29
100 48
100 85
