0 1
0 2
0 7
0 8
0 9
0 88
0 89
1 0
1 2
1 3
1 4
1 6
1 7
2 0
2 1
2 3
2 89
2 90
3 1
3 2
3 4
3 5
3 90
3 91
4 1
4 3
4 5
4 6
5 3
5 4
5 6
5 24
5 91
6 1
6 4
6 5
6 7
6 8
6 23
6 24
7 0
7 1
7 6
7 8
8 0
8 6
8 7
8 9
8 10
8 22
8 23
9 0
9 8
9 10
9 11
9 88
10 8
10 9
10 11
10 12
10 22
11 9
11 10
11 12
11 13
11 86
11 87
11 88
12 101
12 10
12 11
12 13
12 21
12 22
13 11
13 12
13 101
13 87
14 96
14 97
14 45
14 46
14 15
14 16
15 14
15 46
15 16
15 17
15 18
15 47
16 17
16 97
16 14
16 15
17 97
17 98
17 76
17 77
17 15
17 16
17 18
17 19
18 47
18 15
18 17
18 19
18 20
18 51
18 52
19 101
19 76
19 17
19 18
19 20
20 101
20 41
20 18
20 19
20 52
21 101
21 40
21 12
21 22
21 31
22 8
22 10
22 12
22 21
22 23
22 27
22 31
23 6
23 8
23 22
23 24
23 25
23 26
23 27
24 5
24 6
24 23
24 25
24 91
24 92
25 84
25 23
25 24
25 26
25 92
25 93
26 84
26 23
26 25
26 27
26 28
27 22
27 23
27 26
27 28
27 29
27 31
28 83
28 84
28 30
28 26
28 27
28 29
28 94
29 27
29 28
29 30
29 31
30 32
30 43
30 28
30 29
30 94
30 31
31 32
31 33
31 38
31 40
31 21
31 22
31 27
31 29
31 30
32 33
32 34
32 43
32 44
32 30
32 31
33 32
33 34
33 35
33 37
33 38
33 31
34 32
34 33
34 35
34 36
34 42
34 44
35 33
35 34
35 36
35 37
35 83
35 94
35 95
36 34
36 35
36 42
36 95
37 33
37 35
37 38
37 39
37 80
37 83
37 53
38 33
38 37
38 39
38 40
38 31
39 64
39 66
39 37
39 38
39 40
39 41
39 53
39 54
39 55
40 101
40 38
40 39
40 41
40 21
40 31
41 66
41 101
41 39
41 40
41 52
41 20
42 34
42 36
42 43
42 44
42 95
43 32
43 42
43 44
43 30
43 94
43 95
44 32
44 42
44 43
44 34
45 96
45 46
45 14
45 48
45 49
46 45
46 14
46 47
46 48
46 15
47 46
47 15
47 48
47 18
47 50
47 51
48 45
48 46
48 47
48 49
48 50
49 48
49 50
49 96
49 45
50 96
50 97
50 47
50 48
50 49
50 51
50 61
51 47
51 50
51 18
51 52
51 61
52 66
52 69
52 41
52 75
52 18
52 51
52 20
52 61
52 62
52 63
53 37
53 39
53 80
53 81
53 54
54 39
54 81
54 82
54 53
54 55
54 56
54 60
55 64
55 39
55 54
55 56
55 57
56 54
56 55
56 57
56 58
56 60
57 64
57 55
57 56
57 58
57 59
58 82
58 56
58 57
58 59
58 60
59 64
59 65
59 82
59 57
59 58
60 56
60 58
60 82
60 54
61 97
61 98
61 50
61 51
61 52
61 62
62 98
62 99
62 77
62 79
62 52
62 61
62 63
63 99
63 73
63 74
63 75
63 52
63 62
64 65
64 66
64 39
64 55
64 57
64 59
65 64
65 66
65 67
65 81
65 82
65 59
66 64
66 65
66 67
66 68
66 69
66 39
66 41
66 52
67 65
67 66
67 99
67 68
67 79
67 80
67 81
68 66
68 99
68 67
68 69
68 70
69 66
69 68
69 70
69 71
69 75
69 52
70 99
70 68
70 69
70 100
70 71
70 72
71 69
71 70
71 72
71 73
71 75
72 100
72 70
72 71
72 73
72 74
73 71
73 72
73 74
73 75
73 63
74 99
74 100
74 72
74 73
74 63
75 69
75 71
75 73
75 52
75 63
76 101
76 77
76 78
76 17
76 19
77 98
77 76
77 78
77 79
77 17
77 62
78 101
78 76
78 77
78 79
78 80
78 84
78 85
79 67
79 99
79 77
79 78
79 80
79 62
80 67
80 37
80 78
80 79
80 81
80 83
80 84
80 53
81 65
81 67
81 80
81 82
81 53
81 54
82 65
82 81
82 54
82 58
82 59
82 60
83 35
83 37
83 80
83 84
83 28
83 94
84 78
84 80
84 83
84 85
84 25
84 26
84 28
84 93
85 101
85 78
85 84
85 86
85 93
86 101
86 11
86 85
86 87
86 88
86 93
87 13
87 11
87 101
87 86
88 0
88 9
88 11
88 86
88 89
88 92
88 93
89 0
89 2
89 88
89 90
89 91
89 92
90 91
90 89
90 2
90 3
91 3
91 5
91 24
91 89
91 90
91 92
92 24
92 88
92 89
92 91
92 93
92 25
93 84
93 85
93 86
93 88
93 25
93 92
94 35
94 43
94 83
94 28
94 30
94 95
95 35
95 36
95 42
95 43
95 94
96 97
96 45
96 14
96 49
96 50
97 96
97 98
97 14
97 16
97 17
97 50
97 61
98 97
98 77
98 17
98 61
98 62
99 67
99 68
99 100
99 70
99 74
99 79
99 62
99 63
100 72
100 74
100 99
100 70
101 40
101 41
101 12
101 76
101 78
101 13
101 19
101 20
101 21
101 85
101 86
101 87
