0.154409 0.058822 0.455885 0.836814 -0.112470 0.535811
0.095587 0.102937 0.500000 -0.035610 0.071210 0.996826
0.125002 0.044115 0.485300 0.303364 -0.494926 0.814260
0.066180 0.044115 0.470593 -0.465965 -0.443790 0.765459
0.051472 0.102937 0.470593 -0.707107 0.000000 0.707107
0.022057 0.058822 0.426470 -0.958290 -0.174262 0.226525
0.051472 0.132352 0.455885 -0.488785 0.781180 0.388391
0.110294 0.117644 0.485300 0.393230 0.550497 0.736426
0.213239 0.235289 0.338241 0.330359 0.542595 0.772304
0.257354 0.147059 0.308826 0.776220 -0.064714 0.627133
0.301468 0.352941 0.235296 0.554807 0.272800 0.785983
0.360291 0.220589 0.205889 0.693195 -0.146930 0.705615
0.463235 0.411763 0.102945 0.522646 0.736295 0.429780
0.463235 0.323526 0.132360 0.903369 -0.035618 0.427382
-0.080879 0.205881 -0.500000 0.365923 -0.575017 -0.731748
-0.051472 0.249996 -0.485293 0.622378 0.346697 -0.701746
-0.051472 0.205881 -0.470585 0.675315 -0.558871 -0.481261
0.125002 0.264704 -0.279411 0.553728 -0.429937 -0.713119
0.095587 0.352941 -0.279411 0.211722 0.778576 -0.590756
0.286761 0.338233 -0.220581 0.577151 0.323901 -0.749657
0.301468 0.426470 -0.102937 0.266777 0.881456 -0.389699
0.227939 0.441170 0.147059 0.072599 0.988946 0.129285
0.242646 0.382348 0.220589 -0.037528 0.684714 0.727845
0.139709 0.249996 0.294119 -0.681201 0.642917 0.350176
0.036765 0.088229 0.397063 -0.927492 0.152608 -0.341277
0.110294 0.176466 0.235296 -0.839810 -0.303343 -0.450225
0.110294 0.220589 0.205889 -0.763485 -0.480728 0.431268
0.125002 0.308818 0.235296 -0.293386 0.205768 0.933587
0.007350 0.249996 0.191182 0.106883 -0.841979 0.528817
-0.007350 0.308818 0.220589 0.286609 0.071638 0.955365
-0.301468 0.249996 0.367648 0.405483 -0.111528 0.907273
-0.022057 0.367648 0.191182 -0.043681 0.834286 0.549600
-0.316176 0.323526 0.338241 0.135019 0.742685 0.655888
-0.345591 0.323526 0.294119 -0.410767 0.787897 -0.458791
-0.374998 0.294119 0.308826 -0.865723 0.500154 -0.019243
-0.360291 0.249996 0.264711 -0.519663 -0.278638 -0.807658
-0.374998 0.249996 0.294119 -0.954495 -0.229107 -0.190919
-0.066180 0.294119 0.088237 -0.654304 0.177675 -0.735063
-0.036765 0.367648 0.117652 -0.402643 0.895076 -0.191617
-0.051472 0.367648 0.044122 -0.299443 0.907139 0.295689
0.213239 0.455878 0.058830 -0.007781 0.997811 0.065670
0.213239 0.455878 -0.044115 -0.032703 0.996818 -0.072696
-0.374998 0.249996 0.338241 -0.903504 -0.023795 0.427919
-0.345591 0.249996 0.367648 -0.193526 -0.251578 0.948291
-0.345591 0.308818 0.352941 -0.592353 0.473870 0.651587
-0.110294 0.220589 -0.500000 -0.451281 -0.208291 -0.867733
-0.080879 0.235289 -0.500000 0.030520 0.518787 -0.854359
-0.095587 0.279411 -0.455878 -0.332199 0.920320 -0.206533
-0.125002 0.249996 -0.485293 -0.682963 0.653324 -0.326694
-0.139702 0.220589 -0.470585 -0.954495 -0.229107 -0.190919
-0.125002 0.220589 -0.426470 -0.852692 0.109757 0.510754
0.036765 0.352941 -0.249996 -0.681986 0.721203 0.121497
0.036765 0.382348 -0.161759 -0.121823 0.903889 -0.410052
-0.066180 0.294119 0.073530 0.021515 -0.460597 0.887349
-0.389706 0.220589 0.058830 -0.088963 0.036112 0.995380
-0.404413 0.294119 0.014707 -0.267847 0.803495 0.531652
-0.448528 0.264704 0.014707 -0.746705 0.508389 0.428919
-0.433820 0.264704 -0.044115 -0.716239 0.544919 -0.435965
-0.463235 0.205881 -0.014700 -0.979535 -0.198931 -0.030616
-0.433820 0.205881 -0.058822 -0.423196 -0.233415 -0.875456
-0.433820 0.220589 0.044122 -0.648359 -0.286014 0.705568
0.022057 0.294119 -0.220581 -0.792458 -0.304785 0.528314
0.022057 0.294119 -0.191174 0.337060 -0.468578 -0.816594
-0.286761 0.220589 -0.352941 0.439227 0.049494 -0.897012
-0.389706 0.294119 -0.044115 -0.232988 0.873005 -0.428460
-0.374998 0.220589 -0.073530 -0.010445 -0.180000 -0.983611
-0.051472 0.367648 -0.058822 -0.435350 0.893216 -0.112410
-0.066180 0.264704 -0.073530 -0.265882 -0.961447 -0.070186
-0.345591 0.205881 -0.264704 -0.561030 -0.246758 0.790162
-0.345591 0.264704 -0.294111 -0.429281 0.896346 0.110824
-0.360291 0.205881 -0.294111 -0.778269 -0.518846 0.353689
-0.360291 0.249996 -0.308818 -0.860847 0.461115 -0.215208
-0.360291 0.205881 -0.338233 -0.834274 -0.196300 -0.515222
-0.330883 0.249996 -0.352941 -0.389382 0.444943 -0.806478
-0.316176 0.205881 -0.367640 0.000014 -0.487859 -0.872923
-0.316176 0.264704 -0.338233 -0.000030 0.811666 -0.584122
0.316176 0.220589 -0.191174 0.534605 -0.513613 -0.671118
0.095587 0.235289 -0.205881 -0.130538 -0.896754 -0.422838
0.301468 0.176466 -0.117644 0.090246 -0.978000 -0.188076
-0.007350 0.220589 -0.132352 -0.070383 -0.978478 -0.193975
-0.051472 0.220589 -0.000000 -0.162680 -0.986562 0.015205
-0.360291 0.176466 -0.000000 0.157855 -0.980406 0.117837
-0.419121 0.161759 -0.000000 -0.187016 -0.981731 0.035062
-0.051472 0.235289 0.117652 -0.264196 -0.949889 -0.167064
0.169117 0.176466 0.102945 -0.286290 -0.956357 -0.058477
0.301468 0.147059 0.058830 0.348255 -0.922017 -0.169125
0.360291 0.176466 0.147059 0.501382 -0.860580 -0.089539
0.463235 0.235289 0.088237 0.818513 -0.560289 0.126934
0.227939 0.102937 0.279411 0.569229 -0.819561 -0.065550
0.139709 0.000000 0.411771 0.569801 -0.818600 -0.072251
0.110294 0.000000 0.441178 -0.000035 -0.800034 0.599955
0.066180 0.000000 0.426470 -0.583927 -0.807253 -0.085862
0.080879 0.014707 0.397063 -0.354540 -0.691727 -0.629138
0.183824 0.117644 0.235296 -0.137271 -0.918207 -0.371554
-0.330883 0.205881 0.308826 0.051878 -0.996676 0.062816
-0.360291 0.220589 0.323534 -0.625814 -0.774835 0.089368
-0.110294 0.176466 -0.470585 -0.524976 -0.828846 -0.193428
-0.080879 0.176466 -0.441170 -0.041072 -0.959147 0.279911
0.066180 0.235289 -0.249996 -0.133791 -0.947665 0.289881
-0.286761 0.176466 -0.308818 0.190770 -0.978769 -0.074949
-0.330883 0.176466 -0.323526 -0.301950 -0.935953 -0.181157
0.459279 0.319668 0.004911 0.889555 0.219791 -0.400479
