-0.463235 0.323526 0.132360 -0.900168 -0.036173 0.434038
-0.360291 0.220589 0.205889 -0.674823 -0.079267 0.733710
-0.463235 0.411763 0.102945 -0.522895 0.733081 0.434940
-0.301468 0.352941 0.235296 -0.554807 0.272800 0.785983
-0.257354 0.147059 0.308826 -0.804548 -0.182097 0.565281
-0.213239 0.235289 0.338241 -0.389479 0.479370 0.786454
-0.154409 0.058822 0.455885 -0.802196 -0.048968 0.595050
-0.110294 0.117644 0.485300 -0.203270 0.670384 0.713629
-0.125002 0.044115 0.485300 -0.297161 -0.384564 0.873960
-0.095587 0.102937 0.500000 0.236054 -0.052463 0.970323
-0.066180 0.044115 0.470593 0.465965 -0.443790 0.765459
-0.051472 0.102937 0.470593 0.776924 0.194214 0.598891
-0.022057 0.058822 0.426470 0.952501 -0.299891 0.052979
-0.036765 0.088229 0.397063 0.814276 -0.236947 -0.529916
-0.051472 0.132352 0.455885 0.758032 0.641772 0.116259
-0.110294 0.176466 0.235296 0.940360 -0.092987 -0.327225
-0.139709 0.249996 0.294119 0.535427 0.697707 0.475945
-0.242646 0.382348 0.220589 0.037528 0.684714 0.727845
-0.125002 0.308818 0.235296 0.293386 0.205768 0.933587
0.022057 0.367648 0.191182 0.043681 0.834286 0.549600
0.007350 0.308818 0.220589 -0.286609 0.071638 0.955365
0.301468 0.249996 0.367648 -0.397265 -0.120176 0.909801
-0.007350 0.249996 0.191182 -0.106883 -0.841979 0.528817
-0.110294 0.220589 0.205889 0.763485 -0.480728 0.431268
0.316176 0.323526 0.338241 -0.183027 0.747904 0.638076
0.345591 0.308818 0.352941 0.455568 0.525654 0.718432
0.345591 0.323526 0.294119 0.422001 0.785712 -0.452296
0.374998 0.294119 0.308826 0.914680 0.400116 0.057164
0.374998 0.249996 0.338241 0.903504 -0.023795 0.427919
0.374998 0.249996 0.294119 0.901215 -0.202795 -0.382995
0.360291 0.249996 0.264711 0.511949 -0.280457 -0.811944
0.066180 0.294119 0.088237 0.654304 0.177675 -0.735063
0.036765 0.367648 0.117652 0.402643 0.895076 -0.191617
0.051472 0.367648 0.044122 0.299443 0.907139 0.295689
-0.213239 0.455878 0.058830 0.008209 0.997806 0.065698
-0.213239 0.455878 -0.044115 0.031849 0.996858 -0.072529
-0.301468 0.426470 -0.102937 -0.269599 0.881106 -0.388547
-0.286761 0.338233 -0.220581 -0.581541 0.323069 -0.746617
0.374998 0.220589 -0.073530 0.026365 -0.131747 -0.990933
0.433820 0.264704 -0.044115 0.628055 0.418683 -0.655936
0.433820 0.205881 -0.058822 0.274749 -0.576879 -0.769236
0.463235 0.205881 -0.014700 0.979535 -0.198931 -0.030616
0.448528 0.264704 0.014707 0.801068 0.576741 0.160186
0.433820 0.220589 0.044122 0.449853 -0.274926 0.849734
0.404413 0.294119 0.014707 0.248580 0.777777 0.577297
0.389706 0.220589 0.058830 0.093364 0.057201 0.993987
0.066180 0.294119 0.073530 -0.021515 -0.460597 0.887349
-0.227939 0.441170 0.147059 -0.071632 0.988858 0.130492
0.345591 0.249996 0.367648 0.360455 -0.240346 0.901280
0.080879 0.235289 -0.500000 -0.274605 0.196176 -0.941333
0.051472 0.249996 -0.485293 -0.597504 0.374995 -0.708779
0.125002 0.249996 -0.485293 0.340103 0.649346 -0.680206
0.095587 0.279411 -0.455878 0.359423 0.916570 -0.175253
-0.095587 0.352941 -0.279411 -0.211722 0.778576 -0.590756
-0.036765 0.352941 -0.249996 0.681986 0.721203 0.121497
-0.036765 0.382348 -0.161759 0.121823 0.903889 -0.410052
0.316176 0.205881 -0.367640 0.032451 -0.227119 -0.973326
0.330883 0.249996 -0.352941 0.553377 0.495083 -0.669826
0.360291 0.205881 -0.338233 0.834274 -0.196300 -0.515222
0.360291 0.249996 -0.308818 0.939437 0.341534 -0.028519
0.360291 0.205881 -0.294111 0.900390 -0.396103 0.180002
0.345591 0.205881 -0.264704 0.558590 -0.258054 0.788280
0.345591 0.264704 -0.294111 0.420424 0.901953 0.098615
0.316176 0.264704 -0.338233 -0.025624 0.795441 -0.605489
0.286761 0.220589 -0.352941 -0.437298 0.012320 -0.899233
0.051472 0.367648 -0.058822 0.435350 0.893216 -0.112410
0.066180 0.264704 -0.073530 0.265882 -0.961447 -0.070186
0.389706 0.294119 -0.044115 0.239713 0.889569 -0.388851
-0.125002 0.264704 -0.279411 -0.553728 -0.429937 -0.713119
0.051472 0.205881 -0.470585 -0.658452 -0.566408 -0.495604
0.080879 0.205881 -0.500000 -0.267265 -0.534576 -0.801747
0.110294 0.220589 -0.500000 0.451281 -0.208291 -0.867733
0.139702 0.220589 -0.470585 0.983899 -0.137300 0.114415
0.125002 0.220589 -0.426470 0.853608 0.116815 0.507650
-0.022057 0.294119 -0.220581 0.792458 -0.304785 0.528314
-0.022057 0.294119 -0.191174 -0.337060 -0.468578 -0.816594
-0.463235 0.235289 0.088237 -0.818355 -0.559913 0.129581
-0.360291 0.176466 0.147059 -0.609476 -0.792385 -0.025793
-0.301468 0.147059 0.058830 -0.325908 -0.925318 -0.193831
-0.301468 0.176466 -0.117644 -0.091565 -0.977891 -0.188003
-0.169117 0.176466 0.102945 0.286290 -0.956357 -0.058477
0.051472 0.220589 -0.000000 0.162680 -0.986562 0.015205
0.051472 0.235289 0.117652 0.264196 -0.949889 -0.167064
0.360291 0.176466 -0.000000 -0.142937 -0.983677 0.109307
0.419121 0.161759 -0.000000 0.290033 -0.947397 0.135353
0.330883 0.205881 0.308826 -0.041593 -0.998268 0.041607
-0.183824 0.117644 0.235296 0.347890 -0.796107 -0.495162
-0.227939 0.102937 0.279411 -0.450049 -0.889848 -0.075008
-0.139709 0.000000 0.411771 -0.536906 -0.831514 -0.142535
-0.080879 0.014707 0.397063 0.437031 -0.633211 -0.638786
-0.066180 0.000000 0.426470 0.566327 -0.798035 0.205946
-0.110294 0.000000 0.441178 -0.163299 -0.865508 0.473529
0.110294 0.176466 -0.470585 0.188266 -0.878440 -0.439203
0.080879 0.176466 -0.441170 0.089264 -0.948189 0.304909
-0.066180 0.235289 -0.249996 0.133791 -0.947665 0.289881
-0.095587 0.235289 -0.205881 0.130538 -0.896754 -0.422838
-0.316176 0.220589 -0.191174 -0.539623 -0.511281 -0.668879
0.007350 0.220589 -0.132352 0.070383 -0.978478 -0.193975
0.286761 0.176466 -0.308818 -0.194227 -0.978094 -0.074883
0.330883 0.176466 -0.323526 0.161057 -0.966191 -0.201334
0.360291 0.220589 0.323534 0.399310 -0.825290 0.399310
-0.459279 0.319668 0.008850 -0.889555 0.219791 -0.400479
