 -0.459279   0.319668   0.008850
 -0.322704   0.259314   0.124718
 -0.017079   0.305868   0.134286
  0.007985   0.310992  -0.009302
 -0.010188   0.303472  -0.107944
 -0.120473   0.319880  -0.193441
 -0.213443   0.211031   0.217413
  0.133459   0.287968   0.204903
  0.180096   0.278111  -0.005456
  0.127168   0.277931  -0.184933
 -0.025116   0.279005  -0.306132
 -0.135228   0.121226   0.360946
  0.270739   0.271597   0.269299
  0.335526   0.248473  -0.001985
  0.257025   0.241993  -0.257942
  0.055812   0.242536  -0.401974
 -0.052752   0.041186   0.453854
  0.370359   0.273674   0.313568
  0.451422   0.240606  -0.000611
  0.358620   0.213422  -0.315057
  0.124791   0.234223  -0.480760
