0.046379 0.413481 0.065666 0.119981 0.644273 0.755326
0.012036 0.339649 0.107078 0.197870 -0.360841 0.911395
0.173500 0.294478 0.122222 -0.378750 -0.742686 0.552237
0.222946 0.354111 0.102583 0.142092 0.652060 0.744733
0.298868 0.234320 0.143448 -0.445905 -0.449291 0.774149
0.329440 0.287116 0.125016 0.386161 0.684393 0.618454
0.427145 0.195272 0.148142 0.432547 0.368293 0.822960
0.434349 0.200071 0.114345 0.714716 0.458880 -0.527836
0.427113 0.147927 0.102940 -0.236826 -0.865831 -0.440738
0.315105 0.239582 0.064921 -0.101318 -0.586985 -0.803233
0.235129 0.357335 0.056361 0.479836 0.571754 -0.665473
0.339386 0.290791 0.084949 0.602427 0.549816 -0.578605
0.414699 0.149313 0.165272 -0.230294 -0.671911 0.703918
0.193644 0.306902 0.027490 -0.073268 -0.686331 -0.723589
0.087695 0.340237 -0.007525 0.296760 -0.952594 -0.067067
-0.373708 0.333074 -0.236510 -0.136280 -0.786180 -0.602784
-0.326332 0.430505 -0.307748 -0.105794 -0.177947 -0.978337
-0.253875 0.332675 -0.240973 -0.089175 -0.962174 -0.257428
-0.365716 0.334975 -0.132788 -0.021513 -0.960048 -0.279008
-0.240905 0.357923 -0.105502 0.054423 -0.947927 -0.313804
-0.022360 0.441155 -0.216986 0.313584 0.897980 -0.308703
-0.302691 0.492764 -0.278834 0.097573 0.809364 -0.579145
-0.281476 0.531224 -0.182454 0.017001 0.995332 -0.095002
-0.003476 0.459040 -0.134510 0.296208 0.948418 -0.112983
-0.268715 0.533923 -0.039442 0.032243 0.982436 0.183794
-0.014336 0.312164 -0.223749 -0.087639 -0.996126 -0.007184
-0.008591 0.306514 -0.124039 -0.054799 -0.997467 -0.045349
-0.016132 0.301840 -0.020411 0.097500 -0.979593 -0.175759
-0.082339 0.246156 0.067998 0.441207 -0.692072 -0.571291
0.063718 0.433394 0.018794 0.452574 0.826366 -0.335105
-0.122794 0.182973 0.060846 0.253585 -0.767743 -0.588443
-0.302260 0.242407 -0.068838 0.032517 -0.746040 -0.665107
-0.101716 0.293753 0.127263 0.883080 -0.045041 0.467055
-0.452813 0.444642 -0.279759 -0.623196 -0.045440 -0.780744
-0.482671 0.342863 -0.214906 -0.711648 -0.562176 -0.421326
-0.493583 0.322288 -0.133050 -0.662967 -0.735334 -0.140567
-0.076258 0.183635 0.204351 0.727073 0.598839 0.335793
-0.072068 0.121366 0.168716 0.816485 -0.151121 -0.557239
-0.198874 0.375609 0.145275 0.162075 0.530002 0.832364
-0.500000 0.320377 -0.015549 -0.772868 -0.631518 -0.062133
-0.015586 0.306577 0.057002 0.503522 -0.819396 0.273963
0.111546 0.331625 -0.113148 0.173505 -0.984749 0.012881
0.055684 0.322288 -0.221649 0.200355 -0.978522 0.048512
0.182070 0.312752 -0.225797 -0.122342 -0.720601 -0.682471
0.205123 0.338924 -0.128198 -0.026812 -0.415699 0.909107
0.053772 0.412557 -0.203994 0.146103 0.564585 -0.812341
0.076878 0.436618 -0.144928 0.270739 0.853028 0.446143
0.226905 0.379159 -0.208468 0.171998 0.612627 -0.771431
0.222809 0.328275 -0.107739 -0.027791 -0.434917 -0.900041
0.079115 0.442993 -0.107361 0.250491 0.643384 -0.723402
0.266510 0.383496 -0.088467 0.298964 0.682380 -0.667066
0.266930 0.389871 -0.039610 0.256959 0.661760 0.704305
0.080722 0.448454 -0.042194 0.220617 0.717301 0.660914
0.218167 0.315252 -0.009636 -0.145530 -0.669314 0.728588
0.235160 0.384872 -0.159380 0.419096 0.819165 0.391570
0.360244 0.269493 -0.012041 -0.105237 -0.318948 0.941912
0.388296 0.328999 -0.034033 0.413037 0.642546 0.645395
0.493583 0.243068 -0.038507 0.521973 0.600739 0.605522
0.387372 0.321963 -0.081641 0.485105 0.699510 -0.524746
0.493425 0.239519 -0.065887 0.603356 0.418286 -0.678968
0.363426 0.273567 -0.099579 -0.270706 -0.730934 -0.626462
0.500000 0.189611 -0.090610 -0.029308 -0.757377 -0.652319
0.347022 0.193423 -0.343992 -0.303747 -0.948197 -0.093058
0.348208 0.234057 -0.327744 0.415585 0.484314 -0.769889
0.361567 0.203947 -0.288822 0.342546 -0.605587 0.718280
0.356705 0.243783 -0.306151 0.571079 0.515148 0.639134
0.260492 0.256217 -0.267229 -0.160335 -0.625730 0.763384
0.316029 0.254369 -0.234472 -0.364538 -0.657370 -0.659528
0.346507 0.311639 -0.216019 0.384975 0.650565 -0.654645
0.353481 0.315189 -0.171920 0.520629 0.616578 0.590574
0.331467 0.266405 -0.148415 -0.278296 -0.641113 0.715210
0.447677 0.175475 -0.242454 -0.406701 -0.887905 -0.214987
0.449977 0.229457 -0.220010 0.550448 0.478260 -0.684306
0.454629 0.174624 -0.167320 0.216443 -0.674145 0.706173
0.454272 0.230707 -0.191748 0.561379 0.427158 0.708795
0.242533 0.246545 -0.334329 -0.428786 -0.810247 -0.399552
0.150227 0.312489 -0.245668 -0.088887 -0.642316 0.761268
0.131774 0.302428 -0.325014 -0.181552 -0.532997 -0.826410
0.274943 0.297891 -0.287142 0.509371 0.642755 0.572195
0.265964 0.290865 -0.319237 0.260656 0.568027 -0.780643
0.498729 0.194348 -0.013679 -0.293163 -0.908298 0.298414
-0.003382 0.459692 -0.025820 0.280512 0.937689 0.205068
0.165151 0.362460 -0.269162 0.409366 0.686389 0.601074
0.156497 0.358249 -0.304471 0.191116 0.690119 -0.698005
-0.007551 0.329713 -0.317315 -0.091074 -0.595851 -0.797914
-0.028745 0.427281 -0.296773 0.159304 0.596953 -0.786301
0.014598 0.397759 -0.288423 0.137423 0.520471 -0.842748
0.025846 0.410257 -0.249575 0.461535 0.824874 0.326448
-0.034522 0.419593 0.098088 0.144972 0.768564 0.623132
-0.387298 0.485276 0.046573 -0.144514 0.818206 0.556467
-0.494864 0.430831 0.033561 -0.757809 0.254309 0.600876
-0.464376 0.501113 -0.247012 -0.382670 0.913382 -0.138914
-0.145280 0.099542 0.158119 -0.302922 -0.892535 -0.334096
-0.385082 0.227609 0.045764 -0.350210 -0.900374 -0.258224
-0.238048 0.282516 0.197924 -0.301397 0.235895 0.923858
-0.338840 0.358574 0.151702 -0.319696 0.366149 0.873916
-0.372879 0.247868 0.133722 -0.677494 -0.389760 0.623770
-0.048637 0.033072 0.335001 -0.575766 -0.169205 0.799914
-0.147192 0.192636 0.253461 0.016186 0.479935 0.877155
-0.202088 0.142539 0.232277 -0.683356 -0.432485 0.588201
-0.001124 0.008024 0.331158 0.616553 -0.607067 0.501331
0.012981 0.033734 0.258281 0.646343 -0.373994 -0.665109
0.012361 0.056808 0.297770 0.830976 0.512233 0.217016
-0.039332 0.000000 0.296479 -0.443372 -0.887979 -0.122127
-0.025206 0.059370 0.343992 0.361574 0.632280 0.685191
-0.490909 0.441316 -0.098621 -0.718190 0.695539 0.020703
