 -0.490909   0.441316  -0.098621
 -0.335689   0.342162   0.007172
  0.041218   0.364363   0.040279
  0.043485   0.368824  -0.060035
  0.063568   0.378008  -0.169324
  0.005586   0.359934  -0.259628
 -0.211513   0.262838   0.091807
  0.196324   0.323376   0.068946
  0.216767   0.346292  -0.064094
  0.203864   0.328484  -0.174299
  0.146584   0.324640  -0.281004
 -0.112295   0.133697   0.211873
  0.327284   0.253737   0.096199
  0.368745   0.291727  -0.067057
  0.335639   0.275569  -0.178896
  0.253521   0.269055  -0.298113
 -0.006150   0.006692   0.315380
  0.420279   0.149664   0.120107
  0.489639   0.208914  -0.068746
  0.443966   0.209989  -0.182407
  0.348695   0.206317  -0.313750
