0 1
0 2
0 3
0 81
0 88
0 29
1 0
1 32
1 2
1 38
1 40
1 14
1 88
2 0
2 1
2 3
2 4
2 9
2 13
2 14
3 0
3 2
3 4
3 5
3 10
3 29
4 2
4 3
4 5
4 6
4 8
4 9
4 12
5 3
5 4
5 6
5 7
5 10
5 11
6 4
6 5
6 7
6 8
6 12
7 5
7 6
7 8
7 9
7 11
8 4
8 6
8 7
8 9
8 12
9 2
9 4
9 7
9 8
9 10
9 11
9 13
10 3
10 5
10 9
10 11
10 13
10 14
10 29
11 9
11 10
11 5
11 7
12 8
12 4
12 6
13 9
13 2
13 10
13 14
14 1
14 2
14 40
14 41
14 10
14 13
14 81
14 52
14 53
14 27
14 29
15 33
15 34
15 16
15 17
15 18
16 33
16 15
16 17
16 84
16 85
16 21
17 15
17 16
17 18
17 19
17 84
17 25
18 34
18 35
18 39
18 15
18 17
18 19
18 31
19 17
19 18
19 25
19 26
19 27
19 28
19 31
20 42
20 45
20 21
20 22
20 23
20 85
20 87
21 33
21 16
21 20
21 85
21 22
21 91
22 105
22 20
22 21
22 23
22 24
22 91
23 41
23 45
23 46
23 49
23 81
23 20
23 22
23 24
24 105
24 81
24 22
24 23
24 88
24 89
25 42
25 17
25 19
25 84
25 26
26 41
26 42
26 19
26 25
26 27
27 40
27 41
27 14
27 19
27 26
27 28
28 32
28 40
28 19
28 27
28 30
28 31
29 0
29 3
29 10
29 14
29 81
30 32
30 37
30 92
30 28
30 93
30 31
31 39
31 18
31 19
31 28
31 93
31 30
32 1
32 36
32 37
32 38
32 40
32 28
32 30
33 34
33 105
33 15
33 16
33 21
33 91
34 33
34 35
34 105
34 15
34 18
35 105
35 34
35 18
35 39
36 32
36 98
36 37
36 102
36 38
36 104
36 101
37 32
37 36
37 101
37 92
37 30
38 32
38 1
38 98
38 36
38 88
38 89
38 94
38 95
39 96
39 35
39 105
39 18
39 90
39 93
39 31
40 32
40 1
40 14
40 27
40 28
41 42
41 43
41 44
41 14
41 46
41 48
41 49
41 53
41 23
41 26
41 27
42 41
42 43
42 76
42 77
42 45
42 82
42 84
42 20
42 87
42 25
42 26
43 67
43 41
43 42
43 44
43 45
43 47
44 67
44 69
44 70
44 41
44 43
44 46
44 54
45 42
45 43
45 46
45 47
45 20
45 23
46 41
46 44
46 45
46 47
46 54
46 23
47 67
47 68
47 43
47 45
47 46
47 54
48 41
48 49
48 50
48 53
48 60
49 41
49 48
49 81
49 50
49 52
49 23
50 48
50 49
50 51
50 52
50 58
50 60
51 50
51 52
51 53
51 55
51 56
51 58
52 14
52 81
52 49
52 51
52 50
52 53
53 41
53 14
53 48
53 51
53 52
53 55
53 60
54 68
54 69
54 44
54 46
54 47
55 80
55 51
55 53
55 56
55 57
55 60
56 57
56 58
56 51
56 55
57 80
57 55
57 56
57 58
57 59
58 50
58 51
58 56
58 57
58 59
58 60
59 80
59 57
59 58
59 60
59 61
60 48
60 80
60 50
60 53
60 55
60 58
60 59
60 61
61 80
61 59
61 60
62 64
62 66
62 75
62 63
63 64
63 65
63 75
63 78
63 79
63 62
64 65
64 66
64 62
64 63
65 64
65 66
65 78
65 63
66 64
66 65
66 75
66 76
66 78
66 62
67 68
67 70
67 71
67 72
67 43
67 44
67 47
68 67
68 69
68 72
68 47
68 54
69 68
69 70
69 72
69 74
69 44
69 54
70 67
70 69
70 71
70 73
70 74
70 44
71 72
71 73
71 67
71 70
72 67
72 68
72 69
72 71
72 73
72 74
73 72
73 74
73 70
73 71
74 72
74 73
74 69
74 70
75 66
75 76
75 77
75 79
75 62
75 63
76 66
76 42
76 75
76 77
76 78
76 82
77 42
77 75
77 76
77 79
77 83
77 84
77 86
78 65
78 66
78 76
78 79
78 82
78 63
79 75
79 77
79 78
79 82
79 83
79 63
80 55
80 57
80 59
80 60
80 61
81 0
81 14
81 49
81 52
81 23
81 24
81 88
81 29
82 42
82 76
82 78
82 79
82 83
82 87
83 77
83 79
83 82
83 86
83 87
84 42
84 77
84 16
84 17
84 85
84 86
84 25
85 16
85 84
85 21
85 86
85 87
85 20
86 77
86 83
86 84
86 85
86 87
87 42
87 82
87 83
87 20
87 85
87 86
88 0
88 1
88 38
88 81
88 24
88 89
89 38
89 105
89 24
89 90
89 88
89 95
90 96
90 39
90 105
90 89
90 95
91 33
91 21
91 105
91 22
92 96
92 99
92 37
92 101
92 103
92 93
92 30
93 96
93 39
93 92
93 30
93 31
94 96
94 98
94 99
94 38
94 95
95 96
95 38
95 89
95 90
95 94
96 99
96 39
96 90
96 92
96 93
96 94
96 95
97 98
97 99
97 100
97 103
97 104
98 97
98 99
98 36
98 38
98 104
98 94
99 96
99 97
99 98
99 103
99 92
99 94
100 97
100 101
100 102
100 103
100 104
101 100
101 37
101 102
101 103
101 36
101 92
102 104
102 100
102 101
102 36
103 97
103 99
103 100
103 101
103 92
104 97
104 98
104 100
104 36
104 102
105 33
105 34
105 35
105 39
105 22
105 24
105 89
105 90
105 91
