0.034443 0.419065 0.097295 -0.144933 0.770618 0.620598
0.387384 0.484422 0.045751 0.150373 0.824420 0.545637
0.268824 0.532763 -0.040278 -0.028475 0.983338 0.179542
0.003298 0.458845 -0.026959 -0.279980 0.938523 0.201955
0.003540 0.457794 -0.135352 -0.295307 0.948408 -0.115397
-0.079212 0.441817 -0.108514 -0.249967 0.640901 -0.725784
-0.063813 0.432542 0.017988 -0.453100 0.825612 -0.336251
-0.055777 0.320756 -0.222180 -0.200320 -0.978505 0.048992
0.007479 0.328193 -0.317852 0.091481 -0.598926 -0.795562
0.014380 0.310966 -0.224280 0.088382 -0.996067 -0.006188
0.028666 0.425777 -0.297631 -0.158608 0.595613 -0.787457
0.008624 0.305305 -0.124554 0.055310 -0.997515 -0.043644
-0.111649 0.330420 -0.113976 -0.173061 -0.984795 0.015111
0.016145 0.300903 -0.020919 -0.097356 -0.980097 -0.173007
-0.087700 0.339370 -0.008030 -0.297153 -0.952756 -0.062897
-0.076639 0.435441 -0.145762 -0.270427 0.854018 0.444435
-0.053845 0.411303 -0.204837 -0.145996 0.562775 -0.813615
0.022416 0.439905 -0.217841 -0.312652 0.897688 -0.310491
-0.267122 0.388950 -0.040478 -0.257076 0.663703 0.702432
-0.080819 0.447605 -0.043020 -0.220462 0.719599 0.658463
-0.266397 0.382637 -0.089322 -0.299051 0.680445 -0.669002
-0.234968 0.383750 -0.160226 -0.419269 0.820963 0.387600
-0.226954 0.377637 -0.209343 -0.171618 0.611226 -0.772626
0.302910 0.490935 -0.279690 -0.097067 0.808483 -0.580460
-0.205263 0.337721 -0.128745 0.027325 -0.413666 0.910018
-0.182206 0.311555 -0.226360 0.122769 -0.722696 -0.680175
-0.360389 0.268750 -0.012568 0.105156 -0.316790 0.942649
-0.218393 0.314380 -0.010184 0.144016 -0.666670 0.731307
-0.388466 0.328256 -0.034554 -0.413526 0.643914 0.643717
-0.387311 0.321019 -0.082148 -0.485298 0.697851 -0.526774
-0.493561 0.242048 -0.038997 -0.523318 0.603013 0.602091
-0.493634 0.238361 -0.066413 -0.602847 0.417557 -0.679869
-0.498939 0.193582 -0.013892 0.294220 -0.907306 0.300384
-0.500000 0.188655 -0.090804 0.033302 -0.762198 -0.646487
-0.315998 0.252962 -0.235016 0.365748 -0.661260 -0.654953
-0.346460 0.310242 -0.216875 -0.385588 0.649822 -0.655022
-0.449968 0.228046 -0.220541 -0.549806 0.476331 -0.686165
-0.353456 0.313792 -0.172442 -0.521419 0.620352 0.585906
-0.454496 0.229559 -0.192306 -0.562449 0.431113 0.705544
-0.331670 0.265263 -0.148976 0.277884 -0.639874 0.716478
-0.454874 0.173466 -0.167547 -0.217909 -0.670702 0.708995
-0.348036 0.232447 -0.327957 -0.415176 0.480599 -0.772434
-0.346838 0.191807 -0.344207 0.306171 -0.947919 -0.087804
-0.361355 0.202269 -0.289343 -0.341400 -0.601350 0.722374
-0.356691 0.242447 -0.306707 -0.571208 0.512385 0.641236
-0.275074 0.296366 -0.287673 -0.509471 0.643440 0.571336
-0.260294 0.254937 -0.267768 0.160114 -0.623893 0.764932
-0.150284 0.311029 -0.246224 0.087636 -0.638985 0.764211
-0.164947 0.361261 -0.270016 -0.408794 0.687256 0.600472
-0.363361 0.272626 -0.100100 0.270509 -0.732900 -0.624246
-0.222952 0.327069 -0.108283 0.026936 -0.437738 -0.898699
-0.447731 0.174118 -0.242673 0.406806 -0.889017 -0.210136
-0.242321 0.245011 -0.334869 0.418277 -0.878813 0.229635
-0.131880 0.300903 -0.325562 0.181737 -0.535053 -0.825039
-0.242321 0.245011 -0.334869 -0.084846 0.304430 -0.948749
-0.266092 0.289328 -0.319785 -0.260976 0.566232 -0.781840
0.302542 0.241460 -0.069018 -0.032812 -0.747542 -0.663404
0.123057 0.182080 0.060688 -0.254457 -0.768459 -0.587131
0.082321 0.245599 0.067495 -0.440470 -0.694106 -0.569388
0.240987 0.356723 -0.106024 -0.054052 -0.948541 -0.312007
0.338824 0.358046 0.150919 0.320180 0.367143 0.873321
0.495189 0.429979 0.032757 0.764229 0.264832 0.588062
0.198834 0.375074 0.144816 -0.161323 0.531886 0.831307
-0.298929 0.233561 0.143041 0.446552 -0.449083 0.773896
-0.222731 0.353508 0.102106 -0.142281 0.653531 0.743406
-0.329527 0.286439 0.124596 -0.385569 0.684109 0.619138
-0.427248 0.194569 0.147736 -0.433520 0.370768 0.821335
-0.434433 0.199370 0.113934 -0.714639 0.458689 -0.528106
-0.427216 0.147164 0.102526 0.236931 -0.866893 -0.438589
-0.315168 0.238897 0.064501 0.102087 -0.586918 -0.803185
0.493897 0.321092 -0.133241 0.653376 -0.744036 -0.139682
0.500000 0.319181 -0.016045 0.776946 -0.626715 -0.059853
0.365830 0.333708 -0.133304 0.021120 -0.960601 -0.277127
0.482983 0.341670 -0.215436 0.690284 -0.583952 -0.427208
0.373855 0.331544 -0.237043 0.136402 -0.788345 -0.599922
0.326555 0.428666 -0.308619 0.105735 -0.180599 -0.977857
-0.173718 0.294065 0.121833 0.379064 -0.742055 0.552870
-0.193761 0.306229 0.027064 0.073575 -0.687861 -0.722104
0.015494 0.305704 0.056518 -0.503228 -0.819125 0.275312
-0.235252 0.356723 0.055877 -0.480063 0.571547 -0.665487
-0.339454 0.290116 0.084533 -0.602717 0.549424 -0.578676
0.253971 0.331481 -0.241518 0.088350 -0.963008 -0.254579
0.281628 0.529737 -0.183304 -0.018615 0.995043 -0.097693
-0.414874 0.148876 0.165205 0.229847 -0.671594 0.704366
-0.012122 0.339107 0.106602 -0.199102 -0.357245 0.912543
0.101681 0.293204 0.127096 -0.883536 -0.046449 0.466055
0.464685 0.499611 -0.247862 0.379865 0.913620 -0.144918
0.452805 0.443130 -0.280614 0.604384 -0.051386 -0.795034
0.147153 0.192332 0.253335 -0.016220 0.481972 0.876036
0.076176 0.183393 0.203892 -0.727139 0.599678 0.334149
0.025137 0.059443 0.344207 -0.362650 0.635148 0.681962
-0.012426 0.056555 0.297967 -0.831245 0.512743 0.214773
0.039254 0.000000 0.297001 0.444565 -0.888047 -0.117193
-0.013078 0.033403 0.258472 -0.645343 -0.377643 -0.664017
0.145221 0.098897 0.158304 0.303620 -0.893732 -0.330240
0.072017 0.120725 0.168892 -0.815069 -0.153361 -0.558697
0.001061 0.008088 0.331686 -0.616904 -0.605595 0.502677
0.048256 0.033078 0.335215 0.576908 -0.167447 0.799462
-0.046155 0.412952 0.064869 -0.120255 0.647020 0.752930
0.372857 0.247248 0.133251 0.676847 -0.387684 0.625763
0.385074 0.226723 0.045604 0.350107 -0.901012 -0.256129
0.238015 0.281964 0.197474 0.302736 0.237203 0.923085
0.201733 0.142300 0.232148 0.682998 -0.430390 0.590151
-0.156586 0.356723 -0.305016 -0.190277 0.687749 -0.700568
-0.014685 0.396250 -0.289280 -0.137715 0.518816 -0.843721
-0.025914 0.408739 -0.250425 -0.462052 0.825209 0.324866
0.491075 0.439479 -0.110861 0.717900 0.695881 0.019198
