0 1
0 2
0 3
0 98
0 84
0 62
1 0
1 2
1 106
1 60
1 61
1 62
2 0
2 1
2 3
2 4
2 106
2 82
3 0
3 2
3 98
3 4
3 5
3 6
3 14
3 19
4 2
4 3
4 5
4 12
4 15
4 16
4 17
4 82
5 3
5 4
5 12
5 50
5 19
5 20
6 64
6 98
6 3
6 14
6 79
7 8
7 9
7 105
7 11
7 12
7 47
7 16
7 17
7 48
7 53
7 25
8 7
8 104
8 9
8 10
8 75
8 81
8 53
9 7
9 8
9 11
9 81
9 59
10 8
10 104
10 105
10 75
10 17
10 23
11 7
11 9
11 12
11 13
11 59
12 4
12 5
12 7
12 11
12 13
12 14
12 15
12 50
12 24
12 25
12 27
13 11
13 12
13 14
13 78
13 58
13 59
14 3
14 6
14 12
14 13
14 76
14 77
14 79
14 78
14 19
14 84
14 27
15 4
15 12
15 16
15 21
15 22
15 24
16 4
16 7
16 15
16 17
16 22
16 25
17 4
17 7
17 105
17 10
17 16
17 82
17 23
18 19
18 20
18 26
18 27
18 28
18 29
19 3
19 5
19 14
19 18
19 20
19 27
20 5
20 49
20 18
20 19
20 50
20 29
21 35
21 37
21 15
21 22
21 24
22 34
22 35
22 15
22 16
22 21
22 25
23 10
23 75
23 17
23 82
23 86
23 87
24 34
24 37
24 39
24 12
24 15
24 21
24 25
25 34
25 7
25 12
25 16
25 22
25 24
26 32
26 49
26 18
26 27
26 28
26 30
27 12
27 14
27 49
27 18
27 50
27 19
27 26
28 26
28 18
28 29
28 30
29 49
29 18
29 20
29 28
29 30
29 31
30 32
30 26
30 28
30 29
30 31
31 32
31 33
31 49
31 29
31 30
32 33
32 49
32 26
32 30
32 31
33 32
33 49
33 31
34 35
34 36
34 39
34 51
34 22
34 24
34 25
35 34
35 36
35 37
35 21
35 22
36 34
36 35
36 37
36 38
36 40
36 51
37 35
37 36
37 38
37 39
37 21
37 24
38 40
38 36
38 37
38 39
39 34
39 37
39 38
39 40
39 51
39 24
40 51
40 36
40 38
40 39
41 42
41 43
41 44
41 45
41 54
41 55
42 41
42 43
42 46
42 52
42 53
42 54
43 41
43 42
43 44
43 46
44 41
44 43
44 45
44 46
45 41
45 44
45 46
45 47
45 48
45 55
46 42
46 43
46 44
46 45
46 47
46 52
47 7
47 45
47 46
47 48
47 52
47 53
48 103
48 7
48 105
48 45
48 47
48 55
49 32
49 33
49 50
49 20
49 26
49 27
49 29
49 31
50 5
50 12
50 49
50 20
50 27
51 40
51 34
51 36
51 39
52 42
52 53
52 46
52 47
53 103
53 8
53 7
53 42
53 104
53 47
53 52
53 54
53 55
54 41
54 42
54 53
54 55
55 103
55 41
55 45
55 48
55 53
55 54
56 100
56 71
56 72
56 57
56 58
56 59
57 100
57 85
57 56
57 58
57 94
57 95
58 13
58 78
58 85
58 56
58 57
58 59
59 72
59 9
59 11
59 13
59 81
59 56
59 58
60 1
60 99
60 101
60 61
60 62
61 1
61 99
61 71
61 106
61 60
62 0
62 1
62 101
62 84
62 85
62 88
62 89
62 60
63 64
63 65
63 66
63 68
63 69
63 76
63 83
64 65
64 98
64 6
64 76
64 79
64 63
65 64
65 66
65 67
65 79
65 80
65 63
66 65
66 67
66 68
66 83
66 63
67 65
67 66
67 68
67 69
67 80
68 66
68 67
68 69
68 83
68 63
69 67
69 68
69 76
69 77
69 79
69 80
69 63
70 72
70 73
70 106
70 71
71 99
71 100
71 70
71 72
71 106
71 56
71 61
72 70
72 71
72 73
72 74
72 81
72 56
72 59
73 70
73 72
73 74
73 106
73 87
74 72
74 73
74 75
74 81
74 87
75 8
75 10
75 74
75 81
75 23
75 87
76 64
76 98
76 69
76 77
76 14
76 84
76 63
77 76
77 69
77 14
77 79
78 13
78 14
78 84
78 85
78 58
79 64
79 65
79 69
79 6
79 77
79 14
79 80
80 65
80 67
80 69
80 79
81 72
81 9
81 74
81 75
81 8
81 59
82 2
82 4
82 106
82 17
82 86
82 23
83 66
83 68
83 63
84 0
84 98
84 76
84 78
84 14
84 85
84 62
85 89
85 78
85 84
85 57
85 58
85 62
85 95
86 106
86 23
86 82
86 87
87 73
87 74
87 75
87 106
87 86
87 23
88 97
88 101
88 102
88 89
88 90
88 62
89 85
89 88
89 90
89 91
89 93
89 62
89 95
90 96
90 97
90 88
90 89
90 91
91 96
91 89
91 90
91 93
92 96
92 97
92 102
92 93
92 94
93 96
93 89
93 91
93 92
93 94
93 95
94 99
94 100
94 102
94 57
94 92
94 93
94 95
95 85
95 89
95 93
95 94
95 57
96 97
96 90
96 91
96 92
96 93
97 96
97 102
97 88
97 90
97 92
98 64
98 0
98 3
98 6
98 76
98 84
99 100
99 101
99 102
99 71
99 60
99 61
99 94
100 99
100 71
100 56
100 57
100 94
101 99
101 102
101 88
101 60
101 62
102 97
102 99
102 101
102 88
102 92
102 94
103 104
103 105
103 48
103 53
103 55
104 103
104 8
104 105
104 10
104 53
105 103
105 104
105 7
105 10
105 48
105 17
106 1
106 2
106 70
106 71
106 73
106 82
106 86
106 87
106 61
