  0.491075   0.439479  -0.110861
  0.337650   0.337205   0.009468
 -0.033503   0.372075   0.028902
 -0.054946   0.368086  -0.068355
 -0.066958   0.368763  -0.161645
  0.021572   0.338465  -0.254211
  0.214910   0.255386   0.105730
 -0.183300   0.326028   0.070302
 -0.216522   0.344477  -0.061243
 -0.216512   0.326669  -0.179513
 -0.137400   0.330256  -0.276339
  0.110526   0.134554   0.215698
 -0.316470   0.257857   0.109980
 -0.367830   0.290991  -0.053592
 -0.346181   0.264921  -0.195688
 -0.245234   0.270167  -0.293549
  0.012586   0.035944   0.333118
 -0.420690   0.163699   0.145972
 -0.481037   0.202176  -0.046320
 -0.442364   0.180160  -0.208801
 -0.351212   0.229663  -0.309700
