 -0.500000   0.276155  -0.054120
 -0.306400   0.191299   0.080577
  0.173804   0.224570   0.113694
  0.155046   0.219660  -0.014608
  0.106896   0.243922  -0.145254
  0.115769   0.216689  -0.271103
 -0.151521   0.123415   0.188335
  0.263159   0.177605   0.110761
  0.290399   0.195865  -0.004882
  0.227602   0.197684  -0.146400
  0.202226   0.159235  -0.260859
  0.009170   0.066337   0.253711
  0.362390   0.108229   0.109156
  0.402362   0.137096   0.009788
  0.336230   0.132302  -0.144745
  0.264800   0.109133  -0.252129
  0.159724   0.047825   0.272198
  0.429499   0.108185   0.103491
  0.495098   0.101621   0.020013
  0.431811   0.090399  -0.145066
  0.313071   0.099210  -0.249655
