-0.491511 0.150823 0.154490 0.050892 -0.872543 0.485880
-0.482301 0.391996 0.152054 0.007646 0.561250 0.827611
-0.477272 0.462992 -0.057340 -0.038649 0.999251 -0.002103
-0.482473 0.391114 -0.263521 -0.051121 0.575253 -0.816377
-0.490163 0.166202 -0.265664 0.016854 -0.877058 -0.480089
-0.409066 0.279665 -0.057340 0.997237 -0.074285 -0.000889
-0.033470 0.249433 -0.311033 -0.102670 -0.293635 -0.950388
-0.405489 0.265728 -0.273137 -0.155172 0.003093 -0.987883
-0.007705 0.297904 -0.309158 0.035117 0.662845 -0.747932
-0.405351 0.352268 -0.237203 -0.047452 0.827420 -0.559576
-0.480659 0.351240 -0.216363 -0.834489 0.388564 -0.390699
-0.484858 0.414408 -0.048216 -0.641815 0.766203 0.031723
-0.480693 0.337727 0.115558 -0.832383 0.351691 0.428313
-0.480477 0.233803 0.147967 -0.891516 -0.058746 0.449163
-0.480400 0.163731 0.112188 -0.912887 -0.360055 0.192346
-0.411970 0.154979 0.136847 -0.487856 -0.775606 0.400539
-0.480443 0.128911 -0.048216 -0.683082 -0.730239 -0.012212
-0.406561 0.125818 -0.048216 -0.013993 -0.984959 -0.172223
-0.405636 0.160249 -0.232166 -0.052926 -0.816849 -0.574419
-0.005026 0.181107 -0.274165 0.044664 -0.971620 -0.232293
0.046538 0.321311 -0.221867 0.312812 0.899124 -0.306143
-0.134784 0.376521 -0.182295 0.114563 0.962118 -0.247394
0.064726 0.322391 -0.084903 0.263507 0.961951 -0.072210
-0.131389 0.373506 -0.065298 0.198045 0.979980 0.020448
-0.405921 0.416741 -0.048346 0.045106 0.998234 0.038656
-0.126775 0.370015 0.051932 0.133169 0.955003 0.265021
-0.405368 0.336509 0.135266 -0.039794 0.753211 0.656574
0.019417 0.299434 0.167468 0.116580 0.781591 0.612801
-0.069862 0.241043 0.189068 0.149909 0.412296 0.898632
-0.003100 0.234468 0.175097 -0.023876 -0.267560 0.963245
0.027150 0.179923 0.135845 0.006229 -0.988908 0.148401
-0.408669 0.230416 0.172834 -0.441316 -0.003015 0.897347
0.227800 0.207338 -0.090320 0.065058 -0.004918 0.997869
0.211712 0.175439 -0.105708 -0.364398 -0.796429 0.482612
0.306348 0.144939 -0.088791 0.022279 -0.013382 0.999662
0.356997 0.070089 -0.103410 -0.377332 -0.804384 0.458897
0.208325 0.166988 -0.182191 -0.378407 -0.913864 -0.147178
0.357264 0.065864 -0.171944 -0.253256 -0.822276 -0.509632
0.306884 0.139098 -0.202020 0.016119 -0.214334 -0.976627
0.437506 0.100304 -0.172402 0.705160 0.303806 -0.640665
0.341721 0.188589 -0.187850 0.571808 0.615784 -0.542075
0.344961 0.192572 -0.102952 0.615616 0.698239 0.365349
0.258170 0.263577 -0.107514 0.398464 0.861975 0.313409
-0.042957 0.148982 0.230965 0.456291 0.828332 -0.325062
0.077574 0.106948 0.240935 0.371044 0.721313 -0.584837
-0.047329 0.097565 0.183366 0.470285 0.094300 -0.877462
0.069763 0.063695 0.216052 0.223740 -0.235606 -0.945743
0.131333 0.048506 0.228062 0.411529 -0.014428 -0.911282
0.044672 0.003145 0.251960 0.059101 -0.844738 -0.531907
0.116886 0.000000 0.256246 0.231074 -0.957448 -0.172910
0.040265 0.009521 0.294928 -0.103397 -0.856689 0.505364
0.145425 0.023138 0.317306 0.301506 -0.236281 0.923724
0.045493 0.036029 0.320727 -0.021320 0.127447 0.991616
0.385362 0.163170 0.047067 0.047874 -0.026409 0.998504
0.255388 0.163360 0.034850 -0.310630 -0.909242 0.277106
0.423033 0.063911 0.028119 -0.198702 -0.681131 0.704683
0.422118 0.068413 -0.037580 -0.297516 -0.790937 -0.534698
0.258024 0.167066 -0.057418 -0.256726 -0.814181 -0.520770
0.386028 0.167567 -0.064538 0.072655 -0.134896 -0.988192
0.270552 0.206353 -0.076686 0.101726 0.001894 -0.994811
0.406531 0.199596 -0.046566 0.574350 0.704505 -0.416887
0.299643 0.270325 -0.058766 0.337599 0.771261 -0.539614
0.299972 0.270895 0.033969 0.303047 0.881356 0.362456
0.246644 0.235954 0.173075 0.264454 0.758208 0.595974
0.339759 0.167395 0.168444 0.551231 0.677079 0.487554
0.268340 0.248906 0.079295 0.459093 0.840171 -0.288697
0.354344 0.184796 0.086553 0.651461 0.698816 -0.295389
0.440175 0.080302 0.161238 0.622546 0.229878 0.748060
0.448513 0.087914 0.094355 0.627585 0.122295 -0.768883
0.414938 0.041792 0.118444 0.372105 -0.924953 -0.077461
0.363909 0.056308 0.081377 -0.290125 -0.704641 -0.647540
0.359787 0.048299 0.141176 -0.332788 -0.760874 0.557067
-0.083479 0.055850 0.302358 -0.226734 -0.231089 0.946145
-0.058639 0.148974 0.284024 0.059491 0.476463 0.877179
0.069694 0.111890 0.286469 0.206611 0.724138 0.657979
0.158126 0.085762 0.286763 0.674117 0.732161 0.097501
0.162057 0.034673 0.265396 0.905243 -0.349119 -0.242179
0.120368 0.181020 -0.223612 -0.315892 -0.735853 0.598942
0.141027 0.222787 -0.217883 0.247327 0.048928 0.967696
0.045899 0.199501 -0.195099 0.080510 -0.975257 -0.205891
0.070325 0.272416 -0.215352 0.018218 -0.153590 -0.987967
0.160632 0.255948 -0.240719 0.537042 0.827780 0.162380
0.146885 0.226856 -0.317980 0.289229 0.617533 -0.731437
-0.480460 0.167282 -0.216363 -0.852958 -0.384112 -0.353442
-0.481376 0.262169 -0.249299 -0.918178 -0.000992 -0.396166
0.224396 0.198689 0.179884 -0.100799 -0.332690 0.937634
0.208403 0.151428 0.138973 -0.355625 -0.845787 0.397713
0.219817 0.161424 0.062507 -0.174414 -0.721676 -0.669898
0.067698 0.197056 0.040717 0.038253 -0.999237 0.007834
0.094508 0.250236 0.045417 0.304719 0.137564 -0.942456
0.405356 0.197264 0.029882 0.633532 0.711300 0.304449
0.497071 0.106499 -0.041209 0.738682 0.352472 -0.574554
0.500000 0.102559 0.034193 0.607911 0.163814 0.776923
0.490513 0.060965 -0.005111 0.450716 -0.890258 -0.065541
0.110009 0.158573 -0.293113 -0.430044 -0.883749 -0.184523
0.229122 0.071463 -0.280395 -0.505747 -0.846416 -0.166733
0.199702 0.138027 -0.318351 -0.086793 -0.322689 -0.942517
0.128620 0.185487 -0.320727 -0.130848 -0.284326 -0.949757
0.234660 0.179603 -0.307923 0.581980 0.543555 -0.604853
-0.106592 0.159212 -0.014719 0.230756 -0.966216 -0.114795
-0.141066 0.089987 0.105224 0.341437 -0.759931 -0.553105
-0.178754 0.047253 0.143120 0.078940 -0.879855 -0.468641
-0.065896 0.018188 0.211239 0.187478 -0.735582 -0.650978
-0.216425 0.031899 0.201588 -0.405211 -0.910898 0.077906
-0.083514 0.007828 0.253913 -0.233062 -0.894746 0.380935
0.238168 0.209930 0.060840 0.169368 0.120471 -0.978162
0.318989 0.146511 0.070145 0.161081 0.023338 -0.986665
0.255146 0.253718 -0.195609 0.389421 0.718353 -0.576472
0.228370 0.199260 -0.207792 0.032711 -0.130468 -0.990913
0.436218 0.107129 -0.103514 0.547727 0.090763 0.831720
0.413745 0.068836 -0.140286 0.408030 -0.909651 0.077767
0.323818 0.089028 -0.233056 0.808977 0.345206 0.475804
0.318073 0.067601 -0.293753 0.475874 -0.142343 -0.867918
0.296490 0.047314 -0.258060 0.033701 -0.957119 0.287728
0.235291 0.087127 -0.219102 -0.235014 -0.505066 0.830468
-0.051389 0.175560 0.147768 0.500012 -0.786012 0.363556
-0.095169 0.133024 0.156391 0.924332 -0.251477 -0.287000
-0.123950 0.210734 0.245990 0.204240 0.635633 0.744484
-0.213980 0.144982 0.274727 -0.247185 0.256798 0.934320
-0.219130 0.074824 0.251278 -0.503818 -0.457948 0.732428
0.059809 0.315530 0.047603 0.261016 0.933737 0.244961
0.096383 0.280140 -0.084557 0.423696 0.286192 0.859405
0.068579 0.208150 -0.082578 -0.010096 -0.998274 -0.057861
0.270552 0.206897 0.050705 0.014049 -0.012652 0.999821
0.214028 0.170609 -0.218454 0.175896 0.173877 0.968931
0.242186 0.194343 -0.243476 0.690913 0.685945 0.228293
0.315195 0.136886 0.174691 -0.120159 -0.285258 0.950889
-0.500000 0.276155 -0.054120 -0.996902 -0.078578 -0.003344
