  0.500000   0.276155  -0.055408
  0.309200   0.192607   0.079733
 -0.170879   0.218999   0.116663
 -0.154050   0.222418  -0.011930
 -0.117633   0.225529  -0.140132
 -0.115476   0.224019  -0.264512
  0.156560   0.125769   0.187846
 -0.272532   0.174534   0.111271
 -0.295902   0.191383  -0.011976
 -0.225564   0.196118  -0.136440
 -0.194636   0.163769  -0.256841
 -0.005136   0.067657   0.253665
 -0.366983   0.104738   0.108503
 -0.405291   0.128274  -0.007475
 -0.337788   0.136143  -0.128960
 -0.265848   0.110978  -0.250045
 -0.158210   0.041060   0.268874
 -0.440429   0.084208   0.103683
 -0.494585   0.088158  -0.005128
 -0.428735   0.109373  -0.125356
 -0.310420   0.100361  -0.248609
