0 1
0 5
0 127
1 0
1 2
1 5
1 127
2 1
2 3
2 5
2 127
3 2
3 4
3 5
3 127
4 3
4 5
4 127
5 0
5 1
5 2
5 3
5 4
5 127
6 97
6 7
6 8
6 18
6 19
6 82
7 6
7 8
7 9
7 82
7 20
7 22
8 6
8 7
8 9
8 10
8 18
8 83
8 84
9 7
9 8
9 10
9 11
9 22
9 24
10 8
10 9
10 11
10 84
10 127
11 9
11 10
11 12
11 24
11 26
11 127
12 11
12 13
12 26
12 127
12 31
13 12
13 14
13 15
13 127
13 31
14 16
14 15
14 13
14 127
15 103
15 13
15 14
15 16
15 17
15 119
15 31
16 14
16 15
16 17
16 18
16 83
16 127
17 99
17 100
17 101
17 103
17 15
17 16
17 18
17 19
18 6
18 8
18 16
18 17
18 19
18 83
19 97
19 99
19 6
19 77
19 78
19 17
19 18
19 95
20 7
20 42
20 107
20 108
20 80
20 81
20 82
20 21
20 22
21 42
21 20
21 25
21 22
21 23
21 120
21 121
21 59
21 61
21 62
22 7
22 9
22 20
22 21
22 23
22 24
23 24
23 25
23 21
23 22
24 9
24 11
24 22
24 23
24 25
24 26
25 21
25 23
25 24
25 26
25 27
25 120
26 11
26 12
26 117
26 118
26 24
26 25
26 27
26 28
26 31
27 120
27 25
27 26
27 28
27 29
27 63
28 115
28 117
28 26
28 27
28 29
28 30
29 85
29 86
29 27
29 28
29 30
29 63
30 99
30 115
30 86
30 87
30 88
30 28
30 29
31 12
31 13
31 15
31 118
31 119
31 26
32 33
32 34
32 42
32 121
32 122
33 32
33 34
33 35
33 41
33 42
33 109
34 32
34 33
34 35
34 36
34 122
35 33
35 34
35 36
35 37
35 109
35 110
36 34
36 35
36 37
36 38
36 108
36 78
36 122
37 35
37 36
37 38
37 39
37 110
38 36
38 37
38 39
38 40
38 108
39 37
39 38
39 40
39 41
39 109
39 110
40 38
40 39
40 41
40 42
40 107
40 108
41 33
41 39
41 40
41 42
41 109
42 32
42 33
42 40
42 41
42 107
42 20
42 21
42 121
43 73
43 74
43 44
43 45
43 116
43 117
44 100
44 102
44 43
44 45
44 46
44 116
45 74
45 43
45 44
45 75
45 46
45 47
46 102
46 44
46 45
46 47
46 48
47 75
47 76
47 45
47 46
47 48
47 49
48 102
48 104
48 46
48 47
48 49
48 50
49 76
49 47
49 48
49 50
49 51
50 72
50 104
50 48
50 49
50 51
50 52
51 74
51 75
51 76
51 49
51 50
51 52
52 72
52 73
52 74
52 50
52 51
53 54
53 55
53 90
53 123
53 92
53 62
54 53
54 55
54 56
54 92
54 93
55 123
55 53
55 54
55 56
55 57
55 122
55 88
56 54
56 55
56 57
56 58
56 91
56 93
57 122
57 55
57 56
57 58
57 59
58 59
58 56
58 57
58 91
58 60
59 121
59 122
59 21
59 57
59 58
59 60
59 61
60 58
60 91
60 90
60 59
60 61
60 62
61 59
61 60
61 21
61 62
62 21
62 53
62 120
62 90
62 123
62 60
62 61
63 64
63 65
63 85
63 120
63 27
63 29
63 126
64 65
64 66
64 105
64 120
64 89
64 63
65 64
65 66
65 67
65 126
65 63
66 64
66 65
66 67
66 68
66 105
66 106
67 65
67 66
67 68
67 69
67 71
67 126
68 66
68 67
68 69
68 70
68 106
69 67
69 68
69 70
69 71
70 68
70 69
70 71
70 106
70 86
70 87
71 67
71 69
71 70
71 86
71 126
72 104
72 73
72 50
72 52
72 118
72 119
73 72
73 74
73 43
73 52
73 117
73 118
74 73
74 75
74 43
74 45
74 51
74 52
75 74
75 76
75 45
75 47
75 51
76 49
76 75
76 51
76 47
77 78
77 79
77 114
77 19
77 124
77 94
77 95
78 99
78 36
78 108
78 77
78 79
78 80
78 19
78 122
79 77
79 78
79 80
79 81
79 124
80 108
80 78
80 79
80 81
80 20
81 98
81 79
81 80
81 82
81 20
81 124
81 125
82 97
82 98
82 6
82 7
82 81
82 20
83 8
83 16
83 18
83 84
83 127
84 8
84 10
84 83
84 127
85 126
85 29
85 86
85 63
86 70
86 71
86 85
86 87
86 126
86 29
86 30
87 70
87 105
87 106
87 86
87 88
87 89
87 30
88 99
88 87
88 55
88 89
88 122
88 123
88 30
89 64
89 105
89 87
89 88
89 123
89 120
90 92
90 53
90 91
90 60
90 62
91 58
91 92
91 56
91 90
91 60
91 93
92 53
92 54
92 90
92 91
92 93
93 56
93 91
93 92
93 54
94 96
94 77
94 111
94 113
94 114
94 95
95 96
95 97
95 77
95 19
95 94
96 97
96 98
96 111
96 94
96 95
97 96
97 98
97 6
97 82
97 19
97 95
98 96
98 97
98 111
98 112
98 81
98 82
98 125
99 100
99 78
99 17
99 115
99 116
99 19
99 88
99 122
99 30
100 99
100 101
100 102
100 44
100 17
100 116
101 17
101 100
101 102
101 103
102 100
102 101
102 103
102 104
102 44
102 46
102 48
103 101
103 102
103 104
103 15
103 17
103 119
104 102
104 103
104 72
104 48
104 50
104 119
105 64
105 66
105 106
105 87
105 89
106 66
106 68
106 70
106 105
106 87
107 40
107 42
107 108
107 20
108 36
108 38
108 40
108 107
108 78
108 80
108 20
109 33
109 35
109 39
109 41
109 110
110 37
110 35
110 109
110 39
111 96
111 98
111 112
111 113
111 94
112 98
112 111
112 113
112 114
112 124
112 125
113 112
113 114
113 94
113 111
114 77
114 112
114 113
114 124
114 94
115 99
115 116
115 117
115 28
115 30
116 99
116 100
116 43
116 44
116 115
116 117
117 73
117 43
117 115
117 116
117 118
117 26
117 28
118 72
118 73
118 117
118 119
118 26
118 31
119 103
119 72
119 104
119 15
119 118
119 31
120 64
120 27
120 21
120 25
120 89
120 123
120 62
120 63
121 32
121 42
121 21
121 122
121 59
122 32
122 34
122 99
122 36
122 78
122 55
122 88
122 121
122 59
122 57
123 53
123 55
123 120
123 89
123 88
123 62
124 77
124 79
124 112
124 81
124 114
124 125
125 112
125 81
125 98
125 124
126 65
126 67
126 71
126 85
126 86
126 63
127 0
127 1
127 2
127 3
127 4
127 5
127 10
127 11
127 12
127 13
127 14
127 16
127 83
127 84
