0 80
0 1
0 66
0 42
1 0
1 66
1 44
1 80
1 82
2 49
2 3
2 68
2 69
3 2
3 69
3 107
3 49
3 52
4 64
4 5
4 6
4 43
4 12
4 62
5 35
5 4
5 6
5 12
5 61
6 35
6 4
6 5
6 108
6 62
6 63
7 70
7 8
7 9
7 13
7 48
7 50
7 51
8 9
8 50
8 53
8 7
9 7
9 8
9 48
9 49
9 52
9 53
10 36
10 15
10 17
10 18
10 84
10 93
11 100
11 12
11 13
11 119
11 85
11 118
11 55
11 56
12 4
12 5
12 43
12 11
12 13
12 55
12 61
13 70
13 7
13 11
13 12
13 43
13 83
13 51
13 85
14 97
14 15
14 84
14 85
14 54
14 87
14 90
15 36
15 37
15 38
15 10
15 14
15 84
15 54
16 39
16 106
16 77
16 83
16 53
17 99
17 36
17 10
17 18
17 86
17 26
18 104
18 10
18 77
18 46
18 17
18 86
18 89
18 93
19 128
19 20
19 21
19 119
19 120
20 128
20 114
20 19
20 21
21 114
21 115
21 19
21 20
21 117
21 119
21 118
22 103
22 74
22 75
22 76
22 23
22 24
23 75
23 110
23 22
23 24
23 91
23 29
24 97
24 103
24 81
24 22
24 23
24 90
24 29
25 32
25 34
25 86
25 54
25 88
25 26
26 34
26 99
26 17
26 86
26 25
27 109
27 78
27 79
27 110
27 28
27 29
28 96
28 101
28 78
28 81
28 27
28 29
29 110
29 81
29 23
29 24
29 27
29 28
30 79
30 109
30 94
30 31
31 109
31 110
31 30
31 91
31 92
31 94
32 33
32 34
32 38
32 54
32 25
33 32
33 34
33 38
33 98
34 32
34 33
34 98
34 99
34 25
34 26
35 61
35 108
35 5
35 6
36 99
36 37
36 10
36 15
36 17
37 98
37 99
37 36
37 38
37 15
38 32
38 33
38 98
38 37
38 15
38 54
39 40
39 41
39 77
39 45
39 47
39 16
39 83
40 39
40 41
40 42
40 45
40 80
41 67
41 39
41 40
41 42
41 83
42 0
42 66
42 67
42 40
42 41
42 80
43 64
43 4
43 12
43 13
43 51
44 1
44 45
44 46
44 80
44 82
45 39
45 40
45 44
45 46
45 47
45 80
46 44
46 77
46 45
46 47
46 18
46 82
46 93
47 77
47 45
47 46
47 39
48 68
48 70
48 7
48 9
48 49
49 2
49 3
49 68
49 9
49 48
49 52
50 64
50 65
50 7
50 8
50 77
50 51
50 116
50 117
50 53
51 64
51 7
51 43
51 13
51 50
52 3
52 9
52 107
52 49
52 53
53 8
53 9
53 106
53 107
53 77
53 16
53 50
53 52
54 32
54 38
54 14
54 15
54 87
54 88
54 25
55 11
55 12
55 56
55 60
55 61
56 65
56 11
56 118
56 55
56 60
56 63
57 96
57 58
57 100
57 101
58 96
58 100
58 76
58 113
58 57
58 59
59 96
59 75
59 76
59 58
59 92
59 95
60 108
60 55
60 56
60 61
60 63
61 35
61 5
61 108
61 12
61 55
61 60
62 64
62 4
62 6
62 63
63 64
63 65
63 6
63 108
63 56
63 60
63 62
64 65
64 4
64 43
64 50
64 51
64 62
64 63
65 64
65 50
65 117
65 118
65 56
65 63
66 0
66 1
66 67
66 42
66 82
67 66
67 41
67 42
67 82
67 83
67 84
67 93
68 2
68 69
68 70
68 48
68 49
69 2
69 3
69 68
69 70
69 71
69 107
70 68
70 69
70 71
70 7
70 13
70 48
70 83
71 69
71 70
71 106
71 107
71 83
72 73
72 113
72 120
72 128
73 128
73 102
73 72
73 74
73 113
74 102
74 103
74 73
74 76
74 113
74 22
75 59
75 76
75 22
75 23
75 91
75 92
76 74
76 75
76 113
76 22
76 58
76 59
77 39
77 104
77 105
77 46
77 47
77 16
77 18
77 50
77 116
77 53
78 96
78 79
78 27
78 28
78 95
79 109
79 78
79 30
79 27
79 94
79 95
80 0
80 1
80 40
80 42
80 44
80 45
81 97
81 101
81 85
81 24
81 28
81 29
82 1
82 66
82 67
82 44
82 46
82 93
83 67
83 70
83 71
83 39
83 41
83 106
83 13
83 16
83 84
83 85
84 67
84 10
84 14
84 15
84 83
84 85
84 93
85 97
85 100
85 101
85 11
85 13
85 14
85 81
85 83
85 84
86 17
86 18
86 87
86 88
86 89
86 26
86 25
87 14
87 86
87 54
87 88
87 89
87 90
88 54
88 25
88 86
88 87
89 103
89 104
89 18
89 86
89 87
89 90
90 97
90 103
90 14
90 87
90 24
90 89
91 75
91 110
91 23
91 92
91 31
92 91
92 75
92 95
92 59
92 94
92 31
93 67
93 10
93 46
93 18
93 82
93 84
94 31
94 79
94 92
94 30
94 95
95 96
95 78
95 79
95 59
95 92
95 94
96 101
96 78
96 57
96 58
96 59
96 28
96 95
97 14
97 81
97 85
97 24
97 90
98 33
98 34
98 99
98 37
98 38
99 98
99 34
99 36
99 37
99 17
99 26
100 101
100 11
100 113
100 85
100 119
100 120
100 57
100 58
101 96
101 100
101 81
101 85
101 57
101 28
102 128
102 103
102 73
102 74
102 111
103 102
103 104
103 74
103 111
103 112
103 22
103 24
103 89
103 90
104 103
104 105
104 77
104 112
104 18
104 89
105 104
105 116
105 112
105 77
106 71
106 107
106 16
106 83
106 53
107 3
107 69
107 71
107 106
107 52
107 53
108 35
108 6
108 60
108 61
108 63
109 110
109 79
109 27
109 30
109 31
110 91
110 109
110 23
110 27
110 29
110 31
111 128
111 102
111 103
111 112
111 114
111 115
112 103
112 104
112 105
112 111
112 115
112 116
113 100
113 72
113 73
113 74
113 76
113 120
113 58
114 128
114 111
114 115
114 20
114 21
115 111
115 112
115 114
115 116
115 21
115 117
116 105
116 77
116 112
116 50
116 115
116 117
117 65
117 50
117 115
117 116
117 21
117 118
118 65
118 11
118 21
118 117
118 119
118 56
119 100
119 11
119 19
119 21
119 118
119 120
120 128
120 100
120 72
120 113
120 19
120 119
121 128
121 122
121 125
122 128
122 121
122 123
123 128
123 122
123 124
124 128
124 123
124 127
125 128
125 121
125 126
126 128
126 125
126 127
127 128
127 124
127 126
128 102
128 72
128 73
128 111
128 114
128 19
128 20
128 120
128 121
128 122
128 123
128 124
128 125
128 126
128 127
