0 1
0 69
0 14
0 15
0 117
0 59
1 0
1 2
1 3
1 13
1 14
1 59
2 1
2 3
2 4
2 104
2 59
2 60
3 1
3 2
3 4
3 5
3 12
3 13
4 2
4 3
4 5
4 6
4 60
4 61
5 128
5 3
5 4
5 6
5 7
5 12
6 4
6 5
6 7
6 8
6 74
6 17
6 18
6 115
6 61
7 128
7 5
7 6
7 8
7 9
8 6
8 7
8 9
8 10
8 74
8 75
9 128
9 7
9 8
9 10
9 11
10 8
10 9
10 11
10 75
10 46
10 48
10 50
11 128
11 9
11 10
11 50
12 128
12 3
12 5
12 13
12 53
13 1
13 3
13 12
13 14
13 51
13 52
13 53
14 0
14 1
14 13
14 15
14 51
14 95
15 0
15 69
15 70
15 71
15 14
15 95
16 43
16 44
16 17
16 18
16 19
17 100
17 6
17 105
17 74
17 43
17 16
17 18
18 6
18 16
18 17
18 19
18 20
18 115
19 64
19 44
19 16
19 18
19 20
19 21
19 93
20 18
20 115
20 19
20 21
20 22
20 116
21 109
21 19
21 20
21 22
21 23
21 93
21 94
22 116
22 20
22 21
22 23
23 107
23 109
23 116
23 21
23 22
23 24
24 107
24 116
24 23
24 89
24 90
25 104
25 85
25 86
25 88
25 26
25 27
25 28
26 104
26 25
26 27
26 78
27 78
27 79
27 25
27 26
27 28
27 29
28 88
28 25
28 27
28 29
28 30
29 33
29 79
29 27
29 28
29 30
29 31
30 32
30 88
30 28
30 29
30 31
31 32
31 33
31 29
31 30
32 33
32 30
32 88
32 62
32 31
33 32
33 79
33 80
33 29
33 62
33 31
34 35
34 36
34 37
34 104
34 81
34 83
34 84
34 59
35 34
35 59
35 36
35 58
36 34
36 35
36 37
36 38
36 72
36 58
37 34
37 36
37 38
37 39
37 81
38 36
38 37
38 39
38 40
38 72
38 42
39 37
39 38
39 40
39 41
39 81
40 41
40 42
40 38
40 39
41 39
41 40
41 73
41 42
41 81
41 82
42 38
42 40
42 41
42 72
42 73
43 100
43 102
43 44
43 45
43 16
43 17
44 64
44 43
44 45
44 46
44 16
44 19
44 56
44 95
44 63
45 102
45 43
45 44
45 46
45 47
45 49
46 10
46 44
46 45
46 47
46 48
46 50
46 51
46 95
47 48
47 49
47 45
47 46
48 10
48 75
48 77
48 46
48 47
48 49
49 96
49 102
49 103
49 77
49 45
49 47
49 48
50 128
50 10
50 11
50 46
50 51
50 52
51 13
51 46
51 14
51 50
51 52
51 95
52 128
52 13
52 50
52 51
52 53
53 128
53 12
53 52
53 13
54 117
54 118
54 55
54 56
54 57
55 68
55 71
55 119
55 118
55 54
55 56
55 95
56 73
56 44
56 54
56 55
56 57
56 58
56 95
56 63
57 117
57 54
57 56
57 58
57 59
58 35
58 36
58 72
58 73
58 56
58 57
58 59
59 0
59 1
59 2
59 35
59 34
59 104
59 117
59 57
59 58
60 104
60 2
60 4
60 61
61 4
61 6
61 104
61 115
61 85
61 60
62 64
62 32
62 33
62 80
62 86
62 88
62 63
63 64
63 73
63 44
63 78
63 80
63 82
63 83
63 84
63 56
63 62
64 44
64 19
64 86
64 87
64 93
64 62
64 63
65 66
65 67
65 69
65 106
65 118
65 119
66 65
66 67
66 68
66 69
66 70
67 65
67 66
67 68
67 119
68 66
68 67
68 70
68 71
68 55
68 119
69 0
69 65
69 66
69 70
69 106
69 15
69 117
70 66
70 68
70 69
70 71
70 15
71 68
71 70
71 15
71 55
71 95
72 36
72 38
72 73
72 42
72 58
73 72
73 41
73 42
73 82
73 56
73 58
73 63
74 6
74 8
74 105
74 75
74 76
74 17
75 8
75 74
75 10
75 76
75 77
75 48
76 97
76 98
76 105
76 74
76 75
76 77
77 96
77 97
77 75
77 76
77 48
77 49
78 104
78 79
78 80
78 84
78 26
78 27
78 63
79 33
79 78
79 80
79 27
79 29
80 33
80 78
80 79
80 62
80 63
81 34
81 37
81 39
81 41
81 82
81 83
82 73
82 41
82 81
82 83
82 63
83 34
83 81
83 82
83 84
83 63
84 34
84 104
84 78
84 83
84 63
85 104
85 115
85 116
85 86
85 87
85 25
85 90
85 61
86 64
86 85
86 87
86 88
86 25
86 62
87 64
87 85
87 86
87 90
87 91
87 93
88 32
88 86
88 30
88 25
88 28
88 62
89 107
89 120
89 24
89 90
89 91
89 92
90 116
90 85
90 87
90 24
90 89
90 91
91 87
91 89
91 90
91 92
91 93
92 120
92 89
92 91
92 93
92 94
93 64
93 19
93 21
93 87
93 91
93 92
93 94
94 108
94 109
94 21
94 120
94 92
94 93
95 71
95 44
95 14
95 46
95 15
95 51
95 55
95 56
96 97
96 103
96 77
96 112
96 49
96 114
97 96
97 98
97 76
97 77
97 110
97 112
98 97
98 99
98 105
98 76
98 110
99 98
99 100
99 101
99 105
99 110
99 113
100 99
100 101
100 102
100 105
100 43
100 17
101 99
101 100
101 102
101 103
101 113
101 114
102 100
102 101
102 103
102 43
102 45
102 49
103 96
103 101
103 102
103 49
103 114
104 2
104 34
104 78
104 84
104 85
104 25
104 26
104 59
104 60
104 61
105 98
105 99
105 100
105 74
105 76
105 17
106 65
106 69
106 117
106 118
107 89
107 108
107 109
107 23
107 120
107 24
108 120
108 107
108 109
108 94
109 107
109 108
109 21
109 23
109 94
110 97
110 98
110 99
110 111
110 112
110 113
111 112
111 113
111 114
111 110
112 96
112 97
112 110
112 111
112 114
113 99
113 101
113 110
113 111
113 114
114 96
114 101
114 103
114 111
114 112
114 113
115 6
115 18
115 116
115 85
115 20
115 61
116 115
116 20
116 85
116 22
116 23
116 24
116 90
117 0
117 69
117 106
117 54
117 118
117 57
117 59
118 65
118 106
118 117
118 54
118 119
118 55
119 65
119 67
119 68
119 118
119 55
120 107
120 108
120 89
120 92
120 94
121 128
121 122
121 123
122 128
122 121
122 127
123 128
123 121
123 124
124 128
124 123
124 125
125 128
125 124
125 126
126 128
126 125
126 127
127 128
127 122
127 126
128 5
128 7
128 9
128 11
128 12
128 50
128 52
128 53
128 121
128 122
128 123
128 124
128 125
128 126
128 127
