  0.500000   0.339439  -0.007891
  0.308306   0.267341   0.120479
 -0.182064   0.312762   0.151445
 -0.158862   0.307175   0.027602
 -0.132619   0.310988  -0.102429
 -0.086971   0.309637  -0.220049
  0.154950   0.209662   0.223175
 -0.282895   0.256005   0.147780
 -0.283155   0.285290   0.022607
 -0.237995   0.279949  -0.097729
 -0.171134   0.266241  -0.217149
 -0.005871   0.154880   0.292283
 -0.369064   0.192888   0.145997
 -0.399247   0.217570   0.023126
 -0.344903   0.218593  -0.088698
 -0.249243   0.207681  -0.212141
 -0.155764   0.122259   0.315562
 -0.443246   0.178491   0.140766
 -0.495182   0.187266   0.020616
 -0.427315   0.183844  -0.083451
 -0.312268   0.187074  -0.211404
