0.490534 0.148741 0.032003 0.450699 -0.890294 -0.065168
0.500000 0.190293 0.071219 0.607977 0.163867 0.776860
0.413906 0.156603 -0.102939 0.407945 -0.909695 0.077687
0.436351 0.194852 -0.066225 0.547795 0.090672 0.831685
0.214574 0.258222 -0.180962 0.175995 0.173922 0.968905
0.235790 0.174891 -0.181598 -0.234910 -0.505018 0.830526
0.324151 0.176800 -0.195536 0.808975 0.345288 0.475747
0.228886 0.286786 -0.170310 0.032694 -0.130446 -0.990916
0.255603 0.341169 -0.158159 0.389353 0.718340 -0.576534
0.342028 0.276178 -0.150401 0.571831 0.615765 -0.542073
0.095269 0.337683 0.082411 0.304786 0.137557 -0.942435
-0.004074 0.268690 -0.236565 0.044693 -0.971626 -0.232264
0.121088 0.268594 -0.186087 -0.315899 -0.735922 0.598855
0.046752 0.287065 -0.157636 0.080462 -0.975253 -0.205929
0.028038 0.267479 0.172681 0.006263 -0.988902 0.148437
0.220344 0.249052 0.099487 -0.174331 -0.721689 -0.669906
0.097143 0.367502 -0.047301 0.423946 0.286117 0.859306
0.268774 0.336331 0.116241 0.459126 0.840081 -0.288907
0.060638 0.402866 0.084608 0.261035 0.933725 0.244985
-0.478626 0.254866 -0.178861 -0.830566 -0.410559 -0.376301
-0.479532 0.349589 -0.211749 -0.921242 -0.000962 -0.388989
-0.403793 0.353128 -0.235545 -0.155169 0.002997 -0.987883
-0.212637 0.232630 0.311302 -0.247179 0.256842 0.934310
-0.057595 0.236631 0.320585 0.059552 0.476470 0.877171
-0.122786 0.298275 0.282624 0.204216 0.635615 0.744506
0.315547 0.224532 0.211461 -0.120185 -0.285296 0.950874
0.340067 0.255005 0.205220 0.551313 0.677087 0.487450
0.078368 0.194660 0.277586 0.371182 0.721235 -0.584846
-0.046306 0.185316 0.220108 0.470289 0.094246 -0.877465
-0.041939 0.236631 0.267614 0.456300 0.828308 -0.325110
0.162701 0.122504 0.301984 0.905170 -0.349286 -0.242212
0.146096 0.111015 0.353804 0.301445 -0.236406 0.923712
0.360063 0.136136 0.177998 -0.332862 -0.760993 0.556860
0.415100 0.129625 0.155309 0.372005 -0.924960 -0.077849
0.440291 0.168048 0.198029 0.622578 0.229905 0.748024
0.296876 0.135160 -0.220474 0.033751 -0.957118 0.287725
0.238658 0.297438 0.097814 0.169380 0.120476 -0.978160
0.319339 0.234164 0.107106 0.161031 0.023279 -0.986675
0.364160 0.144138 0.118315 -0.290080 -0.704574 -0.647634
0.270988 0.293899 -0.039456 0.101704 0.001840 -0.994813
0.386248 0.255197 -0.027331 0.072641 -0.134865 -0.988198
0.258488 0.254683 -0.020210 -0.256690 -0.814077 -0.520950
0.422265 0.156185 -0.000423 -0.297535 -0.790884 -0.534767
0.141703 0.310277 -0.180378 0.247383 0.049115 0.967672
0.405547 0.284834 0.066905 0.633547 0.711268 0.304492
0.406706 0.287161 -0.009383 0.574319 0.704547 -0.416859
0.300354 0.358297 0.071001 0.303015 0.881341 0.362518
0.300023 0.357739 -0.021561 0.337601 0.771360 -0.539472
0.307249 0.226763 -0.164548 0.016157 -0.214301 -0.976634
0.437624 0.188009 -0.134990 0.705170 0.303771 -0.640671
0.047389 0.408636 -0.184344 0.312792 0.899119 -0.306178
0.071133 0.359831 -0.177859 0.018250 -0.153629 -0.987960
0.345262 0.280135 -0.065658 0.615643 0.698212 0.365354
0.258628 0.350993 -0.070226 0.398417 0.861961 0.313507
0.208952 0.239054 0.175801 -0.355573 -0.845803 0.397725
0.110741 0.246210 -0.255480 -0.429983 -0.883780 -0.184521
0.129316 0.273057 -0.283042 -0.130841 -0.284300 -0.949765
-0.177474 0.135064 0.179951 0.078940 -0.879864 -0.468624
-0.215078 0.119758 0.238300 -0.405181 -0.910907 0.077957
-0.082420 0.095752 0.290539 -0.233053 -0.894770 0.380885
0.200270 0.225700 -0.280663 -0.086789 -0.322650 -0.942531
0.229636 0.159262 -0.242789 -0.505731 -0.846418 -0.166769
0.242667 0.281896 -0.205926 0.690930 0.685933 0.228279
0.235162 0.267200 -0.270255 0.581956 0.543600 -0.604836
0.161271 0.343409 -0.203180 0.537009 0.827810 0.162333
0.147552 0.314331 -0.280288 0.289175 0.617534 -0.731457
0.423189 0.151722 0.065161 -0.198691 -0.681086 0.704730
0.255847 0.250961 0.071882 -0.310632 -0.909263 0.277036
0.357535 0.153674 -0.134528 -0.253319 -0.822192 -0.509735
0.357274 0.157858 -0.066120 -0.377295 -0.804433 0.458842
0.208882 0.254587 -0.144762 -0.378412 -0.913839 -0.147318
0.212255 0.263007 -0.068413 -0.364379 -0.796344 0.482767
-0.478565 0.251336 0.149068 -0.885346 -0.410066 0.219107
-0.478634 0.321260 0.184780 -0.880683 -0.060535 0.469823
-0.406966 0.317913 0.209605 -0.441327 -0.002987 0.897342
-0.082385 0.143668 0.338898 -0.226688 -0.231030 0.946170
-0.217780 0.162609 0.287915 -0.503823 -0.457944 0.732427
0.065545 0.409708 -0.047658 0.263536 0.961942 -0.072220
0.070575 0.151486 0.252752 0.223788 -0.235596 -0.945734
0.132027 0.136319 0.264737 0.411488 -0.014320 -0.911303
0.497089 0.194198 -0.004040 0.738698 0.352290 -0.574645
-0.094048 0.220670 0.193191 0.924327 -0.251558 -0.286945
0.385577 0.250778 0.084085 0.047966 -0.026343 0.998501
0.069389 0.295668 -0.045322 -0.010110 -0.998269 -0.057942
0.068509 0.284598 0.077722 0.038286 -0.999236 0.007787
-0.105449 0.246820 0.022397 0.230740 -0.966214 -0.114842
0.247122 0.323448 0.209849 0.264471 0.758228 0.595940
-0.002157 0.321958 0.211871 -0.023871 -0.267568 0.963243
0.224920 0.286228 0.216630 -0.100808 -0.332676 0.937638
0.020323 0.386766 0.204244 0.116569 0.781598 0.612794
-0.068795 0.328521 0.225809 0.149955 0.412416 0.898569
0.046351 0.123855 0.357212 -0.021258 0.127452 0.991617
0.041130 0.097426 0.331463 -0.103374 -0.856796 0.505187
0.270979 0.294413 0.087711 0.013977 -0.012675 0.999822
0.117601 0.087933 0.292857 0.230920 -0.957512 -0.172762
0.045532 0.091054 0.288586 0.059064 -0.844797 -0.531817
-0.064838 0.106081 0.247932 0.187525 -0.735626 -0.650914
-0.050351 0.263147 0.184597 0.500034 -0.785940 0.363681
0.448615 0.175684 0.131268 0.627620 0.122309 -0.768852
0.354615 0.272360 0.123476 0.651450 0.698900 -0.295215
-0.404865 0.213505 -0.011040 -0.013953 -0.984960 -0.172219
-0.139862 0.177732 0.142120 0.341393 -0.759960 -0.553093
-0.478852 0.425014 0.152423 -0.843074 0.341695 0.415296
-0.403671 0.423803 0.172106 -0.039801 0.753227 0.656556
-0.125593 0.457257 0.088923 0.133170 0.954983 0.265090
-0.130204 0.460744 -0.028089 0.198021 0.979987 0.020335
0.228311 0.294884 -0.053071 0.065102 -0.004848 0.997867
0.306717 0.232586 -0.051528 0.022230 -0.013347 0.999664
0.318415 0.155400 -0.256125 0.475885 -0.142363 -0.867909
0.158770 0.173496 0.323322 0.674165 0.732134 0.097374
0.070505 0.199594 0.323025 0.206660 0.724087 0.658020
-0.483010 0.501547 -0.011040 -0.692497 0.720803 0.029829
-0.404220 0.503874 -0.011170 0.045074 0.998237 0.038612
-0.410261 0.242584 0.173675 -0.487826 -0.775624 0.400541
-0.478817 0.438508 -0.178861 -0.861302 0.358085 -0.360464
-0.403654 0.439528 -0.199676 -0.047438 0.827436 -0.559552
-0.133595 0.463725 -0.144849 0.114548 0.962116 -0.247409
-0.006759 0.385275 -0.271493 0.035146 0.662873 -0.747907
-0.032464 0.336889 -0.273358 -0.102645 -0.293685 -0.950375
-0.403941 0.247840 -0.194629 -0.052859 -0.816884 -0.574375
-0.478608 0.216574 -0.011040 -0.619295 -0.785049 -0.013074
-0.432741 0.140556 0.250015 0.000000 -1.000000 0.000000
-0.386526 0.406771 0.329057 0.872872 -0.436436 0.218218
-0.365022 0.657217 0.143393 0.894427 -0.447214 0.000000
-0.362956 0.614837 -0.221712 -1.000000 0.000000 0.000000
-0.466143 0.000000 0.002541 -0.963087 -0.120386 -0.240772
-0.430292 0.104730 -0.238186 0.942809 -0.235702 -0.235702
-0.383614 0.339591 -0.357212 0.000000 0.000000 0.000000
-0.500000 0.339440 -0.007665 -0.999955 -0.009416 0.000609
