 -0.500000   0.339440  -0.007665
 -0.306107   0.267189   0.120894
  0.173667   0.312323   0.149627
  0.157439   0.316039   0.024824
  0.155892   0.319071  -0.111379
  0.079548   0.316501  -0.222254
 -0.150992   0.209388   0.223741
  0.275570   0.256643   0.149073
  0.291559   0.278806   0.021153
  0.262109   0.269226  -0.101204
  0.177456   0.261540  -0.222503
  0.012480   0.151043   0.290606
  0.362372   0.196506   0.149787
  0.404009   0.218709   0.020857
  0.356505   0.213302  -0.090496
  0.255010   0.203080  -0.221143
  0.156030   0.124273   0.306291
  0.435148   0.164743   0.148583
  0.491534   0.187374   0.018993
  0.430097   0.201664  -0.086598
  0.319819   0.171502  -0.221631
