-0.147543 0.314976 -0.280288 -0.289198 0.617560 -0.731426
0.006759 0.385885 -0.271493 -0.035156 0.662902 -0.747880
0.133604 0.464370 -0.144849 -0.114548 0.962121 -0.247389
0.403662 0.440129 -0.199676 0.047483 0.827461 -0.559512
0.404229 0.504475 -0.011170 -0.045035 0.998237 0.038673
0.483019 0.502148 -0.011040 0.693786 0.719566 0.029778
0.403680 0.424404 0.172106 0.039833 0.753222 0.656559
0.478861 0.425616 0.152423 0.843805 0.340970 0.414406
0.406975 0.318515 0.209605 0.441347 -0.002988 0.897332
0.478643 0.321914 0.184780 0.880894 -0.060511 0.469429
0.410270 0.243238 0.173675 0.487903 -0.775583 0.400527
0.478573 0.251981 0.149068 0.884859 -0.410846 0.219615
0.478826 0.439109 -0.178861 0.861695 0.357640 -0.359965
0.403802 0.353782 -0.235545 0.155170 0.003003 -0.987883
0.032473 0.337499 -0.273358 0.102674 -0.293660 -0.950380
-0.129316 0.273668 -0.283042 0.130794 -0.284206 -0.949800
0.050360 0.263757 0.184597 -0.499960 -0.786078 0.363486
0.122786 0.298885 0.282624 -0.204165 0.635632 0.744505
0.068804 0.329123 0.225809 -0.149904 0.412344 0.898611
-0.028029 0.268124 0.172681 -0.006229 -0.988896 0.148480
0.002165 0.322559 0.211871 0.023863 -0.267588 0.963238
-0.208943 0.239699 0.175801 0.355651 -0.845835 0.397588
-0.224912 0.286830 0.216630 0.100841 -0.332813 0.937586
-0.315539 0.225142 0.211461 0.120199 -0.285318 0.950866
-0.340058 0.255615 0.205220 -0.551271 0.677065 0.487527
-0.300345 0.358942 0.071001 -0.303036 0.881403 0.362352
-0.300014 0.358341 -0.021561 -0.337580 0.771248 -0.539644
-0.406697 0.287762 -0.009383 -0.574287 0.704537 -0.416921
-0.405538 0.285435 0.066905 -0.633507 0.711248 0.304623
-0.497080 0.194852 -0.004040 -0.738710 0.352420 -0.574550
-0.500000 0.190894 0.071219 -0.607913 0.163872 0.776909
-0.490525 0.149394 0.032003 -0.450667 -0.890260 -0.065854
-0.423180 0.152323 0.065161 0.198706 -0.681319 0.704500
-0.422256 0.156838 -0.000423 0.297406 -0.790902 -0.534812
-0.258619 0.351594 -0.070226 -0.398421 0.861985 0.313437
-0.255594 0.341779 -0.158159 -0.389403 0.718513 -0.576285
-0.342020 0.276779 -0.150401 -0.571797 0.615861 -0.541999
-0.345254 0.280737 -0.065658 -0.615519 0.698236 0.365517
-0.437624 0.188663 -0.134990 -0.705172 0.303829 -0.640641
-0.436342 0.195453 -0.066225 -0.547735 0.090663 0.831725
-0.413897 0.157257 -0.102939 -0.408142 -0.909630 0.077421
-0.357265 0.158468 -0.066120 0.377337 -0.804421 0.458829
-0.357527 0.154276 -0.134528 0.253117 -0.822214 -0.509799
0.094056 0.221324 0.193191 -0.924306 -0.251482 -0.287081
0.105458 0.247474 0.022397 -0.230745 -0.966218 -0.114800
0.139871 0.178334 0.142120 -0.341444 -0.759927 -0.553107
0.404874 0.214115 -0.011040 0.013964 -0.984960 -0.172219
0.177483 0.135718 0.179951 -0.078925 -0.879860 -0.468634
0.215087 0.120359 0.238300 0.405198 -0.910908 0.077850
0.064838 0.106683 0.247932 -0.187434 -0.735602 -0.650967
0.478617 0.217184 -0.011040 0.617622 -0.786366 -0.013111
0.403950 0.248494 -0.194629 0.052953 -0.816805 -0.574479
0.478634 0.255519 -0.178861 0.829655 -0.411546 -0.377229
0.479541 0.350200 -0.211749 0.921115 -0.000962 -0.389290
-0.141703 0.310888 -0.180378 -0.247423 0.049072 0.967664
-0.121079 0.269196 -0.186087 0.315900 -0.735926 0.598849
-0.046752 0.287666 -0.157636 -0.080396 -0.975264 -0.205903
-0.071133 0.360433 -0.177859 -0.018324 -0.153610 -0.987962
-0.228878 0.287440 -0.170310 -0.032703 -0.130443 -0.990916
-0.047380 0.409237 -0.184344 -0.312849 0.899145 -0.306045
0.130213 0.461345 -0.028089 -0.198033 0.979981 0.020517
0.125602 0.457859 0.088923 -0.133153 0.955016 0.264982
-0.255838 0.251562 0.071882 0.310589 -0.909255 0.277110
-0.069381 0.296278 -0.045322 0.010158 -0.998266 -0.057984
-0.068500 0.285200 0.077722 -0.038119 -0.999241 0.007990
-0.324142 0.177401 -0.195536 -0.808981 0.345228 0.475780
-0.318406 0.156002 -0.256125 -0.475873 -0.142397 -0.867910
-0.296868 0.135762 -0.220474 -0.033751 -0.957118 0.287725
-0.229627 0.159863 -0.242789 0.505747 -0.846405 -0.166786
-0.235162 0.267801 -0.270255 -0.581989 0.543536 -0.604861
-0.200261 0.226301 -0.280663 0.086803 -0.322641 -0.942533
-0.110732 0.246820 -0.255480 0.429993 -0.883759 -0.184595
-0.307240 0.227373 -0.164548 -0.016160 -0.214254 -0.976644
-0.208873 0.255197 -0.144762 0.378409 -0.913847 -0.147278
0.212646 0.233231 0.311302 0.247176 0.256847 0.934309
0.217789 0.163210 0.287915 0.503849 -0.457986 0.732383
0.082393 0.144278 0.338898 0.226677 -0.231002 0.946180
0.082428 0.096354 0.290539 0.233055 -0.894753 0.380922
-0.270979 0.294509 -0.039456 -0.101701 0.001840 -0.994813
-0.386239 0.255798 -0.027331 -0.072654 -0.134903 -0.988192
-0.258479 0.255284 -0.020210 0.256622 -0.814126 -0.520907
-0.306709 0.233187 -0.051528 -0.022218 -0.013350 0.999664
-0.212246 0.263661 -0.068413 0.364400 -0.796377 0.482697
-0.228302 0.295485 -0.053071 -0.065130 -0.004848 0.997865
-0.097134 0.368156 -0.047301 -0.423924 0.286109 0.859320
-0.060629 0.403467 0.084608 -0.260993 0.933760 0.244896
-0.270970 0.295067 0.087711 -0.013974 -0.012672 0.999822
-0.095269 0.338293 0.082411 -0.304673 0.137512 -0.942478
-0.385568 0.251379 0.084085 -0.047977 -0.026338 0.998501
-0.354607 0.272970 0.123476 -0.651444 0.698807 -0.295449
-0.268765 0.336985 0.116241 -0.459105 0.840193 -0.288617
-0.238649 0.298092 0.097814 -0.169381 0.120428 -0.978165
-0.319330 0.234765 0.107106 -0.161043 0.023287 -0.986673
-0.220344 0.249653 0.099487 0.174353 -0.721759 -0.669825
-0.364160 0.144740 0.118315 0.290161 -0.704678 -0.647484
0.004083 0.269292 -0.236565 -0.044658 -0.971627 -0.232262
-0.045523 0.091655 0.288586 -0.059100 -0.844779 -0.531842
-0.041121 0.098027 0.331463 0.103376 -0.856652 0.505431
-0.046343 0.124500 0.357212 0.021263 0.127446 0.991618
-0.070496 0.200204 0.323025 -0.206598 0.724137 0.657984
0.041939 0.237232 0.267614 -0.456375 0.828299 -0.325027
-0.078368 0.195270 0.277586 -0.371081 0.721226 -0.584921
0.046306 0.185917 0.220108 -0.470352 0.094236 -0.877433
-0.070566 0.152097 0.252752 -0.223802 -0.235596 -0.945731
-0.065537 0.410310 -0.047658 -0.263538 0.961942 -0.072221
0.057595 0.237232 0.320585 -0.059545 0.476514 0.877148
-0.242667 0.282506 -0.205926 -0.690936 0.685905 0.228345
-0.440282 0.168702 0.198029 -0.622597 0.229939 0.747998
-0.415100 0.130270 0.155309 -0.372213 -0.924913 -0.077414
-0.360054 0.136738 0.177998 0.332791 -0.761003 0.556889
-0.146087 0.111617 0.353804 -0.301526 -0.236341 0.923702
-0.162692 0.123157 0.301984 -0.905260 -0.349064 -0.242197
-0.117601 0.088544 0.292857 -0.231207 -0.957425 -0.172860
-0.158761 0.174150 0.323322 -0.674037 0.732232 0.097524
-0.132018 0.136930 0.264737 -0.411445 -0.014345 -0.911322
-0.020315 0.387420 0.204244 -0.116569 0.781598 0.612794
-0.247113 0.324050 0.209849 -0.264430 0.758132 0.596081
-0.161272 0.344011 -0.203180 -0.537039 0.827762 0.162479
-0.214565 0.258823 -0.180962 -0.175983 0.173898 0.968912
-0.235781 0.175492 -0.181598 0.234910 -0.505018 0.830526
-0.448607 0.176285 0.131268 -0.627585 0.122360 -0.768873
0.431355 0.104730 -0.238186 -0.992278 0.124035 0.000000
0.384678 0.339591 -0.357212 0.000000 0.000000 0.000000
0.467207 0.000000 0.002541 -0.998053 0.062378 0.000000
0.433805 0.140556 0.250015 0.963087 0.120386 -0.240772
0.387589 0.406771 0.329057 -0.963087 -0.120386 -0.240772
0.366085 0.657217 0.143393 -0.970143 -0.242536 0.000000
0.364019 0.614837 -0.221712 0.000000 -0.970143 0.242536
0.500000 0.339439 -0.007891 0.999955 -0.009417 0.000609
