0 1
0 2
0 5
0 71
0 72
0 51
0 62
0 63
1 0
1 2
1 39
1 107
1 51
1 52
1 89
2 0
2 1
2 32
2 5
2 6
2 39
2 43
3 4
3 5
3 6
3 7
3 8
3 9
3 75
4 73
4 75
4 3
4 5
5 0
5 2
5 3
5 4
5 6
5 72
5 73
6 32
6 2
6 3
6 5
6 9
6 83
6 84
7 64
7 3
7 8
7 9
7 75
7 76
7 78
8 75
8 3
8 7
9 3
9 6
9 7
9 78
9 81
9 82
9 19
9 83
10 64
10 65
10 11
10 12
10 13
10 14
11 96
11 68
11 10
11 12
11 13
11 79
12 64
12 10
12 11
12 76
12 79
13 67
13 68
13 10
13 11
13 14
13 15
13 16
14 65
14 66
14 10
14 13
14 15
15 66
15 69
15 70
15 13
15 14
15 16
15 17
15 80
16 67
16 69
16 70
16 13
16 15
16 17
17 16
17 80
17 70
17 15
18 19
18 20
18 21
18 22
18 23
18 24
18 27
19 9
19 78
19 81
19 18
19 20
19 86
19 23
20 81
20 18
20 19
20 83
20 21
20 86
20 23
20 85
21 18
21 20
21 22
21 23
22 18
22 21
22 23
22 24
22 25
22 27
23 18
23 19
23 20
23 21
23 22
23 86
23 24
24 18
24 22
24 23
24 25
24 26
24 27
25 24
25 26
25 27
25 22
26 24
26 25
26 27
27 18
27 22
27 24
27 25
27 26
28 32
28 83
28 87
28 29
28 30
28 31
29 33
29 28
29 30
29 31
30 33
30 35
30 36
30 83
30 86
30 28
30 29
30 31
31 32
31 33
31 34
31 35
31 36
31 28
31 29
31 30
32 2
32 36
32 37
32 38
32 6
32 42
32 43
32 84
32 87
32 28
32 31
33 34
33 35
33 88
33 29
33 30
33 31
34 33
34 35
34 88
34 58
34 31
35 33
35 34
35 88
35 58
35 30
35 31
36 32
36 38
36 41
36 60
36 49
36 86
36 92
36 30
36 31
37 32
37 38
37 39
37 40
37 41
37 42
38 32
38 36
38 37
38 40
38 41
38 44
38 45
38 47
39 1
39 2
39 37
39 41
39 42
39 43
39 107
39 48
39 49
39 89
40 41
40 44
40 37
40 38
41 36
41 37
41 38
41 39
41 40
41 44
41 45
41 49
42 32
42 43
42 37
42 39
43 32
43 42
43 2
43 39
44 38
44 40
44 41
44 45
44 46
44 47
45 38
45 41
45 44
45 46
45 47
45 59
46 59
46 44
46 45
46 47
47 38
47 44
47 45
47 46
47 59
48 39
48 49
48 50
48 52
48 89
48 90
48 91
49 36
49 39
49 41
49 48
49 50
49 51
49 52
49 91
49 60
50 48
50 49
50 53
50 54
50 55
50 90
50 91
51 0
51 1
51 49
51 52
51 60
51 61
51 62
52 1
52 48
52 49
52 51
52 89
52 91
53 50
53 54
53 55
53 57
53 90
53 91
54 50
54 53
54 55
54 56
54 57
55 50
55 53
55 54
55 56
55 57
55 91
56 57
56 54
56 55
57 56
57 53
57 54
57 55
58 88
58 34
58 35
59 45
59 46
59 47
60 36
60 49
60 51
60 93
60 92
60 61
60 94
60 95
61 99
61 100
61 51
61 62
61 60
61 94
62 0
62 98
62 99
62 103
62 51
62 61
62 63
63 0
63 97
63 98
63 71
63 73
63 74
63 62
64 65
64 7
64 10
64 12
64 76
64 78
64 92
64 93
65 64
65 96
65 66
65 67
65 68
65 10
65 14
65 93
66 65
66 67
66 69
66 14
66 15
67 65
67 66
67 68
67 69
67 13
67 16
68 96
68 65
68 67
68 11
68 13
69 66
69 67
69 70
69 15
69 16
70 69
70 15
70 16
70 17
70 80
71 0
71 73
71 72
71 63
72 0
72 73
72 5
72 71
73 4
73 5
73 71
73 72
73 74
73 75
73 63
74 97
74 73
74 75
74 76
74 77
74 63
75 3
75 4
75 7
75 8
75 73
75 74
75 76
76 64
76 7
76 74
76 75
76 12
76 77
76 79
77 97
77 104
77 105
77 74
77 76
77 79
78 64
78 7
78 9
78 19
78 86
78 92
79 96
79 105
79 11
79 12
79 77
79 76
80 17
80 70
80 15
81 9
81 82
81 19
81 20
81 85
82 81
82 83
82 85
82 9
83 6
83 9
83 82
83 84
83 85
83 86
83 20
83 87
83 28
83 30
84 32
84 83
84 6
84 87
85 81
85 82
85 83
85 20
86 36
86 78
86 83
86 20
86 19
86 23
86 92
86 30
87 32
87 83
87 84
87 28
88 33
88 34
88 35
88 58
89 1
89 39
89 107
89 48
89 52
90 48
90 50
90 91
90 53
91 48
91 49
91 50
91 52
91 53
91 55
91 90
92 64
92 36
92 78
92 86
92 60
92 93
93 64
93 96
93 65
93 60
93 92
93 95
94 100
94 102
94 60
94 61
94 95
95 96
95 102
95 105
95 106
95 60
95 93
95 94
96 65
96 68
96 105
96 11
96 79
96 93
96 95
97 98
97 101
97 104
97 74
97 77
97 63
98 97
98 101
98 103
98 62
98 63
99 100
99 101
99 103
99 61
99 62
100 99
100 101
100 102
100 61
100 94
101 97
101 98
101 99
101 100
101 102
101 103
101 104
101 106
102 100
102 101
102 106
102 94
102 95
103 98
103 99
103 101
103 62
104 97
104 101
104 105
104 106
104 77
105 96
105 104
105 106
105 77
105 79
105 95
106 101
106 102
106 104
106 105
106 95
107 89
107 1
107 39
