0 1
0 2
0 6
0 11
0 12
0 13
0 44
0 28
1 0
1 2
1 105
1 106
1 76
1 87
1 28
2 0
2 1
2 44
2 77
2 76
3 66
3 67
3 4
3 5
3 68
3 69
4 64
4 65
4 66
4 3
4 5
4 6
4 7
4 61
5 65
5 66
5 3
5 4
5 69
5 6
5 60
5 61
6 0
6 4
6 5
6 7
6 11
6 12
6 14
6 15
6 60
7 64
7 4
7 100
7 70
7 6
7 8
7 10
7 11
8 70
8 71
8 7
8 9
8 10
8 74
8 20
9 70
9 71
9 8
9 10
9 74
9 19
9 20
10 100
10 70
10 38
10 8
10 9
10 72
10 7
11 0
11 100
11 6
11 7
11 28
11 29
12 0
12 6
12 45
12 46
12 13
12 48
12 14
12 47
12 56
13 0
13 40
13 43
13 12
13 44
13 45
13 79
14 6
14 12
14 15
14 16
14 55
14 56
14 57
14 58
15 6
15 14
15 16
15 17
15 55
15 57
15 58
15 60
16 14
16 15
16 17
16 18
16 58
16 59
17 15
17 16
17 18
17 58
17 59
18 16
18 17
18 59
19 9
19 74
19 75
19 20
19 21
20 8
20 9
20 74
20 75
20 19
20 21
21 75
21 19
21 20
22 103
22 23
22 24
22 25
22 26
23 32
23 101
23 103
23 22
23 24
23 26
24 32
24 104
24 22
24 23
24 25
24 27
25 22
25 24
25 26
25 27
25 30
26 32
26 101
26 102
26 103
26 22
26 23
26 25
26 30
27 104
27 105
27 24
27 25
27 28
27 29
27 30
27 31
28 0
28 1
28 105
28 11
28 27
28 29
29 33
29 34
29 98
29 100
29 11
29 27
29 28
29 31
30 32
30 25
30 26
30 27
30 31
31 32
31 98
31 99
31 27
31 29
31 30
32 99
32 104
32 23
32 24
32 26
32 30
32 31
33 34
33 35
33 36
33 37
33 38
33 100
33 29
34 33
34 97
34 98
34 36
34 84
34 85
34 29
35 33
35 36
35 37
36 96
36 33
36 34
36 35
36 37
36 39
36 84
37 33
37 35
37 36
37 38
37 39
37 41
37 93
38 64
38 33
38 100
38 37
38 72
38 10
38 88
38 93
39 96
39 41
39 36
39 37
40 41
40 42
40 43
40 13
40 79
40 82
40 94
40 95
41 96
41 37
41 39
41 40
41 42
41 93
41 94
42 40
42 41
42 43
42 56
42 90
42 60
42 93
43 40
43 42
43 13
43 45
43 56
43 91
43 92
44 0
44 2
44 77
44 13
44 78
44 79
45 43
45 12
45 13
45 46
45 47
45 91
46 12
46 45
46 47
46 48
46 49
46 50
46 51
47 12
47 45
47 46
47 48
47 51
47 56
47 91
48 12
48 46
48 47
48 49
48 50
48 51
48 53
49 46
49 48
49 50
49 52
49 53
49 54
50 46
50 48
50 49
50 51
50 53
50 54
51 48
51 50
51 46
51 47
52 49
52 53
52 54
53 48
53 49
53 50
53 52
53 54
54 49
54 50
54 52
54 53
55 89
55 14
55 15
55 56
55 57
55 60
56 42
56 43
56 12
56 14
56 47
56 55
56 89
56 90
56 91
56 92
57 58
57 15
57 14
57 55
58 14
58 15
58 16
58 17
58 57
58 59
59 16
59 17
59 58
59 18
60 5
60 6
60 42
60 15
60 93
60 55
60 89
60 90
60 61
60 62
60 63
61 64
61 65
61 4
61 5
61 60
61 63
62 64
62 60
62 93
62 63
63 64
63 60
63 61
63 62
64 4
64 38
64 7
64 70
64 73
64 93
64 88
64 61
64 62
64 63
65 66
65 5
65 4
65 61
66 65
66 67
66 3
66 4
66 69
66 5
67 66
67 3
67 68
67 69
68 67
68 3
68 69
69 66
69 3
69 67
69 68
69 5
70 64
70 71
70 8
70 9
70 72
70 7
70 10
70 73
71 8
71 9
71 74
71 70
72 38
72 70
72 73
72 10
72 88
73 72
73 64
73 88
73 70
74 71
74 8
74 9
74 75
74 19
74 20
75 74
75 19
75 20
75 21
76 1
76 2
76 106
76 107
76 77
77 2
77 107
77 76
77 44
77 78
78 107
78 44
78 77
78 79
78 80
79 40
79 44
79 13
79 78
79 80
79 81
79 82
80 81
80 107
80 78
80 79
81 107
81 79
81 80
81 82
81 83
82 96
82 40
82 79
82 81
82 83
82 84
82 95
83 107
83 81
83 82
83 84
83 85
83 86
84 96
84 34
84 36
84 82
84 83
84 85
85 97
85 34
85 83
85 84
85 86
85 87
86 106
86 107
86 83
86 85
86 87
87 1
87 97
87 105
87 106
87 85
87 86
88 72
88 73
88 64
88 38
89 56
89 90
89 60
89 55
90 56
90 89
90 42
90 60
91 43
91 45
91 47
91 56
91 92
92 56
92 43
92 91
93 64
93 37
93 38
93 41
93 42
93 60
93 62
94 40
94 41
94 96
94 95
95 40
95 82
95 96
95 94
96 36
96 39
96 41
96 82
96 84
96 94
96 95
97 34
97 99
97 98
97 105
97 85
97 87
98 97
98 34
98 99
98 29
98 31
99 32
99 97
99 98
99 104
99 105
99 31
100 33
100 38
100 7
100 10
100 11
100 29
101 26
101 103
101 102
101 23
102 26
102 101
102 103
103 101
103 102
103 22
103 23
103 26
104 32
104 99
104 105
104 24
104 27
105 97
105 1
105 99
105 104
105 87
105 27
105 28
106 1
106 107
106 76
106 86
106 87
107 106
107 76
107 77
107 78
107 80
107 81
107 83
107 86
