0.006888 0.526575 -0.110113 -0.932791 -0.351036 0.081700
-0.131245 0.892516 -0.065999 -0.843915 -0.450061 0.291981
-0.133807 0.850721 -0.164306 -0.740068 -0.667107 0.085250
0.033435 0.201358 0.279574 -0.052226 0.856071 0.514212
0.129083 0.278177 0.201117 0.087586 0.170524 0.981453
0.109669 0.204251 0.094462 -0.508567 -0.386988 -0.769156
0.118664 0.344369 0.025543 -0.953384 -0.166728 0.251516
0.137626 0.410580 0.157072 -0.932335 -0.357997 0.050887
0.055686 0.316407 0.241800 -0.661384 -0.201063 -0.722596
0.073512 0.378371 0.352958 0.018275 0.582647 0.812520
0.115961 0.478149 0.297347 -0.190400 0.481567 0.855477
0.047616 0.545464 0.108747 -0.899072 -0.278467 0.337825
0.082952 0.311772 -0.116656 -0.954073 -0.200975 0.222158
0.025555 0.486248 -0.307567 -0.722950 -0.224498 -0.653409
0.048371 0.172613 -0.055371 -0.617794 -0.416994 -0.666668
0.110024 0.198347 0.071334 0.269523 0.246199 0.930990
-0.038317 0.119386 0.022532 -0.527722 0.393200 -0.752930
0.004621 0.141944 0.136518 0.238660 0.642891 0.727827
-0.359428 0.202481 0.209446 -0.933169 -0.032555 0.357961
-0.010360 0.316561 0.406646 0.017466 0.812247 0.583052
-0.045749 0.262877 0.320006 -0.522997 0.306602 -0.795279
-0.325336 0.320020 0.431487 -0.785123 -0.329146 0.524637
-0.241117 0.730067 0.277492 -0.453003 -0.617751 -0.642785
-0.225130 0.827416 0.314340 -0.538313 0.628861 -0.561029
-0.182184 0.784575 0.220042 -0.811617 -0.026335 -0.583596
-0.154045 0.721273 0.237399 -0.086665 -0.995602 0.035592
-0.171766 0.757305 0.353197 0.525755 -0.749777 0.401766
-0.086088 0.700643 0.178523 -0.468650 -0.875591 0.117079
0.012445 0.633449 0.021457 -0.846595 -0.505516 0.166527
0.099400 0.685512 0.225094 -0.099299 -0.283229 0.953898
-0.103712 0.771138 0.327199 0.398233 -0.437790 0.806071
0.004706 0.788167 0.269361 0.314629 0.151098 0.937111
-0.160366 0.858578 0.274373 -0.116901 0.901751 0.416148
0.258382 0.648151 0.162689 0.705285 0.327165 0.628916
0.218907 0.809262 0.126480 0.720112 0.554820 0.416669
0.299036 0.816779 0.023203 0.549680 0.830806 0.087254
0.271200 0.657874 -0.010647 0.665949 0.733894 -0.133834
0.307705 0.634063 -0.013896 0.996700 0.076288 0.027730
0.308719 0.500938 0.177100 0.769007 0.396330 0.501548
0.318580 0.831885 -0.171568 0.120793 0.948775 -0.291950
0.156296 0.528373 -0.318721 0.574690 -0.031934 -0.817748
0.274631 0.602457 -0.189321 0.928844 -0.102916 -0.355888
0.279214 0.417094 -0.184249 0.827120 0.076989 -0.556727
0.165345 0.346510 -0.284738 0.199740 -0.091573 -0.975561
-0.056244 0.787246 -0.298167 -0.739803 -0.615827 -0.271013
0.053459 0.272920 -0.252586 -0.654490 -0.313797 -0.687876
0.031305 0.203609 -0.211083 -0.748108 -0.212502 -0.628631
0.142334 0.171998 -0.189333 0.696599 -0.707046 0.121803
0.067838 0.210851 -0.095520 0.124746 0.390928 0.911929
-0.021283 0.129776 -0.158620 -0.646146 0.390479 -0.655761
0.045736 0.070721 -0.102532 0.653537 -0.751791 -0.087744
0.172114 0.147666 -0.202948 0.644136 -0.748686 -0.156712
-0.268137 0.138662 -0.009786 -0.809192 -0.547669 0.212758
0.002148 0.141532 -0.039242 0.090124 0.627335 0.773517
0.052902 0.043544 -0.098442 -0.172895 -0.976313 0.130079
0.199230 0.137596 -0.018935 0.673579 -0.731370 -0.106719
0.254886 0.301499 -0.199598 0.387274 -0.674042 -0.629036
0.220790 0.095078 -0.021227 0.405581 -0.913984 -0.011714
0.004779 0.049780 0.100273 0.396529 -0.917172 0.039501
-0.000564 0.000000 0.110093 -0.294411 -0.910282 0.291049
0.333241 0.352249 -0.084621 0.839026 -0.510080 -0.189351
0.270804 0.169877 0.110311 0.753638 -0.627278 0.196349
0.379275 0.474742 -0.023316 0.746170 0.637320 -0.192496
0.389778 0.359834 0.006363 0.950379 -0.271834 0.151282
0.322584 0.423754 0.110812 0.792621 -0.291917 0.535291
0.307571 0.140905 0.104742 0.560969 -0.724683 0.400186
0.085235 0.090046 0.225874 0.588864 -0.745352 0.312554
0.087317 0.051279 0.232720 -0.141609 -0.794341 0.590736
-0.374668 0.257850 0.341267 -0.707807 -0.429266 0.561017
-0.006133 0.131582 0.176264 -0.399598 0.130071 -0.907415
0.166997 0.297446 0.277747 0.576133 -0.780707 0.242006
0.190465 0.266215 0.278192 0.524130 -0.776847 0.348995
0.300600 0.450996 0.241780 0.403895 0.160216 0.900666
0.355876 0.413724 0.193443 0.812524 -0.528344 0.246288
0.003518 0.232140 0.377897 0.481278 -0.826568 0.291817
0.018204 0.210236 0.382685 -0.127653 -0.818907 0.559551
-0.213132 0.892984 -0.127749 -0.673399 0.673828 -0.304120
-0.150032 0.756375 -0.383033 -0.701397 0.323322 -0.635221
-0.022039 0.718509 -0.431487 -0.012173 -0.074029 -0.997182
0.117602 0.770095 -0.316801 0.190714 -0.758480 -0.623166
0.167313 0.724761 -0.388537 0.403310 0.356626 -0.842709
0.315787 0.833441 -0.221170 0.740129 0.486627 -0.464115
0.185235 0.862687 -0.194894 0.949368 -0.272483 -0.156376
0.237610 0.951756 -0.045385 0.577591 0.816292 -0.007420
0.169883 0.916832 -0.075609 0.949868 0.310022 0.040475
0.071895 0.955284 0.010824 0.395784 0.483329 0.780864
0.079541 1.000000 0.067895 0.105652 0.990002 0.093455
-0.086876 0.937721 -0.003421 -0.455329 0.011433 0.890250
0.365902 0.544502 0.151536 0.875005 0.481862 0.046649
0.326933 0.295769 -0.156106 0.798510 -0.510647 -0.318780
0.316126 0.441645 -0.213172 0.779160 0.166260 -0.604374
0.215957 0.264251 -0.287353 0.273332 -0.551615 -0.788042
0.237420 0.392427 -0.315124 0.722177 0.460738 -0.515927
0.319541 0.438897 -0.004132 0.966045 0.191022 -0.173975
0.280289 0.735983 -0.318689 -0.102469 0.934679 -0.340404
0.195779 0.578460 -0.231475 0.309785 0.773133 -0.553442
0.254029 0.590742 -0.176890 0.621299 0.723717 -0.300369
0.013156 0.902336 0.104613 0.014351 0.875013 0.483887
0.114001 0.809129 0.202407 0.427035 0.594982 0.680910
-0.057589 0.892269 0.179068 -0.070655 0.964141 0.255813
0.115670 0.599442 0.242544 -0.285318 0.115659 0.951429
-0.217812 0.858371 0.345312 -0.165104 0.578229 0.798994
-0.153395 0.756888 0.380204 -0.008148 0.074082 0.997219
-0.389778 0.690677 0.356365 -0.749832 -0.229299 0.620624
-0.150372 0.813817 0.136712 -0.878906 0.255600 -0.402731
-0.104108 0.828608 0.032178 -0.993124 -0.042272 -0.109171
-0.115015 0.984696 0.046573 -0.341195 0.939771 -0.020405
0.034575 0.961920 -0.275359 0.010187 0.864041 -0.503318
