  0.034574   0.961921  -0.275360
 -0.021204   0.874018  -0.044623
  0.139002   0.340266   0.263389
  0.194872   0.241504   0.124456
  0.075716   0.134256   0.034916
  0.102586   0.186184  -0.162637
 -0.065826   0.803695   0.139966
  0.006588   0.287627   0.349207
  0.032822   0.165661   0.217707
 -0.060743   0.120816   0.104533
  0.000064   0.133337  -0.099448
 -0.190299   0.777118   0.293084
 -0.134242   0.291444   0.393256
 -0.142423   0.196845   0.279090
 -0.191032   0.149519   0.148070
 -0.108551   0.127192  -0.062652
 -0.355271   0.719100   0.349007
 -0.281207   0.310899   0.424094
 -0.319225   0.239051   0.328225
 -0.317756   0.182901   0.199012
 -0.215200   0.132220  -0.020335
