-0.153573 0.527907 -0.300420 -0.609602 -0.048001 -0.791253
-0.162416 0.349279 -0.267059 -0.199784 -0.091483 -0.975560
-0.274252 0.418604 -0.168362 -0.827276 0.077307 -0.556451
-0.302238 0.631705 -0.001046 -0.996529 0.078269 0.028354
-0.312618 0.826678 -0.153140 -0.118385 0.949280 -0.291295
-0.269969 0.600880 -0.172617 -0.928882 -0.101682 -0.356145
-0.313860 0.440018 0.008544 -0.966062 0.191069 -0.173828
-0.253767 0.645541 0.172399 -0.704981 0.328674 0.628470
-0.292720 0.811286 0.036383 -0.547401 0.832380 0.086575
-0.303234 0.500953 0.186545 -0.768985 0.396346 0.501570
-0.004638 0.783061 0.277161 -0.314651 0.151153 0.937095
0.056571 0.885303 0.188470 0.069214 0.964713 0.254045
-0.111972 0.803645 0.211400 -0.428549 0.602612 0.673204
0.157491 0.852216 0.282083 0.116903 0.901755 0.416138
0.101843 0.766335 0.333968 -0.398233 -0.437790 0.806071
0.168688 0.752749 0.359501 -0.525752 -0.749764 0.401794
0.221101 0.821610 0.321338 0.538316 0.628856 -0.561031
0.213912 0.852014 0.351758 0.165108 0.578232 0.798992
-0.072221 0.380572 0.359267 -0.018278 0.582659 0.812511
-0.113893 0.478567 0.304647 0.190402 0.481563 0.855479
-0.164036 0.301089 0.285397 -0.576215 -0.780649 0.241998
-0.187089 0.270415 0.285834 -0.524125 -0.776855 0.348981
-0.003471 0.236947 0.383761 -0.506797 -0.816820 0.275611
-0.054709 0.319712 0.250091 0.661369 -0.201115 -0.722596
0.044921 0.267137 0.326903 0.514209 0.287290 -0.808117
-0.017891 0.201201 0.388464 0.153012 -0.810837 0.564916
0.301575 0.331183 0.436396 0.808110 -0.292430 0.511315
0.010159 0.319863 0.411998 -0.051546 0.759305 0.648691
-0.265992 0.175794 0.120946 -0.753662 -0.627249 0.196346
-0.302107 0.147339 0.115477 -0.560981 -0.724668 0.400196
-0.126793 0.282164 0.210134 -0.087586 0.170530 0.981452
-0.107729 0.209556 0.105379 0.508559 -0.387003 -0.769153
-0.327315 0.354915 -0.070510 -0.839111 -0.510006 -0.189171
-0.083736 0.097387 0.234449 -0.597771 -0.740974 0.305987
0.006007 0.138183 0.185723 0.405764 0.119087 -0.906186
-0.032855 0.206714 0.287191 0.033773 0.847781 0.529270
-0.116561 0.347175 0.037689 0.953389 -0.166710 0.251510
-0.195698 0.144089 -0.005995 -0.673579 -0.731370 -0.106719
-0.108078 0.203757 0.082664 -0.269519 0.246199 0.930992
-0.250357 0.305070 -0.183437 -0.387244 -0.674135 -0.628955
-0.216869 0.102329 -0.008246 -0.405575 -0.913987 -0.011711
-0.047525 0.178482 -0.041781 0.617785 -0.417009 -0.666668
-0.321120 0.299442 -0.140721 -0.798511 -0.510644 -0.318782
-0.310514 0.442721 -0.196762 -0.779160 0.166260 -0.604374
-0.004709 0.057839 0.111087 -0.412567 -0.910363 0.032058
0.037618 0.126204 0.034732 0.533387 0.383169 -0.754109
0.000538 0.000000 0.120732 0.322818 -0.897892 0.299297
-0.004555 0.148360 0.146687 -0.263079 0.621108 0.738251
-0.139812 0.177878 -0.173355 -0.696598 -0.707044 0.121815
-0.081485 0.315160 -0.101974 0.954104 -0.200924 0.222069
-0.066640 0.216038 -0.081215 -0.124746 0.390925 0.911930
-0.025155 0.486529 -0.289489 0.699883 -0.221941 -0.678901
-0.052534 0.277004 -0.235481 0.654500 -0.313724 -0.687900
-0.044941 0.078407 -0.088102 -0.653549 -0.751778 -0.087768
-0.002129 0.147955 -0.025940 -0.107489 0.636199 0.764000
0.020888 0.136408 -0.143190 0.667142 0.384965 -0.637749
0.245392 0.153059 0.002991 0.809196 -0.547654 0.212785
-0.051974 0.051714 -0.084085 0.206488 -0.968958 0.135956
0.350019 0.270122 0.347784 0.720698 -0.414291 0.555840
0.335055 0.215736 0.218314 0.933363 -0.030528 0.357632
-0.006789 0.526133 -0.095556 0.929496 -0.365101 0.052322
0.043810 0.772579 -0.297451 0.690866 -0.663210 -0.287847
-0.144758 0.759925 -0.294526 -0.221173 -0.868875 -0.442875
-0.197952 0.859932 -0.153855 -0.917376 -0.397660 0.017000
-0.097647 0.682236 0.233683 0.100252 -0.283945 0.953585
0.084537 0.697097 0.187942 0.468627 -0.875555 0.117443
0.151283 0.717360 0.245769 0.086664 -0.995602 0.035595
0.178916 0.779533 0.228721 0.811622 -0.026342 -0.583588
0.147675 0.808250 0.146873 0.879346 0.255485 -0.401844
0.236803 0.725996 0.285147 0.453006 -0.617740 -0.642793
0.382808 0.687309 0.362613 0.749843 -0.229304 0.620609
-0.192896 0.577323 -0.214150 -0.283000 0.790866 -0.542625
-0.276002 0.732180 -0.299345 0.102116 0.934641 -0.340615
-0.249528 0.589167 -0.161091 -0.641756 0.734195 -0.221603
-0.164079 0.915616 -0.027373 -0.951629 0.283067 0.119481
-0.265944 0.655183 0.002709 -0.629780 0.764069 -0.139911
-0.213738 0.803741 0.137335 -0.705865 0.542198 0.455825
-0.046731 0.952358 0.052875 -0.298657 0.249185 0.921255
-0.113623 0.597701 0.250822 0.285356 0.115676 0.951415
-0.008413 0.894273 0.114171 0.022654 0.820176 0.571663
0.150648 0.752340 0.386027 0.008149 0.074082 0.997219
-0.295252 0.451902 0.250071 -0.403803 0.160305 0.900692
-0.359394 0.543740 0.161436 -0.875356 0.481201 0.046873
-0.316849 0.425146 0.121439 -0.792530 -0.291901 0.535435
-0.372528 0.475224 -0.010298 -0.746375 0.637107 -0.192407
-0.349455 0.415302 0.202660 -0.812524 -0.528333 0.246311
-0.135188 0.412206 0.166874 0.932342 -0.357985 0.050843
-0.382808 0.362385 0.018943 -0.950379 -0.271834 0.151282
-0.085780 0.052905 0.241173 0.159014 -0.788832 0.593682
-0.212122 0.268486 -0.269628 -0.273401 -0.551585 -0.788039
-0.169057 0.153980 -0.186728 -0.644148 -0.748675 -0.156717
-0.030759 0.208925 -0.194717 0.748087 -0.212482 -0.628663
-0.046787 0.544685 0.119410 0.899073 -0.278474 0.337817
-0.012227 0.631098 0.033664 0.826020 -0.519661 0.218276
0.118613 0.830263 -0.177031 0.693760 -0.720078 0.013621
0.158368 0.879508 -0.056559 0.813219 -0.524865 0.251378
0.102430 0.822701 0.043996 0.992200 -0.124519 -0.005811
-0.231337 0.955029 0.014358 -0.536930 0.841952 0.053128
-0.342140 0.832926 -0.165254 -0.766315 0.525792 -0.369194
-0.012378 0.702015 -0.436396 -0.117388 -0.044570 -0.992085
0.130774 0.737856 -0.402015 0.615315 0.330225 -0.715779
-0.048779 0.953716 -0.254961 -0.045154 0.872222 -0.487021
0.238513 0.877730 -0.137105 0.658764 0.649318 -0.380021
-0.208955 0.713879 -0.365435 -0.482978 0.398399 -0.779750
-0.046660 1.000000 0.115568 -0.058019 0.994619 0.085828
0.119204 0.929107 0.017958 0.431882 -0.251805 0.866067
0.159150 0.977531 0.067057 0.345931 0.935131 -0.076559
-0.233337 0.394412 -0.296828 -0.722194 0.460714 -0.515924
