 -0.048778   0.953717  -0.254963
  0.026676   0.866414  -0.021154
 -0.086199   0.323875   0.302194
 -0.179602   0.202226   0.155437
 -0.075385   0.165431   0.042045
 -0.107559   0.241100  -0.167573
  0.087039   0.796572   0.165893
  0.018585   0.280740   0.373680
 -0.014905   0.167306   0.232443
  0.048093   0.128192   0.108000
 -0.009257   0.147942  -0.086895
  0.205625   0.762818   0.311539
  0.136639   0.299267   0.398770
  0.137956   0.208838   0.284973
  0.170538   0.160906   0.155786
  0.096956   0.139804  -0.045647
  0.363602   0.695705   0.355808
  0.257165   0.315641   0.426280
  0.299977   0.251000   0.333988
  0.288241   0.197877   0.208664
  0.210484   0.140010  -0.007471
