0.222703 0.872211 0.335274 0.310218 0.571438 0.759752
0.379806 0.697434 0.323713 0.840553 -0.219474 0.495279
0.226721 0.840411 0.302863 0.503755 0.731418 -0.459628
0.234874 0.740368 0.264902 0.383093 -0.627853 -0.677525
0.181052 0.770794 0.349690 -0.485701 -0.837682 0.249766
0.167051 0.771085 0.379370 0.156631 0.075656 0.984755
0.176237 0.796971 0.213284 0.755842 -0.067013 -0.651315
0.149961 0.733170 0.235571 -0.086625 -0.971788 0.219372
0.116458 0.786448 0.331658 -0.332496 -0.020402 0.942884
0.008126 0.805974 0.286537 -0.216968 0.058023 0.974453
0.163858 0.873515 0.270145 0.236908 0.914853 0.326984
0.137400 0.826621 0.133257 0.855062 0.182695 -0.485274
0.074529 0.712460 0.186054 0.573489 -0.818718 0.028497
-0.026548 0.646152 0.038449 0.849721 -0.504024 0.154704
0.083993 0.841502 0.032749 0.993257 0.033544 -0.110974
-0.096629 0.616485 0.275417 0.437239 0.115757 0.891864
-0.053351 0.558072 0.131701 0.939107 -0.272419 0.209442
-0.081631 0.703619 0.254653 0.226830 -0.264705 0.937272
-0.130360 0.423709 0.194186 0.937180 -0.344167 -0.056950
-0.093922 0.493363 0.332327 0.330324 0.482887 0.810991
-0.038644 0.535740 -0.093976 0.923730 -0.379404 -0.052681
0.123262 0.842366 -0.100269 0.840993 -0.501774 0.202371
-0.129331 0.354379 0.059585 0.978043 -0.167190 0.124414
-0.116620 0.212004 0.130107 0.347629 -0.499411 -0.793563
-0.120796 0.288930 0.239328 0.161450 0.304957 0.938582
-0.003775 0.135613 0.199424 0.435364 0.217550 -0.873573
-0.026614 0.208874 0.308035 -0.089671 0.713224 0.695177
0.353107 0.256154 0.318724 0.792912 -0.414692 0.446454
-0.078601 0.493147 -0.290970 0.671420 -0.240410 -0.700998
-0.020354 0.769939 -0.308857 0.615286 -0.695683 -0.370739
-0.113474 0.318759 -0.088302 0.974450 -0.202632 0.096886
-0.078423 0.176380 -0.029362 0.561390 -0.425630 -0.709704
-0.119696 0.205744 0.106770 -0.156804 0.259856 0.952831
0.008213 0.120333 0.039088 0.482768 0.346095 -0.804458
-0.018179 0.143683 0.154473 -0.142647 0.648365 0.747846
0.322987 0.198733 0.188271 0.972973 -0.031023 0.228825
-0.197818 0.539501 -0.286624 -0.741005 -0.040630 -0.670269
-0.177420 0.763970 -0.294167 -0.472928 -0.558475 -0.681502
-0.206448 0.354699 -0.248651 -0.350678 -0.094307 -0.931736
-0.102652 0.276942 -0.229328 0.599277 -0.324430 -0.731856
-0.215435 0.888683 -0.129986 -0.874175 -0.451400 0.179042
-0.222678 0.592750 -0.195514 -0.351891 0.786989 -0.506776
-0.304876 0.754846 -0.275720 0.093373 0.927474 -0.362042
-0.289385 0.619760 -0.143523 -0.973097 -0.073296 -0.218428
-0.297189 0.430724 -0.133760 -0.903516 0.082117 -0.420613
-0.269477 0.607141 -0.131825 -0.628720 0.769060 -0.115142
-0.321941 0.855504 -0.126408 -0.146375 0.946796 -0.286621
-0.299069 0.654376 0.039316 -0.986835 0.094956 0.130917
-0.314515 0.456004 0.050673 -0.979859 0.191770 -0.055688
-0.265869 0.677845 0.036340 -0.616068 0.779239 -0.115090
-0.160940 0.927976 -0.017046 -0.922192 0.343441 0.177791
-0.284233 0.840984 0.071271 -0.562886 0.814247 0.141988
-0.234156 0.669190 0.211695 -0.655452 0.336086 0.676335
-0.283905 0.520655 0.232118 -0.730088 0.399160 0.554656
-0.200632 0.832063 0.166615 -0.687079 0.575003 0.444178
-0.094773 0.829788 0.231827 -0.356769 0.576158 0.735363
-0.015892 0.925431 0.130186 -0.017774 0.958879 0.283259
0.060569 0.909670 0.185909 0.153715 0.957920 0.242408
-0.336291 0.566354 0.214198 -0.875261 0.464077 0.136199
-0.268223 0.470150 0.299596 -0.321078 0.178271 0.930123
-0.303469 0.441658 0.170176 -0.765992 -0.252477 0.591195
-0.368905 0.493807 0.040744 -0.776039 0.621821 -0.105365
-0.336677 0.367081 -0.025361 -0.886033 -0.456887 -0.078741
-0.050860 0.391119 0.384899 0.108791 0.593053 0.797780
-0.146130 0.310395 0.321488 -0.603136 -0.735104 0.309595
-0.168151 0.279196 0.325266 -0.537401 -0.737033 0.409858
0.012310 0.240430 0.403417 -0.500930 -0.791638 0.349827
-0.001015 0.218546 0.410378 0.196473 -0.812404 0.548997
0.051271 0.269806 0.338192 0.463973 0.279157 -0.840714
0.320646 0.322084 0.413902 0.860715 -0.317216 0.398174
0.029864 0.326331 0.429497 0.084363 0.817564 0.569624
-0.379806 0.377508 0.068311 -0.943368 -0.223275 0.245368
-0.262245 0.181457 0.166594 -0.774230 -0.568946 0.277251
-0.082345 0.095768 0.260137 -0.606112 -0.700019 0.377626
-0.084284 0.056840 0.269240 0.212891 -0.788687 0.576758
-0.212330 0.145314 0.027295 -0.737611 -0.675091 -0.013487
-0.333435 0.456473 -0.158931 -0.867094 0.167163 -0.469259
-0.340230 0.308618 -0.097725 -0.868196 -0.455597 -0.196642
-0.279414 0.312084 -0.150762 -0.519904 -0.650795 -0.553323
-0.233197 0.102409 0.027561 -0.465002 -0.883914 0.049681
-0.023912 0.051672 0.124777 -0.434950 -0.895587 0.093504
-0.017631 0.000000 0.132664 0.336142 -0.905195 0.260061
-0.178769 0.177057 -0.153249 -0.730494 -0.651949 0.203322
-0.254645 0.272181 -0.244031 -0.416456 -0.542553 -0.729521
-0.273648 0.403386 -0.273113 -0.800017 0.444729 -0.402727
-0.090245 0.044715 -0.070038 0.171803 -0.977748 0.120388
-0.083541 0.072165 -0.075488 -0.716460 -0.697625 0.001799
-0.027461 0.129955 -0.141431 0.597297 0.362792 -0.715275
-0.035194 0.143828 -0.017727 0.039506 0.630372 0.775287
0.218560 0.131209 -0.027079 0.842517 -0.526947 0.111763
-0.099692 0.215669 -0.067535 -0.005185 0.404423 0.914557
0.172405 0.837953 -0.192392 0.780456 0.434662 -0.449397
0.091963 0.811047 -0.196182 0.735701 -0.609779 -0.294813
0.010454 0.741750 -0.421573 0.499189 0.357129 -0.789474
-0.079269 1.000000 -0.242038 -0.033813 0.889895 -0.454910
-0.120651 0.723436 -0.429497 -0.326412 0.094992 -0.940442
-0.261581 0.743161 -0.328815 -0.750892 0.287994 -0.594324
-0.335872 0.879277 -0.102569 -0.727047 0.640567 -0.247137
-0.191060 0.966987 0.043866 -0.453541 0.848808 0.271708
-0.047722 0.948191 0.042176 0.024443 0.357778 0.933487
-0.012007 0.985031 0.101216 0.050030 0.983522 0.173730
0.135594 0.954190 0.022247 0.649768 0.758721 0.046297
-0.049029 0.326227 0.270606 0.603978 -0.216634 -0.766994
-0.079531 0.206163 -0.188847 0.700230 -0.228368 -0.676407
-0.208000 0.153002 -0.162447 -0.714712 -0.696466 -0.064207
-0.297093 0.152815 0.165511 -0.565377 -0.684380 0.460405
-0.326640 0.433169 0.255587 -0.819056 -0.471495 0.326864
0.107737 0.878521 -0.037120 0.560720 -0.181471 0.807875
