  0.101901   1.000001  -0.238381
  0.006948   0.899037  -0.017273
  0.151917   0.413834   0.275542
  0.195605   0.302174   0.134517
  0.101736   0.163297   0.041597
  0.137651   0.236255  -0.141683
 -0.069014   0.818266   0.159613
  0.030842   0.307403   0.351463
  0.050524   0.159800   0.247415
 -0.023732   0.106862   0.119204
  0.037013   0.128364  -0.073948
 -0.204480   0.779707   0.294426
 -0.119565   0.291220   0.391286
 -0.127098   0.193373   0.283695
 -0.153202   0.144724   0.149488
 -0.071226   0.122122  -0.051696
 -0.363729   0.709379   0.324074
 -0.278166   0.313475   0.414814
 -0.305825   0.245797   0.311203
 -0.284271   0.189043   0.177140
 -0.184174   0.127040  -0.033745
