0 1
0 2
0 3
0 4
0 5
0 7
0 11
1 0
1 2
1 3
1 7
1 10
2 0
2 1
2 10
2 7
3 0
3 1
3 4
3 7
3 8
4 0
4 3
4 5
4 6
4 8
4 9
5 0
5 4
5 6
5 40
5 106
5 11
6 4
6 5
6 9
6 106
6 107
7 0
7 1
7 2
7 3
7 8
7 10
7 11
8 3
8 4
8 7
8 40
8 9
8 11
9 4
9 6
9 8
9 40
9 107
9 12
9 14
10 1
10 2
10 7
11 0
11 5
11 7
11 8
11 40
12 9
12 107
12 13
12 14
12 15
12 16
13 12
13 14
13 15
13 20
13 21
13 22
14 40
14 41
14 42
14 43
14 12
14 13
14 9
14 21
15 12
15 13
15 16
15 17
15 18
15 19
15 22
15 23
16 96
16 100
16 102
16 107
16 12
16 15
16 17
17 96
17 15
17 16
17 18
17 95
18 15
18 17
18 19
18 91
18 94
18 95
19 15
19 18
19 23
19 24
19 25
19 26
19 91
20 36
20 13
20 83
20 21
20 22
20 85
20 88
20 58
21 43
21 13
21 14
21 47
21 20
21 85
22 35
22 36
22 13
22 15
22 20
22 23
22 57
22 30
22 31
23 64
23 65
23 67
23 15
23 19
23 22
23 30
23 24
23 62
24 64
24 67
24 103
24 19
24 23
24 26
25 51
25 19
25 52
25 53
25 54
25 56
25 26
25 91
26 103
26 104
26 19
26 24
26 25
26 56
26 62
27 86
27 88
27 89
27 90
27 28
27 29
28 90
28 27
28 29
29 86
29 89
29 90
29 27
29 28
30 32
30 75
30 76
30 22
30 23
30 61
30 62
30 31
31 32
31 33
31 75
31 76
31 22
31 57
31 61
31 30
32 33
32 34
32 76
32 77
32 30
32 31
33 32
33 34
33 76
33 77
33 31
34 32
34 33
34 77
35 36
35 38
35 73
35 80
35 81
35 22
35 57
36 35
36 37
36 38
36 73
36 80
36 81
36 20
36 22
36 58
37 36
37 38
37 39
37 80
37 82
38 35
38 36
38 37
38 39
38 80
38 82
39 82
39 37
39 38
40 5
40 8
40 9
40 42
40 11
40 106
40 14
41 101
41 105
41 42
41 43
41 44
41 14
41 49
42 40
42 41
42 106
42 105
42 14
43 41
43 44
43 45
43 46
43 14
43 47
43 21
44 41
44 43
44 45
44 46
44 48
44 49
44 50
45 43
45 44
45 46
46 43
46 44
46 45
46 47
46 50
46 54
46 55
47 43
47 46
47 78
47 84
47 85
47 21
47 55
47 58
48 44
48 49
48 50
48 51
48 52
48 53
48 54
49 98
49 101
49 41
49 44
49 48
49 52
50 48
50 54
50 44
50 46
51 48
51 25
51 52
51 53
52 98
52 48
52 49
52 51
52 25
52 91
52 93
53 48
53 25
53 51
53 54
54 46
54 48
54 50
54 53
54 55
54 56
54 25
55 46
55 47
55 54
55 56
55 57
55 58
55 59
56 54
56 55
56 25
56 26
56 60
56 62
56 57
57 35
57 73
57 74
57 63
57 22
57 55
57 56
57 59
57 60
57 61
57 31
58 36
58 73
58 74
58 78
58 47
58 79
58 83
58 20
58 55
58 59
59 57
59 58
59 74
59 55
60 56
60 57
60 62
60 63
61 75
61 30
61 57
61 63
61 62
61 31
62 64
62 103
62 104
62 23
62 56
62 26
62 60
62 61
62 30
62 63
63 57
63 60
63 61
63 62
64 65
64 66
64 67
64 103
64 23
64 24
64 62
65 64
65 66
65 67
65 68
65 69
65 70
65 23
66 64
66 65
66 67
66 69
67 64
67 65
67 66
67 68
67 69
67 23
67 24
68 65
68 67
68 69
68 70
68 71
68 72
69 65
69 66
69 67
69 68
69 70
69 71
70 65
70 68
70 69
70 71
70 72
71 72
71 68
71 69
71 70
72 68
72 70
72 71
73 35
73 36
73 74
73 81
73 57
73 58
74 73
74 57
74 58
74 59
75 76
75 61
75 30
75 31
76 32
76 33
76 75
76 77
76 30
76 31
77 32
77 33
77 34
77 76
78 58
78 84
78 47
78 79
79 58
79 83
79 84
79 78
80 35
80 36
80 37
80 38
80 81
80 82
81 80
81 73
81 35
81 36
82 80
82 37
82 38
82 39
83 79
83 84
83 85
83 86
83 87
83 88
83 20
83 58
84 78
84 47
84 79
84 83
84 85
85 47
85 83
85 84
85 21
85 86
85 20
85 88
86 83
86 85
86 87
86 88
86 89
86 27
86 29
87 88
87 89
87 83
87 86
88 83
88 20
88 85
88 86
88 87
88 89
88 27
89 86
89 87
89 88
89 90
89 27
89 29
90 89
90 27
90 28
90 29
91 18
91 19
91 52
91 25
91 92
91 93
91 94
92 97
92 91
92 93
92 94
93 97
93 98
93 52
93 91
93 92
94 97
94 18
94 91
94 92
94 95
95 96
95 97
95 17
95 18
95 94
96 97
96 100
96 16
96 17
96 95
97 96
97 98
97 99
97 100
97 92
97 93
97 94
97 95
98 97
98 99
98 101
98 49
98 52
98 93
99 97
99 98
99 100
99 101
100 96
100 97
100 99
100 101
100 102
100 16
101 98
101 99
101 100
101 102
101 41
101 105
101 107
101 49
102 16
102 107
102 100
102 101
103 64
103 104
103 24
103 26
103 62
104 26
104 62
104 103
105 101
105 41
105 42
105 107
105 106
106 5
106 6
106 40
106 105
106 42
106 107
107 101
107 102
107 6
107 9
107 106
107 105
107 12
107 16
