 -0.079270   1.000001  -0.242040
  0.035430   0.897298   0.006951
 -0.102904   0.352164   0.309437
 -0.181984   0.225911   0.179534
 -0.138874   0.174424   0.042449
 -0.137200   0.268519  -0.146472
  0.127190   0.815135   0.206144
  0.015063   0.291130   0.378062
 -0.022515   0.171052   0.249006
  0.003182   0.120904   0.101552
 -0.063578   0.138428  -0.086155
  0.239339   0.772025   0.310072
  0.140343   0.296975   0.398097
  0.138530   0.201522   0.281399
  0.143977   0.146116   0.142560
  0.054623   0.125493  -0.056659
  0.361329   0.710420   0.323951
  0.266402   0.305547   0.411682
  0.303829   0.236137   0.309882
  0.286155   0.178678   0.181922
  0.179039   0.121997  -0.031792
