-0.226721 0.840411 0.303946 -0.503756 0.731418 -0.459629
-0.379806 0.697434 0.324797 -0.840553 -0.219474 0.495279
-0.222703 0.872211 0.336357 -0.310218 0.571438 0.759752
-0.234874 0.740368 0.265985 -0.383093 -0.627853 -0.677525
-0.176237 0.796971 0.214368 -0.755843 -0.067013 -0.651315
-0.163859 0.873515 0.271228 -0.236908 0.914853 0.326984
-0.137400 0.826621 0.134341 -0.853526 0.182744 -0.487953
-0.181052 0.770794 0.350774 0.485702 -0.837682 0.249766
-0.149961 0.733170 0.236655 0.086625 -0.971788 0.219372
-0.074529 0.712460 0.187137 -0.573604 -0.818680 0.027235
-0.167051 0.771085 0.380453 -0.156631 0.075656 0.984755
-0.116458 0.786448 0.332742 0.332496 -0.020402 0.942884
0.026548 0.646152 0.039532 -0.849390 -0.505540 0.151545
0.053351 0.558072 0.132784 -0.939107 -0.272419 0.209442
0.081631 0.703619 0.255737 -0.226830 -0.264705 0.937272
0.038644 0.535740 -0.092893 -0.922515 -0.385280 -0.022909
-0.120223 0.848866 -0.075857 -0.833785 -0.491387 0.251678
-0.101602 0.814957 -0.175066 -0.680623 -0.729334 -0.069452
-0.004323 0.768408 -0.300742 -0.666715 -0.658690 -0.348739
0.078601 0.493147 -0.289887 -0.680830 -0.268209 -0.681568
0.130360 0.423709 0.195269 -0.937180 -0.344166 -0.056950
0.096629 0.616485 0.276500 -0.437239 0.115757 0.891864
0.129330 0.354379 0.060669 -0.978043 -0.167190 0.124414
0.113474 0.318759 -0.087219 -0.974450 -0.202632 0.096886
0.102652 0.276942 -0.228245 -0.599277 -0.324430 -0.731855
0.197818 0.539501 -0.285541 0.718489 -0.035470 -0.694633
0.206448 0.354699 -0.247567 0.350678 -0.094307 -0.931736
-0.051271 0.269806 0.339275 -0.463973 0.279156 -0.840714
-0.320646 0.322084 0.414985 -0.860715 -0.317216 0.398174
-0.029864 0.326331 0.430581 -0.084363 0.817564 0.569625
0.078423 0.176380 -0.028279 -0.561390 -0.425631 -0.709704
0.119696 0.205744 0.107853 0.156804 0.259856 0.952831
-0.008213 0.120333 0.040171 -0.482768 0.346094 -0.804459
0.018179 0.143683 0.155557 0.142647 0.648365 0.747847
-0.322987 0.198733 0.189354 -0.972973 -0.031023 0.228825
0.116620 0.212004 0.131190 -0.347629 -0.499411 -0.793563
0.120796 0.288930 0.240411 -0.161450 0.304957 0.938581
0.026614 0.208874 0.309119 0.089671 0.713224 0.695177
0.003775 0.135613 0.200508 -0.435364 0.217550 -0.873573
-0.353107 0.256154 0.319807 -0.792912 -0.414691 0.446455
-0.008126 0.805974 0.287620 0.216968 0.058023 0.974453
0.200632 0.832063 0.167698 0.699859 0.548010 0.458130
0.094773 0.829788 0.232910 0.354280 0.567285 0.743420
0.234156 0.669190 0.212778 0.655452 0.336086 0.676335
0.265869 0.677845 0.037423 0.661543 0.746370 -0.072751
0.284233 0.840984 0.072354 0.562886 0.814247 0.141988
0.299069 0.654376 0.040400 0.986834 0.094965 0.130919
0.283905 0.520655 0.233201 0.730083 0.399162 0.554660
0.269476 0.607141 -0.130742 0.667717 0.725736 -0.165712
0.176847 0.926822 -0.028694 0.939784 0.300477 0.162851
0.321941 0.855504 -0.125325 0.146375 0.946796 -0.286621
0.222678 0.592750 -0.194431 0.383463 0.767933 -0.513064
0.216331 0.883922 -0.147620 0.964276 -0.264574 -0.013097
0.304876 0.754846 -0.274636 -0.093373 0.927473 -0.362042
0.289385 0.619760 -0.142439 0.973096 -0.073291 -0.218433
0.314519 0.456004 0.051757 0.979859 0.191770 -0.055688
0.297188 0.430724 -0.132676 0.903513 0.082112 -0.420621
0.336677 0.367081 -0.024277 0.886030 -0.456892 -0.078738
0.303469 0.441658 0.171260 0.765990 -0.252483 0.591194
0.368905 0.493807 0.041828 0.776059 0.621799 -0.105353
0.333435 0.456473 -0.157848 0.867094 0.167163 -0.469259
0.212330 0.145314 0.028378 0.737611 -0.675091 -0.013487
0.279414 0.312084 -0.149679 0.519904 -0.650795 -0.553323
0.340230 0.308618 -0.096641 0.868196 -0.455597 -0.196642
0.178769 0.177057 -0.152165 0.730495 -0.651949 0.203323
0.099692 0.215669 -0.066451 0.005185 0.404423 0.914557
0.208000 0.153002 -0.161364 0.714712 -0.696465 -0.064207
0.079531 0.206163 -0.187764 -0.700230 -0.228368 -0.676407
0.027461 0.129955 -0.140347 -0.597297 0.362792 -0.715275
0.083541 0.072165 -0.074405 0.716461 -0.697625 0.001799
0.035194 0.143828 -0.016643 -0.039506 0.630373 0.775287
0.090245 0.044715 -0.068954 -0.171803 -0.977748 0.120388
-0.218560 0.131209 -0.025996 -0.842517 -0.526947 0.111763
0.262245 0.181457 0.167677 0.774230 -0.568946 0.277251
0.379806 0.377508 0.069394 0.943368 -0.223275 0.245368
0.233197 0.102409 0.028644 0.465003 -0.883914 0.049681
0.023912 0.051672 0.125860 0.434950 -0.895587 0.093504
0.017631 0.000000 0.133747 -0.336141 -0.905195 0.260061
0.336291 0.566354 0.215281 0.875261 0.464077 0.136199
0.326640 0.433169 0.256671 0.819056 -0.471495 0.326864
0.082345 0.095768 0.261220 0.606112 -0.700019 0.377625
0.297093 0.152815 0.166594 0.565377 -0.684380 0.460405
0.084284 0.056840 0.270323 -0.212891 -0.788687 0.576758
0.146130 0.310395 0.322572 0.603136 -0.735103 0.309595
0.268223 0.470150 0.300679 0.321078 0.178271 0.930123
0.093923 0.493363 0.333410 -0.330324 0.482887 0.810991
0.050860 0.391119 0.385982 -0.108792 0.593053 0.797780
0.168151 0.279196 0.326349 0.537401 -0.737032 0.409858
0.049030 0.326227 0.271689 -0.603978 -0.216634 -0.766994
-0.012310 0.240430 0.404500 0.500930 -0.791638 0.349827
0.001015 0.218546 0.411461 -0.196473 -0.812404 0.548997
0.154344 0.757686 -0.305092 0.374414 -0.766271 -0.522152
0.214264 0.728492 -0.359196 0.561922 0.330392 -0.758343
0.338022 0.865686 -0.154689 0.888721 0.381264 -0.254585
0.054936 0.713901 -0.430581 0.143117 0.083884 -0.986145
-0.071748 0.739255 -0.397979 -0.611594 0.383973 -0.691750
-0.182032 0.849066 -0.143693 -0.694889 0.621909 -0.361051
0.101901 1.000000 -0.238381 -0.012839 0.877409 -0.479572
0.228128 0.964227 0.014987 0.602724 0.756073 0.255105
0.063807 0.992960 0.105587 0.028732 0.984716 0.171783
-0.102382 0.966929 0.054779 -0.556766 0.826328 0.084818
0.071491 0.951628 0.043986 0.101787 0.343344 0.933678
-0.095969 0.885524 -0.015352 -0.436062 -0.207659 0.875630
0.254645 0.272181 -0.242947 0.416456 -0.542553 -0.729521
0.273648 0.403386 -0.272029 0.800017 0.444729 -0.402727
0.022164 0.926702 0.132855 0.011816 0.957586 0.287906
-0.060569 0.909670 0.186992 -0.154472 0.957598 0.243198
-0.083441 0.841756 0.034526 -0.986327 0.089770 -0.138204
