0 1
0 2
0 4
0 5
1 0
1 2
1 3
1 4
1 5
2 0
2 1
2 3
2 4
2 6
2 8
2 10
3 1
3 2
3 4
3 6
3 7
4 0
4 1
4 2
4 3
4 5
4 7
4 8
5 0
5 1
5 4
6 2
6 3
6 7
6 10
6 11
6 12
7 3
7 4
7 6
7 8
7 9
7 12
8 2
8 4
8 7
8 9
8 10
9 7
9 8
9 10
9 12
9 17
9 55
9 57
10 2
10 6
10 8
10 9
10 11
10 57
11 6
11 10
11 12
11 14
11 57
12 6
12 7
12 9
12 11
12 13
12 14
12 17
13 12
13 14
13 16
13 17
13 20
13 21
14 99
14 11
14 12
14 13
14 107
14 21
14 56
14 57
15 16
15 17
15 18
15 19
15 52
15 53
16 13
16 15
16 17
16 18
16 20
16 22
17 9
17 12
17 13
17 15
17 16
17 52
17 54
17 55
18 64
18 102
18 15
18 16
18 19
18 22
18 24
18 60
19 64
19 102
19 15
19 18
19 53
19 59
19 63
20 13
20 92
20 16
20 21
20 22
20 28
20 29
20 30
21 101
21 107
21 13
21 14
21 20
21 91
21 92
22 32
22 16
22 18
22 20
22 30
22 23
22 24
22 62
22 31
23 72
23 73
23 105
23 22
23 24
23 25
23 62
24 72
24 73
24 105
24 18
24 22
24 23
24 25
24 26
24 60
25 73
25 74
25 23
25 24
25 26
25 27
26 73
26 74
26 24
26 25
26 27
27 25
27 26
27 74
28 36
28 37
28 38
28 39
28 20
28 29
28 30
29 37
29 92
29 20
29 91
29 28
29 93
29 95
30 103
30 39
30 78
30 82
30 20
30 22
30 90
30 28
30 31
31 32
31 33
31 75
31 78
31 79
31 80
31 22
31 30
32 33
32 34
32 75
32 79
32 80
32 22
32 62
32 31
33 32
33 34
33 35
33 80
33 81
33 31
34 32
34 33
34 35
34 80
34 81
35 81
35 33
35 34
36 37
36 38
36 40
36 41
36 42
36 43
36 44
36 28
37 96
37 36
37 40
37 28
37 29
37 95
38 36
38 39
38 44
38 78
38 83
38 84
38 28
39 38
39 103
39 82
39 83
39 28
39 30
40 96
40 97
40 98
40 36
40 37
40 41
40 45
40 50
41 40
41 42
41 36
41 45
42 41
42 43
42 36
42 45
43 36
43 42
43 44
43 45
43 46
43 47
43 48
44 36
44 38
44 43
44 76
44 78
44 48
44 62
45 40
45 41
45 42
45 43
45 46
45 49
45 50
46 49
46 43
46 45
46 47
47 43
47 46
47 48
47 49
47 51
47 52
47 53
48 43
48 44
48 47
48 53
48 60
48 61
48 62
49 45
49 46
49 47
49 50
49 51
49 52
49 54
50 98
50 99
50 40
50 45
50 49
50 54
51 49
51 52
51 47
52 47
52 15
52 49
52 17
52 51
52 53
52 54
53 15
53 48
53 47
53 19
53 52
53 58
53 59
53 60
54 99
54 49
54 17
54 50
54 52
54 55
54 56
55 9
55 17
55 54
55 56
55 57
56 99
56 14
56 54
56 55
56 57
57 9
57 10
57 11
57 14
57 55
57 56
58 106
58 59
58 60
58 53
59 64
59 106
59 19
59 53
59 58
60 64
60 71
60 72
60 106
60 48
60 18
60 53
60 24
60 58
60 61
61 48
61 60
61 62
61 71
62 32
62 71
62 72
62 75
62 44
62 76
62 77
62 48
62 22
62 23
62 61
63 64
63 65
63 66
63 68
63 70
63 102
63 19
64 65
64 102
64 106
64 18
64 19
64 59
64 60
64 63
65 64
65 66
65 102
65 63
66 65
66 67
66 68
66 70
66 102
66 63
67 66
67 68
67 69
67 70
68 66
68 67
68 69
68 70
68 102
68 63
69 67
69 68
69 70
70 66
70 67
70 68
70 69
70 63
71 72
71 60
71 61
71 62
72 71
72 105
72 23
72 24
72 60
72 62
73 105
73 74
73 23
73 24
73 25
73 26
74 73
74 26
74 27
74 25
75 32
75 77
75 78
75 79
75 62
75 31
76 78
76 44
76 77
76 62
77 78
77 75
77 76
77 62
78 38
78 75
78 76
78 44
78 77
78 82
78 83
78 84
78 30
78 31
79 80
79 32
79 75
79 31
80 32
80 33
80 34
80 79
80 81
80 31
81 80
81 33
81 34
81 35
82 103
82 39
82 104
82 78
82 83
82 90
82 30
83 38
83 39
83 78
83 82
83 84
84 38
84 83
84 78
85 88
85 89
85 86
85 87
86 103
86 104
86 85
86 87
86 88
86 90
87 103
87 85
87 86
87 88
87 89
87 90
88 85
88 86
88 87
88 89
88 90
89 88
89 85
89 87
90 103
90 104
90 82
90 86
90 87
90 88
90 30
91 101
91 29
91 21
91 92
91 93
91 94
92 21
92 91
92 20
92 29
93 91
93 29
93 94
93 95
94 96
94 97
94 98
94 100
94 101
94 91
94 93
94 95
95 96
95 37
95 93
95 29
95 94
96 97
96 37
96 40
96 94
96 95
97 96
97 40
97 94
97 98
98 97
98 99
98 100
98 40
98 50
98 94
99 98
99 100
99 101
99 107
99 14
99 50
99 54
99 56
100 98
100 99
100 101
100 94
101 99
101 100
101 107
101 21
101 91
101 94
102 64
102 65
102 66
102 68
102 18
102 19
102 63
103 39
103 104
103 82
103 86
103 87
103 90
103 30
104 90
104 82
104 86
104 103
105 24
105 73
105 72
105 23
106 64
106 58
106 59
106 60
107 21
107 99
107 101
107 14
