0 1
0 2
0 3
0 4
0 5
0 8
0 9
0 10
1 0
1 8
1 2
1 14
2 0
2 1
2 33
2 3
2 38
2 39
2 40
2 13
2 14
2 59
3 0
3 33
3 2
3 4
3 10
3 75
3 80
3 30
4 0
4 3
4 5
4 6
4 7
4 9
4 10
5 0
5 9
5 4
5 6
6 4
6 5
6 7
6 9
6 11
6 12
7 4
7 6
7 9
7 11
7 12
8 0
8 1
8 10
8 13
8 14
9 0
9 4
9 5
9 6
9 7
9 10
9 11
10 0
10 3
10 4
10 8
10 9
10 13
10 80
11 9
11 12
11 6
11 7
12 11
12 6
12 7
13 2
13 8
13 10
13 14
13 80
13 81
13 84
13 59
14 8
14 1
14 2
14 13
15 16
15 17
15 19
15 21
16 17
16 21
16 55
16 15
17 42
17 15
17 16
17 19
17 55
17 56
17 26
17 27
17 28
17 29
18 19
18 20
18 21
18 22
18 23
18 25
18 26
18 30
19 15
19 17
19 18
19 20
19 21
19 26
20 26
20 18
20 19
20 23
21 38
21 39
21 40
21 15
21 16
21 18
21 19
21 55
21 59
21 30
21 31
22 24
22 25
22 18
22 23
23 18
23 20
23 22
23 24
23 25
23 26
24 25
24 22
24 23
25 18
25 22
25 23
25 24
25 26
26 17
26 18
26 19
26 20
26 23
26 25
26 27
26 30
27 41
27 42
27 48
27 17
27 50
27 49
27 51
27 26
27 30
28 42
28 17
28 51
28 56
28 29
29 56
29 17
29 28
30 33
30 3
30 75
30 18
30 50
30 21
30 26
30 27
30 31
31 32
31 33
31 34
31 36
31 37
31 38
31 21
31 30
32 33
32 34
32 35
32 36
32 31
33 32
33 34
33 2
33 3
33 37
33 38
33 30
33 31
34 32
34 33
34 35
34 36
34 37
34 31
35 32
35 34
35 36
36 32
36 34
36 35
36 31
37 33
37 34
37 38
37 31
38 33
38 2
38 37
38 39
38 21
38 31
39 40
39 2
39 21
39 38
40 2
40 59
40 21
40 39
41 42
41 43
41 44
41 45
41 47
41 48
41 27
42 41
42 43
42 48
42 17
42 51
42 27
42 28
43 41
43 42
43 44
43 47
43 48
44 41
44 43
44 45
44 46
44 47
45 41
45 44
45 46
45 47
46 44
46 45
46 47
47 41
47 43
47 44
47 45
47 46
47 48
48 41
48 42
48 43
48 47
48 51
48 27
49 50
49 51
49 52
49 53
49 88
49 27
50 75
50 49
50 88
50 89
50 27
50 30
51 42
51 48
51 49
51 52
51 56
51 27
51 28
52 49
52 51
52 53
52 54
52 56
53 49
53 52
53 54
53 87
53 88
53 57
54 52
54 53
54 55
54 56
54 57
54 58
55 16
55 17
55 21
55 54
55 56
55 58
55 59
56 17
56 51
56 52
56 54
56 55
56 28
56 29
57 85
57 86
57 53
57 54
57 87
57 58
58 84
58 85
58 54
58 55
58 57
58 59
59 2
59 40
59 13
59 84
59 21
59 55
59 58
60 64
60 66
60 68
60 61
60 62
60 63
61 64
61 65
61 73
61 60
61 62
62 67
62 70
62 73
62 60
62 61
62 63
63 67
63 60
63 62
63 68
64 65
64 66
64 67
64 69
64 70
64 60
64 61
65 64
65 69
65 72
65 73
65 76
65 61
66 64
66 67
66 60
66 68
67 64
67 66
67 68
67 70
67 62
67 63
68 66
68 67
68 60
68 63
69 64
69 65
69 70
69 71
69 72
70 64
70 67
70 69
70 71
70 73
70 74
70 94
70 62
71 96
71 69
71 70
71 72
71 78
71 94
71 95
72 65
72 69
72 71
72 76
72 77
72 78
73 65
73 70
73 74
73 75
73 76
73 61
73 62
74 70
74 73
74 75
74 89
74 94
75 3
75 73
75 74
75 76
75 80
75 50
75 89
75 30
76 65
76 72
76 73
76 75
76 77
76 80
76 81
77 72
77 76
77 78
77 79
77 81
77 82
78 96
78 71
78 72
78 77
78 79
78 90
78 95
79 77
79 78
79 82
79 83
79 90
79 91
80 3
80 10
80 75
80 76
80 13
80 81
81 76
81 13
81 77
81 80
81 82
81 84
82 77
82 79
82 81
82 83
82 84
82 85
83 79
83 82
83 85
83 86
83 91
84 13
84 81
84 82
84 85
84 58
84 59
85 82
85 83
85 84
85 86
85 57
85 58
86 83
86 85
86 87
86 57
86 91
86 95
87 53
87 86
87 88
87 57
87 92
87 95
88 49
88 50
88 53
88 87
88 89
88 92
88 93
89 74
89 75
89 50
89 88
89 93
89 94
90 97
90 98
90 78
90 79
90 91
90 95
91 98
91 79
91 83
91 86
91 90
91 95
92 88
92 93
92 95
92 87
93 88
93 89
93 92
93 94
93 95
94 70
94 71
94 74
94 89
94 93
94 95
95 96
95 97
95 98
95 71
95 78
95 86
95 87
95 90
95 91
95 92
95 93
95 94
96 78
96 71
96 95
97 90
97 98
97 95
98 97
98 90
98 91
98 95
