 -0.037796   0.870692  -0.228039
  0.080044   0.766122   0.016059
  0.000641   0.225314   0.353357
 -0.150918   0.171000   0.144583
  0.009370   0.081979   0.095057
 -0.049365   0.075391  -0.090976
  0.174317   0.682466   0.211337
  0.084208   0.242259   0.372433
 -0.011334   0.118416   0.230483
  0.106523   0.101576   0.128092
  0.096987   0.084783  -0.056929
  0.263348   0.648844   0.306626
  0.163173   0.254922   0.391270
  0.135046   0.158333   0.275926
  0.194398   0.127131   0.163165
  0.214921   0.101145  -0.032557
  0.337442   0.624772   0.350228
  0.241820   0.263079   0.407882
  0.285921   0.199241   0.319708
  0.281026   0.153930   0.196644
  0.331218   0.113755  -0.012446
