-0.156693 0.249069 0.276158 -0.549110 -0.817871 0.171943
-0.336866 0.360209 0.196135 -0.812402 -0.528524 0.246304
-0.304527 0.369083 0.117544 -0.774519 -0.312755 0.549822
-0.089446 0.356575 0.161517 0.889292 -0.369224 0.269876
-0.051187 0.267287 0.242220 0.715227 -0.229397 -0.660172
-0.178998 0.219394 0.276581 -0.524249 -0.776625 0.349309
-0.001363 0.187015 0.371314 -0.160399 -0.872364 0.461794
0.045394 0.216266 0.316363 0.551932 0.386418 -0.738954
-0.283643 0.394975 0.241985 -0.403438 0.159120 0.901065
-0.067890 0.325974 0.347632 -0.019589 0.581821 0.813081
-0.108406 0.420939 0.294864 0.167333 0.423531 0.890293
0.011720 0.267313 0.398710 0.016666 0.876653 0.480834
0.293732 0.278179 0.422237 0.799271 -0.306584 0.516887
-0.292149 0.443157 0.180564 -0.753671 0.421177 0.504568
-0.345943 0.484056 0.156183 -0.875563 0.480823 0.046893
-0.308657 0.247470 -0.136059 -0.798495 -0.510643 -0.318827
-0.298390 0.386079 -0.190270 -0.779143 0.166259 -0.604396
-0.240198 0.252920 -0.177385 -0.371371 -0.708024 -0.600654
-0.102577 0.154918 0.080059 -0.256501 0.241176 0.935971
-0.187333 0.097189 -0.005714 -0.673194 -0.731754 -0.106514
-0.207913 0.056857 -0.007721 -0.405668 -0.913943 -0.011927
-0.314656 0.301138 -0.068136 -0.830981 -0.516936 -0.205541
-0.003790 0.102313 0.143997 -0.202198 0.780319 0.591792
-0.002564 0.013698 0.107531 0.001204 -0.979498 0.201452
0.326123 0.166497 0.211265 0.914534 -0.143050 0.378370
0.038209 0.079994 0.034046 0.551550 0.562617 -0.615837
-0.044128 0.130541 -0.039988 0.573165 -0.503961 -0.646146
-0.048981 0.262677 -0.098577 0.891749 -0.426268 0.151917
-0.203208 0.217518 -0.260727 -0.284691 -0.554678 -0.781846
-0.223441 0.339069 -0.286551 -0.798683 0.337816 -0.497981
-0.071420 0.293656 0.036538 0.902630 -0.316863 0.291301
-0.102222 0.160519 0.102013 0.477711 -0.435994 -0.762694
-0.029794 0.157771 0.277897 0.116068 0.915090 0.386185
-0.120734 0.230811 0.203407 -0.097396 0.107713 0.989400
-0.079285 0.037561 0.227187 -0.160355 -0.837802 0.521895
0.340602 0.219109 0.336516 0.632781 -0.507303 0.585006
0.007789 0.091482 0.179761 0.439863 0.189243 -0.877899
-0.290340 0.100393 0.111845 -0.599012 -0.705119 0.379463
-0.255328 0.127858 0.117078 -0.753371 -0.627574 0.196423
-0.369224 0.309108 0.018602 -0.926705 -0.333763 0.172684
-0.383316 0.417529 -0.009890 -0.743092 0.640501 -0.193837
-0.062491 0.166797 -0.078446 -0.229407 0.332891 0.914634
-0.133322 0.129890 -0.167325 -0.724151 -0.663670 0.187474
-0.161557 0.106754 -0.180549 -0.526606 -0.701987 -0.479479
-0.041489 0.000000 -0.085132 -0.141017 -0.960287 0.240754
-0.000065 0.100924 -0.025020 -0.098943 0.558632 0.823493
0.383316 0.125757 0.002958 0.852172 -0.477384 0.214262
0.022182 0.089761 -0.138374 0.467247 0.166117 -0.868381
-0.027765 0.159908 -0.188299 0.874178 -0.014429 -0.485392
0.029403 0.411327 -0.279940 0.835947 -0.499842 -0.226606
0.064498 0.440073 -0.147808 0.909667 -0.385042 0.155722
-0.048840 0.225734 -0.227372 0.551269 -0.500566 -0.667485
-0.008531 0.400175 -0.339304 0.100134 -0.479617 -0.871746
-0.007207 0.514309 -0.386162 0.124925 -0.377491 -0.917548
-0.171498 0.434616 -0.324080 -0.531030 -0.264888 -0.804886
-0.263313 0.362751 -0.162801 -0.876300 0.016182 -0.481493
-0.171668 0.295685 -0.258287 -0.301022 -0.313499 -0.900613
-0.150972 0.547983 -0.351823 -0.576873 -0.169478 -0.799059
-0.256471 0.472484 -0.201773 -0.934623 -0.023457 -0.354865
-0.302126 0.383902 0.008516 -0.942302 0.273003 -0.193744
0.255990 0.647642 0.347849 -0.103339 -0.158045 0.982010
0.100490 0.645751 0.323157 -0.315672 -0.266966 0.910539
0.168996 0.574038 0.238061 0.482418 -0.867370 -0.122235
0.262648 0.606533 0.294481 0.478845 -0.711854 -0.513781
0.187648 0.775760 0.272994 0.052707 0.758725 0.649275
-0.003710 0.686932 0.268307 -0.345529 0.166071 0.923596
0.274227 0.693832 0.310953 0.493315 0.767332 0.409685
0.237927 0.726797 0.221343 0.827372 0.018395 -0.561353
0.362317 0.619689 0.354987 0.976032 -0.092271 -0.197096
0.086629 0.824210 0.182412 -0.010924 0.816023 0.577916
0.207866 0.743384 0.142398 0.967993 0.136586 -0.210557
0.033428 0.876033 0.111028 0.351092 0.894520 0.276711
-0.106392 0.735288 0.204564 -0.341572 0.543770 0.766578
0.093193 0.549542 0.183384 0.406564 -0.897538 0.170681
0.130566 0.700380 0.006137 0.852117 -0.508078 -0.125516
0.019810 0.497740 0.074447 0.844407 -0.443076 0.301097
-0.092473 0.617787 0.226131 -0.202728 -0.208692 0.956739
-0.206680 0.736051 0.132027 -0.739014 0.402763 0.540037
-0.137596 0.866255 0.068313 -0.563205 0.693192 0.449761
-0.238737 0.776035 -0.042020 -0.922144 -0.046428 0.384051
-0.107983 0.536064 0.242726 0.341613 0.122680 0.931799
-0.243536 0.582305 0.166837 -0.764772 0.275212 0.582566
-0.284681 0.654693 -0.014165 -0.979996 0.173947 0.096697
-0.269999 0.684035 -0.246787 -0.966484 -0.223635 -0.126079
-0.287961 0.533829 0.000539 -0.995207 0.095489 -0.021082
-0.256008 0.587620 -0.224692 -0.930819 -0.111730 -0.347983
-0.155420 0.662222 -0.378905 -0.373367 0.300454 -0.877681
0.009424 0.619295 -0.422237 0.039928 0.273206 -0.961126
0.114814 0.550612 -0.330100 0.805075 -0.557484 -0.202648
0.099427 0.614890 -0.177768 0.889609 -0.411093 0.198994
-0.302158 0.876334 -0.008643 -0.622552 0.360298 0.694704
-0.326463 0.735295 -0.277228 -0.786266 -0.097091 -0.610212
0.230865 0.679710 -0.361760 0.431287 0.454205 -0.779544
0.217344 0.728102 -0.243807 0.966574 0.256340 0.004845
0.193108 0.814811 -0.032441 0.814179 0.579956 -0.027625
-0.037796 0.870692 -0.228037 0.155023 0.869411 -0.469139
-0.098624 1.000000 0.059128 -0.056099 0.998417 -0.003943
-0.353530 0.958916 -0.076631 -0.051983 0.994744 -0.088216
-0.377838 0.849653 -0.264901 -0.536149 0.526777 -0.659584
