-0.088549 0.522155 0.174245 -0.406563 -0.897537 0.170687
-0.197503 0.706337 0.135302 -0.967991 0.136596 -0.210558
-0.124059 0.665477 0.005831 -0.852114 -0.508081 -0.125518
-0.160570 0.545430 0.226197 -0.482407 -0.867374 -0.122253
-0.249562 0.576306 0.279805 -0.478824 -0.711879 -0.513767
-0.226074 0.690576 0.210313 -0.827361 0.018390 -0.561370
-0.344264 0.588806 0.337296 -0.976057 -0.092209 -0.197005
-0.082309 0.783135 0.173321 0.010924 0.816024 0.577914
-0.031759 0.832376 0.105495 -0.213902 0.581695 0.784778
-0.178300 0.737100 0.259389 -0.052706 0.758729 0.649270
-0.260557 0.659254 0.295456 -0.493298 0.767328 0.409713
-0.243229 0.615366 0.330514 0.103338 -0.158063 0.982007
-0.095479 0.613569 0.307053 0.315673 -0.266957 0.910541
0.003529 0.652698 0.254936 0.345524 0.166075 0.923597
-0.018819 0.472935 0.070736 -0.844405 -0.443083 0.301094
0.087868 0.586999 0.214862 0.202726 -0.208697 0.956738
0.231403 0.553285 0.158522 0.764772 0.275212 0.582566
0.273614 0.507226 0.000512 0.995208 0.095480 -0.021082
0.270497 0.622067 -0.013459 0.979996 0.173947 0.096697
0.277593 0.421072 0.171565 0.753675 0.421175 0.504565
0.162948 0.412956 -0.307929 0.531033 -0.264878 -0.804887
0.143452 0.520674 -0.334290 0.576870 -0.169489 -0.799058
0.243693 0.448938 -0.191717 0.934622 -0.023454 -0.354868
-0.027935 0.390829 -0.265989 -0.835948 -0.499837 -0.226616
-0.109089 0.523172 -0.313650 -0.805075 -0.557484 -0.202648
0.006851 0.488678 -0.366918 -0.124926 -0.377497 -0.917545
0.008116 0.380232 -0.322394 -0.100135 -0.479614 -0.871747
0.163116 0.280950 -0.245415 0.301020 -0.313492 -0.900616
0.250201 0.344673 -0.154688 0.876295 0.016203 -0.481503
0.228231 0.240316 -0.168545 0.371360 -0.708024 -0.600661
0.283530 0.366839 -0.180787 0.779143 0.166259 -0.604396
0.046403 0.214484 -0.216041 -0.551265 -0.500565 -0.667489
0.046544 0.249586 -0.093665 -0.891749 -0.426263 0.151931
0.067864 0.279022 0.034717 -0.902630 -0.316863 0.291301
-0.061281 0.418141 -0.140442 -0.909667 -0.385042 0.155722
0.041933 0.124035 -0.037995 -0.573165 -0.503961 -0.646146
0.097468 0.147197 0.076069 0.256500 0.241180 0.935970
-0.036301 0.076007 0.032350 -0.551550 0.562604 -0.615848
0.003597 0.097214 0.136821 0.202195 0.780319 0.591794
-0.309874 0.158199 0.200737 -0.914544 -0.143107 0.378324
0.084992 0.338805 0.153468 -0.889292 -0.369224 0.269876
0.097132 0.152520 0.096929 -0.477709 -0.435990 -0.762697
0.114720 0.219308 0.193270 0.097395 0.107719 0.989399
0.028306 0.149908 0.264048 -0.116068 0.915090 0.386185
-0.021073 0.085288 -0.131478 -0.467243 0.166130 -0.868381
0.026385 0.151939 -0.178915 -0.874197 -0.014448 -0.485356
0.153509 0.101433 -0.171551 0.526598 -0.701987 -0.479488
0.000065 0.095895 -0.023774 0.098940 0.558631 0.823494
-0.364217 0.119490 0.002811 -0.852172 -0.477384 0.214262
0.039424 0.000000 -0.080890 0.141014 -0.960289 0.240750
0.059384 0.158484 -0.074537 0.229407 0.332891 0.914634
0.048640 0.253967 0.230149 -0.715218 -0.229398 -0.660182
0.064510 0.309729 0.330307 0.019589 0.581839 0.813068
0.103007 0.399961 0.280170 -0.167333 0.423531 0.890293
-0.043135 0.205489 0.300596 -0.551925 0.386418 -0.738958
-0.011133 0.253991 0.378841 -0.016666 0.876653 0.480835
-0.279098 0.264316 0.401195 -0.799227 -0.306598 0.516947
0.242607 0.121486 0.111243 0.753371 -0.627574 0.196423
0.289354 0.350690 0.111686 0.774521 -0.312749 0.549823
0.275875 0.095390 0.106271 0.599012 -0.705119 0.379463
0.075337 0.035690 0.215865 0.160356 -0.837798 0.521900
0.350827 0.293704 0.017675 0.926705 -0.333763 0.172684
0.298978 0.286131 -0.064741 0.830989 -0.516934 -0.205515
0.178001 0.092345 -0.005429 0.673189 -0.731760 -0.106508
0.293285 0.235138 -0.129279 0.798490 -0.510655 -0.318818
0.197555 0.054024 -0.007336 0.405668 -0.913943 -0.011927
0.002440 0.013015 0.102172 -0.001204 -0.979497 0.201453
0.148888 0.236656 0.262395 0.549110 -0.817871 0.171943
0.269511 0.375291 0.229925 0.403438 0.159120 0.901065
0.320082 0.342258 0.186361 0.812402 -0.528524 0.246304
0.170081 0.208461 0.262797 0.524249 -0.776625 0.349309
0.001299 0.177695 0.352810 0.160394 -0.872368 0.461788
0.328706 0.459933 0.148400 0.875563 0.480823 0.046893
0.226843 0.737361 -0.039926 0.922144 -0.046428 0.384051
0.287103 0.832661 -0.008212 0.741066 -0.256132 0.620660
0.130742 0.823085 0.064909 0.467926 0.333909 0.818260
0.093713 0.950165 0.056182 -0.065283 0.975899 0.208228
0.126681 0.123417 -0.158986 0.724152 -0.663677 0.187450
0.193085 0.206677 -0.247734 0.284683 -0.554677 -0.781850
0.212309 0.322171 -0.272270 0.798683 0.337816 -0.497981
0.364217 0.396721 -0.009397 0.743074 0.640519 -0.193845
-0.007398 0.086923 0.170802 -0.439869 0.189215 -0.877903
-0.323624 0.208189 0.319745 -0.632784 -0.507331 0.584978
-0.094469 0.584247 -0.168909 -0.889608 -0.411099 0.198988
-0.206509 0.691817 -0.231657 -0.966562 0.256386 0.004819
0.287069 0.364770 0.008092 0.942302 0.273013 -0.193731
-0.008951 0.588432 -0.401195 -0.040315 0.266787 -0.962912
0.243253 0.558336 -0.213494 0.930819 -0.111730 -0.347983
0.147678 0.629220 -0.360022 0.376241 0.293763 -0.878718
0.256547 0.649946 -0.234488 0.966484 -0.223635 -0.126079
0.102605 0.509349 0.230630 -0.341613 0.122680 0.931799
0.196383 0.699369 0.125448 0.739014 0.402763 0.540037
0.101093 0.698644 0.194370 0.341572 0.543770 0.766578
-0.219356 0.645837 -0.343732 -0.435030 0.448786 -0.780602
-0.183485 0.774205 -0.030824 -0.932816 0.353986 -0.067438
0.035916 0.827301 -0.219610 -0.164931 0.754907 -0.634754
-0.105210 0.952498 0.047774 -0.505359 0.854728 -0.118540
0.232451 1.000000 -0.032755 0.186889 0.977107 0.101653
0.310197 0.698651 -0.263412 0.787935 -0.103447 -0.607007
0.335915 0.911128 -0.072812 0.383223 0.791900 -0.475431
0.359005 0.807310 -0.251699 0.541890 0.523914 -0.657167
