  0.035916   0.827301  -0.219612
 -0.039794   0.739603  -0.017221
  0.092051   0.258233   0.271890
 -0.085121   0.088832   0.122489
  0.178005   0.177189   0.125158
  0.111167   0.203496  -0.159692
 -0.100363   0.669444   0.144691
 -0.007289   0.224368   0.330150
 -0.149444   0.112683   0.139359
  0.035977   0.123063   0.204049
 -0.006604   0.084949  -0.076706
 -0.210630   0.628262   0.262036
 -0.115977   0.239475   0.364958
 -0.207064   0.128319   0.162743
 -0.114775   0.150642   0.262210
 -0.161352   0.094310  -0.043191
 -0.337041   0.587753   0.331072
 -0.225323   0.258302   0.394103
 -0.262501   0.148515   0.181878
 -0.276613   0.185927   0.308375
 -0.316560   0.108472  -0.004414
