0 1
0 2
0 3
0 12
0 13
0 14
0 15
1 0
1 2
1 3
1 5
1 7
1 8
1 9
1 94
2 0
2 1
2 14
2 83
2 94
3 0
3 1
3 4
3 5
3 11
3 12
4 11
4 3
4 5
4 6
5 1
5 3
5 4
5 6
5 9
5 10
6 10
6 11
6 4
6 5
7 1
7 8
7 9
7 13
7 92
8 96
8 1
8 7
8 75
8 76
8 92
8 94
9 1
9 5
9 7
9 10
9 11
9 12
9 13
10 9
10 11
10 5
10 6
11 3
11 4
11 6
11 9
11 10
11 12
12 0
12 3
12 9
12 11
12 13
13 0
13 7
13 9
13 12
13 15
13 92
14 0
14 33
14 34
14 2
14 40
14 15
14 83
14 90
15 0
15 13
15 14
15 16
15 90
15 91
15 92
16 15
16 17
16 18
16 19
16 90
16 91
17 16
17 18
17 19
17 85
17 22
17 87
18 73
18 16
18 17
18 87
18 89
18 91
19 68
19 58
19 72
19 16
19 17
19 53
19 85
19 90
20 21
20 22
20 25
20 26
20 27
20 28
21 20
21 22
21 87
21 86
21 25
21 88
22 17
22 20
22 85
22 21
22 87
22 28
23 32
23 34
23 24
23 25
23 26
23 31
24 34
24 83
24 84
24 86
24 23
24 25
24 93
25 20
25 21
25 86
25 23
25 24
25 26
26 20
26 23
26 25
26 27
26 31
27 78
27 79
27 20
27 26
27 28
27 29
27 31
28 20
28 85
28 22
28 30
28 27
28 29
28 62
29 32
29 64
29 35
29 77
29 78
29 79
29 27
29 28
29 30
29 63
30 64
30 28
30 29
30 62
31 32
31 45
31 77
31 78
31 23
31 26
31 27
32 33
32 34
32 35
32 77
32 45
32 50
32 23
32 29
32 31
33 32
33 34
33 35
33 36
33 40
33 41
33 42
33 14
33 62
34 32
34 33
34 14
34 83
34 23
34 24
35 32
35 33
35 66
35 65
35 36
35 37
35 29
35 63
36 65
36 33
36 35
36 66
36 37
36 38
36 62
36 63
37 66
37 35
37 36
37 38
37 39
38 66
38 36
38 37
38 39
39 66
39 37
39 38
40 33
40 67
40 90
40 42
40 14
40 51
40 53
40 58
41 33
41 42
41 43
41 81
41 57
41 59
41 60
41 62
42 33
42 40
42 41
42 43
42 57
42 58
42 59
42 60
43 41
43 42
43 81
43 82
43 60
44 45
44 46
44 47
44 48
44 49
44 50
45 32
45 44
45 77
45 46
45 50
45 31
46 44
46 77
46 45
46 49
46 50
47 48
47 49
47 50
47 44
48 49
48 44
48 47
49 44
49 46
49 47
49 48
49 50
50 32
50 44
50 77
50 46
50 47
50 45
50 49
51 67
51 70
51 71
51 40
51 52
51 53
51 54
52 67
52 70
52 71
52 51
52 53
52 54
52 55
53 67
53 68
53 40
53 19
53 51
53 52
53 90
54 71
54 51
54 52
54 55
54 56
55 56
55 52
55 54
55 71
56 71
56 54
56 55
57 41
57 42
57 58
57 59
57 61
57 62
58 67
58 69
58 40
58 72
58 42
58 80
58 19
58 85
58 57
58 61
59 57
59 42
59 60
59 41
60 41
60 42
60 43
60 81
60 82
60 59
61 80
61 57
61 58
61 62
62 64
62 33
62 36
62 41
62 80
62 85
62 57
62 28
62 61
62 30
62 63
63 64
63 65
63 35
63 36
63 29
63 62
64 30
64 29
64 62
64 63
65 66
65 35
65 36
65 63
66 65
66 35
66 36
66 37
66 38
66 39
67 68
67 69
67 70
67 40
67 51
67 52
67 53
67 58
68 67
68 69
68 72
68 19
68 53
69 72
69 58
69 67
69 68
70 51
70 67
70 52
70 71
71 70
71 51
71 52
71 54
71 55
71 56
72 58
72 19
72 68
72 69
73 98
73 74
73 75
73 18
73 89
73 91
74 97
74 98
74 99
74 100
74 73
74 75
75 97
75 8
75 73
75 74
75 76
75 91
75 92
76 96
76 97
76 8
76 75
76 95
77 32
77 45
77 78
77 46
77 50
77 29
77 31
78 77
78 79
78 27
78 29
78 31
79 27
79 29
79 78
80 58
80 85
80 61
80 62
81 41
81 82
81 43
81 60
82 81
82 43
82 60
83 34
83 2
83 14
83 84
83 24
83 94
84 83
84 24
84 93
84 94
84 95
85 80
85 17
85 19
85 22
85 58
85 28
85 62
86 21
86 88
86 25
86 93
86 24
86 95
87 17
87 18
87 21
87 22
87 88
87 89
88 98
88 21
88 86
88 87
88 89
88 95
89 98
89 73
89 18
89 87
89 88
90 40
90 14
90 15
90 16
90 19
90 53
91 73
91 75
91 15
91 16
91 18
91 92
92 7
92 8
92 75
92 13
92 15
92 91
93 24
93 84
93 86
93 95
94 96
94 1
94 2
94 8
94 83
94 84
94 95
95 96
95 97
95 98
95 99
95 100
95 76
95 84
95 86
95 88
95 93
95 94
96 8
96 76
96 94
96 95
97 99
97 74
97 75
97 76
97 95
98 100
98 73
98 74
98 88
98 89
98 95
99 97
99 74
99 100
99 95
100 98
100 99
100 74
100 95
