0 1
0 2
0 5
0 6
0 7
0 17
0 20
0 21
1 0
1 192
1 2
1 108
1 17
2 0
2 1
2 192
2 7
2 103
2 15
2 16
3 4
3 5
3 8
3 9
3 10
3 12
4 3
4 5
4 6
4 9
4 18
4 19
4 21
5 0
5 3
5 4
5 6
5 7
5 12
5 13
5 14
6 0
6 21
6 4
6 5
7 0
7 2
7 5
7 14
7 15
8 11
8 9
8 10
8 3
9 3
9 4
9 8
9 11
9 19
10 3
10 8
10 11
10 12
10 18
10 19
11 8
11 9
11 10
11 19
12 3
12 5
12 10
12 13
12 18
12 21
13 5
13 12
13 14
13 20
13 21
14 5
14 7
14 13
14 15
14 20
15 2
15 7
15 14
15 16
15 17
15 20
16 2
16 103
16 104
16 108
16 15
16 17
17 0
17 1
17 108
17 15
17 16
17 20
18 4
18 10
18 12
18 19
18 21
19 4
19 9
19 10
19 11
19 18
20 0
20 13
20 14
20 15
20 17
20 21
21 0
21 4
21 6
21 12
21 13
21 18
21 20
22 23
22 24
22 25
22 26
22 27
23 22
23 24
23 26
23 28
23 31
24 27
24 28
24 22
24 23
25 34
25 22
25 26
25 27
25 29
25 30
26 32
26 34
26 22
26 23
26 25
26 31
27 22
27 24
27 25
27 28
27 30
27 31
28 24
28 27
28 23
28 31
29 33
29 34
29 35
29 36
29 38
29 25
29 30
30 32
30 33
30 25
30 27
30 29
30 31
31 32
31 23
31 26
31 27
31 28
31 30
32 33
32 34
32 39
32 26
32 30
32 31
33 32
33 38
33 39
33 29
33 30
34 32
34 35
34 39
34 25
34 26
34 29
35 34
35 36
35 39
35 40
35 43
35 29
36 35
36 37
36 38
36 40
36 41
36 42
36 29
37 36
37 38
37 39
37 42
37 43
38 33
38 36
38 37
38 39
38 29
39 32
39 33
39 34
39 35
39 37
39 38
39 43
40 35
40 36
40 41
40 43
40 182
40 184
41 36
41 40
41 42
41 179
41 180
41 184
42 36
42 37
42 41
42 43
42 180
42 182
43 35
43 37
43 39
43 40
43 42
43 182
44 65
44 45
44 46
44 49
44 50
44 51
44 60
44 63
45 100
45 44
45 46
45 60
45 189
46 99
46 44
46 45
46 51
46 58
46 59
46 189
47 48
47 49
47 52
47 53
47 55
47 56
48 47
48 49
48 50
48 52
48 61
48 62
48 63
49 64
49 44
49 47
49 48
49 50
49 51
49 55
49 57
50 48
50 49
50 44
50 63
51 44
51 46
51 49
51 57
51 58
52 47
52 48
52 53
52 54
52 61
53 56
53 52
53 54
53 47
54 56
54 61
54 52
54 53
55 64
55 47
55 49
55 56
55 62
55 63
56 47
56 53
56 54
56 55
56 61
56 62
57 64
57 65
57 49
57 51
57 58
58 65
58 46
58 51
58 57
58 59
58 60
59 99
59 100
59 101
59 46
59 58
59 60
60 65
60 100
60 44
60 45
60 58
60 59
61 48
61 52
61 54
61 56
61 62
62 48
62 55
62 56
62 61
62 63
63 64
63 65
63 44
63 48
63 50
63 55
63 62
64 65
64 49
64 55
64 57
64 63
65 64
65 44
65 57
65 58
65 60
65 63
66 67
66 68
66 69
66 70
66 71
66 74
66 75
67 66
67 68
67 71
67 232
67 73
68 128
68 129
68 66
68 67
68 69
68 232
69 128
69 97
69 66
69 98
69 68
69 70
70 97
70 66
70 69
70 75
70 77
70 78
71 128
71 129
71 66
71 67
71 72
71 73
71 74
72 129
72 130
72 228
72 71
72 73
72 245
73 67
73 228
73 230
73 71
73 72
73 232
73 126
74 128
74 66
74 75
74 71
75 128
75 66
75 98
75 70
75 74
75 77
75 90
75 92
76 96
76 77
76 78
76 82
76 83
76 92
76 95
77 70
77 75
77 76
77 78
77 92
78 97
78 70
78 76
78 77
78 83
78 90
78 91
79 80
79 81
79 84
79 85
79 87
79 88
80 79
80 81
80 82
80 84
80 93
80 94
80 95
81 233
81 79
81 80
81 82
81 83
81 87
81 89
82 76
82 80
82 81
82 83
82 95
83 233
83 76
83 78
83 81
83 82
83 91
84 79
84 80
84 85
84 86
84 93
85 88
85 84
85 86
85 79
86 88
86 93
86 84
86 85
87 79
87 81
87 88
87 89
87 94
87 95
88 79
88 85
88 86
88 87
88 93
88 94
89 96
89 233
89 81
89 87
89 95
90 97
90 98
90 75
90 78
90 91
90 92
91 96
91 233
91 78
91 83
91 90
91 92
92 96
92 75
92 76
92 77
92 90
92 91
93 80
93 84
93 86
93 88
93 94
94 80
94 87
94 88
94 93
94 95
95 96
95 76
95 80
95 82
95 87
95 89
95 94
96 233
96 76
96 89
96 91
96 92
96 95
97 98
97 69
97 70
97 78
97 90
98 128
98 97
98 69
98 75
98 90
99 101
99 102
99 46
99 59
99 189
100 101
100 45
100 60
100 116
100 59
100 188
100 189
100 190
101 99
101 100
101 102
101 116
101 59
102 99
102 101
102 116
102 117
102 188
102 189
103 192
103 2
103 104
103 105
103 16
104 103
104 105
104 106
104 108
104 16
105 192
105 103
105 104
105 106
105 107
105 185
106 104
106 105
106 107
106 108
106 109
106 110
107 105
107 106
107 110
107 239
107 185
107 186
108 192
108 1
108 104
108 106
108 109
108 16
108 17
108 185
109 106
109 108
109 110
109 185
109 191
110 106
110 107
110 109
110 239
110 240
110 242
110 191
111 112
111 113
111 114
111 172
112 111
112 240
112 113
112 114
112 115
112 239
112 241
112 242
112 243
113 172
113 174
113 111
113 112
113 241
113 274
113 275
114 171
114 172
114 173
114 111
114 112
114 115
114 120
114 121
115 263
115 112
115 114
115 243
115 274
115 277
115 278
115 121
116 100
116 101
116 102
116 117
116 118
116 122
116 190
117 102
117 116
117 118
117 119
117 187
117 188
118 116
118 117
118 119
118 122
118 123
118 124
119 117
119 118
119 279
119 120
119 121
119 187
119 124
120 173
120 114
120 244
120 119
120 121
120 123
120 124
120 125
121 114
121 115
121 278
121 119
121 120
121 279
122 187
122 116
122 118
122 123
122 188
122 190
123 244
123 118
123 279
123 120
123 122
123 187
123 124
124 120
124 123
124 118
124 119
125 165
125 166
125 171
125 173
125 244
125 245
125 120
125 126
125 127
126 230
126 232
126 73
126 245
126 125
126 127
127 230
127 231
127 262
127 263
127 244
127 277
127 278
127 125
127 126
128 129
128 98
128 68
128 69
128 71
128 74
128 75
129 128
129 130
129 68
129 71
129 72
129 232
130 72
130 129
130 245
130 232
131 132
131 133
131 134
131 138
131 139
131 140
131 153
131 252
132 131
132 133
132 134
132 135
132 136
133 131
133 132
133 136
133 250
133 252
133 254
134 131
134 132
134 135
134 137
134 152
134 153
135 132
135 134
135 136
135 137
135 138
135 139
135 140
136 132
136 133
136 135
136 140
136 254
137 134
137 135
137 138
137 141
137 142
137 152
138 131
138 135
138 137
138 139
138 141
138 153
139 138
139 131
139 140
139 135
140 131
140 135
140 136
140 139
140 251
140 252
140 254
140 255
141 137
141 138
141 142
141 144
141 153
141 156
141 158
142 137
142 141
142 143
142 144
142 151
142 152
143 142
143 144
143 149
143 150
143 151
143 157
143 159
144 141
144 142
144 143
144 156
144 159
145 146
145 147
145 149
145 154
145 159
146 145
146 147
146 148
146 149
147 145
147 146
147 148
147 154
148 146
148 147
148 149
148 150
148 154
148 155
149 143
149 145
149 146
149 148
149 150
149 159
150 143
150 148
150 149
150 155
150 156
150 157
151 142
151 143
151 152
151 157
151 158
152 134
152 137
152 142
152 151
152 153
152 158
153 131
153 134
153 138
153 141
153 152
153 158
154 145
154 147
154 148
154 155
154 159
155 148
155 150
155 154
155 156
155 159
156 141
156 144
156 150
156 155
156 157
156 158
156 159
157 143
157 150
157 151
157 156
157 158
158 141
158 151
158 152
158 153
158 156
158 157
159 143
159 144
159 145
159 149
159 154
159 155
159 156
160 161
160 162
160 163
160 164
160 261
160 264
160 267
161 160
161 162
161 164
161 165
161 265
161 269
162 160
162 161
162 227
162 261
162 265
162 266
163 160
163 164
163 267
163 236
163 248
164 160
164 161
164 163
164 165
164 246
164 248
165 161
165 164
165 166
165 171
165 269
165 246
165 125
166 245
166 125
166 246
166 165
167 168
167 169
167 170
167 171
167 172
167 174
167 175
168 224
168 167
168 169
168 270
168 175
168 271
169 224
169 225
169 167
169 168
169 170
169 268
170 167
170 169
170 171
170 268
170 269
171 165
171 167
171 170
171 172
171 173
171 269
171 114
171 125
172 167
172 171
172 174
172 111
172 113
172 114
173 120
173 114
173 171
173 125
174 263
174 167
174 172
174 175
174 113
174 274
175 258
175 259
175 263
175 167
175 168
175 174
175 271
175 178
176 177
176 178
176 179
176 183
176 184
177 260
177 176
177 272
177 178
177 179
177 180
177 181
178 259
178 175
178 176
178 177
178 272
178 271
178 183
179 41
179 176
179 177
179 180
179 184
180 41
180 42
180 177
180 179
180 181
180 182
181 260
181 177
181 180
181 182
181 183
181 184
182 40
182 42
182 43
182 180
182 181
182 184
183 259
183 260
183 176
183 178
183 181
183 184
184 40
184 41
184 176
184 179
184 181
184 182
184 183
185 192
185 105
185 107
185 108
185 109
185 186
185 191
186 107
186 239
186 242
186 276
186 185
186 191
187 119
187 117
187 279
187 122
187 123
187 188
188 100
188 102
188 117
188 122
188 187
188 189
188 190
189 99
189 100
189 102
189 45
189 46
189 188
190 100
190 116
190 122
190 188
191 109
191 110
191 242
191 185
191 186
192 1
192 2
192 103
192 105
192 108
192 185
193 194
193 195
193 196
193 197
193 198
193 199
193 200
194 193
194 195
194 292
194 293
194 200
194 300
195 193
195 194
195 290
195 196
195 293
195 221
196 193
196 195
196 197
196 219
196 221
197 193
197 219
197 196
197 198
198 193
198 197
198 199
198 201
198 219
199 193
199 198
199 200
199 201
199 202
199 203
200 193
200 194
200 199
200 203
200 204
200 300
201 198
201 199
201 202
201 205
201 206
201 219
202 201
202 203
202 205
202 199
203 199
203 200
203 202
203 204
203 205
203 214
204 200
204 297
204 203
204 299
204 300
204 301
204 214
204 217
205 201
205 202
205 203
205 206
205 207
205 214
206 201
206 205
206 207
206 208
206 219
207 205
207 206
207 208
207 209
207 210
207 214
207 215
208 209
208 219
208 206
208 207
209 207
209 208
209 210
209 211
209 219
210 207
210 209
210 211
210 212
210 215
210 216
211 209
211 210
211 212
211 213
211 219
212 210
212 211
212 213
212 216
212 220
213 220
213 211
213 212
213 219
214 203
214 204
214 205
214 207
214 215
214 217
215 207
215 210
215 214
215 216
215 217
215 218
216 210
216 212
216 215
216 218
216 219
216 220
217 296
217 297
217 204
217 214
217 215
217 218
218 296
218 215
218 216
218 217
218 219
219 270
219 280
219 281
219 282
219 283
219 284
219 285
219 286
219 287
219 288
219 289
219 291
219 294
219 296
219 297
219 298
219 302
219 196
219 197
219 198
219 201
219 206
219 208
219 209
219 211
219 213
219 216
219 218
219 220
219 221
219 222
219 223
219 224
219 225
219 226
219 227
220 216
220 219
220 212
220 213
221 290
221 195
221 196
221 219
221 286
222 257
222 227
222 261
222 219
222 223
223 256
223 257
223 280
223 219
223 222
224 225
224 168
224 169
224 270
224 219
225 224
225 226
225 169
225 268
225 219
226 225
226 266
226 268
226 219
226 283
226 284
227 162
227 261
227 266
227 281
227 219
227 222
228 229
228 230
228 72
228 73
228 245
228 246
229 228
229 230
229 231
229 262
229 267
229 237
229 238
229 246
230 228
230 229
230 231
230 73
230 126
230 127
231 262
231 229
231 230
231 127
232 129
232 130
232 67
232 68
232 73
232 245
232 126
233 96
233 81
233 83
233 89
233 91
234 235
234 236
234 237
234 238
234 251
234 253
234 255
235 234
235 236
235 247
235 249
235 250
235 251
236 163
236 234
236 235
236 267
236 237
236 247
236 248
237 229
237 234
237 267
237 236
237 238
238 229
238 234
238 237
238 246
238 247
238 253
239 107
239 110
239 240
239 241
239 112
239 276
239 186
240 112
240 242
240 110
240 239
241 239
241 112
241 113
241 275
241 276
242 110
242 240
242 112
242 243
242 275
242 276
242 186
242 191
243 112
243 274
243 242
243 115
243 275
244 278
244 279
244 120
244 123
244 125
244 127
245 130
245 228
245 166
245 232
245 72
245 246
245 125
245 126
246 228
246 229
246 166
246 165
246 164
246 238
246 245
246 247
246 248
247 235
247 236
247 238
247 246
247 248
247 249
247 253
248 163
248 164
248 236
248 246
248 247
249 250
249 235
249 253
249 247
250 133
250 235
250 249
250 251
250 252
250 253
250 254
251 234
251 235
251 140
251 250
251 252
251 255
252 131
252 133
252 140
252 250
252 251
253 234
253 238
253 247
253 249
253 250
253 254
253 255
254 133
254 136
254 140
254 250
254 253
254 255
255 234
255 140
255 251
255 253
255 254
256 257
256 258
256 259
256 260
256 272
256 273
256 280
256 223
257 256
257 258
257 261
257 262
257 222
257 223
258 256
258 257
258 259
258 262
258 263
258 175
259 256
259 258
259 260
259 175
259 178
259 183
260 256
260 259
260 272
260 177
260 181
260 183
261 160
261 257
261 162
261 227
261 262
261 264
261 222
262 257
262 258
262 261
262 229
262 231
262 264
262 263
262 267
262 127
263 258
263 262
263 174
263 175
263 274
263 115
263 277
263 127
264 160
264 267
264 261
264 262
265 161
265 162
265 266
265 268
265 269
266 162
266 226
266 227
266 265
266 268
266 281
266 283
267 160
267 163
267 229
267 262
267 264
267 236
267 237
268 225
268 226
268 169
268 265
268 170
268 266
268 269
269 161
269 165
269 265
269 170
269 171
269 268
270 224
270 168
270 271
270 273
270 280
270 219
271 168
271 270
271 175
271 272
271 273
271 178
272 256
272 260
272 271
272 273
272 178
272 177
273 256
273 270
273 271
273 272
273 280
274 263
274 174
274 113
274 115
274 275
274 243
275 113
275 274
275 243
275 276
275 241
275 242
276 239
276 241
276 242
276 275
276 186
277 115
277 127
277 278
277 263
278 115
278 244
278 277
278 279
278 121
278 127
279 123
279 244
279 278
279 119
279 121
279 187
280 256
280 270
280 273
280 219
280 223
281 227
281 266
281 219
281 282
281 283
282 283
282 281
282 219
283 226
283 266
283 281
283 282
283 219
283 284
284 283
284 226
284 219
285 289
285 219
285 286
286 289
286 290
286 285
286 219
286 221
287 288
287 291
287 219
288 289
288 291
288 292
288 293
288 219
288 287
289 288
289 290
289 293
289 219
289 285
289 286
290 289
290 195
290 293
290 221
290 286
291 288
291 292
291 294
291 295
291 219
291 287
292 288
292 194
292 291
292 293
292 295
292 300
293 288
293 289
293 290
293 195
293 292
293 194
294 291
294 219
294 302
294 295
295 291
295 292
295 294
295 300
295 301
295 302
296 217
296 218
296 219
296 297
297 296
297 298
297 299
297 204
297 217
297 219
298 297
298 299
298 301
298 302
298 219
299 297
299 298
299 204
299 301
300 194
300 292
300 295
300 200
300 204
300 301
301 295
301 298
301 299
301 204
301 300
301 302
302 294
302 295
302 298
302 301
302 219
