0 1
1 0
1 17
1 192
8 9
8 10
8 19
9 8
9 19
10 8
14 15
15 14
15 16
16 15
17 1
17 108
19 8
19 9
22 23
22 27
23 22
23 28
27 22
27 28
28 23
28 27
37 42
39 43
42 37
43 39
45 46
45 189
46 45
47 48
48 47
48 62
52 53
52 61
53 52
53 56
53 61
55 62
56 53
56 61
57 58
58 57
59 101
61 52
61 53
61 56
62 48
62 55
66 67
67 66
67 73
68 232
70 77
71 72
71 74
72 71
72 228
72 253
73 67
73 230
74 71
77 70
77 78
78 77
78 97
79 87
81 89
84 85
84 93
85 84
85 88
85 93
87 79
87 94
88 85
88 93
89 81
90 91
90 98
91 90
92 96
93 84
93 85
93 88
94 87
96 92
97 78
98 90
101 59
103 105
105 103
106 110
107 239
108 17
110 106
112 240
116 190
117 119
118 124
119 117
119 121
120 124
121 119
122 123
123 122
123 244
124 118
124 120
126 232
127 231
129 130
130 129
130 245
131 153
131 252
132 133
132 134
133 132
133 250
134 132
134 152
135 136
135 137
136 135
136 254
137 135
137 138
138 137
138 139
138 141
138 153
139 138
139 140
140 139
141 138
142 152
144 156
145 146
145 148
145 154
146 145
146 148
146 154
148 145
148 146
148 154
149 150
149 159
150 149
150 155
151 152
152 134
152 142
152 151
153 131
153 138
154 145
154 146
154 148
155 150
156 144
159 149
168 209
168 211
169 208
185 186
186 185
187 279
188 189
189 45
189 188
190 116
191 242
192 1
193 197
195 196
196 195
197 193
201 202
202 201
204 299
208 169
209 168
209 210
210 209
211 168
213 220
217 297
218 296
220 213
221 290
228 72
228 238
228 253
230 73
231 127
232 68
232 126
234 237
234 255
235 236
236 235
237 234
237 238
238 228
238 237
238 253
239 107
239 241
240 112
241 239
242 191
242 243
243 242
244 123
245 130
247 249
249 247
250 133
250 251
251 250
252 131
253 72
253 228
253 238
254 136
255 234
262 264
264 262
275 276
276 275
278 279
279 187
279 278
281 282
281 283
281 285
281 288
282 281
282 285
282 287
282 288
283 281
284 302
285 281
285 282
286 289
287 282
288 281
288 282
288 291
289 286
290 221
291 288
292 295
295 292
296 218
297 217
299 204
300 301
301 300
302 284
