0 128
0 1
0 2
0 3
0 129
0 130
0 7
0 8
0 22
1 0
1 224
1 2
1 8
1 137
1 223
2 0
2 1
2 224
2 3
2 4
2 225
2 5
3 0
3 2
3 4
3 130
4 2
4 3
4 130
4 5
4 6
4 131
4 132
5 225
5 2
5 226
5 4
5 6
5 220
6 257
6 226
6 132
6 4
6 5
6 270
7 0
7 227
7 228
7 229
7 231
7 8
7 11
7 22
8 0
8 1
8 7
8 137
8 10
8 11
9 134
9 135
9 10
9 11
9 12
9 138
9 16
10 8
10 9
10 137
10 11
10 12
10 14
11 256
11 259
11 7
11 8
11 9
11 10
11 138
11 231
12 9
12 10
12 13
12 14
12 15
12 16
13 133
13 134
13 12
13 14
13 15
13 21
14 134
14 135
14 137
14 10
14 12
14 13
15 12
15 13
15 16
15 17
15 18
15 19
15 21
16 134
16 9
16 12
16 15
16 19
17 15
17 18
17 20
17 21
17 57
17 58
18 133
18 15
18 17
18 19
18 58
18 59
19 133
19 134
19 15
19 16
19 18
20 65
20 68
20 17
20 21
20 57
20 59
21 133
21 13
21 15
21 17
21 20
21 59
22 0
22 129
22 229
22 7
22 271
22 241
22 242
22 126
22 127
23 24
23 25
23 26
23 28
23 29
23 30
24 141
24 238
24 239
24 240
24 23
24 25
24 29
25 139
25 140
25 141
25 49
25 23
25 24
25 26
25 27
26 44
26 23
26 25
26 27
26 30
27 44
27 47
27 48
27 49
27 25
27 26
28 139
28 49
28 23
28 29
28 30
29 139
29 140
29 240
29 23
29 24
29 28
30 44
30 45
30 48
30 49
30 23
30 26
30 28
31 32
31 33
31 36
31 37
31 38
31 42
32 33
32 34
32 36
32 31
33 32
33 34
33 35
33 39
33 42
33 31
34 32
34 33
34 35
34 36
35 33
35 34
35 36
35 37
35 39
36 32
36 34
36 35
36 37
36 31
37 35
37 36
37 38
37 39
37 40
37 43
37 31
38 37
38 41
38 42
38 43
38 44
38 45
38 46
38 31
39 33
39 35
39 37
39 40
39 42
40 37
40 39
40 41
40 42
40 43
40 44
40 47
41 38
41 40
41 42
41 46
41 47
42 33
42 38
42 39
42 40
42 41
42 31
43 40
43 44
43 37
43 38
44 38
44 40
44 43
44 45
44 47
44 26
44 27
44 30
45 38
45 44
45 46
45 48
45 30
46 38
46 41
46 45
46 47
46 48
47 40
47 41
47 44
47 46
47 48
47 27
48 45
48 46
48 47
48 49
48 27
48 30
49 139
49 48
49 25
49 27
49 28
49 30
50 51
50 52
50 61
50 60
51 66
51 50
51 52
51 53
51 61
52 50
52 51
52 53
52 54
52 60
53 66
53 67
53 51
53 52
53 54
53 55
54 52
54 53
54 55
54 56
54 60
54 62
55 67
55 68
55 53
55 54
55 56
55 57
56 64
56 54
56 55
56 57
56 58
56 62
56 63
57 68
57 17
57 20
57 55
57 56
57 58
58 64
58 65
58 17
58 18
58 56
58 57
58 59
59 65
59 133
59 18
59 20
59 21
59 58
60 66
60 50
60 52
60 54
60 61
60 62
61 50
61 51
61 60
61 66
62 66
62 67
62 54
62 56
62 60
62 63
63 64
63 67
63 68
63 56
63 62
64 65
64 68
64 56
64 58
64 63
65 64
65 68
65 20
65 58
65 59
66 67
66 51
66 53
66 60
66 61
66 62
67 66
67 68
67 53
67 55
67 62
67 63
68 64
68 65
68 67
68 20
68 55
68 57
68 63
69 70
69 71
69 72
69 73
69 74
69 144
69 244
70 143
70 144
70 69
70 71
71 96
71 69
71 70
71 72
71 77
71 78
71 142
71 143
72 69
72 71
72 73
72 75
72 76
72 77
73 69
73 72
73 74
73 75
73 142
73 143
74 69
74 73
74 143
74 145
74 244
74 246
75 96
75 72
75 73
75 76
75 142
76 96
76 72
76 75
76 77
76 91
76 92
76 95
77 71
77 72
77 76
77 78
77 91
78 96
78 71
78 77
78 91
78 94
78 95
79 80
79 81
79 83
79 84
79 85
79 86
80 247
80 81
80 83
80 79
81 79
81 80
81 82
81 86
81 87
81 247
82 81
82 83
82 84
82 87
82 247
83 79
83 80
83 82
83 84
83 247
84 79
84 82
84 83
84 85
84 87
84 88
84 90
85 79
85 84
85 86
85 89
85 90
85 91
85 92
85 93
86 79
86 81
86 85
86 87
86 88
86 89
87 81
87 82
87 84
87 86
87 88
88 84
88 86
88 87
88 89
88 90
88 91
88 94
89 85
89 86
89 88
89 93
89 94
90 88
90 91
90 84
90 85
91 76
91 77
91 78
91 85
91 88
91 90
91 92
91 94
92 76
92 85
92 91
92 93
92 95
93 85
93 89
93 92
93 94
93 95
94 78
94 88
94 89
94 91
94 93
94 95
95 96
95 76
95 78
95 92
95 93
95 94
96 71
96 75
96 76
96 78
96 142
96 95
97 98
97 99
97 102
97 103
98 97
98 99
98 101
98 102
99 97
99 98
99 100
99 101
99 103
100 99
100 101
100 103
100 104
100 105
100 108
100 109
101 98
101 99
101 100
101 102
101 104
101 107
102 97
102 98
102 101
102 103
102 105
102 107
103 97
103 99
103 100
103 102
103 105
104 100
104 101
104 106
104 107
104 109
104 111
104 112
105 100
105 102
105 103
105 107
105 108
106 104
106 107
106 108
106 112
106 114
107 101
107 102
107 104
107 105
107 106
107 108
108 100
108 105
108 106
108 107
108 109
108 110
108 114
109 100
109 104
109 108
109 110
109 111
110 108
110 109
110 111
110 114
110 115
110 117
110 118
111 104
111 109
111 110
111 112
111 113
111 115
112 104
112 106
112 111
112 113
112 114
113 111
113 112
113 114
113 115
113 116
113 117
114 106
114 108
114 110
114 112
114 113
114 117
115 110
115 111
115 113
115 116
115 118
115 119
115 120
116 113
116 115
116 147
116 117
116 119
116 124
117 110
117 113
117 114
117 116
117 118
117 124
118 110
118 115
118 117
118 120
118 124
119 115
119 116
119 147
119 120
119 122
120 115
120 118
120 119
120 121
120 122
120 124
121 248
121 149
121 120
121 122
121 123
121 124
121 125
122 147
122 148
122 119
122 120
122 121
122 123
123 248
123 148
123 150
123 152
123 121
123 122
124 147
124 116
124 117
124 118
124 148
124 120
124 121
124 125
125 121
125 124
125 149
125 148
126 271
126 22
126 152
126 249
126 154
126 127
127 128
127 129
127 22
127 249
127 250
127 126
128 0
128 129
128 130
128 274
128 250
128 155
128 156
128 127
129 0
129 128
129 22
129 127
130 0
130 128
130 3
130 4
130 131
130 275
130 156
131 130
131 132
131 4
131 273
131 275
132 131
132 4
132 6
132 270
132 273
132 274
133 134
133 13
133 18
133 19
133 21
133 59
134 133
134 135
134 9
134 13
134 14
134 16
134 19
135 134
135 136
135 9
135 137
135 138
135 14
136 135
136 137
136 138
136 251
136 284
137 1
137 135
137 136
137 8
137 10
137 14
137 251
137 223
138 256
138 135
138 136
138 9
138 11
138 284
139 140
139 49
139 25
139 28
139 29
140 261
140 139
140 141
140 240
140 25
140 29
141 261
141 140
141 239
141 24
141 25
142 96
142 71
142 73
142 75
142 143
143 70
143 71
143 73
143 74
143 142
143 144
143 145
144 69
144 70
144 143
144 145
144 146
144 244
145 74
145 267
145 143
145 144
145 146
145 246
146 267
146 268
146 144
146 145
146 242
146 243
146 244
147 148
147 116
147 119
147 122
147 124
148 147
148 149
148 150
148 122
148 123
148 124
148 125
149 249
149 148
149 150
149 151
149 248
149 121
149 125
150 148
150 149
150 151
150 152
150 153
150 123
151 249
151 154
151 149
151 150
151 153
151 250
152 249
152 150
152 248
152 153
152 154
152 123
152 126
153 152
153 154
153 150
153 151
154 271
154 272
154 274
154 151
154 152
154 153
154 250
154 126
155 128
155 274
155 276
155 278
155 156
155 157
156 128
156 130
156 275
156 278
156 155
157 276
157 277
157 278
157 281
157 155
157 158
157 159
158 160
158 161
158 166
158 281
158 157
158 159
159 161
159 163
159 277
159 279
159 280
159 157
159 158
160 161
160 164
160 165
160 166
160 158
161 160
161 162
161 163
161 165
161 158
161 159
162 161
162 163
162 165
162 166
162 168
162 169
162 170
162 282
163 161
163 162
163 166
163 280
163 159
164 160
164 165
164 166
164 167
164 168
164 170
164 282
165 160
165 161
165 162
165 164
165 168
166 160
166 162
166 163
166 164
166 280
166 281
166 282
166 158
167 164
167 168
167 170
167 184
167 185
167 187
168 162
168 164
168 165
168 167
168 169
168 187
169 162
169 168
169 170
169 184
169 186
169 187
170 162
170 164
170 167
170 169
170 184
170 282
171 172
171 173
171 175
171 176
171 177
171 180
171 183
172 171
172 173
172 174
172 175
172 283
173 171
173 172
173 174
173 176
173 178
173 179
174 179
174 283
174 172
174 173
175 171
175 172
175 179
175 180
175 283
176 171
176 173
176 177
176 178
176 181
176 182
176 185
177 171
177 176
177 183
177 184
177 185
178 173
178 176
178 179
178 180
178 181
178 183
179 173
179 174
179 175
179 178
179 180
179 283
180 171
180 175
180 178
180 179
180 183
181 176
181 178
181 182
181 183
181 186
182 176
182 181
182 185
182 186
182 187
183 171
183 177
183 178
183 180
183 181
183 184
183 186
184 167
184 169
184 170
184 177
184 183
184 185
184 186
185 167
185 176
185 177
185 182
185 184
185 187
186 169
186 181
186 182
186 183
186 184
186 187
187 167
187 168
187 169
187 182
187 185
187 186
188 194
188 195
188 286
188 189
188 190
188 191
189 289
189 188
189 190
189 286
190 192
190 289
190 188
190 189
190 191
191 192
191 193
191 194
191 196
191 188
191 190
192 193
192 289
192 190
192 286
192 191
193 192
193 196
193 197
193 286
193 191
194 195
194 196
194 202
194 203
194 188
194 191
195 194
195 203
195 301
195 188
195 286
196 193
196 194
196 197
196 198
196 199
196 202
196 191
197 193
197 196
197 198
197 286
198 196
198 197
198 199
198 200
198 286
199 196
199 198
199 200
199 201
199 202
199 204
200 198
200 199
200 201
200 205
200 206
200 286
201 200
201 204
201 205
201 199
202 194
202 196
202 199
202 203
202 204
202 207
203 194
203 195
203 202
203 299
203 301
203 207
204 199
204 201
204 202
204 205
204 207
204 208
205 200
205 201
205 204
205 206
205 208
205 209
206 200
206 205
206 209
206 210
206 286
207 297
207 202
207 203
207 204
207 299
207 300
207 208
207 212
208 204
208 205
208 207
208 209
208 212
208 213
209 205
209 206
209 208
209 210
209 211
209 213
209 214
210 209
210 211
210 206
210 286
211 209
211 210
211 214
211 215
211 286
212 295
212 297
212 207
212 208
212 213
212 216
213 208
213 209
213 212
213 214
213 216
213 217
214 209
214 211
214 213
214 215
214 217
214 218
215 211
215 214
215 218
215 219
215 286
216 292
216 294
216 295
216 212
216 213
216 217
217 291
217 292
217 213
217 214
217 216
217 218
218 291
218 214
218 215
218 217
218 219
219 290
219 291
219 215
219 218
219 286
220 225
220 226
220 5
220 285
220 252
220 221
220 222
221 225
221 286
221 220
221 222
221 287
222 288
222 285
222 220
222 221
222 286
222 287
223 224
223 1
223 137
223 251
223 286
224 1
224 2
224 225
224 286
224 223
225 224
225 2
225 5
225 220
225 221
225 286
226 257
226 5
226 6
226 220
226 252
227 228
227 229
227 7
227 263
227 233
227 266
227 241
227 245
228 227
228 230
228 231
228 232
228 7
228 233
229 241
229 227
229 22
229 7
230 228
230 260
230 231
230 232
230 263
230 234
230 264
231 259
231 228
231 260
231 230
231 7
231 11
232 228
232 230
232 233
232 234
232 235
232 236
233 227
233 228
233 263
233 232
233 236
234 230
234 263
234 232
234 235
234 237
235 232
235 234
235 236
235 237
235 238
236 261
236 262
236 263
236 232
236 233
236 235
236 238
236 239
237 261
237 262
237 263
237 234
237 235
237 238
237 240
238 235
238 236
238 237
238 239
238 240
238 24
239 261
239 236
239 141
239 238
239 24
240 261
240 140
240 237
240 238
240 24
240 29
241 227
241 229
241 242
241 243
241 245
241 22
242 268
242 271
242 241
242 146
242 243
242 22
243 241
243 242
243 146
243 244
243 245
243 246
244 69
244 74
244 144
244 146
244 243
244 246
245 227
245 266
245 268
245 241
245 243
245 246
246 74
246 267
246 268
246 145
246 243
246 244
246 245
247 80
247 81
247 82
247 83
248 249
248 149
248 152
248 121
248 123
249 149
249 151
249 248
249 250
249 152
249 126
249 127
250 128
250 274
250 151
250 249
250 154
250 127
251 136
251 137
251 284
251 286
251 223
252 257
252 226
252 258
252 220
252 285
252 254
252 255
253 256
253 254
253 284
253 286
253 255
254 256
254 258
254 259
254 252
254 253
254 255
255 253
255 252
255 285
255 254
255 286
256 259
256 138
256 11
256 284
256 253
256 254
257 226
257 258
257 6
257 265
257 270
257 252
258 257
258 259
258 265
258 252
258 254
259 256
259 258
259 260
259 231
259 265
259 11
259 254
260 259
260 230
260 231
260 264
260 265
260 266
261 262
261 236
261 140
261 141
261 239
261 240
261 237
262 261
262 236
262 237
262 263
263 227
263 230
263 262
263 264
263 233
263 234
263 266
263 236
263 237
264 266
264 260
264 230
264 263
265 257
265 258
265 259
265 260
265 266
265 269
265 270
265 271
266 227
266 260
266 263
266 264
266 265
266 268
266 269
266 245
267 145
267 146
267 268
267 246
268 266
268 267
268 269
268 271
268 146
268 242
268 245
268 246
269 265
269 266
269 268
269 271
270 257
270 132
270 6
270 265
270 271
270 272
270 274
271 265
271 268
271 269
271 270
271 272
271 242
271 22
271 154
271 126
272 274
272 154
272 270
272 271
273 131
273 132
273 274
273 275
273 276
274 128
274 132
274 250
274 270
274 272
274 273
274 276
274 154
274 155
275 130
275 131
275 273
275 276
275 278
275 279
275 156
276 273
276 274
276 275
276 277
276 279
276 155
276 157
277 159
277 276
277 157
277 279
278 275
278 279
278 280
278 281
278 155
278 156
278 157
279 275
279 276
279 277
279 278
279 280
279 159
280 163
280 166
280 278
280 279
280 281
280 159
281 166
281 278
281 280
281 157
281 158
282 170
282 162
282 164
282 166
283 179
283 172
283 174
283 175
284 256
284 136
284 138
284 251
284 253
284 286
285 288
285 286
285 252
285 220
285 222
285 255
286 284
286 285
286 287
286 288
286 289
286 290
286 291
286 292
286 293
286 294
286 296
286 298
286 299
286 301
286 302
286 188
286 189
286 192
286 193
286 195
286 197
286 198
286 200
286 206
286 210
286 211
286 215
286 219
286 221
286 222
286 223
286 224
286 225
286 251
286 253
286 255
287 221
287 222
287 286
288 285
288 222
288 286
289 192
289 190
289 189
289 286
290 291
290 219
290 286
291 290
291 292
291 217
291 218
291 219
291 286
292 291
292 293
292 294
292 216
292 217
292 286
293 294
293 292
293 286
294 292
294 293
294 295
294 296
294 216
294 286
295 294
295 296
295 297
295 298
295 212
295 216
296 298
296 286
296 294
296 295
297 295
297 298
297 300
297 302
297 207
297 212
298 295
298 296
298 297
298 302
298 286
299 203
299 300
299 301
299 302
299 207
299 286
300 297
300 299
300 302
300 207
301 299
301 195
301 203
301 286
302 297
302 298
302 299
302 300
302 286
