0.057377 0.191915 0.307770 0.296035 0.943736 -0.147394
0.011700 0.210971 0.285842 0.820255 0.519335 -0.239734
-0.011809 0.184313 0.334873 0.213425 0.339327 0.916137
0.281125 0.176895 0.377587 -0.027804 0.195329 0.980344
0.263074 0.216641 0.338128 -0.281657 0.885628 -0.369232
0.140976 0.136796 0.376395 -0.101875 0.157214 0.982296
0.133809 0.188654 0.329925 -0.083267 0.970500 -0.226268
0.022782 0.148374 0.359108 -0.208830 0.225755 0.951538
0.391310 0.273132 0.359553 -0.023301 0.259306 0.965514
0.367146 0.280101 0.337296 -0.625121 0.748086 0.222692
0.409683 0.245134 0.347714 0.790134 -0.565551 0.236303
0.459407 0.398135 0.322471 0.642192 0.764482 -0.056181
0.286834 0.122629 0.359758 0.461615 -0.846963 0.263753
0.144350 0.072622 0.350484 0.144304 -0.988616 -0.042600
0.020009 0.074783 0.333656 -0.268568 -0.836146 0.478259
-0.009920 0.113283 0.323727 -0.710251 -0.700988 0.064492
-0.038969 0.123740 0.311714 -0.072855 -0.971397 0.226009
0.006496 0.161593 0.254017 0.372599 -0.372434 -0.849978
0.286364 0.162240 0.318630 0.255458 -0.238527 -0.936934
0.397557 0.265272 0.324007 0.056275 0.015928 -0.998288
0.038375 0.128802 0.269493 0.083854 -0.470389 -0.878466
0.155284 0.119799 0.298226 0.210034 -0.107107 -0.971810
0.389325 0.269355 0.492497 -0.842137 -0.243260 0.481280
0.387956 0.283140 0.445217 -0.333778 -0.103940 -0.936904
0.385470 0.104801 0.427672 0.040496 -0.996937 -0.066901
0.347655 0.446048 0.500000 -0.675182 -0.257052 0.691414
0.348649 0.421032 0.419073 -0.434592 -0.471799 -0.767161
0.436223 0.281509 0.498734 0.655966 -0.101763 0.747899
0.435838 0.274052 0.450651 0.739056 -0.079178 -0.668975
0.256597 0.583308 0.453374 -0.527608 0.014650 0.849362
0.418894 0.487545 0.499063 0.605883 0.345003 0.716854
0.427214 0.448358 0.433127 0.776368 -0.005873 -0.630253
0.358653 0.594337 0.361152 0.732620 0.043701 -0.679234
0.339866 0.665955 0.440668 0.599724 0.691496 0.402696
0.264301 0.541238 0.362136 -0.427126 -0.728011 -0.536250
0.204496 0.594903 0.315994 -0.370072 -0.902518 -0.220245
0.147286 0.663213 0.380763 -0.650846 0.013529 0.759090
0.197081 0.725039 0.315351 0.029917 0.979779 -0.197833
0.245741 0.742909 0.358050 -0.005965 0.836696 0.547636
0.264712 0.675130 0.275587 0.640013 0.176251 -0.747876
0.144368 0.620471 0.267936 0.163243 -0.985824 0.038768
0.098089 0.657316 0.341584 -0.149692 -0.082415 0.985292
0.157276 0.736871 0.287600 0.366015 0.904688 0.218111
0.200329 0.667065 0.239121 0.699554 -0.061440 -0.711933
0.020112 0.129297 0.194809 0.137731 0.979438 -0.147412
-0.028067 0.140627 0.172881 0.724293 0.646476 -0.239727
-0.046900 0.110485 0.221912 0.155046 0.369655 0.916142
0.243307 0.151066 0.264625 -0.059359 0.188145 0.980346
0.219002 0.187324 0.225166 -0.422682 0.827649 -0.369238
0.111601 0.088593 0.263437 -0.126217 0.138451 0.982294
0.096051 0.138579 0.216963 -0.240820 0.943820 -0.226297
-0.006896 0.080687 0.246143 -0.242938 0.188579 0.951535
0.311292 0.266949 0.224338 -0.739066 0.635780 0.222630
0.336269 0.264027 0.246592 -0.065339 0.251980 0.965524
0.383004 0.398478 0.209510 0.508475 0.859238 -0.056239
0.257807 0.098465 0.246797 0.593889 -0.760085 0.263756
0.358978 0.239411 0.234752 0.871973 -0.428728 0.236338
0.002400 0.007630 0.220695 -0.128230 -0.868793 0.478284
-0.033419 0.040718 0.210769 -0.586104 -0.807664 0.064510
-0.063784 0.046290 0.198753 0.086928 -0.970243 0.225990
-0.025124 0.091065 0.141052 0.428495 -0.306495 -0.849972
0.343718 0.257292 0.211045 0.052870 0.024963 -0.998289
0.250874 0.137465 0.205665 0.291038 -0.193569 -0.936925
0.128496 0.074160 0.185265 0.224714 -0.071326 -0.971811
0.125422 0.025833 0.237522 0.304020 -0.951713 -0.042589
0.011682 0.063927 0.156531 0.159647 -0.450352 -0.878462
-0.082507 0.171444 -0.001942 0.270324 0.902150 -0.336230
-0.111722 0.192608 -0.016760 0.716712 0.621313 0.316694
-0.152447 0.157309 0.029516 -0.287867 0.150454 0.945778
-0.106575 0.132378 0.060103 -0.548491 0.342113 0.762966
-0.024409 0.172675 0.018030 0.378295 0.918747 0.113121
-0.136458 0.136195 -0.061695 0.320230 -0.350722 -0.880027
-0.163381 0.160238 -0.090032 0.119821 -0.548027 -0.827834
-0.119295 0.221402 -0.028981 0.885239 0.457627 -0.083237
-0.085744 0.107786 -0.042140 0.059969 -0.146980 -0.987320
-0.030879 0.096439 -0.049364 0.281116 -0.296854 -0.912607
0.049319 0.122392 0.047581 0.165344 0.887892 -0.429313
0.000646 0.131324 0.026866 0.691528 0.681196 -0.240333
-0.016677 0.100287 0.075897 0.140262 0.378026 0.915108
0.271160 0.155187 0.118611 -0.068611 0.184978 0.980345
0.245094 0.190199 0.079152 -0.463157 0.805694 -0.369247
0.142716 0.086269 0.117419 -0.109795 0.059502 0.992172
0.124711 0.135424 0.070949 -0.275334 0.958626 0.072293
0.024760 0.072508 0.100132 -0.270239 0.263445 0.926050
0.333333 0.274296 0.078324 -0.769600 0.598429 0.222705
0.358423 0.272609 0.100577 -0.077723 0.248445 0.965523
0.398448 0.409214 0.063492 0.465393 0.883323 -0.056124
0.288253 0.103372 0.100782 0.630801 -0.729733 0.263780
0.382318 0.249149 0.088738 0.892127 -0.385051 0.236315
0.159624 0.024266 0.091508 0.350775 -0.935490 -0.042602
-0.030363 0.035331 0.052738 0.134870 -0.964742 0.226014
0.000242 0.031274 0.064755 -0.545331 -0.835731 0.064555
0.006036 0.081967 -0.004963 0.437801 -0.288974 -0.851366
0.366195 0.266256 0.065031 0.051568 0.027543 -0.998290
0.279395 0.141978 0.059650 0.300264 -0.178914 -0.936926
0.160307 0.072692 0.039250 0.229804 -0.062078 -0.971255
0.044144 0.056689 0.010517 0.180896 -0.446807 -0.876151
-0.063228 0.129428 0.095101 -0.117092 0.091113 0.988933
-0.089992 0.024687 0.039459 -0.446440 -0.859456 0.249051
-0.091959 0.141893 0.241116 -0.112451 0.096783 0.988933
-0.061283 0.107348 0.096647 0.266083 -0.310407 -0.912605
-0.123869 0.038610 0.185470 -0.488403 -0.836330 0.249027
-0.135100 0.146987 0.206117 -0.530859 0.368833 0.762988
-0.051123 0.222669 0.354081 -0.095059 0.113888 0.988935
-0.099493 0.125990 0.298435 -0.618627 -0.745175 0.249029
-0.092857 0.234749 0.319083 -0.463428 0.450684 0.762967
-0.125868 0.177716 0.269503 -0.792420 -0.609059 -0.033424
-0.132394 0.268845 0.288492 -0.203958 0.243903 0.948110
-0.026511 0.183570 0.209612 0.211732 -0.349731 -0.912610
-0.077717 0.206298 0.216836 -0.068963 -0.318329 -0.945468
-0.170113 0.217759 0.248605 -0.462136 -0.885632 -0.045686
-0.360783 0.390583 0.164808 -0.701784 -0.098380 0.705564
-0.222819 0.256581 0.225346 -0.684189 -0.684402 0.251951
-0.179296 0.414502 0.249857 -0.222318 0.316930 0.922025
-0.350001 0.369659 0.073814 -0.859842 -0.285085 0.423555
-0.197382 0.358786 0.111985 0.776758 -0.569414 0.269100
-0.158347 0.085324 0.156542 -0.630942 -0.761650 -0.147652
-0.179685 0.174161 0.175530 -0.247638 0.189593 0.950121
-0.217778 0.128798 0.135639 -0.423131 -0.897084 0.127281
-0.208376 0.203935 0.178063 -0.205225 0.154024 0.966519
-0.276604 0.181742 0.109187 -0.804159 -0.582807 0.116894
-0.222444 0.229071 0.156039 -0.163856 0.249742 0.954348
-0.164754 0.152283 0.084320 0.207628 -0.385722 -0.898949
-0.190459 0.177624 0.055982 0.106093 -0.538650 -0.835823
-0.269484 0.139110 0.123970 -0.681931 -0.729187 0.057073
-0.358795 0.310660 -0.071723 -0.852706 -0.512504 -0.101156
-0.197874 0.222701 0.010025 -0.318240 0.002518 0.948007
-0.181743 0.304155 0.003460 0.919132 -0.366218 0.145193
-0.126734 0.069640 0.010527 -0.592436 -0.791968 -0.147671
-0.188252 0.110114 -0.010375 -0.400727 -0.906896 0.130217
-0.240403 0.117857 -0.022045 -0.652042 -0.755991 0.057614
-0.036864 0.095972 -0.166605 0.234326 -0.334989 -0.912619
-0.097303 0.041454 -0.088837 -0.542139 -0.794639 0.273194
-0.123328 0.085123 -0.114168 -0.767230 -0.637818 -0.067416
-0.044296 0.042982 -0.077210 -0.046379 -0.971975 0.230465
-0.058966 0.128710 -0.048589 -0.012055 0.306053 0.951938
-0.097781 0.136853 -0.070761 -0.522532 0.223912 0.822693
-0.024066 0.097472 -0.056930 -0.019475 0.341193 0.939792
-0.005067 0.122116 -0.099863 0.800203 0.599691 -0.006828
-0.021431 0.161158 -0.107599 0.587531 0.801375 -0.112274
-0.071905 0.167585 -0.125084 0.334896 0.919096 -0.207623
0.035938 0.108101 -0.083145 0.294304 0.853869 -0.429294
0.008237 0.068069 -0.035713 -0.228678 0.308004 0.923493
0.112164 0.064776 -0.020577 -0.099825 0.075019 0.992173
0.102910 0.109668 -0.061263 -0.128625 0.989102 0.071643
0.301482 0.203029 -0.054808 -0.673108 0.705237 0.222635
0.322993 0.198335 -0.035324 -0.040314 0.257184 0.965521
0.375271 0.311474 -0.067790 0.590361 0.805186 -0.056109
0.340666 0.174936 -0.045688 0.825703 -0.512212 0.236333
0.232289 0.107896 -0.019533 -0.040619 0.193061 0.980346
0.240410 0.060818 -0.035144 0.516444 -0.814691 0.263750
0.010062 0.003615 -0.057995 -0.212853 -0.852036 0.478255
-0.018318 0.035522 -0.066690 -0.662454 -0.746312 0.064592
-0.006758 0.078678 -0.127730 0.382521 -0.354523 -0.853224
0.328908 0.191830 -0.066445 0.055088 0.019616 -0.998289
0.237711 0.095395 -0.071154 0.270647 -0.221172 -0.936928
0.125645 0.050750 -0.089021 0.220178 -0.098192 -0.970505
0.118811 0.008903 -0.043265 0.209153 -0.976954 -0.042610
0.022980 0.051872 -0.114178 0.111029 -0.474885 -0.873016
0.214230 0.141579 -0.054082 -0.339426 0.865133 -0.369236
-0.104958 0.421220 -0.271381 0.664328 -0.292734 -0.687732
-0.212840 0.455981 -0.288707 -0.468881 -0.162424 -0.868199
-0.090356 0.486792 -0.286086 0.427639 -0.271458 -0.862227
-0.152716 0.255205 -0.250900 0.443710 -0.273751 -0.853335
-0.220262 0.305924 -0.243026 -0.380651 -0.106199 -0.918601
-0.314213 0.364162 -0.169626 -0.843948 0.016326 -0.536176
-0.353588 0.264059 -0.146407 -0.834344 -0.450895 -0.317119
-0.297001 0.565112 0.110818 -0.750235 0.419733 0.510854
-0.226098 0.687691 0.047241 -0.543393 0.547714 0.636186
-0.307234 0.652368 -0.035727 -0.904548 0.369458 0.212822
-0.337719 0.569997 -0.029933 -0.985390 0.170274 0.003789
-0.347189 0.428454 -0.020336 -0.980429 0.177627 -0.084895
-0.337663 0.456466 0.138989 -0.734243 0.427540 0.527349
-0.397744 0.358252 0.002901 -0.968937 -0.203223 0.140932
-0.179204 0.514602 0.182502 0.212510 0.378006 0.901083
-0.165857 0.585625 0.168105 0.052903 -0.074618 0.995808
-0.015892 0.667500 0.261523 -0.801323 -0.366354 0.472934
0.047526 0.747416 0.201618 -0.221984 0.967530 0.120865
-0.085949 0.669955 0.204137 -0.517049 0.151411 0.842457
0.008799 0.656368 0.335482 -0.640726 0.177812 0.746896
0.114088 0.780625 0.252955 0.026118 0.993812 0.107958
0.092574 0.676146 0.155732 0.370022 0.079444 -0.925620
0.174938 0.668639 0.163439 0.723926 0.042542 -0.688564
0.040080 0.617273 0.187239 0.020526 -0.997170 -0.072327
0.100296 0.587525 0.232697 -0.062114 -0.997137 -0.043127
-0.061053 0.267819 0.257034 0.451147 0.828943 -0.330635
-0.093614 0.296546 0.236072 0.902671 0.430040 -0.015831
-0.145953 0.207830 0.123107 0.872738 0.488138 0.007056
-0.109132 0.184816 0.144072 0.309528 0.891566 -0.330608
-0.051042 0.183167 0.164044 0.423312 0.898893 0.113131
-0.115514 0.121395 0.103874 0.052595 -0.149757 -0.987323
-0.121248 0.244820 0.197281 0.375805 -0.246075 -0.893430
-0.004013 0.256694 0.277002 0.564592 0.817582 0.113117
-0.357772 0.567404 -0.295906 -0.668167 -0.428166 -0.608462
-0.320181 0.653436 -0.343975 -0.698664 -0.133916 -0.702805
-0.279289 0.565451 -0.355754 -0.427919 -0.474825 -0.769043
-0.258836 0.540694 -0.311686 0.532885 -0.601959 0.594709
-0.328175 0.536385 -0.256882 0.559608 -0.509863 0.653360
-0.386446 0.552572 -0.193118 0.535504 -0.637242 0.554218
-0.423896 0.590528 -0.223656 -0.890364 -0.162759 -0.425161
-0.376524 0.684515 -0.272170 -0.846842 0.088185 -0.524483
-0.417260 0.585689 -0.118632 0.463231 -0.803881 0.373085
-0.459407 0.628639 -0.138190 -0.997513 0.069745 -0.010210
-0.406987 0.722658 -0.186595 -0.914491 0.373080 -0.156581
-0.381405 0.786093 -0.217359 -0.976084 -0.186141 0.112301
-0.420111 0.668611 -0.060053 -0.866076 0.253708 0.430749
-0.383216 0.620316 -0.051125 -0.359428 -0.196620 0.912224
-0.350906 0.709103 0.000980 -0.620192 0.221297 0.752589
-0.322310 0.658689 -0.000573 -0.826284 -0.075108 0.558223
-0.251581 0.692145 0.022059 0.015573 -0.736827 0.675902
-0.270708 0.742283 0.031132 -0.338913 0.269597 0.901363
-0.203438 0.728449 0.022635 -0.750358 0.544056 0.375455
-0.216491 0.774636 0.030216 0.241040 0.219328 0.945407
-0.155217 0.852118 -0.030347 -0.766380 0.573219 0.289967
-0.372530 0.764742 -0.104189 -0.828288 0.477726 0.292775
-0.312943 0.800094 -0.036841 -0.654414 0.458872 0.600982
-0.232013 0.837961 -0.004500 -0.172077 0.913597 0.368416
-0.353114 0.825895 -0.130779 -0.825655 -0.065779 0.560327
-0.299788 0.865220 -0.061621 -0.006781 0.923647 0.383183
-0.186211 0.826217 -0.240879 0.173940 0.981723 -0.077227
-0.166285 0.865503 -0.014206 -0.122177 0.977433 0.172331
-0.209964 0.561695 -0.342804 -0.659863 -0.706613 -0.255496
-0.009945 0.683906 -0.228318 0.922600 0.124923 -0.364970
0.011657 0.725209 -0.138873 0.943989 0.258494 -0.205100
-0.247262 0.796518 -0.048638 -0.586427 0.741909 0.325075
-0.289123 0.749931 -0.134387 -0.906748 0.417248 -0.060931
-0.290029 0.707536 -0.232520 -0.960317 -0.057445 -0.272931
-0.051884 0.649375 -0.317211 0.760154 0.096614 -0.642520
-0.173233 0.196393 -0.101076 0.375409 -0.463218 -0.802806
-0.152281 0.277264 -0.113860 0.941717 -0.315427 0.116942
-0.147325 0.243323 -0.037323 0.973835 0.087858 0.209584
-0.147127 0.298732 -0.055200 0.946732 -0.166166 0.275841
-0.182582 0.185626 0.025791 -0.279149 0.132598 0.951049
0.037660 0.000000 0.074680 -0.085069 -0.874075 0.478285
-0.097311 0.215590 -0.147578 0.935233 0.352448 -0.033454
-0.133490 0.168307 -0.204848 0.071217 -0.525152 -0.848023
-0.147254 0.200889 -0.211883 0.348060 -0.495679 -0.795711
-0.118765 0.238191 -0.156064 0.941266 0.226689 0.250259
-0.165196 0.226850 -0.114606 -0.289729 -0.005234 0.957094
-0.155829 0.302910 0.291024 -0.165119 0.188176 0.968156
-0.212504 0.222693 0.236935 -0.621582 -0.774822 0.115271
-0.170017 0.323225 0.265311 -0.102658 0.362810 0.926191
-0.142461 0.274024 0.168944 0.287492 -0.397439 -0.871430
-0.169462 0.286914 0.163446 0.396376 -0.273130 -0.876519
-0.198510 0.214225 0.044935 0.221043 -0.623861 -0.749625
-0.249629 0.160079 -0.049374 -0.691204 -0.722101 0.028401
-0.294142 0.268792 -0.182293 -0.534785 -0.600798 -0.594177
-0.218097 0.179294 -0.166612 -0.764944 -0.641673 0.055823
-0.262062 0.238067 -0.242977 -0.400776 -0.493513 -0.771896
-0.215553 0.141536 -0.151091 -0.687661 -0.725832 0.017040
-0.163356 0.128108 -0.137808 -0.511633 -0.858485 -0.035155
-0.123169 0.144016 -0.177401 0.537454 -0.219513 -0.814222
-0.082917 0.112873 -0.160281 -0.075898 -0.318750 -0.944795
-0.156734 0.192771 -0.100800 -0.283730 0.091739 0.954506
-0.134297 0.164359 -0.097542 -0.325496 0.180881 0.928081
-0.094470 0.189679 -0.135823 0.799800 0.507966 0.319829
0.002750 0.703397 0.008182 0.990505 -0.137464 -0.002078
-0.060147 0.511500 -0.110436 0.920171 -0.384115 0.075768
-0.094095 0.542664 0.000078 0.813415 -0.542738 0.209263
-0.009818 0.597146 0.127560 0.523644 -0.843622 0.118741
0.040755 0.691285 0.094691 0.843697 0.123478 -0.522426
-0.073748 0.500375 -0.189545 0.931844 -0.332078 -0.146254
-0.089532 0.454489 -0.108473 0.925721 -0.309442 0.217455
-0.122327 0.469883 0.071790 0.938789 -0.224889 0.260959
-0.096058 0.440410 -0.177412 0.978487 -0.199678 -0.051879
-0.201082 0.522554 -0.301888 -0.515241 -0.095435 -0.851715
-0.186416 0.641582 -0.326776 -0.377977 -0.342218 -0.860244
-0.120360 0.265205 -0.163535 0.977669 -0.207228 -0.034932
-0.300128 0.594550 -0.192548 -0.921126 0.049480 -0.386106
-0.310616 0.524008 -0.180762 -0.905796 0.018271 -0.423321
-0.118857 0.815167 0.014362 -0.144405 0.915734 0.374939
-0.140586 0.687607 0.109438 -0.523375 0.597375 0.607636
-0.029560 0.756189 0.123489 -0.022245 0.981422 0.190565
-0.086603 0.768637 0.067270 0.258585 0.824914 0.502643
-0.160346 0.386646 0.179934 0.999191 0.005378 -0.039849
-0.121955 0.359758 0.211084 0.870871 0.463834 -0.162606
-0.108283 0.340360 0.221105 0.820370 0.553124 0.145079
-0.159759 0.331470 0.057722 0.960885 -0.165725 0.221888
-0.165316 0.247122 0.091578 0.971600 0.042396 0.232802
-0.145977 0.234720 0.104274 0.867337 0.496163 0.039349
-0.017979 0.790409 -0.032434 0.571472 0.820517 0.013068
-0.175302 0.765623 -0.410413 0.651424 0.184549 -0.735927
-0.179345 0.743178 -0.439062 -0.138396 0.929742 -0.341213
-0.217492 0.763009 -0.400424 -0.613787 0.024723 -0.789084
-0.317563 0.825358 -0.305046 -0.751921 0.649995 -0.110093
-0.145907 0.751519 -0.439115 -0.944312 0.136282 -0.299505
-0.164729 0.658289 -0.385022 -0.871624 0.034206 -0.488980
-0.159575 0.742559 -0.500000 0.194139 0.856795 -0.477716
-0.220605 0.721466 -0.442730 0.717783 -0.602661 -0.348693
-0.176137 0.666496 -0.419660 -0.069693 0.255475 -0.964301
-0.224209 0.584978 -0.383204 0.160567 -0.562653 -0.810950
-0.239038 0.710935 -0.469108 -0.022055 0.689137 -0.724295
-0.307319 0.713468 -0.379380 -0.514915 -0.688376 -0.510883
-0.241189 0.650790 -0.396547 -0.437535 -0.307059 -0.845150
-0.282409 0.785163 -0.437014 0.019657 0.790616 -0.611997
-0.337903 0.709920 -0.395991 -0.771734 -0.197852 -0.604385
-0.329668 0.876359 -0.047450 -0.163256 0.955759 -0.244687
-0.387337 0.834279 -0.124065 -0.230426 0.972926 -0.017885
-0.366609 0.850377 -0.248311 -0.279279 0.939175 -0.199881
-0.416807 0.790674 -0.218877 -0.978930 0.192407 -0.068372
-0.357266 0.743355 -0.303561 -0.844362 -0.463085 -0.269453
-0.391886 0.743917 -0.313221 -0.930768 0.030054 -0.364372
-0.340202 0.809150 -0.345478 -0.322549 0.827260 -0.460003
