0.090169 0.454489 -0.108469 -0.925726 -0.309444 0.217429
0.060780 0.511500 -0.110436 -0.920171 -0.384119 0.075747
0.074385 0.500375 -0.189545 -0.931850 -0.332077 -0.146221
0.096695 0.440410 -0.177412 -0.978490 -0.199674 -0.051836
0.105588 0.421220 -0.271381 -0.664342 -0.292737 -0.687717
0.090986 0.486792 -0.286086 -0.427633 -0.271451 -0.862232
0.213470 0.455981 -0.288707 0.468877 -0.162417 -0.868202
0.122956 0.469883 0.071790 -0.938787 -0.224881 0.260974
0.094728 0.542664 0.000078 -0.813414 -0.542738 0.209269
0.086575 0.669955 0.204137 0.517040 0.151391 0.842467
0.010455 0.597146 0.127560 -0.523643 -0.843620 0.118757
0.166494 0.585625 0.168105 -0.052901 -0.074606 0.995809
-0.039443 0.617273 0.187239 -0.020526 -0.997167 -0.072358
-0.091941 0.676146 0.155732 -0.370003 0.079451 -0.925627
-0.040119 0.691285 0.094691 -0.843702 0.123486 -0.522415
-0.099659 0.587525 0.232697 0.062111 -0.997137 -0.043125
0.016528 0.667500 0.261523 0.801343 -0.366357 0.472898
-0.143735 0.620471 0.267936 -0.163243 -0.985824 0.038768
-0.097459 0.657316 0.341584 0.149695 -0.082457 0.985288
-0.008162 0.656368 0.335482 0.640695 0.177829 0.746918
-0.199692 0.667065 0.239121 -0.699549 -0.061397 -0.711943
-0.174308 0.668639 0.163439 -0.723946 0.042511 -0.688546
0.182373 0.304155 0.003460 -0.919129 -0.366225 0.145196
0.004643 0.256694 0.277006 -0.564605 0.817570 0.113141
0.061682 0.267819 0.257034 -0.451129 0.828958 -0.330622
0.027140 0.183570 0.209612 -0.211725 -0.349738 -0.912609
-0.011067 0.210971 0.285842 -0.820296 0.519292 -0.239688
-0.005860 0.161593 0.254017 -0.372622 -0.372434 -0.849968
0.051760 0.222669 0.354081 0.095095 0.113868 0.988934
0.093487 0.234749 0.319083 0.463405 0.450691 0.762976
0.012446 0.184313 0.334877 -0.213418 0.339324 0.916140
-0.280492 0.176895 0.377587 0.027790 0.195318 0.980346
-0.390673 0.273132 0.359553 0.023251 0.259272 0.965524
-0.409050 0.245134 0.347714 -0.790131 -0.565542 0.236338
-0.458767 0.398132 0.322471 -0.642183 0.764494 -0.056122
-0.396924 0.265272 0.324007 -0.056247 0.015961 -0.998289
-0.366513 0.280101 0.337300 0.625135 0.748085 0.222655
-0.262441 0.216641 0.338128 0.281659 0.885631 -0.369223
-0.140346 0.136796 0.376398 0.101872 0.157228 0.982294
-0.285731 0.162240 0.318630 -0.255461 -0.238536 -0.936931
-0.154651 0.119799 0.298226 -0.210035 -0.107107 -0.971809
-0.143713 0.072622 0.350484 -0.144308 -0.988615 -0.042608
-0.286198 0.122629 0.359758 -0.461618 -0.846966 0.263737
-0.133176 0.188654 0.329925 0.083268 0.970503 -0.226254
-0.056741 0.191915 0.307770 -0.296030 0.943738 -0.147393
-0.022153 0.148374 0.359108 0.208813 0.225760 0.951540
-0.019379 0.074783 0.333660 0.268574 -0.836142 0.478263
-0.037742 0.128802 0.269493 -0.083838 -0.470402 -0.878460
0.010557 0.113283 0.323731 0.710222 -0.701014 0.064526
0.039599 0.123740 0.311714 0.072884 -0.971392 0.226022
-0.384836 0.104801 0.427672 -0.040496 -0.996937 -0.066901
-0.387327 0.283140 0.445217 0.333790 -0.103933 -0.936900
-0.388692 0.269355 0.492497 0.842142 -0.243264 0.481269
-0.348020 0.421032 0.419073 0.434601 -0.471797 -0.767157
-0.347022 0.446048 0.500000 0.675202 -0.257070 0.691388
-0.263672 0.541238 0.362136 0.427125 -0.728008 -0.536253
-0.255964 0.583308 0.453374 0.527623 0.014631 0.849353
-0.203866 0.594903 0.315994 0.370061 -0.902520 -0.220254
-0.146649 0.663213 0.380763 0.650847 0.013526 0.759089
-0.156635 0.736871 0.287600 -0.366029 0.904681 0.218117
-0.435594 0.281509 0.498734 -0.655976 -0.101750 0.747892
-0.435205 0.274052 0.450651 -0.739056 -0.079171 -0.668975
-0.418254 0.487545 0.499063 -0.605889 0.345008 0.716846
-0.339229 0.665955 0.440668 -0.599729 0.691491 0.402698
-0.245108 0.742909 0.358050 0.005965 0.836691 0.547643
-0.196452 0.725039 0.315351 -0.029915 0.979779 -0.197831
-0.426577 0.448358 0.433127 -0.776396 -0.005845 -0.630219
-0.358020 0.594337 0.361152 -0.732644 0.043719 -0.679207
-0.264079 0.675130 0.275587 -0.640019 0.176256 -0.747870
0.109762 0.184816 0.144072 -0.309518 0.891564 -0.330625
0.116147 0.121395 0.103874 -0.052594 -0.149756 -0.987323
0.061916 0.107348 0.096651 -0.266093 -0.310418 -0.912598
0.051675 0.183167 0.164044 -0.423324 0.898884 0.113151
0.135737 0.146987 0.206117 0.530872 0.368830 0.762981
0.180318 0.174161 0.175530 0.247620 0.189586 0.950127
0.092592 0.141893 0.241116 0.112438 0.096812 0.988931
0.047537 0.110485 0.221912 -0.155026 0.369639 0.916152
0.028704 0.140627 0.172881 -0.724308 0.646464 -0.239714
0.025761 0.091065 0.141052 -0.428461 -0.306506 -0.849985
-0.242674 0.151066 0.264625 0.059358 0.188146 0.980346
-0.335636 0.264027 0.246592 0.065339 0.251980 0.965524
-0.358345 0.239411 0.234752 -0.871974 -0.428740 0.236314
-0.343085 0.257292 0.211045 -0.052870 0.024960 -0.998289
-0.310658 0.266949 0.224338 0.739063 0.635785 0.222627
-0.218369 0.187324 0.225166 0.422685 0.827655 -0.369221
-0.110965 0.088593 0.263437 0.126211 0.138454 0.982294
-0.257174 0.098465 0.246797 -0.593886 -0.760084 0.263765
-0.250237 0.137465 0.205665 -0.291041 -0.193568 -0.936924
-0.127866 0.074160 0.185265 -0.224717 -0.071324 -0.971810
-0.124785 0.025833 0.237522 -0.304021 -0.951714 -0.042568
-0.095418 0.138579 0.216963 0.240812 0.943817 -0.226317
-0.019475 0.129297 0.194809 -0.137727 0.979437 -0.147428
0.007526 0.080687 0.246146 0.242936 0.188560 0.951539
-0.001770 0.007630 0.220695 0.128222 -0.868807 0.478261
-0.011052 0.063927 0.156531 -0.159644 -0.450347 -0.878466
0.034056 0.040718 0.210769 0.586057 -0.807697 0.064529
0.064424 0.046290 0.198753 -0.086933 -0.970242 0.225994
-0.397811 0.409214 0.063492 -0.465362 0.883341 -0.056087
-0.357790 0.272609 0.100577 0.077719 0.248441 0.965524
-0.332696 0.274296 0.078324 0.769623 0.598418 0.222656
-0.244464 0.190199 0.079152 0.463154 0.805697 -0.369243
-0.270531 0.155187 0.118611 0.068612 0.184973 0.980346
-0.381685 0.249149 0.088738 -0.892129 -0.385050 0.236311
-0.365565 0.266256 0.065031 -0.051577 0.027517 -0.998290
-0.142086 0.086269 0.117419 0.109794 0.059504 0.992172
-0.278759 0.141978 0.059654 -0.300269 -0.178923 -0.936923
-0.158995 0.024266 0.091508 -0.350781 -0.935488 -0.042612
-0.287620 0.103372 0.100782 -0.630817 -0.729739 0.263726
-0.159670 0.072692 0.039250 -0.229813 -0.062069 -0.971253
-0.124078 0.135424 0.070949 0.275334 0.958625 0.072319
-0.048690 0.122392 0.047581 -0.165343 0.887889 -0.429320
-0.024126 0.072508 0.100132 0.270235 0.263439 0.926052
-0.037027 0.000000 0.074680 0.085065 -0.874078 0.478280
0.000394 0.031274 0.064755 0.545311 -0.835747 0.064517
-0.043515 0.056689 0.010517 -0.180892 -0.446812 -0.876149
0.017306 0.100287 0.075897 -0.140251 0.378035 0.915106
0.031000 0.035331 0.052738 -0.134874 -0.964731 0.226061
-0.005400 0.081967 -0.004963 -0.437771 -0.288955 -0.851388
-0.000009 0.131324 0.026866 -0.691509 0.681205 -0.240365
0.063869 0.129428 0.095101 0.117096 0.091124 0.988931
0.025046 0.172675 0.018030 -0.378298 0.918747 0.113113
0.083143 0.171444 -0.001942 -0.270299 0.902158 -0.336227
0.107205 0.132378 0.060103 0.548501 0.342091 0.762968
0.153084 0.157306 0.029516 0.287838 0.150467 0.945785
0.031516 0.096439 -0.049364 -0.281119 -0.296847 -0.912609
0.086380 0.107786 -0.042140 -0.059941 -0.146968 -0.987323
0.198510 0.222701 0.010025 0.318245 0.002549 0.948005
0.147965 0.243323 -0.037323 -0.973842 0.087854 0.209553
0.152918 0.277264 -0.113860 -0.941714 -0.315436 0.116940
0.147760 0.298732 -0.055200 -0.946739 -0.166204 0.275793
0.120997 0.265205 -0.163535 -0.977671 -0.207226 -0.034884
0.153346 0.255205 -0.250900 -0.443706 -0.273756 -0.853336
0.220898 0.305924 -0.243026 0.380643 -0.106201 -0.918603
-0.113458 0.780625 0.252955 -0.026117 0.993811 0.107966
-0.046889 0.747416 0.201618 0.221984 0.967533 0.120845
0.030197 0.756189 0.123492 0.022238 0.981417 0.190593
0.087240 0.768637 0.067273 -0.258586 0.824927 0.502622
-0.002121 0.703397 0.008182 -0.990507 -0.137447 -0.002075
0.141223 0.687607 0.109442 0.523386 0.597367 0.607634
0.100126 0.125990 0.298435 0.618613 -0.745194 0.249005
0.126504 0.177716 0.269507 0.792400 -0.609088 -0.033392
0.078354 0.206298 0.216836 0.068966 -0.318357 -0.945459
0.124499 0.038610 0.185474 0.488428 -0.836313 0.249034
0.158977 0.085324 0.156542 0.630922 -0.761665 -0.147659
0.165390 0.152283 0.084323 -0.207606 -0.385685 -0.898970
0.218415 0.128798 0.135639 0.423103 -0.897094 0.127305
0.191096 0.177624 0.055986 -0.106090 -0.538643 -0.835828
0.090622 0.024687 0.039459 0.446456 -0.859456 0.249022
0.127371 0.069640 0.010527 0.592426 -0.791982 -0.147635
0.137095 0.136195 -0.061691 -0.320199 -0.350746 -0.880028
0.188889 0.110114 -0.010371 0.400730 -0.906897 0.130204
0.164018 0.160238 -0.090029 -0.119829 -0.548055 -0.827814
0.183215 0.185626 0.025791 0.279139 0.132611 0.951050
0.241040 0.117857 -0.022041 0.652050 -0.755982 0.057633
0.250265 0.160079 -0.049374 0.691215 -0.722091 0.028405
0.165836 0.226850 -0.114606 0.289743 -0.005243 0.957090
0.119401 0.238191 -0.156064 -0.941256 0.226680 0.250305
0.157371 0.192771 -0.100800 0.283734 0.091752 0.954503
0.134930 0.164359 -0.097542 0.325511 0.180926 0.928067
0.163993 0.128108 -0.137808 0.511620 -0.858492 -0.035157
0.098418 0.136856 -0.070757 0.522503 0.223938 0.822705
0.123965 0.085123 -0.114168 0.767235 -0.637810 -0.067452
0.037494 0.095972 -0.166605 -0.234333 -0.335014 -0.912608
0.083547 0.112873 -0.160281 0.075892 -0.318739 -0.944799
0.059595 0.128710 -0.048589 0.012035 0.306029 0.951946
0.097940 0.041454 -0.088837 0.542093 -0.794659 0.273226
0.072535 0.167585 -0.125084 -0.334882 0.919099 -0.207633
0.024703 0.097472 -0.056930 0.019500 0.341168 0.939800
0.044926 0.042982 -0.077210 0.046378 -0.971980 0.230442
0.007391 0.078678 -0.127730 -0.382549 -0.354480 -0.853229
0.005700 0.122116 -0.099859 -0.800232 0.599652 -0.006808
-0.213597 0.141579 -0.054082 0.339427 0.865114 -0.369279
-0.300849 0.203029 -0.054808 0.673135 0.705235 0.222559
-0.231652 0.107896 -0.019533 0.040624 0.193055 0.980347
-0.322360 0.198339 -0.035320 0.040314 0.257184 0.965521
-0.328274 0.191830 -0.066445 -0.055088 0.019618 -0.998289
-0.111527 0.064776 -0.020577 0.099825 0.075017 0.992173
-0.102277 0.109668 -0.061263 0.128629 0.989101 0.071648
-0.239774 0.060818 -0.035144 -0.516437 -0.814683 0.263788
-0.340032 0.174936 -0.045688 -0.825688 -0.512204 0.236403
-0.237082 0.095395 -0.071154 -0.270637 -0.221186 -0.936927
-0.118181 0.008903 -0.043265 -0.209161 -0.976953 -0.042597
-0.009425 0.003615 -0.057995 0.212852 -0.852046 0.478238
-0.125008 0.050750 -0.089017 -0.220175 -0.098174 -0.970508
-0.035304 0.108101 -0.083142 -0.294317 0.853873 -0.429276
-0.007600 0.068069 -0.035713 0.228683 0.308002 0.923493
-0.022351 0.051872 -0.114178 -0.111051 -0.474859 -0.873027
0.018948 0.035522 -0.066690 0.662466 -0.746308 0.064522
0.231365 0.837961 -0.004500 0.167519 0.918361 0.358539
0.165645 0.865503 -0.014206 0.124659 0.978301 0.165489
0.215843 0.774636 0.030216 -0.241026 0.219330 0.945411
0.270067 0.742283 0.031132 0.338901 0.269610 0.901364
0.202798 0.728449 0.022635 0.757584 0.544575 0.359867
0.250941 0.692145 0.022059 -0.013054 -0.745056 0.666874
0.312303 0.800094 -0.036841 0.654413 0.458875 0.600981
0.299144 0.865220 -0.061621 -0.009000 0.929329 0.369142
0.350266 0.709103 0.000980 0.620197 0.221291 0.752586
0.321663 0.658689 -0.000573 0.827055 -0.083926 0.555820
0.382576 0.620316 -0.051125 0.362458 -0.180816 0.914292
0.419471 0.668611 -0.060053 0.866074 0.253739 0.430734
0.416619 0.585689 -0.118632 -0.473151 -0.799225 0.370631
0.458767 0.628639 -0.138190 0.997510 0.069770 -0.010265
0.371883 0.764742 -0.104189 0.828299 0.477713 0.292765
0.352473 0.825895 -0.130779 0.825645 -0.065825 0.560337
0.406340 0.722658 -0.186591 0.914491 0.373083 -0.156574
0.423248 0.590528 -0.223656 0.890372 -0.162732 -0.425154
0.385806 0.552572 -0.193118 -0.548237 -0.623468 0.557426
0.380765 0.786093 -0.217359 0.976073 -0.186179 0.112333
0.375884 0.684515 -0.272170 0.846865 0.088178 -0.524447
0.357132 0.567404 -0.295906 0.668171 -0.428181 -0.608448
0.327535 0.536385 -0.256878 -0.568684 -0.489415 0.661113
0.258189 0.540694 -0.311686 -0.537837 -0.584583 0.607449
0.356626 0.743355 -0.303557 0.844382 -0.463027 -0.269489
0.319541 0.653436 -0.343975 0.698654 -0.133912 -0.702816
0.278649 0.565451 -0.355754 0.427913 -0.474821 -0.769048
0.209324 0.561695 -0.342804 0.616575 -0.739886 -0.269080
0.306679 0.713468 -0.379380 0.514911 -0.688368 -0.510897
0.240541 0.650790 -0.396547 0.437535 -0.307059 -0.845150
0.223569 0.584978 -0.383204 -0.160575 -0.562654 -0.810948
0.164089 0.658289 -0.385022 0.858763 0.017591 -0.512072
0.187049 0.641582 -0.326773 0.377968 -0.342202 -0.860254
0.175935 0.765623 -0.410410 -0.638057 0.146230 -0.755976
0.218121 0.763009 -0.400420 0.624925 -0.004697 -0.780670
-0.011021 0.725209 -0.138873 -0.945894 0.254217 -0.201638
0.010582 0.683906 -0.228318 -0.925581 0.113309 -0.361194
0.052514 0.649375 -0.317211 -0.757162 0.076661 -0.648714
0.201719 0.522554 -0.301888 0.515232 -0.095446 -0.851719
0.198012 0.358786 0.111985 -0.776759 -0.569400 0.269125
0.160986 0.386646 0.179934 -0.999193 0.005378 -0.039808
0.160396 0.331470 0.057722 -0.960877 -0.165753 0.221902
0.179929 0.414502 0.249857 0.222324 0.316929 0.922024
0.179840 0.514602 0.182502 -0.212512 0.377983 0.901092
0.122592 0.359758 0.211084 -0.870832 0.463880 -0.162685
0.170099 0.286914 0.163446 -0.396396 -0.273092 -0.876522
0.170654 0.323225 0.265311 0.102681 0.362864 0.926168
0.108913 0.340360 0.221105 -0.820351 0.553139 0.145127
0.143091 0.274024 0.168944 -0.287488 -0.397418 -0.871441
0.156469 0.302910 0.291028 0.165125 0.188178 0.968154
0.094251 0.296546 0.236072 -0.902665 0.430054 -0.015762
0.121877 0.244820 0.197281 -0.375805 -0.246059 -0.893435
0.133031 0.268845 0.288492 0.203928 0.243925 0.948111
0.165953 0.247122 0.091578 -0.971598 0.042393 0.232809
0.199140 0.214225 0.044938 -0.221042 -0.623883 -0.749607
0.146614 0.234720 0.104277 -0.867361 0.496119 0.039385
0.146593 0.207830 0.123107 -0.872731 0.488150 0.007019
0.223077 0.229071 0.156039 0.163838 0.249764 0.954345
0.209009 0.203935 0.178066 0.205215 0.153990 0.966527
-0.382374 0.398478 0.209510 -0.508475 0.859238 -0.056239
0.112358 0.192608 -0.016760 -0.716742 0.621242 0.316763
0.119925 0.221402 -0.028981 -0.885233 0.457638 -0.083250
0.173869 0.196393 -0.101076 -0.375420 -0.463207 -0.802807
0.018615 0.790409 -0.032434 -0.572467 0.819806 0.014168
0.300764 0.594550 -0.192548 0.921125 0.049474 -0.386110
0.247899 0.796518 -0.048638 0.581751 0.749017 0.317080
0.307871 0.652368 -0.035727 0.904540 0.369473 0.212830
0.289756 0.749931 -0.134387 0.905483 0.419910 -0.061456
0.226728 0.687691 0.047241 0.543392 0.547718 0.636184
0.311246 0.524008 -0.180762 0.905794 0.018257 -0.423324
0.338356 0.569997 -0.029933 0.985394 0.170245 0.003776
0.297637 0.565112 0.110818 0.750234 0.419727 0.510860
0.338292 0.456466 0.138989 0.734250 0.427529 0.527349
0.170749 0.217759 0.248605 0.462132 -0.885633 -0.045700
0.213137 0.222693 0.236935 0.621621 -0.774800 0.115204
0.223449 0.256581 0.225346 0.684195 -0.684404 0.251929
0.361419 0.390583 0.164808 0.701783 -0.098380 0.705565
0.347822 0.428454 -0.020336 0.980432 0.177612 -0.084891
0.350630 0.369659 0.073817 0.859841 -0.285066 0.423570
0.270120 0.139110 0.123970 0.681933 -0.729183 0.057092
0.277241 0.181742 0.109191 0.804159 -0.582808 0.116885
0.398381 0.358252 0.002901 0.968941 -0.203223 0.140904
0.314850 0.364162 -0.169626 0.843953 0.016329 -0.536169
0.359421 0.310660 -0.071723 0.852695 -0.512519 -0.101174
0.354221 0.264059 -0.146407 0.834354 -0.450887 -0.317102
0.262699 0.238067 -0.242977 0.400778 -0.493523 -0.771889
0.294772 0.268792 -0.182293 0.534786 -0.600803 -0.594171
0.147888 0.200889 -0.211883 -0.348066 -0.495699 -0.795696
0.218726 0.179294 -0.166612 0.764954 -0.641663 0.055808
0.216190 0.141536 -0.151091 0.687703 -0.725792 0.017021
0.097947 0.215590 -0.147578 -0.935234 0.352449 -0.033420
0.134127 0.168307 -0.204848 -0.071220 -0.525151 -0.848024
0.123805 0.144016 -0.177401 -0.537426 -0.219479 -0.814250
0.095107 0.189679 -0.135823 -0.799771 0.508041 0.319784
0.022061 0.161158 -0.107599 -0.587554 0.801359 -0.112266
-0.374638 0.311474 -0.067790 -0.590371 0.805174 -0.056190
0.119486 0.815167 0.014362 0.140355 0.919880 0.366225
0.290665 0.707536 -0.232520 0.960167 -0.051432 -0.274653
0.185571 0.826214 -0.251887 -0.172320 0.982046 -0.076750
0.179982 0.743178 -0.439062 0.142575 0.921628 -0.360935
0.318200 0.825358 -0.305046 0.752946 0.648651 -0.111014
0.154577 0.852118 -0.030343 0.774286 0.569584 0.275782
0.145266 0.751519 -0.439115 0.940448 0.129032 -0.314498
0.175497 0.666496 -0.419660 0.056682 0.223896 -0.972963
0.219964 0.721466 -0.442730 -0.706099 -0.611297 -0.357407
0.158935 0.742559 -0.500000 -0.240114 0.832086 -0.499979
0.238397 0.710935 -0.469108 0.038289 0.664871 -0.745976
0.337259 0.709920 -0.395991 0.771749 -0.197838 -0.604371
0.281769 0.785163 -0.437014 0.005264 0.780891 -0.624646
0.391239 0.743917 -0.313221 0.930764 0.030046 -0.364383
0.339562 0.809150 -0.345475 0.338220 0.818574 -0.464268
0.386697 0.834279 -0.124062 0.234634 0.971923 -0.017693
0.416167 0.790674 -0.218877 0.978931 0.192393 -0.068401
0.329021 0.876359 -0.047450 0.171477 0.957044 -0.233801
0.365968 0.850377 -0.248311 0.286100 0.936814 -0.201312
