 -0.186213   0.826216  -0.240881
 -0.099271   0.750740  -0.038589
 -0.035891   0.130536   0.277308
  0.026460   0.077686   0.238912
 -0.108642   0.086261   0.018084
 -0.107252   0.080069  -0.111248
 -0.029718   0.690359   0.123245
  0.145823   0.149147   0.336817
  0.183325   0.138335   0.232427
  0.089134   0.092194   0.065016
  0.082905   0.073431  -0.061211
  0.285370   0.566816   0.384623
  0.323625   0.237199   0.341139
  0.301419   0.236901   0.227658
  0.282911   0.209602   0.078347
  0.249591   0.147631  -0.049368
  0.388798   0.144383   0.440064
  0.452746   0.361319   0.329864
  0.378897   0.352838   0.220420
  0.403004   0.357940   0.075711
  0.366636   0.252624  -0.059766
