  0.185572   0.826216  -0.251889
  0.097706   0.752142  -0.041249
  0.294064   0.257656   0.179341
  0.267813   0.111574   0.105884
  0.084465   0.031733   0.024921
  0.088942   0.017899  -0.073024
  0.027414   0.692884   0.127263
  0.062347   0.267166   0.250044
  0.082321   0.164344   0.157484
 -0.064224   0.117927   0.046740
 -0.076360   0.094517  -0.071947
 -0.288529   0.562472   0.387655
 -0.241592   0.271415   0.313400
 -0.200004   0.232969   0.199743
 -0.259589   0.227027   0.063748
 -0.242719   0.174730  -0.063597
 -0.389622   0.137800   0.438840
 -0.436435   0.274000   0.353514
 -0.383792   0.282855   0.242087
 -0.406777   0.313385   0.086062
 -0.375936   0.240251  -0.053961
