4 5
5 4
6 226
23 26
25 27
26 23
27 25
28 30
30 28
31 37
32 33
32 35
32 36
33 32
33 35
33 36
35 32
35 33
35 36
36 32
36 33
36 35
37 31
37 39
39 37
45 48
48 45
51 52
51 61
52 51
52 60
60 52
60 61
61 51
61 60
69 244
70 119
72 77
74 246
76 92
76 95
77 72
77 78
77 91
78 77
78 94
79 86
80 81
80 82
80 83
81 80
81 82
82 80
82 81
82 83
83 80
83 82
86 79
91 77
92 76
92 95
94 78
95 76
95 92
96 142
98 99
98 102
98 103
99 98
99 102
99 103
101 107
102 98
102 99
102 103
103 98
103 99
103 102
104 109
105 107
107 101
107 105
109 104
110 118
111 113
112 113
113 111
113 112
113 116
114 117
115 118
116 113
117 114
118 110
118 115
119 70
120 121
121 120
122 123
123 122
123 152
124 164
124 167
124 168
124 170
124 185
126 152
127 249
128 129
129 128
130 156
142 96
146 242
149 151
150 153
151 149
151 250
152 123
152 126
153 150
153 154
154 153
155 157
156 130
156 278
156 281
157 155
157 158
158 157
158 281
159 161
160 164
161 159
161 165
162 163
163 162
164 124
164 160
164 167
165 161
166 281
166 282
167 124
167 164
167 168
167 170
167 185
168 124
168 167
168 187
169 170
169 186
170 124
170 167
170 169
170 282
171 173
171 180
172 174
172 175
172 179
173 171
173 178
174 172
174 175
174 179
175 172
175 174
175 179
176 181
178 173
178 180
179 172
179 174
179 175
180 171
180 178
181 176
182 186
182 187
185 124
185 167
186 169
186 182
187 168
187 182
189 289
190 192
191 192
191 193
192 190
192 191
193 191
193 256
195 301
196 197
197 196
197 254
203 299
205 206
206 205
207 300
209 210
210 209
211 214
212 297
214 211
215 218
216 295
218 215
219 291
221 287
221 290
226 6
227 229
229 227
232 235
233 236
234 237
235 232
235 238
236 233
236 239
237 234
237 240
238 235
239 236
240 237
241 243
242 146
243 241
243 244
244 69
244 243
246 74
248 249
249 127
249 248
250 151
254 197
256 193
261 262
262 261
262 263
263 262
267 268
268 267
275 279
276 277
277 276
278 156
278 281
279 275
279 280
280 279
281 156
281 158
281 166
281 278
282 166
282 170
287 221
287 290
287 293
288 298
289 189
290 221
290 287
291 219
292 294
293 287
294 292
295 216
297 212
298 288
299 203
300 207
301 195
