0 1
0 2
0 3
0 134
0 135
0 136
0 137
0 138
1 0
1 2
1 99
1 3
1 101
2 0
2 1
2 98
2 101
2 138
3 0
3 1
3 99
3 135
3 139
4 65
4 5
4 6
4 60
4 61
5 65
5 4
5 6
5 7
5 60
5 61
6 65
6 4
6 5
6 7
6 8
6 10
6 75
7 65
7 5
7 6
7 8
7 74
8 6
8 7
8 9
8 10
8 11
8 74
8 76
9 8
9 10
9 75
9 11
9 78
9 79
10 8
10 9
10 75
10 6
11 8
11 9
11 107
11 76
11 77
11 79
12 13
12 14
12 109
12 114
12 115
12 84
12 55
12 125
13 130
13 134
13 136
13 12
13 14
13 125
13 126
14 98
14 136
14 137
14 138
14 12
14 13
14 84
15 16
15 17
15 18
15 19
15 20
15 21
15 23
15 120
16 15
16 17
16 18
16 19
16 22
16 23
16 59
17 15
17 16
17 120
17 121
17 59
17 124
18 15
18 16
18 19
18 20
18 59
19 15
19 48
19 16
19 18
19 22
19 23
19 24
19 25
20 33
20 38
20 15
20 112
20 113
20 18
20 51
20 21
20 59
21 33
21 34
21 15
21 20
21 117
21 118
21 119
21 120
21 121
21 124
22 16
22 48
22 19
22 23
22 25
23 15
23 16
23 19
23 22
23 25
24 48
24 25
24 26
24 19
25 48
25 19
25 22
25 23
25 24
25 26
25 27
26 32
26 48
26 24
26 25
26 27
26 28
26 29
27 32
27 48
27 25
27 26
27 29
28 32
28 26
28 29
28 30
28 31
29 32
29 26
29 27
29 28
29 30
29 31
30 28
30 29
30 31
31 32
31 28
31 29
31 30
32 48
32 26
32 27
32 28
32 29
32 31
33 34
33 35
33 36
33 38
33 20
33 21
34 33
34 35
34 38
34 50
34 117
34 21
35 33
35 34
35 36
35 37
35 38
35 39
36 33
36 35
36 37
36 38
36 39
36 40
37 35
37 36
37 39
37 40
37 41
37 45
38 33
38 34
38 35
38 36
38 39
38 50
38 51
38 20
39 35
39 36
39 37
39 38
39 40
39 45
40 36
40 37
40 39
40 41
40 42
40 45
41 37
41 40
41 42
41 43
41 44
41 45
42 40
42 41
42 43
42 44
42 45
42 46
43 41
43 42
43 44
43 46
43 47
43 49
44 41
44 42
44 43
44 45
44 46
44 49
45 37
45 39
45 40
45 41
45 42
45 44
46 42
46 43
46 44
46 47
46 49
47 49
47 43
47 46
48 32
48 19
48 22
48 24
48 25
48 26
48 27
49 43
49 44
49 46
49 47
50 34
50 38
50 51
50 52
50 53
50 54
50 55
50 116
50 117
50 118
50 119
51 96
51 97
51 38
51 112
51 50
51 20
51 53
51 57
52 50
52 116
52 53
52 56
52 57
52 58
53 50
53 51
53 52
53 56
53 57
53 88
54 116
54 50
54 58
54 55
55 12
55 109
55 50
55 115
55 54
55 119
55 58
56 69
56 52
56 53
56 88
56 57
56 63
57 97
57 69
57 51
57 52
57 53
57 56
57 58
57 88
58 97
58 108
58 109
58 110
58 111
58 116
58 52
58 54
58 55
58 57
59 16
59 113
59 18
59 17
59 20
59 124
60 65
60 5
60 4
60 61
61 5
61 60
61 4
62 64
62 68
62 69
62 88
62 63
63 64
63 66
63 67
63 68
63 69
63 88
63 56
63 62
64 66
64 67
64 68
64 70
64 73
64 62
64 63
65 4
65 5
65 6
65 7
65 74
65 75
65 60
66 64
66 67
66 68
66 70
66 71
66 73
66 63
67 64
67 66
67 70
67 63
68 64
68 66
68 69
68 62
68 63
69 68
69 88
69 57
69 56
69 62
69 63
70 64
70 66
70 67
70 71
70 72
70 73
71 72
71 73
71 66
71 70
72 73
72 70
72 71
73 64
73 66
73 70
73 71
73 72
74 65
74 7
74 8
74 75
74 76
75 65
75 6
75 9
75 74
75 10
75 76
75 78
76 8
76 74
76 75
76 11
76 77
76 78
76 83
77 103
77 107
77 11
77 76
77 83
78 9
78 75
78 76
78 79
78 83
79 133
79 9
79 106
79 11
79 107
79 78
79 83
80 81
80 82
80 85
80 86
80 87
80 89
80 90
81 102
81 105
81 111
81 80
81 82
81 86
82 102
82 105
82 80
82 81
82 86
82 89
83 100
83 103
83 106
83 76
83 77
83 78
83 79
84 96
84 97
84 98
84 104
84 12
84 109
84 14
85 80
85 86
85 87
85 89
85 90
85 91
86 102
86 80
86 81
86 82
86 85
86 89
87 80
87 85
87 90
87 91
87 92
88 69
88 53
88 56
88 57
88 62
88 63
89 80
89 82
89 85
89 86
89 90
90 80
90 85
90 87
90 89
90 91
90 92
90 93
91 85
91 87
91 90
91 92
91 93
91 94
92 87
92 90
92 91
92 93
92 94
92 95
93 90
93 91
93 92
93 94
93 95
94 91
94 92
94 93
94 95
95 92
95 93
95 94
96 97
96 98
96 99
96 100
96 101
96 112
96 51
96 84
97 96
97 102
97 104
97 111
97 51
97 84
97 57
97 58
98 96
98 2
98 101
98 138
98 14
98 84
99 96
99 1
99 3
99 100
99 101
99 103
99 139
100 96
100 99
100 103
100 106
100 112
100 83
101 96
101 1
101 98
101 2
101 99
102 97
102 104
102 105
102 111
102 81
102 82
102 86
103 99
103 100
103 107
103 140
103 77
103 139
103 83
104 97
104 102
104 105
104 109
104 110
104 111
104 84
105 102
105 104
105 111
105 81
105 82
106 129
106 131
106 100
106 133
106 79
106 112
106 113
106 83
107 133
107 103
107 11
107 140
107 77
107 79
108 58
108 109
108 110
109 104
109 108
109 12
109 110
109 84
109 55
109 58
110 104
110 108
110 109
110 111
110 58
111 97
111 102
111 104
111 105
111 110
111 81
111 58
112 96
112 100
112 106
112 113
112 51
112 20
113 129
113 106
113 112
113 20
113 59
113 124
114 115
114 12
114 125
114 126
115 12
115 114
115 55
115 119
115 122
115 123
115 126
116 58
116 52
116 50
116 54
117 50
117 34
117 21
117 118
118 50
118 21
118 117
118 119
119 50
119 115
119 21
119 118
119 55
119 122
119 124
120 121
120 21
120 17
120 15
121 120
121 17
121 124
121 21
122 128
122 129
122 115
122 119
122 123
122 124
122 127
123 122
123 115
123 126
123 127
124 129
124 17
124 113
124 21
124 119
124 121
124 122
124 59
125 114
125 12
125 13
125 126
126 130
126 13
126 114
126 115
126 123
126 125
126 127
127 128
127 129
127 130
127 131
127 122
127 123
127 126
128 129
128 122
128 127
129 128
129 131
129 106
129 113
129 122
129 124
129 127
130 131
130 132
130 134
130 13
130 126
130 127
131 129
131 130
131 132
131 133
131 106
131 127
132 130
132 131
132 133
132 134
132 135
132 139
132 140
133 131
133 132
133 106
133 107
133 140
133 79
134 0
134 130
134 132
134 135
134 136
134 13
135 0
135 3
135 132
135 134
135 139
136 0
136 134
136 137
136 13
136 14
137 136
137 0
137 138
137 14
138 0
138 98
138 2
138 137
138 14
139 99
139 132
139 3
139 103
139 135
139 140
140 132
140 133
140 103
140 107
140 139
