  0.169548   0.918819  -0.395860
  0.117873   0.846289  -0.158338
  0.234550   0.357473   0.232027
 -0.170262   0.103949   0.276416
 -0.235982   0.070595   0.128254
 -0.072253   0.122840  -0.114189
  0.076533   0.788265   0.031680
  0.046716   0.260209   0.349262
 -0.274081   0.118042   0.316358
 -0.320582   0.103985   0.143933
 -0.211630   0.120023  -0.084098
 -0.096075   0.786596   0.234594
 -0.134674   0.242863   0.438700
 -0.358259   0.166127   0.335896
 -0.379686   0.158991   0.154097
 -0.324938   0.133511  -0.051858
 -0.303293   0.731776   0.369229
 -0.297576   0.344108   0.483396
 -0.439145   0.227501   0.351532
 -0.439960   0.217276   0.166967
 -0.427779   0.190564  -0.032257
