 -0.077602   0.888647  -0.405405
 -0.447276   0.828873  -0.526951
  0.054889   0.156070  -0.147283
 -0.028654   0.162185   0.184322
 -0.077601   0.220650   0.234198
 -0.124911   0.722190  -0.032263
 -0.743015   0.781053  -0.624189
  0.182854   0.105854  -0.113759
  0.150801   0.110406   0.232129
  0.051492   0.248541   0.319943
  0.069053   0.772521   0.124395
 -0.871319   0.728342  -0.721341
  0.296435   0.113363  -0.082885
  0.299827   0.114488   0.272802
  0.187217   0.245770   0.403697
  0.231553   0.752390   0.252838
 -0.938431   0.703328  -0.781694
  0.389763   0.161943  -0.056644
  0.434098   0.192944   0.310901
  0.292421   0.322778   0.470500
  0.344404   0.664064   0.335393
