0 1
0 2
0 135
0 136
0 137
0 138
0 139
0 140
1 0
1 2
1 135
1 114
1 21
2 0
2 1
2 133
2 136
2 114
3 32
3 33
3 4
3 5
3 6
3 7
4 32
4 33
4 3
4 5
4 6
5 33
5 3
5 4
6 32
6 3
6 4
6 7
6 8
7 32
7 3
7 6
7 8
7 9
7 31
8 32
8 34
8 35
8 6
8 7
8 9
8 10
8 11
9 8
9 10
9 31
9 7
10 8
10 9
10 11
10 12
10 30
10 31
11 35
11 8
11 10
11 12
11 111
11 112
12 134
12 10
12 11
12 108
12 109
12 112
12 30
13 67
13 14
13 15
13 16
13 17
13 120
13 122
14 67
14 70
14 13
14 15
14 18
14 19
14 117
15 13
15 14
15 117
15 118
15 119
15 122
15 123
15 124
16 66
16 36
16 68
16 106
16 13
16 17
16 86
16 23
16 120
16 121
16 27
17 16
17 67
17 68
17 13
18 67
18 69
18 70
18 14
18 19
19 18
19 67
19 14
20 115
20 116
20 21
20 22
20 23
20 24
20 25
20 117
21 1
21 135
21 110
21 114
21 115
21 20
21 22
22 135
22 140
22 116
22 20
22 21
23 36
23 38
23 16
23 20
23 24
23 25
23 26
23 27
24 38
24 107
24 109
24 115
24 20
24 23
25 67
25 69
25 70
25 73
25 20
25 117
25 23
25 26
26 66
26 67
26 87
26 23
26 25
26 27
26 28
26 29
27 66
27 16
27 23
27 87
27 26
27 29
28 87
28 88
28 26
28 59
28 60
28 29
29 60
29 87
29 88
29 26
29 27
29 28
30 35
30 10
30 108
30 12
30 31
31 32
31 34
31 35
31 7
31 9
31 10
31 30
32 33
32 34
32 3
32 4
32 6
32 7
32 8
32 31
33 32
33 3
33 4
33 5
34 32
34 8
34 35
34 31
35 34
35 8
35 11
35 108
35 111
35 30
35 31
36 37
36 38
36 39
36 40
36 16
36 86
36 23
36 92
37 36
37 38
37 39
37 86
37 91
37 92
38 36
38 37
38 102
38 107
38 48
38 50
38 23
38 24
38 91
39 36
39 37
39 40
39 41
39 92
39 93
40 36
40 39
40 41
40 42
40 92
40 93
41 39
41 40
41 42
41 44
41 93
41 94
42 40
42 41
42 43
42 44
42 93
42 94
43 42
43 44
43 45
43 94
43 95
44 41
44 42
44 43
44 45
44 46
44 94
44 95
45 43
45 44
45 46
45 47
45 95
46 44
46 45
46 95
46 47
47 45
47 46
47 95
48 102
48 38
48 49
48 50
48 51
48 52
49 98
49 102
49 48
49 50
49 52
50 98
50 38
50 104
50 107
50 48
50 49
51 96
51 101
51 102
51 48
51 52
51 53
51 54
52 96
52 101
52 102
52 48
52 49
52 51
52 53
53 96
53 51
53 52
53 54
53 55
53 56
54 96
54 51
54 53
54 55
55 96
55 97
55 99
55 53
55 54
55 56
55 57
55 58
56 96
56 97
56 99
56 53
56 55
56 57
57 99
57 100
57 55
57 56
57 58
58 57
58 99
58 100
58 55
59 60
59 88
59 28
59 61
59 62
60 61
60 88
60 59
60 28
60 29
61 88
61 89
61 90
61 59
61 60
61 62
61 63
62 64
62 88
62 89
62 90
62 59
62 61
62 63
63 64
63 65
63 90
63 61
63 62
64 65
64 90
64 62
64 63
65 64
65 90
65 63
66 67
66 68
66 16
66 87
66 26
66 27
67 66
67 68
67 69
67 13
67 14
67 17
67 18
67 19
67 25
67 26
68 16
68 17
68 66
68 67
69 67
69 70
69 71
69 72
69 73
69 18
69 25
70 69
70 71
70 73
70 14
70 18
70 117
70 25
71 69
71 70
71 72
71 73
71 85
72 69
72 71
72 73
72 74
72 75
72 85
73 69
73 70
73 71
73 72
73 75
73 85
73 25
74 72
74 75
74 76
74 77
74 83
74 84
74 85
75 72
75 73
75 74
75 77
75 84
75 85
76 74
76 77
76 78
76 79
76 83
77 74
77 75
77 76
77 78
77 83
77 84
78 76
78 77
78 79
78 80
78 82
78 83
79 76
79 78
79 80
79 81
79 82
79 83
80 81
80 82
80 78
80 79
81 80
81 82
81 79
82 78
82 79
82 80
82 81
82 83
83 74
83 76
83 77
83 78
83 79
83 82
83 84
84 74
84 75
84 77
84 83
84 85
85 71
85 72
85 73
85 74
85 75
85 84
86 36
86 37
86 106
86 16
86 91
86 92
87 66
87 88
87 26
87 27
87 28
87 29
88 60
88 29
88 87
88 89
88 59
88 28
88 61
88 62
89 88
89 90
89 61
89 62
90 64
90 65
90 89
90 61
90 62
90 63
91 37
91 38
91 103
91 104
91 105
91 102
91 106
91 86
91 120
91 121
92 36
92 37
92 39
92 40
92 86
92 93
93 39
93 40
93 41
93 42
93 92
93 94
94 41
94 42
94 43
94 44
94 93
94 95
95 43
95 44
95 45
95 46
95 47
95 94
96 97
96 101
96 51
96 52
96 53
96 54
96 55
96 56
97 56
97 99
97 96
97 55
98 102
98 103
98 104
98 105
98 49
98 50
99 97
99 100
99 55
99 56
99 57
99 58
100 57
100 58
100 99
101 96
101 51
101 52
101 102
102 98
102 101
102 38
102 103
102 48
102 49
102 51
102 52
102 91
103 105
103 98
103 91
103 102
104 98
104 131
104 105
104 107
104 50
104 120
104 91
104 125
105 104
105 98
105 91
105 103
106 16
106 121
106 91
106 86
107 131
107 38
107 104
107 109
107 50
107 24
108 35
108 12
108 109
108 110
108 111
108 115
108 30
109 131
109 132
109 134
109 107
109 108
109 12
109 115
109 24
110 108
110 111
110 112
110 113
110 114
110 115
110 21
111 35
111 11
111 108
111 110
111 112
112 134
112 11
112 12
112 110
112 111
112 113
113 133
113 134
113 110
113 112
113 114
114 1
114 2
114 133
114 110
114 113
114 21
115 108
115 109
115 110
115 20
115 21
115 24
116 139
116 140
116 20
116 117
116 118
116 22
117 70
117 14
117 15
117 116
117 20
117 118
117 25
118 137
118 138
118 139
118 15
118 116
118 117
118 119
119 128
119 136
119 137
119 15
119 118
119 124
119 127
120 104
120 13
120 16
120 121
120 122
120 91
120 125
121 120
121 16
121 106
121 91
122 13
122 15
122 120
122 123
122 125
122 126
122 127
123 122
123 124
123 127
123 15
124 123
124 119
124 127
124 15
125 129
125 130
125 131
125 104
125 120
125 122
125 126
126 122
126 130
126 125
126 127
127 128
127 130
127 119
127 122
127 123
127 124
127 126
128 130
128 132
128 133
128 136
128 119
128 127
129 130
129 131
129 125
130 128
130 129
130 131
130 132
130 125
130 126
130 127
131 129
131 130
131 132
131 104
131 107
131 109
131 125
132 128
132 130
132 131
132 133
132 134
132 109
133 128
133 2
133 132
133 134
133 136
133 113
133 114
134 132
134 133
134 12
134 109
134 112
134 113
135 0
135 1
135 140
135 21
135 22
136 128
136 0
136 2
136 133
136 137
136 119
137 0
137 136
137 138
137 118
137 119
138 0
138 137
138 139
138 118
139 0
139 138
139 140
139 116
139 118
140 0
140 135
140 139
140 116
140 22
