-0.077601 0.888649 -0.405404 -0.132019 0.760103 -0.636250
0.171293 0.867072 -0.203075 0.714181 0.635072 -0.294328
0.143225 0.670872 -0.449481 0.805136 0.162875 -0.570287
0.039331 0.970017 -0.041919 0.206373 0.975356 -0.078041
0.274715 0.717415 0.352215 -0.227367 -0.635703 0.737690
0.304376 0.767282 0.320043 0.516330 0.769145 0.376588
0.181142 0.737819 0.339383 0.019180 -0.226642 0.973789
0.237543 0.827685 0.281058 0.865951 0.447797 0.222724
0.226975 0.853997 0.273795 0.348102 0.916182 0.198584
0.053328 0.730922 0.292853 -0.529281 -0.306361 0.791205
0.154680 0.732643 0.354690 -0.281134 -0.462598 0.840813
0.124211 0.898388 0.195141 -0.038092 0.972040 0.231705
-0.185974 0.421796 -0.369688 -0.602670 -0.244824 -0.759507
-0.249078 0.742783 -0.285841 -0.894700 -0.445997 -0.024467
-0.162892 0.640858 -0.394703 -0.013480 -0.910891 -0.412427
-0.207057 0.231522 0.252795 -0.375759 -0.924170 -0.068669
-0.120183 0.416532 0.330765 -0.183866 0.589103 0.786862
-0.313753 0.386213 0.214155 -0.620365 0.099948 0.777919
-0.060957 0.321486 0.170391 0.729353 0.127879 -0.672080
0.067161 0.225716 0.263628 0.634630 0.124229 -0.762766
-0.114076 0.383553 0.108580 0.981177 -0.169135 -0.093195
-0.308810 0.335067 0.056265 -0.752938 -0.397695 0.524331
-0.005218 0.327813 0.482434 -0.086334 0.451761 0.887952
-0.043483 0.139949 0.377181 -0.552438 -0.682159 0.479032
0.180233 0.214715 0.322509 0.541089 0.478165 -0.691796
0.141270 0.159011 0.424536 0.045715 -0.913854 0.403462
0.196317 0.223337 0.363003 0.750930 0.330677 -0.571626
0.168888 0.188624 0.432011 0.345641 -0.730719 0.588712
0.252193 0.249151 0.395687 -0.162776 0.804298 -0.571498
0.239564 0.231920 0.440011 0.520961 -0.728104 0.445493
0.333208 0.347008 0.438727 0.953997 0.057650 0.294221
0.217947 0.283485 0.500000 -0.248327 0.924653 0.288706
0.145873 0.278622 0.496616 0.122687 0.856166 0.501924
-0.107351 0.303456 0.166702 -0.313417 0.218967 0.924026
-0.259218 0.136211 0.079713 -0.535912 -0.768668 0.349209
-0.043704 0.024432 0.201345 -0.541804 -0.746241 0.386747
0.033449 0.202960 0.258563 0.184274 0.687787 0.702134
0.129162 0.011799 0.249782 -0.145084 -0.841825 0.519886
-0.078718 0.213815 0.044139 0.611103 -0.256977 -0.748676
0.078802 0.097623 0.121151 0.424849 0.066390 -0.902826
0.151944 0.173118 0.296030 0.214540 0.953487 0.211746
0.166973 0.034608 0.258951 0.156479 -0.789406 0.593593
0.192248 0.139278 0.299502 0.261940 0.571061 0.777995
0.339765 0.108412 0.294803 0.272994 -0.750893 0.601360
0.232751 0.075759 0.201804 0.505702 0.181296 -0.843444
0.209237 0.091658 0.171265 0.574668 0.197145 -0.794286
0.318368 0.145954 0.311853 -0.133280 0.938838 -0.317523
0.478875 0.229797 0.312780 0.878667 0.356610 0.317449
0.113061 0.296338 0.497392 0.302244 0.952795 0.028819
0.349905 0.114757 0.259608 0.108160 0.461535 -0.880504
-0.300400 0.245638 -0.123644 -0.699100 -0.662180 -0.269771
-0.125085 0.313159 -0.025668 0.985402 0.011367 0.169863
-0.173605 0.089751 -0.047806 -0.427014 -0.904224 0.006108
-0.099210 0.208286 0.040887 -0.353908 0.155079 0.922334
-0.307844 0.320462 -0.255827 -0.856235 0.051311 -0.514031
-0.238104 0.304422 -0.226792 -0.850850 -0.150770 -0.503312
0.013262 0.011804 0.030800 -0.344430 -0.938454 0.025932
-0.022493 0.178753 -0.099490 0.670607 -0.021746 -0.741494
-0.238051 0.206415 -0.231417 -0.227025 -0.827132 -0.514114
-0.156463 0.456545 0.257402 0.271410 0.826831 0.492632
0.316493 0.703626 0.257287 -0.046712 -0.521771 -0.851806
0.371134 0.650071 0.327526 0.872861 -0.248099 0.420191
0.178477 0.111532 0.143373 0.180184 0.938818 0.293522
0.187884 0.000560 0.100050 -0.083543 -0.978851 0.186741
0.214002 0.102879 0.140099 -0.024403 0.483436 0.875039
0.265837 0.708180 0.297706 0.772301 -0.600403 -0.207527
0.261009 0.074608 0.034687 0.487162 -0.077221 -0.869891
0.231736 0.000000 0.120860 0.283304 -0.887156 0.364270
0.248610 0.080944 0.005432 0.615940 0.447745 -0.648184
0.128717 0.108624 -0.072737 0.477801 0.273765 -0.834721
0.330723 0.057531 0.127708 0.539329 -0.721610 0.434055
0.323001 0.085145 0.061233 0.310680 0.256060 -0.915375
0.454619 0.210819 0.138501 0.968915 0.247196 -0.009868
0.315306 0.118433 0.139512 -0.293968 0.933523 0.205225
0.272164 0.712809 0.167077 0.904247 0.295322 -0.308420
0.254863 0.684793 0.190027 0.120632 -0.989694 0.077159
0.176160 0.756021 0.075146 0.672411 0.162973 -0.722014
0.084110 0.794247 0.010855 0.649965 0.418416 -0.634408
0.131188 0.658133 0.123949 -0.068729 -0.996086 0.055584
-0.074292 0.750810 0.159351 -0.542967 -0.001584 0.839752
0.226613 0.042568 -0.107794 0.074722 -0.986801 0.143668
0.034557 0.040609 -0.163463 -0.326438 -0.944393 0.039503
0.145564 0.119669 -0.227648 0.507286 0.370073 -0.778272
0.032867 0.667836 0.068933 0.584058 -0.811520 -0.017638
-0.054903 0.408011 -0.358648 0.726960 -0.251868 -0.638821
0.240985 0.142393 -0.054508 -0.030796 0.659278 0.751268
0.106437 0.141586 -0.067980 -0.116243 0.585109 0.802580
0.264804 0.056798 -0.091984 0.240004 -0.884797 0.399415
0.038559 0.146973 0.102614 0.031733 0.690450 0.722684
0.264213 0.119982 -0.179940 0.225115 0.835667 -0.500984
0.286152 0.117162 -0.153901 0.665743 -0.016129 -0.746007
0.268952 0.136569 -0.054389 0.022962 0.695541 0.718119
0.332360 0.086888 -0.073319 0.477865 -0.842220 0.249622
0.340656 0.122550 -0.115569 0.292057 0.722242 -0.626953
0.319299 0.132513 -0.050833 -0.283781 0.759496 0.585350
0.433011 0.188332 -0.042016 0.947631 0.126819 0.293107
-0.034142 0.468764 -0.173930 0.952252 -0.280759 0.119957
-0.090579 0.282752 -0.160449 0.948237 -0.111827 0.297223
0.020454 0.697184 -0.370717 0.788928 -0.607639 -0.091469
0.081321 0.859782 -0.143007 0.848471 -0.369055 0.379336
-0.051845 0.581579 -0.058109 0.888289 -0.388765 0.244549
0.069191 0.787121 -0.253766 0.765152 -0.593724 0.249065
-0.028132 0.212473 -0.138876 0.056477 0.610205 0.790228
0.040324 0.788136 -0.070985 0.996897 0.041159 -0.067098
-0.058305 0.241199 -0.287981 0.738020 -0.068217 -0.671321
0.009198 0.199787 -0.259498 0.351001 -0.051684 -0.934948
-0.136752 0.634839 0.134186 0.165269 -0.142881 0.975844
-0.030409 0.900334 0.063973 -0.113187 0.979294 0.167846
-0.237349 0.279505 -0.350886 -0.815701 0.254387 -0.519537
-0.164599 0.260676 -0.320171 -0.220770 -0.191770 -0.956287
-0.196511 0.172562 -0.313212 -0.126469 -0.614371 -0.778815
-0.103997 0.095417 -0.224705 -0.378860 -0.911613 0.159456
-0.077725 0.500728 0.034930 0.950673 -0.114719 0.288202
-0.143768 0.552664 0.159726 0.242773 0.475400 0.845610
-0.344539 0.595969 -0.386231 -0.018128 0.920476 -0.390378
-0.303467 0.483020 -0.249645 -0.826658 -0.483985 -0.287045
-0.269234 0.185305 -0.186828 -0.752379 -0.625107 -0.207769
-0.394401 0.254931 -0.035698 -0.856385 -0.477207 0.197177
-0.421432 0.363193 -0.075481 -0.700655 0.625323 -0.343591
-0.310412 0.338253 -0.055325 -0.950833 -0.093207 -0.295347
-0.358333 0.329574 0.137575 -0.760762 -0.624048 0.178338
-0.424945 0.449145 0.084836 -0.989139 0.127917 -0.072397
-0.353130 0.525509 -0.083816 -0.979940 -0.194713 0.042469
-0.478875 0.622563 -0.253545 -0.194366 0.899790 -0.390639
-0.346569 0.423019 0.141952 -0.811433 0.440574 0.384019
-0.200628 0.467983 -0.289878 -0.448074 0.684534 -0.575016
-0.272778 0.476283 -0.237184 -0.673696 0.633387 -0.380729
-0.307677 0.554018 -0.084015 -0.690168 0.676898 -0.255886
-0.372594 0.704068 -0.066149 -0.531358 0.847105 -0.008457
-0.294408 0.564004 0.082537 -0.686426 0.409054 0.601244
-0.240791 0.821561 -0.169716 -0.986336 0.160187 0.038501
-0.270836 0.719406 0.031236 -0.823198 0.429878 0.370876
-0.148458 0.895383 -0.081901 -0.575565 0.453129 0.680734
-0.163298 0.746772 0.101030 -0.563515 0.540614 0.624650
-0.315681 0.848817 -0.146894 -0.721873 0.677570 -0.140708
-0.167459 0.949229 -0.030226 -0.312239 0.949994 -0.004203
-0.365790 0.682172 -0.313667 -0.774792 0.298865 -0.557115
-0.191220 0.572693 -0.463998 -0.415178 0.103877 -0.903790
0.018831 0.598224 -0.500000 0.125968 -0.330864 -0.935233
0.022418 0.907531 -0.087267 0.387389 -0.071605 0.919131
-0.084238 0.892594 -0.007069 -0.109869 0.901915 0.417706
