0.169550 0.918817 -0.395858 0.164428 0.770859 -0.615419
0.015660 0.983397 -0.016134 -0.189993 0.979920 -0.060494
0.230453 0.958029 0.003080 0.336327 0.939609 0.063392
-0.206745 0.764545 0.379554 0.188327 -0.596912 0.779891
-0.256451 0.820420 0.340020 -0.691583 0.709650 0.134572
-0.338825 0.694826 0.370664 -0.794274 -0.360629 0.488953
-0.184075 0.867015 0.322259 -0.465075 0.747310 0.474586
-0.133707 0.768641 0.383015 -0.453922 -0.374812 0.808375
-0.170718 0.893362 0.314693 -0.298528 0.934598 0.193410
-0.106721 0.760868 0.398960 0.239747 -0.485332 0.840817
-0.001701 0.749878 0.334545 0.500567 -0.351328 0.791202
-0.060044 0.930097 0.232761 0.122767 0.965049 0.231535
0.132535 0.758924 0.195479 0.540622 -0.049072 0.839833
0.242473 0.280831 -0.206763 0.837612 -0.238657 -0.491374
0.181933 0.242124 -0.304061 0.216826 -0.185461 -0.958431
0.218599 0.407376 -0.355616 0.584242 -0.285840 -0.759576
0.312979 0.214182 -0.099316 0.276099 -0.734252 -0.620197
0.330229 0.291145 -0.237003 0.879318 0.021200 -0.475763
0.206961 0.147790 -0.296785 0.072531 -0.623084 -0.778785
0.259076 0.255077 -0.336039 0.835295 0.181586 -0.518949
0.065284 0.469888 -0.151697 -0.973665 -0.197371 0.114114
-0.021125 0.881756 -0.121163 -0.868206 -0.321304 0.378130
-0.011845 0.804002 -0.238005 -0.804166 -0.548275 0.229592
0.145524 0.300159 0.002749 -0.995532 -0.007290 -0.094146
0.113694 0.498943 0.065716 -0.957067 -0.031327 0.288169
0.106978 0.271725 -0.137664 -0.954445 -0.028788 0.296996
0.026853 0.170001 -0.074150 -0.669915 0.036807 -0.741525
0.109143 0.193682 0.072077 0.155025 -0.009392 0.987866
-0.136423 0.110954 -0.046282 -0.452127 0.314306 -0.834741
-0.039392 0.142564 0.136377 0.028560 0.690591 0.722681
-0.089098 0.681414 0.158601 -0.018599 -0.998247 0.056193
-0.215019 0.720304 0.227434 -0.297560 -0.948211 0.111146
-0.224285 0.766573 0.244661 -0.931919 -0.303066 -0.199195
-0.265869 0.750637 0.273251 -0.275145 -0.706284 -0.652271
-0.230435 0.750949 0.203527 -0.762847 0.436019 -0.477443
-0.126886 0.787077 0.107764 -0.655843 0.220958 -0.721837
0.088381 0.201284 0.075465 -0.635980 -0.199241 -0.745542
0.126256 0.291724 0.203164 0.334031 0.193320 0.922524
0.140528 0.374240 0.142629 -0.992817 -0.078246 -0.090504
-0.029004 0.200195 0.298826 -0.123722 0.701227 0.702121
-0.085628 0.095009 0.155687 -0.417448 0.103153 -0.902827
-0.154671 0.179989 0.337855 -0.130618 0.968549 0.211783
-0.221518 0.100658 0.207889 -0.555301 0.246483 -0.794284
-0.247369 0.086299 0.239702 -0.698073 -0.203160 -0.686600
-0.199570 0.148530 0.341472 -0.228873 0.834844 0.500653
-0.314344 0.102607 0.284150 -0.125427 0.597131 -0.792277
-0.298445 0.155306 0.358580 0.385012 0.911929 0.141957
-0.488789 0.268485 0.355303 -0.910886 -0.219089 0.349695
0.079753 0.314652 0.207011 -0.735495 0.422673 -0.529522
0.149900 0.407960 0.374126 0.235930 0.499640 0.833485
0.191273 0.446267 0.297796 -0.199029 0.842674 0.500288
-0.061914 0.226873 0.304103 -0.456900 -0.225181 -0.860544
0.023015 0.326731 0.480414 0.123554 0.527298 0.840649
-0.102924 0.304521 0.494310 -0.222264 0.974182 -0.039593
-0.180191 0.225779 0.365424 -0.570807 0.294474 -0.766463
-0.196058 0.236227 0.407597 -0.758012 0.306149 -0.575926
-0.138423 0.289265 0.493533 0.032223 0.389936 0.920278
-0.199280 0.298707 0.500000 0.292716 0.955735 -0.029793
-0.225374 0.248789 0.434523 -0.293449 0.245309 -0.923965
-0.263355 0.093115 0.035145 -0.574588 0.499680 -0.648204
-0.187798 0.118488 0.178835 -0.097678 0.950951 0.293516
-0.225448 0.112733 0.175424 0.063267 0.481272 0.874285
-0.276795 0.087664 0.065619 -0.452441 -0.017152 -0.891629
-0.315065 0.133564 0.174923 0.371145 0.871877 0.319503
-0.333566 0.101357 0.088151 -0.347869 0.209163 -0.913913
-0.465343 0.246592 0.173761 -0.980000 0.101022 0.171450
0.175585 0.063923 -0.020312 0.358407 -0.933563 -0.002209
0.253082 0.179138 -0.211580 0.165727 -0.843974 -0.510140
0.268044 0.154396 -0.165138 0.725232 -0.664709 -0.179445
0.103867 0.076118 -0.204585 0.297941 -0.941206 0.159257
0.069756 0.231543 -0.270512 -0.740804 -0.003640 -0.671711
-0.004146 0.194697 -0.240828 -0.354147 -0.020798 -0.934958
-0.044889 0.031826 -0.140790 0.242881 -0.969250 0.039535
0.035770 0.204479 -0.115178 -0.003053 0.612921 0.790138
-0.244013 0.051292 -0.082801 -0.160446 -0.976536 0.143645
-0.110315 0.143134 -0.041327 0.166803 0.572712 0.802607
-0.282343 0.069526 -0.066332 -0.275425 -0.870831 0.407179
-0.249864 0.156184 -0.027294 0.088121 0.654116 0.751243
-0.279415 0.152681 -0.027170 0.063198 0.715132 0.696127
-0.343393 0.096986 -0.052432 -0.520951 -0.817667 0.245009
-0.341697 0.158119 -0.023695 0.309331 0.706900 0.636087
-0.462713 0.221293 -0.014281 -0.977230 -0.067455 0.201174
-0.356314 0.144715 -0.099192 -0.247161 0.685396 -0.684941
-0.299019 0.134107 -0.130829 -0.613226 0.046997 -0.788508
-0.275986 0.135044 -0.157953 -0.151439 0.852120 -0.500957
-0.152906 0.123944 -0.207650 -0.473123 0.412894 -0.778250
0.268636 0.104358 0.112522 0.462001 -0.815429 0.348757
-0.025391 0.000000 0.061570 0.261335 -0.964900 0.025936
-0.207623 0.004187 0.133707 -0.002090 -0.982410 0.186724
-0.253192 0.007589 0.155384 -0.278156 -0.900019 0.335551
-0.326184 0.050704 0.160192 -0.603901 -0.667946 0.434915
0.333001 0.306213 0.088096 0.716900 -0.441736 0.539373
0.034855 0.007934 0.239224 0.474660 -0.790644 0.386756
-0.145676 0.010517 0.289679 0.071164 -0.851276 0.519869
-0.182843 0.037618 0.299231 -0.156388 -0.798030 0.581972
-0.292078 0.085816 0.331627 -0.332759 -0.726882 0.600762
-0.144863 0.164402 0.471709 -0.116844 -0.845381 0.521227
-0.170778 0.197704 0.479481 -0.423387 -0.616096 0.664206
0.344065 0.359316 0.253128 0.612993 0.043360 0.788898
-0.221095 0.237137 0.490582 -0.494268 -0.548578 0.674360
-0.327048 0.376791 0.486519 -0.940137 0.312196 0.136658
0.045110 0.127828 0.422389 0.282848 -0.886625 0.365914
0.223053 0.207880 0.292662 0.419838 -0.902496 0.096110
0.393619 0.296045 0.172690 0.675686 -0.713761 0.184373
0.389124 0.394070 0.177281 0.850072 0.396991 0.346087
0.488789 0.414303 0.117923 0.995347 0.049519 -0.082662
0.430373 0.215474 -0.007704 0.784602 -0.585572 0.203728
0.186658 0.546994 0.195860 -0.199428 0.499420 0.843094
0.013785 0.682319 0.101178 -0.652499 -0.757585 -0.017628
0.186828 0.632907 0.169256 -0.176664 -0.128658 0.975826
0.016993 0.808065 -0.044457 -0.991356 0.115714 -0.061836
-0.027910 0.818343 0.040775 -0.611141 0.473251 -0.634461
0.100465 0.918008 0.096117 0.203788 0.965555 0.161786
0.150066 0.903083 0.022509 0.186307 0.890981 0.414056
0.044784 0.928856 -0.061758 -0.399007 -0.080237 0.913430
0.093947 0.585311 -0.031081 -0.916839 -0.311574 0.249656
0.033265 0.710123 -0.358557 -0.830721 -0.542746 -0.123815
0.081385 0.404959 -0.344134 -0.742744 -0.184746 -0.643584
0.219293 0.638694 -0.381917 -0.008440 -0.908794 -0.417159
0.314063 0.736066 -0.267814 0.871881 -0.487369 -0.047899
0.335465 0.309416 -0.028144 0.931995 -0.142464 -0.333301
0.475832 0.325761 -0.049058 0.691391 0.616547 -0.376627
0.345545 0.460314 -0.230559 0.832341 -0.453965 -0.318001
0.383728 0.573962 -0.372788 0.162225 0.885952 -0.434480
0.267726 0.454003 -0.272484 0.514553 0.610822 -0.601774
0.385447 0.499986 -0.057791 0.989998 -0.139868 -0.018449
0.431604 0.673043 -0.234420 0.364324 0.851114 -0.377985
0.322185 0.456099 -0.217588 0.814628 0.479892 -0.325707
0.310837 0.821096 -0.145125 0.995232 0.081145 0.054121
0.411472 0.683450 -0.039373 0.722883 0.690933 -0.007146
0.353290 0.533628 -0.058012 0.836896 0.515282 -0.184637
0.343982 0.545160 0.115477 0.742812 0.337127 0.578426
0.336393 0.708786 0.062190 0.858587 0.355208 0.369670
0.220167 0.902472 -0.055080 0.601003 0.412175 0.684768
0.224510 0.746651 0.134732 0.602311 0.498777 0.623253
-0.117532 0.881048 -0.191098 -0.677011 0.663901 -0.317633
0.386821 0.854039 -0.114503 0.787348 0.616443 -0.008971
0.443900 0.684365 -0.289394 0.867775 0.190590 -0.458958
0.266209 0.575024 -0.455226 0.463856 0.038321 -0.885081
0.048585 0.605190 -0.500000 -0.103568 -0.301374 -0.947865
-0.080925 0.681014 -0.451089 -0.748748 0.237654 -0.618787
