  0.500000   0.283026  -0.032949
  0.356708   0.221493   0.078938
  0.020684   0.379360   0.189362
  0.053963   0.379460   0.069376
  0.075074   0.355799  -0.103891
  0.074251   0.364658  -0.259834
  0.242074   0.172265   0.168447
 -0.164248   0.337463   0.186871
 -0.161116   0.309584   0.037067
 -0.102972   0.304788  -0.126209
 -0.071659   0.287290  -0.282699
  0.013439   0.110983   0.247608
 -0.340211   0.279269   0.191390
 -0.337335   0.171881   0.033667
 -0.252122   0.159999  -0.112398
 -0.138576   0.162001  -0.270788
 -0.231221   0.066630   0.219635
 -0.475288   0.259612   0.184699
 -0.495166   0.076532   0.022056
 -0.365015   0.053799  -0.103020
 -0.203663   0.085434  -0.269014
