-0.122725 0.075748 0.205138 -0.242427 -0.851477 -0.464990
-0.268905 0.196154 -0.023729 0.326485 -0.802679 -0.499113
-0.105711 0.249647 0.216017 0.397778 0.677354 -0.618841
-0.107632 0.327737 0.183850 -0.262735 -0.467907 0.843820
-0.085662 0.562404 0.259412 -0.312923 0.410175 0.856642
-0.085662 0.562404 0.126416 -0.046402 0.997453 0.054177
-0.085662 0.562404 -0.023779 0.112725 0.992546 -0.046326
0.258023 0.372879 0.112736 0.552981 0.565853 0.611574
0.258023 0.372879 -0.010471 0.411582 0.364029 -0.835514
0.437957 0.047136 0.008538 0.864995 0.369057 -0.339971
0.376161 0.000000 0.008538 -0.146875 -0.374420 -0.915553
0.437957 0.047136 0.093728 0.786100 0.077706 0.613195
0.376161 0.000025 0.093728 -0.457390 -0.507261 0.730398
0.140826 0.281592 0.112736 -0.248727 -0.536320 0.806533
-0.150147 0.367489 0.126416 0.387728 -0.897344 -0.210808
0.142350 0.348233 0.145152 -0.035317 -0.471354 -0.881237
0.142350 0.348233 0.263489 -0.211254 -0.568164 0.795337
0.236821 0.462889 0.263489 0.327080 0.550383 0.768178
0.236821 0.462889 0.145152 0.314695 0.627589 -0.712109
0.500000 0.272435 0.167939 0.632306 0.686379 -0.359269
0.464127 0.203477 0.167939 -0.128693 -0.679988 -0.721841
0.500000 0.272435 0.244480 0.678621 0.358515 0.641046
0.464127 0.203477 0.244480 -0.028443 -0.367341 0.929651
0.232038 0.001722 -0.169302 -0.254584 -0.380149 -0.889199
0.089960 0.273067 -0.176341 -0.378167 -0.375242 -0.846276
0.216475 0.350922 -0.176402 0.601167 0.317639 -0.733283
0.232038 0.001722 -0.067780 -0.563640 -0.420116 0.711205
0.302631 0.034225 -0.067793 0.950552 0.048602 0.306739
0.216475 0.350922 -0.054051 0.566940 0.502643 0.652633
-0.085662 0.562404 -0.196154 0.137227 0.982820 -0.123427
-0.150122 0.367489 -0.196092 0.180365 -0.972399 -0.148018
0.089960 0.273067 -0.054038 -0.280730 -0.519491 0.807044
-0.150122 0.367489 -0.023779 0.146246 -0.987601 -0.057067
0.140826 0.281592 -0.010471 -0.314371 -0.441737 -0.840262
-0.076232 0.239425 0.333388 -0.279120 0.567784 0.774412
-0.093196 0.065525 0.322533 -0.432311 -0.477124 0.765154
0.049254 0.072836 0.157469 -0.217051 -0.517106 -0.827944
0.064149 0.230676 0.165709 -0.089347 0.701428 -0.707118
0.098695 0.220416 0.275979 0.367314 0.384346 0.846970
0.083281 0.062725 0.266128 0.233184 -0.770594 0.593136
0.209821 0.084744 0.119266 0.184706 -0.518983 -0.834590
0.220143 0.195250 0.124780 0.327853 0.816822 -0.474673
0.250452 0.186452 0.218285 0.878743 0.366308 0.305990
0.239671 0.076070 0.211371 0.524695 -0.423341 0.738565
-0.085712 0.562404 -0.331603 -0.203524 0.669220 -0.714648
-0.150208 0.367489 -0.331603 -0.462754 -0.492385 -0.737168
-0.001587 0.303240 -0.216922 -0.291326 -0.409786 0.864410
-0.001649 0.303289 -0.333388 -0.427869 -0.246496 -0.869579
0.058238 0.071721 -0.237392 -0.580580 -0.303184 0.755650
0.058226 0.071783 -0.320104 -0.249675 -0.329605 -0.910507
0.134234 0.088040 -0.237442 0.917937 -0.216717 0.332304
0.134234 0.088102 -0.320104 0.739575 -0.215386 -0.637681
0.132685 0.366782 -0.333388 0.624699 0.182807 -0.759166
0.132710 0.366758 -0.216959 0.618669 0.351248 0.702762
0.302631 0.034225 -0.169339 0.817014 0.024700 -0.576089
-0.500000 0.346941 -0.026197 -0.940943 0.294955 0.166219
