 -0.500000   0.346941  -0.026197
 -0.323056   0.263470   0.097477
  0.122748   0.410235   0.191241
  0.065485   0.383923   0.066178
 -0.044041   0.409059  -0.086814
 -0.110986   0.403708  -0.201535
 -0.181500   0.196694   0.196416
  0.261907   0.355486   0.199220
  0.210309   0.286593   0.038446
  0.095638   0.324638  -0.123045
  0.053260   0.336710  -0.282322
  0.038802   0.149148   0.220521
  0.383445   0.297438   0.206345
  0.318892   0.142205   0.044226
  0.208638   0.169332  -0.122169
  0.085202   0.189716  -0.271701
  0.244392   0.152051   0.197290
  0.483808   0.278422   0.195969
  0.431499   0.062791   0.022831
  0.293587   0.045776  -0.119205
  0.111308   0.080412  -0.264967
