0 1
0 2
0 35
0 36
0 55
1 0
1 32
1 2
1 3
1 45
1 14
1 55
1 30
2 0
2 1
2 34
2 3
2 36
2 37
2 55
3 1
3 2
3 4
3 14
3 15
3 16
3 55
4 3
4 5
4 16
4 17
4 18
4 55
5 4
5 6
5 7
5 13
5 14
5 15
5 18
5 55
6 32
6 33
6 5
6 7
6 8
6 55
6 28
6 29
6 31
7 5
7 6
7 8
7 9
7 11
7 12
7 13
8 33
8 6
8 7
8 9
8 10
9 8
9 10
9 11
9 7
10 33
10 8
10 9
10 11
10 12
11 9
11 10
11 12
11 7
12 33
12 7
12 10
12 11
12 13
13 32
13 33
13 5
13 7
13 12
13 14
14 32
14 1
14 3
14 5
14 13
14 15
15 3
15 5
15 14
15 16
15 18
15 20
16 3
16 4
16 15
16 17
16 20
16 22
17 4
17 16
17 18
17 19
17 21
17 22
18 4
18 5
18 15
18 17
18 19
18 20
19 17
19 18
19 20
19 21
20 15
20 16
20 18
20 19
20 21
20 22
21 17
21 19
21 20
21 22
22 16
22 17
22 20
22 21
23 54
23 24
23 25
23 26
23 27
24 23
24 25
24 26
24 29
24 30
24 31
25 54
25 23
25 24
25 27
25 28
25 29
26 23
26 24
26 27
26 28
26 31
27 54
27 23
27 25
27 26
27 28
28 6
28 25
28 26
28 27
28 29
28 31
29 6
29 44
29 46
29 53
29 55
29 24
29 25
29 28
29 30
30 32
30 1
30 45
30 46
30 24
30 29
30 31
31 32
31 6
31 24
31 26
31 28
31 30
32 33
32 1
32 6
32 13
32 14
32 30
32 31
33 32
33 6
33 8
33 10
33 12
33 13
34 2
34 35
34 37
34 38
34 55
35 0
35 34
35 36
35 38
35 39
35 55
36 0
36 2
36 35
36 37
36 39
36 40
37 2
37 34
37 36
37 38
37 40
37 41
38 34
38 35
38 37
38 39
38 41
38 42
38 43
39 35
39 36
39 38
39 40
39 43
40 36
40 37
40 39
40 41
40 42
40 43
41 40
41 42
41 37
41 38
42 40
42 41
42 43
42 38
43 40
43 42
43 38
43 39
44 45
44 47
44 52
44 53
44 55
44 29
45 1
45 44
45 46
45 47
45 55
45 30
46 45
46 47
46 48
46 53
46 29
46 30
47 44
47 45
47 46
47 48
47 49
47 52
48 46
48 47
48 49
48 50
48 53
49 47
49 48
49 50
49 51
49 52
50 48
50 49
50 51
50 52
50 53
51 49
51 50
51 52
52 44
52 47
52 49
52 50
52 51
52 53
53 44
53 46
53 48
53 50
53 52
53 29
54 25
54 27
54 23
55 0
55 1
55 2
55 3
55 4
55 5
55 6
55 34
55 35
55 44
55 45
55 29
