0 1
0 2
0 5
0 6
0 7
0 30
1 0
1 2
1 3
1 4
1 5
2 0
2 1
2 3
2 4
2 54
2 30
3 1
3 2
3 4
4 1
4 2
4 3
4 5
4 54
5 0
5 1
5 4
5 6
5 54
6 0
6 5
6 7
6 8
6 54
6 29
7 0
7 6
7 8
7 9
7 55
7 30
8 6
8 7
8 9
8 10
8 53
8 22
8 29
9 7
9 8
9 10
9 11
9 42
9 43
9 55
9 31
10 8
10 9
10 11
10 12
10 15
10 17
10 22
11 9
11 10
11 43
11 12
11 13
11 44
12 10
12 11
12 13
12 14
12 17
12 19
13 11
13 12
13 44
13 14
13 15
13 45
13 46
13 55
14 12
14 13
14 15
14 16
14 19
14 20
14 21
15 10
15 13
15 14
15 16
15 17
15 55
15 22
15 23
15 29
16 14
16 15
16 17
16 18
16 21
17 10
17 12
17 15
17 16
17 18
17 19
18 16
18 17
18 19
18 20
18 21
19 12
19 14
19 17
19 18
19 20
20 18
20 19
20 21
20 14
21 16
21 18
21 20
21 14
22 8
22 10
22 15
22 53
22 23
22 24
23 15
23 22
23 24
23 25
23 28
23 29
24 53
24 22
24 23
24 25
24 26
25 23
25 24
25 26
25 27
25 28
26 53
26 24
26 25
26 27
26 28
27 25
27 26
27 28
28 53
28 23
28 25
28 26
28 27
28 29
29 6
29 8
29 15
29 23
29 53
29 54
29 55
29 28
29 30
30 0
30 2
30 7
30 54
30 55
30 29
31 32
31 9
31 42
31 41
31 55
32 33
32 34
32 40
32 41
32 55
32 31
33 32
33 34
33 35
33 42
33 55
34 32
34 33
34 35
34 36
34 38
34 39
34 40
35 33
35 34
35 36
35 37
35 41
35 42
36 34
36 35
36 37
36 38
37 35
37 36
37 38
37 39
37 40
37 41
38 34
38 36
38 37
38 39
39 40
39 34
39 37
39 38
40 32
40 34
40 37
40 39
40 41
41 32
41 35
41 37
41 40
41 42
41 31
42 33
42 35
42 41
42 9
42 43
42 55
42 31
43 9
43 42
43 11
43 44
43 46
43 48
43 55
44 43
44 11
44 45
44 13
44 48
44 50
45 44
45 13
45 46
45 47
45 50
45 52
46 43
46 45
46 13
46 47
46 48
46 55
47 45
47 46
47 48
47 49
47 51
47 52
48 43
48 44
48 46
48 47
48 49
48 50
49 48
49 50
49 51
49 47
50 44
50 45
50 48
50 49
50 51
50 52
51 49
51 50
51 52
51 47
52 50
52 51
52 45
52 47
53 8
53 22
53 24
53 26
53 28
53 29
54 2
54 4
54 5
54 6
54 29
54 30
55 32
55 33
55 7
55 9
55 42
55 43
55 13
55 46
55 15
55 29
55 30
55 31
