-0.009342 0.253922 -0.342074 0.353706 -0.369078 -0.859461
-0.142883 0.047372 -0.328791 0.147283 -0.397204 -0.905835
-0.132734 0.336684 -0.342074 -0.560728 0.321115 -0.763196
-0.210713 0.085364 -0.328791 -0.773383 -0.001978 -0.633936
-0.210738 0.085314 -0.246128 -0.942817 0.048263 0.329798
-0.142945 0.047310 -0.246079 0.467757 -0.475687 0.744933
-0.009429 0.253885 -0.225608 0.212958 -0.493143 0.843480
0.162302 0.299919 -0.340290 0.451394 -0.502140 -0.737631
0.162216 0.299919 -0.204779 -0.233141 -0.963304 -0.133007
0.281135 0.128671 -0.032416 -0.365337 -0.812838 -0.453677
0.162253 0.299919 -0.032465 -0.210142 -0.976489 -0.048065
0.162253 0.299919 0.117730 -0.349947 -0.935716 0.044410
-0.149339 0.245856 0.104050 0.165621 -0.587049 0.792428
0.097645 0.494784 0.117730 0.083182 0.994780 0.059102
-0.254851 0.350413 0.104050 -0.450082 0.650632 0.611640
0.097645 0.494784 -0.032465 -0.048854 0.997922 -0.042007
-0.254851 0.350413 -0.019157 -0.340493 0.430571 -0.835866
-0.149339 0.245831 -0.019157 0.225129 -0.511725 -0.829129
-0.451104 0.026344 -0.000149 0.058183 -0.408592 -0.910861
-0.451104 0.026344 0.085041 0.327334 -0.611589 0.720286
-0.500000 0.086776 0.085041 -0.748416 0.256590 0.611584
-0.500000 0.086776 -0.000149 -0.751905 0.564725 -0.340182
-0.100777 0.230329 -0.062725 0.202086 -0.577606 0.790907
-0.216215 0.323859 -0.062737 -0.485595 0.578826 0.655102
-0.313077 0.000000 -0.076467 0.443078 -0.556936 0.702498
-0.372989 0.049503 -0.076479 -0.910467 0.279004 0.305298
-0.313077 0.000000 -0.177989 0.154754 -0.438338 -0.885387
-0.372989 0.049503 -0.178026 -0.787976 0.223094 -0.573867
-0.216215 0.323859 -0.185089 -0.523335 0.429851 -0.735764
0.097645 0.494784 -0.204841 -0.074526 0.989612 -0.122936
0.097694 0.494784 -0.340290 0.247564 0.667347 -0.702396
0.125091 0.032217 0.224084 0.210118 -0.896212 -0.390709
0.096257 0.030470 0.342074 0.482503 -0.425888 0.765382
0.085712 0.205212 0.342074 0.346804 0.597606 0.722906
-0.085821 0.189128 0.317007 -0.355879 0.431960 0.828710
-0.068882 0.191173 0.202251 0.152838 0.667342 -0.728900
-0.195137 0.159042 0.135759 -0.215090 0.823160 -0.525494
-0.189350 0.048103 0.138473 -0.067078 -0.589760 -0.804788
-0.244727 0.157233 0.221061 -0.878659 0.452607 0.152004
-0.238197 0.046319 0.222498 -0.649551 -0.366490 0.666159
-0.076366 0.030668 0.315594 -0.276995 -0.707688 0.649963
-0.059650 0.032688 0.202523 0.154523 -0.559993 -0.813960
0.114546 0.206959 0.224084 -0.422022 0.501935 -0.754956
0.162253 0.299919 0.250725 0.243808 -0.481116 0.842072
-0.134952 0.292150 0.136465 0.037800 -0.610891 -0.790812
-0.224839 0.410449 0.136465 -0.278909 0.644393 -0.712016
0.097645 0.494784 0.250725 0.268140 0.648041 0.712842
-0.224839 0.410449 0.254802 -0.288046 0.572008 0.768008
-0.134952 0.292150 0.254802 0.123471 -0.545089 0.829236
-0.469629 0.173937 0.235794 -0.000515 -0.374122 0.927380
-0.469629 0.173937 0.159253 0.074088 -0.694029 -0.716125
-0.499913 0.245534 0.235794 -0.647789 0.411435 0.641164
-0.499913 0.245534 0.159253 -0.571898 0.737242 -0.359732
-0.100777 0.230329 -0.185027 0.296524 -0.464049 -0.834705
-0.132784 0.336659 -0.225646 -0.544967 0.450891 0.706900
0.500000 0.283026 -0.032949 0.948370 0.291738 0.124432
