-0.204917 0.264355 0.411209 -0.775000 -0.489468 0.399745
-0.204917 0.264355 0.117486 -0.274207 -0.935552 -0.222607
-0.146174 0.176229 0.293723 0.052587 -0.947369 -0.315794
-0.351786 0.323098 0.264348 -0.830462 -0.243279 0.501147
-0.175549 0.381849 0.323091 0.359997 0.763883 0.535616
-0.204917 0.499335 0.146861 0.018940 0.813227 0.581639
-0.116806 0.264355 0.146861 0.567496 -0.754740 0.329114
0.000680 0.411209 0.146861 0.239478 0.701539 0.671188
0.235660 0.264355 0.146861 -0.138326 -0.512947 0.847202
0.323771 0.352466 0.176229 0.422264 0.394117 0.816312
0.500000 0.058743 0.058743 0.707107 -0.707107 0.000000
0.323771 0.352466 0.058743 0.442180 0.752350 -0.488310
0.235660 0.264355 0.058743 -0.063854 -0.633561 -0.771053
0.030063 0.440592 0.000000 0.500358 0.860107 0.099282
-0.058063 0.323098 0.000000 -0.132110 -0.970640 -0.201012
0.235660 0.234980 -0.029375 -0.168479 -0.642341 0.747672
-0.469272 0.411209 0.058743 -0.931356 -0.344688 0.117326
-0.469272 0.440592 -0.323098 -0.574273 -0.745922 -0.337358
-0.058063 0.440592 -0.469952 0.341766 0.687416 -0.640824
-0.322403 0.616821 -0.381834 -0.202236 0.723784 -0.659725
-0.234292 0.616821 -0.146861 0.342809 0.935865 0.081476
0.147534 0.234980 -0.440584 -0.293889 -0.553601 -0.779202
-0.116806 0.323098 -0.440584 -0.436258 -0.766337 -0.471600
0.147534 0.234980 -0.352466 -0.240039 -0.773397 0.586719
0.382514 0.029375 -0.411209 0.554651 -0.832083 -0.000000
0.235660 0.234980 -0.117486 -0.165473 -0.394602 -0.903830
-0.058063 0.323098 -0.146861 -0.251291 -0.967675 -0.021394
0.000680 0.440592 -0.146861 0.563300 0.824215 -0.057995
0.206277 0.234980 -0.205605 -0.193831 -0.678373 0.708689
0.294403 0.293723 -0.205605 0.511083 0.295875 0.807002
0.441257 0.000000 -0.264348 0.634961 -0.762031 -0.127016
0.294403 0.323098 -0.293723 0.518639 0.662674 -0.540256
0.206277 0.234980 -0.293723 -0.205843 -0.370515 -0.905730
0.000680 0.440592 -0.293723 0.520019 0.821836 -0.232737
-0.058063 0.323098 -0.293723 -0.213563 -0.960911 0.176184
0.235660 0.293723 -0.381834 0.554094 0.277029 0.785006
0.235660 0.293723 -0.469952 0.480473 0.604435 -0.635455
0.323771 0.323098 -0.117486 0.435109 0.633437 -0.639873
0.323771 0.323098 -0.029375 0.496236 0.313389 0.809652
0.500000 0.000000 -0.117486 0.707137 -0.707077 0.000000
-0.204917 0.381849 -0.088118 -0.170705 -0.967266 -0.187769
-0.322403 0.440592 -0.381834 -0.415145 -0.784150 -0.461262
-0.146174 0.293723 0.381834 0.938375 0.278714 0.204381
-0.058063 0.029375 0.469952 0.573467 -0.491504 0.655408
-0.500000 0.589582 -0.129308 -0.554447 0.782747 0.282659
