0 1
0 2
0 3
0 4
0 42
0 43
1 0
1 2
1 3
1 6
1 40
1 17
2 0
2 1
2 6
2 42
2 43
3 0
3 1
3 4
3 5
3 44
3 16
3 17
4 0
4 3
4 5
4 6
4 42
5 3
5 4
5 6
5 7
5 44
5 20
6 1
6 2
6 4
6 5
6 7
6 8
6 40
6 42
6 12
6 14
7 5
7 6
7 8
7 9
7 11
7 13
7 20
8 6
8 7
8 9
8 10
8 12
9 8
9 10
9 11
9 7
10 8
10 9
10 11
10 12
11 7
11 9
11 10
11 12
11 13
12 6
12 8
12 10
12 11
12 13
12 14
13 37
13 38
13 7
13 11
13 12
13 14
13 15
13 20
13 27
14 6
14 40
14 12
14 13
14 15
14 26
15 38
15 39
15 13
15 14
15 25
15 26
16 17
16 3
16 44
17 1
17 3
17 40
17 41
17 44
17 16
17 19
18 33
18 36
18 19
18 20
18 21
18 22
19 41
19 44
19 17
19 18
19 20
19 22
20 33
20 5
20 7
20 44
20 13
20 18
20 19
20 27
21 36
21 18
21 22
21 23
21 24
22 34
22 40
22 41
22 18
22 19
22 21
22 23
23 34
23 35
23 21
23 22
23 24
24 35
24 36
24 21
24 23
25 37
25 39
25 15
25 26
25 27
26 34
26 40
26 14
26 15
26 25
26 27
26 28
27 33
27 37
27 13
27 20
27 25
27 26
27 28
27 29
27 31
28 32
28 34
28 26
28 27
28 29
28 30
29 27
29 28
29 30
29 31
30 32
30 28
30 29
30 31
31 32
31 33
31 27
31 29
31 30
32 33
32 34
32 28
32 30
32 31
33 32
33 34
33 35
33 36
33 18
33 20
33 27
33 31
34 32
34 33
34 35
34 40
34 22
34 23
34 26
34 28
35 33
35 34
35 36
35 23
35 24
36 33
36 35
36 18
36 21
36 24
37 38
37 39
37 13
37 25
37 27
38 13
38 15
38 37
38 39
39 25
39 37
39 38
39 15
40 1
40 34
40 6
40 41
40 14
40 17
40 22
40 26
41 40
41 17
41 19
41 22
42 0
42 2
42 4
42 6
42 43
43 0
43 2
43 42
44 3
44 5
44 16
44 17
44 19
44 20
