  0.500000   0.589572  -0.128492
  0.344671   0.450844   0.048898
  0.107669   0.368842   0.088185
  0.114992   0.378597  -0.053691
  0.114395   0.388903  -0.211586
  0.161212   0.419618  -0.357095
  0.220407   0.339861   0.190811
 -0.122268   0.334338   0.081106
 -0.126337   0.336326  -0.078986
 -0.106321   0.331321  -0.238296
 -0.068106   0.325049  -0.386846
  0.164937   0.229107   0.330826
 -0.319237   0.257692   0.080032
 -0.319807   0.220696  -0.093742
 -0.284862   0.213752  -0.255926
 -0.235079   0.219105  -0.406521
  0.091446   0.098534   0.409305
 -0.459577   0.112781   0.088863
 -0.465721   0.051177  -0.099365
 -0.404560   0.041415  -0.262428
 -0.354778   0.062764  -0.416434
