0 1
0 2
0 40
0 10
0 11
0 44
0 43
1 0
1 2
1 38
1 8
1 9
1 10
2 0
2 1
2 8
2 41
2 42
2 43
2 44
3 32
3 4
3 37
3 5
3 7
3 14
3 16
3 24
3 26
4 32
4 3
4 13
4 14
5 3
5 6
5 7
5 26
5 27
6 25
6 27
6 5
6 7
7 33
7 3
7 36
7 5
7 6
7 37
7 18
7 19
7 25
8 1
8 2
8 36
8 9
8 42
8 20
8 24
8 31
9 1
9 34
9 33
9 36
9 38
9 8
9 40
9 11
9 12
9 18
10 0
10 1
10 38
10 39
10 11
10 12
11 0
11 40
11 9
11 10
11 12
12 38
12 39
12 9
12 10
12 11
13 32
13 4
13 14
13 15
14 3
14 4
14 13
14 15
14 16
15 32
15 13
15 14
15 16
15 20
16 3
16 37
16 14
16 15
16 20
16 21
16 28
16 29
17 35
17 18
17 19
17 34
18 34
18 37
18 7
18 40
18 9
18 17
18 19
19 33
19 35
19 7
19 17
19 18
20 32
20 8
20 15
20 16
20 21
20 22
20 24
20 31
21 16
21 20
21 22
21 23
21 29
22 20
22 21
22 23
22 30
22 31
23 29
23 21
23 22
23 30
24 32
24 3
24 36
24 8
24 20
24 25
24 26
25 36
25 6
25 7
25 24
25 26
25 27
26 3
26 5
26 24
26 25
26 27
27 25
27 26
27 5
27 6
28 37
28 41
28 16
28 29
28 30
28 31
29 16
29 21
29 23
29 28
29 30
30 22
30 23
30 28
30 29
30 31
31 8
31 41
31 42
31 20
31 22
31 28
31 30
32 3
32 4
32 13
32 15
32 20
32 24
33 34
33 35
33 36
33 7
33 9
33 19
34 33
34 35
34 9
34 17
34 18
35 33
35 34
35 19
35 17
36 33
36 7
36 8
36 9
36 24
36 25
37 3
37 7
37 40
37 41
37 44
37 16
37 18
37 28
38 1
38 39
38 9
38 10
38 12
39 10
39 12
39 38
40 0
40 37
40 9
40 11
40 44
40 18
41 2
41 37
41 42
41 44
41 28
41 31
42 8
42 41
42 2
42 31
43 0
43 2
43 44
44 0
44 2
44 37
44 40
44 41
44 43
