0.351787 0.323084 0.264348 0.830160 -0.244271 0.501165
0.204918 0.264341 0.117486 0.274211 -0.935551 -0.222606
0.469281 0.440578 -0.323099 0.574789 -0.745530 -0.337347
-0.000679 0.440578 -0.146862 -0.563297 0.824219 -0.057955
-0.294403 0.293708 -0.205605 -0.511079 0.295880 0.807003
-0.323763 0.323084 -0.117486 -0.435107 0.633458 -0.639854
-0.323763 0.323084 -0.029375 -0.496220 0.313408 0.809655
-0.030040 0.440578 0.000000 -0.500360 0.860107 0.099282
0.204918 0.381834 -0.088119 0.170703 -0.967267 -0.187765
0.116815 0.264341 0.146862 -0.567488 -0.754735 0.329138
0.204918 0.264341 0.411210 0.775013 -0.489456 0.399734
0.175558 0.381834 0.323091 -0.360016 0.763865 0.535629
0.146190 0.293708 0.381834 -0.938392 0.278691 0.204331
-0.441257 0.000000 -0.264348 -0.634961 -0.762031 -0.127016
-0.294403 0.323084 -0.293723 -0.518634 0.662682 -0.540252
-0.206277 0.234965 -0.293723 0.205835 -0.370519 -0.905730
-0.000679 0.440578 -0.293723 -0.520018 0.821836 -0.232740
-0.323763 0.352452 0.176230 -0.422257 0.394124 0.816312
-0.000679 0.411195 0.146862 -0.239485 0.701541 0.671183
-0.323763 0.352452 0.058743 -0.442163 0.752351 -0.488324
0.058064 0.323084 -0.293723 0.213561 -0.960912 0.176180
-0.235652 0.293708 -0.381834 -0.554108 0.277036 0.784994
-0.147533 0.234965 -0.352467 0.240042 -0.773405 0.586706
-0.382506 0.029360 -0.411210 -0.554684 -0.832061 0.000000
0.058064 0.323084 -0.146862 0.251294 -0.967674 -0.021389
-0.235652 0.234965 -0.029375 0.168474 -0.642342 0.747672
-0.235652 0.234965 -0.117486 0.165466 -0.394609 -0.903828
-0.500000 0.000000 -0.117486 -0.707137 -0.707077 0.000000
0.058064 0.440578 -0.469953 -0.341762 0.687417 -0.640825
-0.235652 0.293708 -0.469953 -0.480486 0.604440 -0.635441
-0.147533 0.234965 -0.440585 0.293893 -0.553605 -0.779197
0.116815 0.323084 -0.440585 0.436252 -0.766339 -0.471602
-0.206277 0.234965 -0.205605 0.193824 -0.678379 0.708685
-0.235652 0.264341 0.058743 0.063847 -0.633561 -0.771054
-0.235652 0.264341 0.146862 0.138315 -0.512955 0.847199
-0.500000 0.058743 0.058743 -0.707107 -0.707107 0.000000
0.058064 0.323084 0.000000 0.132112 -0.970637 -0.201023
0.234301 0.616807 -0.146862 -0.342932 0.935822 0.081450
0.146190 0.176215 0.293723 -0.052595 -0.947375 -0.315775
0.058064 0.029360 0.469953 -0.573565 -0.491463 0.655353
0.204918 0.499321 0.146862 -0.019703 0.813109 0.581778
0.322412 0.616807 -0.381834 0.202735 0.724104 -0.659221
0.322412 0.440578 -0.381834 0.415145 -0.784155 -0.461255
0.469281 0.411195 0.058743 0.931214 -0.345105 0.117226
0.500000 0.589572 -0.128492 0.554443 0.782747 0.282665
