 -0.500000   0.589582  -0.129308
 -0.349633   0.454841   0.048449
 -0.098468   0.358459   0.087025
 -0.069744   0.385326  -0.053777
 -0.083111   0.388489  -0.208732
 -0.144818   0.424281  -0.359160
 -0.229340   0.347048   0.190655
  0.130086   0.335018   0.078412
  0.157322   0.321203  -0.078797
  0.118850   0.321214  -0.236336
  0.070040   0.324602  -0.387289
 -0.160818   0.234020   0.333967
  0.324550   0.250781   0.078407
  0.328831   0.205389  -0.093319
  0.289493   0.205785  -0.256398
  0.234350   0.215807  -0.406835
 -0.085483   0.101910   0.436130
  0.463224   0.099708   0.088792
  0.463738   0.041432  -0.099928
  0.411030   0.037869  -0.266132
  0.357400   0.062855  -0.417395
