0.432432 0.081083 -0.040552 0.800006 -0.599992 0.000000
0.243249 0.378379 -0.013515 0.205104 0.120624 0.971279
0.162166 0.270266 -0.040552 -0.007075 -0.999975 0.000000
0.324326 0.081083 -0.472977 0.832050 -0.554700 0.000000
0.135143 0.351356 -0.418931 0.533665 0.047804 0.844344
0.081083 0.270266 -0.445947 -0.115489 -0.991627 -0.057781
-0.162152 0.270266 -0.283788 -0.011266 -0.998230 -0.058395
-0.162152 0.378379 -0.391901 -0.352715 0.761015 -0.544471
0.216226 0.378379 0.229721 -0.083900 0.083900 0.992936
-0.216212 0.216212 0.121621 0.296296 -0.949920 0.099305
0.162166 0.297296 0.121621 0.076350 -0.986952 -0.141765
-0.216212 0.270266 -0.364871 -0.554159 -0.516625 -0.652692
-0.162152 0.270266 -0.013515 0.038521 -0.991221 -0.126482
0.189196 0.378379 -0.310818 0.146004 0.527853 -0.836692
0.216226 0.378379 -0.202704 0.384675 0.119400 0.915297
0.378379 0.081083 -0.283788 0.829570 -0.518455 -0.207406
-0.108113 0.378379 -0.148658 0.115655 0.992243 -0.045575
-0.108113 0.378379 -0.283788 0.143292 0.988677 -0.044559
0.243249 0.378379 0.121621 0.432673 0.634574 -0.640398
-0.108113 0.378379 0.013508 0.167276 0.982173 0.085763
0.405409 0.108099 0.229721 0.696312 -0.696312 0.174067
0.135143 0.270266 -0.256764 -0.053202 -0.997498 0.046554
-0.162152 0.270266 -0.148658 -0.009753 -0.999505 -0.029904
-0.297296 0.216212 0.445940 -0.814305 0.232633 0.531780
-0.216212 0.243242 0.418910 0.875717 0.443493 0.190875
-0.297296 0.432439 0.094584 -0.038844 0.941466 0.334862
-0.108113 0.351356 0.121621 -0.112160 0.774934 0.622011
0.243249 0.378379 -0.094598 0.233713 0.423973 -0.875000
0.135143 0.351356 -0.500000 -0.043399 0.469708 -0.881755
-0.243236 0.162159 0.337827 -0.120934 -0.967578 -0.221737
-0.432432 0.270266 0.094584 -0.929955 -0.365480 -0.040093
-0.135129 0.000000 0.500000 0.424294 -0.707091 0.565683
-0.363151 0.407049 -0.099355 -0.865085 0.036384 -0.500304
