0 1
0 2
0 3
0 22
0 23
0 24
1 0
1 32
1 2
1 23
1 25
2 0
2 1
2 32
2 3
3 0
3 32
3 2
3 4
3 24
3 25
3 26
4 32
4 3
4 5
4 6
4 12
4 26
4 28
4 29
5 4
5 6
5 7
5 8
5 13
5 27
5 28
6 32
6 4
6 5
6 8
6 14
6 15
6 17
6 19
7 5
7 8
7 9
7 10
7 13
7 20
8 5
8 6
8 7
8 9
8 14
9 7
9 8
9 10
9 14
9 20
10 9
10 20
10 7
11 12
11 13
11 27
11 28
11 31
12 32
12 4
12 11
12 13
12 21
12 25
12 28
12 29
13 32
13 5
13 7
13 11
13 12
13 14
13 20
13 27
14 32
14 6
14 8
14 9
14 13
14 15
14 16
14 19
14 20
15 32
15 6
15 14
15 16
15 17
16 14
16 15
16 17
16 18
16 19
17 6
17 15
17 16
17 18
17 19
18 16
18 17
18 19
19 6
19 14
19 16
19 17
19 18
20 7
20 9
20 10
20 13
20 14
21 12
21 25
21 26
21 29
21 30
22 24
22 0
22 23
23 0
23 1
23 22
23 24
23 25
24 0
24 3
24 22
24 23
24 25
25 32
25 1
25 3
25 12
25 21
25 23
25 24
25 26
26 3
26 4
26 21
26 25
26 29
26 30
27 5
27 11
27 13
27 28
27 31
28 4
28 5
28 11
28 12
28 27
28 31
29 4
29 12
29 21
29 26
29 30
30 29
30 26
30 21
31 27
31 11
31 28
32 1
32 2
32 3
32 4
32 6
32 12
32 13
32 14
32 15
32 25
