-0.135140 0.351356 -0.500000 0.043399 0.469709 -0.881754
0.216216 0.270266 -0.364871 0.547174 -0.519484 -0.656306
0.162156 0.378379 -0.391901 0.346390 0.759422 -0.550720
0.108103 0.378379 -0.283788 -0.143774 0.988600 -0.044712
0.108103 0.378379 -0.148658 -0.116978 0.992105 -0.045206
0.108103 0.378379 0.013508 -0.167279 0.982172 0.085764
0.297299 0.432439 0.094584 0.042840 0.942817 0.330545
-0.243246 0.378379 0.121621 -0.432686 0.634555 -0.640408
0.108103 0.351356 0.121621 0.112159 0.774933 0.622012
-0.216223 0.378379 0.229721 0.083902 0.083902 0.992936
-0.405405 0.108099 0.229721 -0.696312 -0.696312 0.174067
-0.162163 0.270266 -0.040552 0.007075 -0.999975 -0.000000
0.162156 0.270266 -0.148658 0.009754 -0.999505 -0.029904
0.162156 0.270266 -0.013515 -0.041442 -0.991154 -0.126084
0.216216 0.216212 0.121621 -0.292264 -0.951308 0.097957
0.432435 0.270266 0.094584 0.930077 -0.365243 -0.039427
0.243239 0.162159 0.337827 0.120934 -0.967578 -0.221737
0.297299 0.216212 0.445940 0.814305 0.232633 0.531780
0.135133 0.000000 0.500000 -0.424294 -0.707091 0.565683
0.216216 0.243242 0.418910 -0.875717 0.443493 0.190875
-0.162163 0.297296 0.121621 -0.076350 -0.986952 -0.141765
-0.135140 0.270266 -0.256764 0.053202 -0.997498 0.046554
-0.324322 0.081083 -0.472977 -0.832050 -0.554700 0.000000
-0.081080 0.270266 -0.445947 0.115489 -0.991627 -0.057781
-0.135140 0.351356 -0.418931 -0.533671 0.047772 0.844342
0.162156 0.270266 -0.283788 0.011307 -0.998218 -0.058597
-0.189193 0.378379 -0.310818 -0.146007 0.527842 -0.836699
-0.243246 0.378379 -0.013515 -0.205105 0.120618 0.971279
-0.243246 0.378379 -0.094598 -0.233717 0.423951 -0.875010
-0.216223 0.378379 -0.202704 -0.384681 0.119381 0.915297
-0.378375 0.081083 -0.283788 -0.829570 -0.518455 -0.207406
-0.432435 0.081083 -0.040552 -0.800006 -0.599992 -0.000000
0.363148 0.407050 -0.109788 0.865081 0.036445 -0.500307
