 -0.363151   0.407049  -0.099355
 -0.330502   0.343234   0.026332
 -0.206479   0.295622   0.048808
 -0.205970   0.318369  -0.067526
 -0.197762   0.313288  -0.208627
 -0.235853   0.323179  -0.325955
 -0.304382   0.292181   0.126882
  0.031263   0.328599   0.110759
  0.049499   0.339327  -0.060887
  0.032111   0.337151  -0.239215
  0.002906   0.329887  -0.396131
 -0.259796   0.214778   0.334333
  0.238920   0.313574   0.169608
  0.255354   0.280419  -0.051599
  0.218312   0.283424  -0.263371
  0.169107   0.262194  -0.445772
 -0.167466   0.055713   0.478236
  0.365029   0.158772   0.221194
  0.383450   0.119744  -0.039975
  0.342796   0.135423  -0.278461
  0.285686   0.122344  -0.481716
