  0.363148   0.407050  -0.109788
  0.328226   0.340594   0.034615
  0.191342   0.289808   0.054042
  0.202476   0.315148  -0.060389
  0.196782   0.317950  -0.212776
  0.235838   0.333774  -0.310996
  0.300289   0.287429   0.150138
 -0.037627   0.330261   0.112288
 -0.051170   0.338646  -0.056601
 -0.029249   0.338692  -0.241825
  0.025552   0.325651  -0.383102
  0.255498   0.208184   0.347252
 -0.239606   0.306094   0.170155
 -0.257666   0.276053  -0.048925
 -0.219793   0.281705  -0.265501
 -0.147843   0.291365  -0.443063
  0.162470   0.055787   0.466840
 -0.364439   0.156738   0.220621
 -0.398870   0.120279  -0.038220
 -0.344964   0.133654  -0.279511
 -0.261373   0.161650  -0.485288
