0 1
0 2
0 27
1 0
1 2
1 12
1 19
1 27
2 0
2 1
2 12
2 22
2 27
3 28
3 4
3 5
4 3
4 5
4 6
4 17
4 28
5 3
5 4
5 6
5 11
5 28
6 32
6 4
6 5
6 11
6 13
6 17
6 21
6 22
7 32
7 17
7 11
7 28
8 9
8 10
8 18
8 20
8 26
9 32
9 8
9 10
9 12
9 24
9 25
9 26
9 29
9 30
10 8
10 9
10 12
10 18
10 20
11 32
11 5
11 6
11 7
11 28
12 32
12 1
12 2
12 9
12 10
12 18
12 19
12 22
13 6
13 14
13 15
13 16
13 17
13 21
14 13
14 15
14 16
14 21
14 22
15 21
15 13
15 14
16 32
16 13
16 14
16 17
16 19
16 22
16 25
16 27
17 32
17 4
17 6
17 7
17 13
17 16
17 28
18 8
18 10
18 12
18 19
18 20
18 26
19 1
19 12
19 16
19 18
19 25
19 26
19 27
20 8
20 10
20 18
21 6
21 13
21 14
21 15
21 22
22 32
22 2
22 6
22 12
22 14
22 16
22 21
22 27
23 24
23 25
23 29
23 30
23 31
24 9
24 23
24 25
24 29
24 31
25 32
25 9
25 16
25 19
25 23
25 24
25 26
25 30
26 8
26 9
26 18
26 19
26 25
27 0
27 1
27 2
27 16
27 19
27 22
28 3
28 4
28 5
28 7
28 11
28 17
29 9
29 23
29 24
29 30
29 31
30 32
30 9
30 23
30 25
30 29
31 24
31 29
31 23
32 6
32 7
32 9
32 11
32 12
32 16
32 17
32 22
32 25
32 30
