 -0.470297   0.497765  -0.129597
 -0.350771   0.370321   0.025074
  0.039266   0.361962   0.070389
  0.238055   0.332762  -0.062671
  0.225702   0.304559  -0.195996
  0.044721   0.314557  -0.321604
 -0.255149   0.268366   0.148811
  0.196413   0.310776   0.084186
  0.332652   0.282244  -0.069842
  0.312837   0.257932  -0.205225
  0.170417   0.253982  -0.324441
 -0.152244   0.136944   0.272181
  0.324745   0.220667   0.100706
  0.427473   0.222563  -0.076496
  0.390543   0.207167  -0.212100
  0.268929   0.191872  -0.325181
 -0.038646   0.026663   0.364484
  0.424422   0.149805   0.112424
  0.493469   0.182843  -0.082515
  0.448457   0.163089  -0.217191
  0.352214   0.155707  -0.327170
