0.281240 0.309979 -0.138462 -0.063862 -0.439646 -0.895898
0.351411 0.339735 -0.107602 0.537400 0.599178 -0.593453
0.500000 0.208488 -0.097747 0.645984 0.533962 -0.545517
0.481587 0.171458 -0.109616 -0.050642 -0.545993 -0.836258
0.497943 0.166145 -0.057676 0.897217 -0.438100 0.055402
0.217068 0.224812 0.101014 -0.448018 -0.870099 -0.205446
0.246824 0.285717 0.030019 0.059400 -0.236722 -0.969760
0.405032 0.132983 0.078370 -0.155136 -0.587984 -0.793856
0.380449 0.113745 0.123958 -0.501797 -0.826631 0.254717
0.423477 0.127788 0.128029 0.867037 -0.485912 0.110166
0.399066 0.139302 0.186085 -0.143502 -0.460048 0.876221
0.315913 0.341128 -0.184874 0.625768 0.691961 0.360006
0.431190 0.168609 -0.165283 -0.041891 -0.311985 0.949163
0.451081 0.210330 -0.173285 0.783030 0.498357 0.372161
0.448296 0.152338 -0.210603 0.867212 -0.497688 0.015785
0.446336 0.204460 -0.245158 0.626779 0.463573 -0.626298
0.426873 0.155691 -0.262190 0.017527 -0.426775 -0.904188
0.241093 0.284871 -0.277175 -0.087863 -0.322568 -0.942460
0.346119 0.140084 -0.277507 0.212171 -0.007043 0.977207
0.352407 0.127006 -0.330143 0.811641 -0.549092 -0.199340
0.360280 0.172240 -0.298973 0.786124 0.603621 0.132855
0.231539 0.280512 -0.312394 0.580591 0.766931 0.273371
0.342402 0.163189 -0.360489 0.563987 0.458962 -0.686493
0.217335 0.275306 -0.368105 0.462433 0.546251 -0.698403
0.415669 0.183487 0.166344 0.573118 0.442590 0.689674
0.223891 0.276934 0.173649 -0.264952 -0.367434 0.891511
0.429594 0.178731 0.084497 0.778824 0.451215 -0.435705
0.299257 0.316523 0.145531 0.612415 0.659615 0.435725
0.166820 0.192828 -0.329051 -0.480909 -0.873135 0.079756
0.150164 0.245003 -0.394048 -0.080294 -0.244856 -0.966229
0.315977 0.132426 -0.371479 -0.218217 -0.674406 -0.705378
0.315302 0.110949 -0.320856 -0.370084 -0.813062 0.449409
0.354688 0.349579 -0.031968 0.551958 0.694054 0.462203
0.282322 0.297179 0.004354 -0.111437 -0.358517 0.926848
0.483697 0.180916 -0.005629 0.109907 -0.099610 0.988938
0.495319 0.224255 -0.021321 0.771046 0.559563 0.303936
0.460732 0.148311 -0.056080 -0.395915 -0.918274 -0.004790
0.274128 0.233531 -0.061457 -0.293117 -0.952454 -0.083145
0.402129 0.134268 -0.212885 -0.411060 -0.887209 -0.209497
0.080807 0.423060 -0.154839 0.787824 0.579316 -0.209108
0.076983 0.462092 -0.150748 0.382012 0.733803 -0.561782
0.099027 0.346612 -0.153233 0.464664 -0.516795 -0.719034
0.072613 0.454433 -0.188431 0.359871 0.886421 0.291119
0.027828 0.282975 -0.000562 0.002132 -0.999998 0.000623
-0.103162 0.265194 0.100822 0.165279 -0.979539 0.114834
-0.262077 0.332184 -0.141729 -0.073270 -0.987284 -0.141074
0.057531 0.259314 -0.157335 -0.054392 -0.996823 0.058179
0.022098 0.353660 0.154540 -0.027748 -0.050510 0.998338
0.010358 0.304280 0.111940 0.179335 -0.892690 0.413453
0.065308 0.284314 -0.219858 0.051008 -0.997726 0.044059
0.252287 0.323347 -0.136823 -0.041821 -0.133145 0.990214
0.069699 0.270336 -0.075382 0.011043 -0.996242 0.085901
0.306905 0.367585 -0.111972 0.382516 0.744027 -0.547819
-0.314949 0.455108 -0.366637 -0.246829 -0.061636 -0.967097
-0.305276 0.528193 -0.320738 0.117644 0.807601 -0.577876
-0.042407 0.448564 -0.375281 0.168282 0.637067 -0.752215
-0.018584 0.332634 -0.399500 -0.162999 -0.357653 -0.919519
0.069614 0.363782 0.006807 0.395712 -0.367816 0.841500
-0.266083 0.334594 -0.313133 -0.226549 -0.877706 -0.422265
0.006255 0.261670 -0.314312 -0.145685 -0.977200 -0.154451
-0.227758 0.120236 0.212156 -0.283567 -0.862952 -0.418215
-0.117708 0.129523 0.219804 0.725239 -0.202684 -0.657987
-0.026618 0.032049 0.313208 0.285642 -0.673457 -0.681810
-0.094807 0.000000 0.355208 -0.480176 -0.872571 -0.089729
-0.041250 0.010401 0.388306 0.525373 -0.674174 0.519108
-0.099766 0.035787 0.392816 -0.505541 -0.014512 0.862680
-0.024229 0.056599 0.351941 0.905465 0.418147 -0.072704
-0.114709 0.194220 0.252839 0.794676 0.557294 0.240654
-0.060413 0.064708 0.399500 0.406383 0.613723 0.676903
-0.175164 0.357066 0.132592 0.781420 -0.084860 0.618209
-0.247178 0.439223 0.144739 0.184220 0.570599 0.800300
-0.174500 0.208702 0.303900 0.095602 0.540737 0.835742
-0.269800 0.318484 0.236461 -0.308538 0.353725 0.882996
-0.323325 0.201879 0.194954 -0.649125 -0.760201 -0.027059
-0.417575 0.319437 0.142286 -0.744389 -0.077868 0.663190
-0.434864 0.297007 0.054634 -0.619744 -0.779839 -0.088140
-0.340646 0.280287 -0.045840 -0.232698 -0.899443 -0.369937
-0.248238 0.158155 0.286697 -0.689180 -0.179254 0.702068
-0.411663 0.328606 -0.150544 -0.283997 -0.942487 -0.176252
-0.408738 0.353103 -0.283805 -0.368991 -0.720612 -0.586996
-0.204225 0.205403 0.099654 0.397068 -0.774376 -0.492625
-0.484704 0.369267 -0.002469 -0.961782 -0.236274 0.138386
-0.452484 0.440787 0.094737 -0.829140 0.379743 0.410270
-0.379850 0.545192 0.037485 -0.095053 0.899980 0.425442
-0.295133 0.569860 -0.064274 0.152550 0.973119 0.172534
-0.009308 0.492577 -0.017229 0.225099 0.955007 0.193111
-0.008805 0.485979 -0.173392 0.299335 0.950952 -0.078035
-0.371912 0.426916 0.155364 -0.285478 0.497988 0.818847
-0.040479 0.456833 0.118474 0.119927 0.796827 0.592185
-0.297661 0.577294 -0.219130 0.288855 0.943206 -0.164091
-0.031974 0.465391 -0.278396 0.319004 0.897771 -0.303716
-0.487435 0.398177 -0.252046 -0.701729 -0.429577 -0.568366
-0.500000 0.360762 -0.145553 -0.945538 -0.324372 -0.027226
-0.492620 0.404497 -0.296830 -0.957200 0.227522 -0.178890
-0.433921 0.528417 -0.372743 -0.908744 0.384300 -0.162783
-0.419718 0.609567 -0.091492 -0.242025 0.908595 0.340409
-0.419171 0.602466 -0.239492 -0.404894 0.845857 -0.347256
-0.435281 0.505216 -0.307478 0.118153 0.102071 -0.987736
0.173097 0.313278 -0.314033 0.486364 0.805260 0.339126
0.038486 0.337829 -0.280720 0.745917 -0.597402 -0.294482
0.182105 0.254279 -0.268434 -0.149398 -0.246953 0.957442
0.310182 0.377150 -0.031968 0.267715 0.638137 0.721879
0.072613 0.471936 -0.030597 0.361476 0.897575 0.252377
0.048309 0.280790 0.068794 -0.211542 -0.973431 -0.087653
0.271953 0.370049 -0.185421 0.386590 0.921543 0.036150
0.038754 0.431789 -0.276082 0.279032 0.624502 -0.729478
0.228529 0.233531 -0.211096 -0.408479 -0.833270 0.372567
0.266758 0.356402 -0.262425 0.315361 0.681278 -0.660612
0.018006 0.268772 -0.326865 -0.434943 -0.884415 0.169215
0.002710 0.404497 -0.367012 0.412502 0.589412 -0.694576
0.015275 0.418925 -0.311302 0.636754 0.765269 0.094386
0.027014 0.418143 -0.286462 0.692170 0.393350 -0.605125
0.159172 0.307526 -0.368919 0.402818 0.680351 -0.612257
0.074798 0.434521 0.004622 0.747865 0.532303 0.396675
0.051865 0.461814 0.022103 0.475422 0.730010 -0.490978
0.028932 0.450631 0.109487 0.295285 0.822245 0.486539
0.311821 0.329945 -0.259972 0.494545 0.504027 -0.708083
0.309358 0.314906 0.065795 0.675574 0.575985 -0.460262
0.268397 0.347394 0.058961 0.490343 0.847947 -0.201369
0.257482 0.347394 0.139244 0.228586 0.661950 0.713842
-0.470297 0.497765 -0.129597 -0.895383 0.431595 0.109609
