0 1
0 2
0 3
0 36
0 37
0 41
0 51
0 52
1 0
1 2
1 32
1 52
2 0
2 1
2 32
2 3
2 4
2 35
3 0
3 2
3 4
3 36
4 2
4 35
4 3
4 34
4 36
5 6
5 103
5 8
5 7
5 25
6 5
6 7
6 103
6 114
6 117
6 118
6 57
6 26
7 5
7 6
7 8
7 9
7 26
8 5
8 7
8 9
8 10
8 25
9 7
9 8
9 10
9 24
9 26
10 8
10 9
10 24
10 25
11 104
11 107
11 12
11 13
11 15
11 50
11 116
12 38
12 106
12 11
12 13
12 14
12 50
13 11
13 12
13 14
13 15
14 38
14 12
14 13
14 15
14 16
15 11
15 13
15 14
15 16
15 17
15 116
16 38
16 17
16 14
16 15
17 99
17 38
17 105
17 106
17 107
17 15
17 16
17 49
17 116
18 100
18 19
18 20
18 21
18 31
19 18
19 20
19 22
19 30
19 31
20 18
20 19
20 21
20 22
21 98
21 100
21 112
21 18
21 20
21 22
21 23
22 19
22 20
22 21
22 23
22 29
22 30
23 112
23 29
23 21
23 22
24 9
24 10
24 25
24 26
24 27
25 5
25 103
25 8
25 10
25 47
25 119
25 24
25 27
26 6
26 7
26 9
26 117
26 24
26 27
27 117
27 118
27 119
27 24
27 25
27 26
28 100
28 108
28 29
28 30
28 31
29 108
29 109
29 112
29 22
29 23
29 56
29 28
29 30
30 19
30 22
30 28
30 29
30 31
31 100
31 18
31 19
31 28
31 30
32 33
32 2
32 34
32 35
32 1
32 101
32 52
33 32
33 34
33 36
33 37
33 101
33 51
33 57
34 32
34 33
34 35
34 4
34 36
35 32
35 34
35 2
35 4
36 0
36 33
36 34
36 3
36 4
36 37
37 0
37 33
37 51
37 36
38 106
38 12
38 14
38 16
38 17
39 40
39 41
39 42
39 86
40 102
40 39
40 41
40 52
40 86
41 0
41 39
41 40
41 42
41 46
41 49
41 50
41 51
41 52
42 39
42 104
42 41
42 105
42 50
42 86
42 90
43 103
43 44
43 45
43 46
43 48
43 51
43 57
44 69
44 43
44 45
44 47
44 48
44 80
45 43
45 44
45 76
45 46
45 78
45 80
45 58
45 59
46 41
46 43
46 45
46 49
46 51
46 59
47 69
47 70
47 103
47 44
47 48
47 115
47 119
47 88
47 25
48 43
48 44
48 103
48 47
49 99
49 41
49 106
49 46
49 17
49 50
49 59
50 104
50 41
50 106
50 11
50 12
50 42
50 49
51 0
51 33
51 37
51 41
51 43
51 46
51 57
52 0
52 1
52 32
52 101
52 102
52 40
52 41
53 97
53 79
53 54
53 55
53 56
53 58
53 91
54 96
54 97
54 53
54 55
54 89
54 90
55 109
55 110
55 53
55 54
55 56
55 90
56 108
56 109
56 53
56 55
56 58
56 59
56 29
57 33
57 101
57 102
57 103
57 6
57 43
57 113
57 114
57 51
58 45
58 78
58 79
58 53
58 56
58 59
59 99
59 108
59 45
59 46
59 49
59 56
59 58
60 73
60 76
60 77
60 80
60 61
60 62
60 63
61 66
61 67
61 69
61 80
61 60
61 62
62 64
62 66
62 60
62 61
62 63
63 64
63 65
63 77
63 60
63 62
64 65
64 66
64 68
64 62
64 63
65 64
65 68
65 71
65 77
65 63
66 64
66 67
66 68
66 61
66 62
67 66
67 68
67 69
67 70
67 71
67 61
68 64
68 65
68 66
68 67
68 71
69 67
69 70
69 44
69 47
69 80
69 61
70 67
70 69
70 71
70 72
70 47
70 83
70 87
70 88
71 65
71 67
71 68
71 70
71 72
71 77
72 70
72 71
72 74
72 77
72 87
73 74
73 75
73 76
73 77
73 60
74 72
74 73
74 75
74 77
74 81
74 82
74 87
75 73
75 74
75 76
75 78
75 81
76 73
76 75
76 45
76 78
76 80
76 60
77 65
77 71
77 72
77 73
77 74
77 60
77 63
78 75
78 76
78 45
78 79
78 81
78 58
78 91
78 92
79 58
79 91
79 53
79 78
80 69
80 44
80 45
80 76
80 60
80 61
81 74
81 75
81 78
81 82
81 120
81 92
82 74
82 81
82 83
82 87
82 120
83 70
83 82
83 84
83 85
83 87
83 120
83 88
84 83
84 85
84 86
84 120
84 89
84 95
85 102
85 113
85 114
85 83
85 84
85 115
85 86
85 88
86 102
86 39
86 40
86 42
86 84
86 85
86 89
86 90
87 70
87 72
87 74
87 82
87 83
88 70
88 47
88 115
88 83
88 85
89 96
89 84
89 54
89 86
89 90
89 95
90 105
90 42
90 110
90 111
90 55
90 54
90 86
90 89
91 97
91 78
91 79
91 53
91 120
91 92
91 93
92 120
92 81
92 91
92 78
93 120
93 97
93 91
93 94
94 120
94 97
94 96
94 93
95 120
95 89
95 84
95 96
96 97
96 54
96 120
96 89
96 94
96 95
97 96
97 53
97 54
97 91
97 93
97 94
98 99
98 100
98 109
98 110
98 112
98 21
99 98
99 100
99 105
99 108
99 110
99 111
99 17
99 49
99 59
100 98
100 99
100 108
100 18
100 21
100 28
100 31
101 32
101 33
101 102
101 52
101 57
102 101
102 40
102 113
102 52
102 85
102 86
102 57
103 5
103 6
103 43
103 47
103 48
103 57
103 25
104 105
104 42
104 11
104 107
104 50
105 99
105 104
105 42
105 107
105 111
105 17
105 90
106 38
106 12
106 49
106 50
106 17
107 104
107 105
107 11
107 17
107 116
108 99
108 100
108 56
108 59
108 28
108 29
109 98
109 110
109 112
109 55
109 56
109 29
110 98
110 99
110 109
110 111
110 55
110 90
111 105
111 90
111 99
111 110
112 98
112 109
112 21
112 23
112 29
113 57
113 114
113 85
113 102
114 6
114 113
114 115
114 85
114 118
114 57
115 47
115 114
115 85
115 118
115 119
115 88
116 11
116 17
116 107
116 15
117 27
117 26
117 118
117 6
118 6
118 114
118 115
118 117
118 119
118 27
119 47
119 115
119 118
119 25
119 27
120 96
120 81
120 82
120 83
120 84
120 91
120 92
120 93
120 94
120 95
