-0.351374 0.339667 -0.107592 -0.560026 0.621914 -0.547352
-0.481588 0.171397 -0.109606 0.056063 -0.433017 -0.899640
-0.500000 0.208425 -0.097749 -0.749110 0.511483 -0.420974
-0.497943 0.166085 -0.057679 -0.898062 -0.436273 0.056135
-0.495084 0.224299 -0.021315 -0.639860 0.604411 0.474624
-0.483698 0.180855 -0.005634 0.143233 -0.541216 0.828595
-0.282288 0.297112 0.004359 -0.022364 -0.002737 0.999746
-0.311786 0.329877 -0.259956 -0.532824 0.561231 -0.633340
-0.426865 0.155631 -0.262173 0.068884 -0.398216 -0.914701
-0.446327 0.204451 -0.245153 -0.754897 0.446737 -0.480163
-0.448287 0.152278 -0.210589 -0.867313 -0.497517 0.015670
-0.451072 0.210268 -0.173282 -0.714702 0.575890 0.396928
-0.431182 0.168548 -0.165271 0.044724 -0.438535 0.897600
-0.252255 0.323279 -0.136812 0.085959 -0.200129 0.975992
-0.182076 0.254215 -0.268418 -0.049145 0.086283 0.995058
-0.231507 0.280446 -0.312375 -0.544702 0.760711 0.353014
-0.360275 0.172179 -0.298965 -0.692991 0.664985 0.278495
-0.346115 0.140025 -0.277490 0.144303 -0.495982 0.856258
-0.309323 0.314839 0.065798 -0.694944 0.571615 -0.436245
-0.246792 0.285652 0.030023 0.069177 -0.375261 -0.924334
-0.404811 0.133041 0.078287 -0.169203 -0.262988 -0.949846
-0.429747 0.178841 0.084456 -0.850020 0.406099 -0.335483
-0.423395 0.127675 0.128264 -0.867148 -0.486195 0.108024
-0.415565 0.183426 0.166524 -0.777135 0.553127 0.300185
-0.399210 0.139136 0.186061 0.201965 -0.358826 0.911293
-0.299222 0.316456 0.145530 -0.444649 0.544825 0.710952
-0.352253 0.126722 -0.330124 -0.811726 -0.548904 -0.199512
-0.342398 0.163182 -0.360479 -0.647793 0.427423 -0.630615
-0.223860 0.276869 0.173647 0.122824 -0.019093 0.992245
-0.274094 0.233468 -0.061449 0.315322 -0.948866 0.015019
-0.460723 0.148251 -0.056083 0.288435 -0.953017 0.092545
-0.166792 0.192766 -0.329031 0.470780 -0.840267 0.268918
-0.315300 0.110891 -0.320837 0.402408 -0.908851 -0.109808
-0.315974 0.132366 -0.371457 -0.068652 -0.268437 -0.960848
-0.380422 0.113687 0.123905 0.442489 -0.837230 -0.321325
-0.217037 0.224749 0.101015 0.437307 -0.898666 -0.034102
-0.402123 0.134209 -0.212881 0.371090 -0.778419 0.506317
-0.217305 0.275240 -0.368083 -0.490916 0.572792 -0.656438
-0.028909 0.450558 0.109488 -0.187989 0.661724 0.725797
0.040498 0.456760 0.118474 -0.144348 0.834345 0.532008
-0.051841 0.461740 0.022107 -0.440255 0.889608 -0.121549
0.009329 0.492502 -0.017223 -0.268527 0.958541 0.095353
-0.074773 0.434449 0.004627 -0.747865 0.532303 0.396675
-0.281206 0.309912 -0.138450 -0.028668 -0.213560 -0.976509
-0.099045 0.346544 -0.153232 -0.226752 -0.973873 0.012455
-0.069707 0.270271 -0.075373 -0.148668 -0.978857 0.140484
-0.057550 0.259249 -0.157323 0.115069 -0.992592 0.038977
-0.027806 0.282910 -0.000557 -0.002132 -0.999998 0.000629
0.262087 0.332116 -0.141717 0.048465 -0.982775 -0.178339
0.103179 0.265129 0.100823 -0.193014 -0.980954 0.021783
-0.022075 0.353591 0.154538 0.105979 -0.222125 0.969241
-0.010336 0.304214 0.111941 -0.060305 -0.734485 0.675940
0.175178 0.356997 0.132591 -0.739097 -0.156100 0.655262
-0.072588 0.454360 -0.188417 -0.389038 0.911571 0.132993
-0.271920 0.369979 -0.185407 -0.311710 0.799823 0.512952
-0.080782 0.422988 -0.154827 -0.787701 0.579477 -0.209127
0.008826 0.485904 -0.173379 -0.329491 0.932838 -0.145773
-0.076959 0.462019 -0.150736 -0.352284 0.805097 -0.477195
-0.002688 0.404426 -0.366991 -0.462291 0.613729 -0.640019
0.031994 0.465318 -0.278379 -0.391094 0.886392 -0.247699
0.042426 0.448491 -0.375260 -0.203377 0.753967 -0.624637
0.018605 0.332566 -0.399488 0.146772 -0.230591 -0.961918
0.305285 0.528116 -0.320719 -0.051187 0.625132 -0.778839
0.314957 0.455035 -0.366616 0.242787 -0.016975 -0.969931
0.266093 0.334526 -0.313115 0.257054 -0.910507 -0.323884
-0.006234 0.261605 -0.314293 0.086503 -0.961984 -0.259043
0.247188 0.439151 0.144738 -0.184220 0.570599 0.800300
-0.065316 0.284302 -0.219854 -0.308772 -0.950636 -0.030835
0.117725 0.129464 0.219800 -0.559862 -0.411061 -0.719432
0.204237 0.205341 0.099655 -0.397068 -0.774376 -0.492625
0.227769 0.120177 0.212153 0.367482 -0.876320 -0.311481
0.340653 0.280221 -0.045832 0.232698 -0.899443 -0.369937
0.323333 0.201817 0.194951 0.649125 -0.760201 -0.027059
0.434866 0.296941 0.054637 0.619744 -0.779839 -0.088140
0.417579 0.319370 0.142285 0.744389 -0.077868 0.663190
0.248249 0.158094 0.286691 0.637793 -0.089543 0.764985
0.099816 0.035796 0.392804 0.700359 -0.471467 0.535925
0.094867 0.000000 0.355198 0.183280 -0.877035 -0.444093
0.041302 0.010400 0.388295 -0.525277 -0.674216 0.519150
0.026670 0.031994 0.313190 -0.687810 -0.323430 -0.649854
0.269810 0.318416 0.236456 0.308538 0.353725 0.882996
0.371918 0.426844 0.155363 0.285478 0.497988 0.818847
0.174514 0.208639 0.303892 -0.224368 0.591501 0.774458
0.024293 0.056597 0.351920 -0.758856 0.587192 0.281680
0.114725 0.194158 0.252833 -0.832964 0.526186 0.171172
0.060474 0.064652 0.399488 0.029191 0.446191 0.894462
0.411666 0.328538 -0.150532 0.288325 -0.936483 -0.199672
0.408742 0.353034 -0.283788 0.327671 -0.785710 -0.524682
0.500000 0.360693 -0.145541 0.909432 -0.413497 -0.044204
0.484705 0.369197 -0.002464 0.961701 -0.236587 0.138412
0.492620 0.404426 -0.296812 0.960156 0.267121 -0.082141
0.379855 0.545115 0.037488 0.200476 0.817830 0.539411
0.295141 0.569782 -0.064266 -0.218093 0.949948 0.223685
0.297669 0.577216 -0.219115 -0.280108 0.949278 -0.142866
0.435284 0.505141 -0.307459 0.520341 0.115380 -0.846128
0.419175 0.602386 -0.239476 0.429374 0.789532 -0.438493
0.419721 0.609488 -0.091483 0.288452 0.936726 0.198341
0.452486 0.440715 0.094739 0.829014 0.379539 0.410715
0.487436 0.398106 -0.252030 0.004627 -0.737226 -0.675631
0.433924 0.528341 -0.372721 0.852186 0.458485 -0.252133
-0.015252 0.418853 -0.311283 -0.549810 0.803737 0.227410
-0.159144 0.307459 -0.368897 -0.379478 0.615673 -0.690611
-0.173068 0.313211 -0.314014 -0.516904 0.819168 0.248543
-0.072588 0.471862 -0.030591 -0.308394 0.750350 0.584695
-0.241062 0.284805 -0.277158 0.104215 -0.320644 -0.941449
-0.038463 0.337761 -0.280703 0.008324 -0.739411 -0.673202
-0.228498 0.233468 -0.211082 0.385072 -0.917694 0.097761
-0.315878 0.341060 -0.184861 -0.614206 0.714416 0.335204
-0.017984 0.268707 -0.326846 0.367892 -0.904362 0.216298
-0.069589 0.363713 0.006812 -0.288919 -0.957348 -0.003316
-0.310148 0.377081 -0.031962 -0.387490 0.877888 0.281363
-0.306870 0.367516 -0.111962 -0.408652 0.717741 -0.563783
-0.026992 0.418072 -0.286444 -0.692170 0.393350 -0.605125
-0.048285 0.280724 0.068797 0.082973 -0.991374 -0.101459
-0.354652 0.349511 -0.031962 -0.507525 0.653474 0.561595
-0.266725 0.356333 -0.262409 -0.265843 0.607453 -0.748551
-0.038731 0.431717 -0.276065 -0.292971 0.672271 -0.679867
-0.150136 0.244939 -0.394025 0.169115 -0.404824 -0.898620
-0.257449 0.347325 0.139243 -0.367061 0.817008 0.444707
-0.268364 0.347325 0.058964 -0.439089 0.608539 -0.660970
0.470255 0.497690 -0.129014 0.926352 0.368421 0.078341
