0 1
0 2
0 4
0 43
0 110
0 111
0 114
1 0
1 2
1 3
1 43
1 29
1 30
2 0
2 1
2 3
2 4
3 1
3 2
3 4
3 5
3 30
4 0
4 2
4 3
4 5
4 6
4 114
5 3
5 4
5 6
5 29
5 30
6 4
6 5
6 103
6 109
6 110
6 114
6 29
7 104
7 8
7 9
7 11
7 107
7 115
7 54
8 36
8 7
8 104
8 9
8 10
8 106
9 8
9 10
9 11
9 7
10 36
10 8
10 9
10 11
10 12
11 7
11 9
11 10
11 107
11 12
11 13
12 10
12 11
12 36
12 13
13 36
13 106
13 107
13 11
13 12
13 44
13 54
14 100
14 102
14 105
14 15
14 16
14 17
14 31
15 16
15 102
15 37
15 14
16 37
16 14
16 15
16 17
16 26
16 27
17 32
17 14
17 16
17 26
17 31
18 19
18 20
18 21
18 118
18 23
18 119
18 25
19 34
19 35
19 109
19 18
19 20
19 119
20 34
20 18
20 19
20 21
20 22
21 18
21 20
21 22
21 23
22 34
22 20
22 21
22 23
22 24
23 18
23 21
23 22
23 24
23 25
24 34
24 35
24 22
24 23
24 25
24 28
25 18
25 118
25 23
25 24
25 28
26 32
26 33
26 16
26 17
26 27
27 16
27 33
27 26
27 37
28 35
28 38
28 50
28 118
28 24
28 25
29 1
29 5
29 6
29 43
29 44
29 45
29 109
29 30
30 1
30 5
30 3
30 29
31 32
31 105
31 108
31 14
31 17
31 117
31 61
32 33
32 17
32 117
32 26
32 31
33 32
33 37
33 117
33 26
33 27
34 35
34 19
34 20
34 22
34 24
35 34
35 109
35 113
35 50
35 19
35 24
35 28
36 8
36 10
36 106
36 12
36 13
37 33
37 101
37 102
37 15
37 16
37 117
37 27
38 39
38 40
38 50
38 118
38 28
39 66
39 38
39 40
39 41
39 50
39 91
39 92
40 38
40 39
40 41
40 42
40 109
40 118
40 119
41 39
41 40
41 103
41 42
41 56
41 57
41 92
41 93
42 40
42 41
42 109
42 103
43 0
43 1
43 44
43 111
43 57
43 29
44 67
44 106
44 43
44 45
44 46
44 13
44 53
44 54
44 55
44 57
44 29
45 44
45 109
45 46
45 47
45 29
46 64
46 65
46 67
46 44
46 45
46 47
46 48
47 45
47 46
47 109
47 48
47 49
47 113
47 51
48 64
48 69
48 71
48 46
48 47
48 49
48 86
48 87
49 69
49 47
49 48
49 51
49 52
50 66
50 35
50 38
50 39
50 113
50 51
50 52
50 28
51 47
51 49
51 50
51 113
51 52
52 66
52 68
52 69
52 49
52 50
52 51
52 84
53 44
53 115
53 116
53 54
53 55
53 56
54 7
54 107
54 44
54 13
54 115
54 53
55 56
55 57
55 44
55 53
56 41
56 116
56 53
56 55
56 57
56 59
56 93
57 103
57 41
57 43
57 44
57 110
57 111
57 55
57 56
58 100
58 101
58 59
58 60
58 61
59 100
59 112
59 116
59 56
59 58
59 60
59 93
60 61
60 58
60 59
60 93
60 62
61 64
61 65
61 101
61 108
61 31
61 117
61 58
61 60
61 62
61 63
62 63
62 61
62 60
62 93
62 95
63 64
63 87
63 62
63 61
63 94
63 95
64 65
64 46
64 48
64 87
64 61
64 63
65 64
65 67
65 105
65 108
65 46
65 61
66 39
66 80
66 81
66 50
66 82
66 52
66 84
66 91
67 65
67 105
67 106
67 44
67 46
68 69
68 70
68 77
68 79
68 52
68 84
69 68
69 70
69 71
69 48
69 49
69 52
70 68
70 69
70 71
70 72
70 75
70 76
70 77
71 69
71 70
71 72
71 73
71 48
71 86
72 70
72 71
72 73
72 74
72 75
73 71
73 72
73 74
73 86
73 89
74 97
74 72
74 73
74 75
74 80
74 81
74 89
75 70
75 72
75 74
75 76
75 80
75 82
75 85
76 70
76 75
76 77
76 78
76 85
77 68
77 70
77 76
77 78
77 79
78 76
78 77
78 79
78 83
78 85
79 68
79 77
79 78
79 83
79 84
80 66
80 74
80 75
80 81
80 82
81 97
81 66
81 74
81 80
81 91
82 66
82 75
82 80
82 83
82 84
82 85
83 78
83 79
83 82
83 84
83 85
84 66
84 68
84 79
84 82
84 83
84 52
85 75
85 76
85 78
85 82
85 83
86 71
86 73
86 48
86 87
86 88
86 89
87 64
87 98
87 48
87 86
87 88
87 94
87 63
88 98
88 86
88 87
88 120
88 89
88 90
89 97
89 73
89 74
89 86
89 120
89 88
90 120
90 99
90 98
90 88
91 96
91 97
91 66
91 39
91 81
91 120
91 92
92 96
92 39
92 41
92 91
92 93
93 96
93 41
93 60
93 56
93 59
93 92
93 62
93 95
94 98
94 99
94 87
94 120
94 95
94 63
95 96
95 120
95 94
95 93
95 62
95 63
96 120
96 91
96 92
96 93
96 95
97 74
97 81
97 120
97 89
97 91
98 99
98 87
98 88
98 90
98 94
99 120
99 98
99 90
99 94
100 101
100 102
100 105
100 14
100 112
100 58
100 59
101 100
101 37
101 102
101 117
101 58
101 61
102 100
102 37
102 101
102 14
102 15
103 6
103 41
103 42
103 109
103 110
103 57
104 7
104 8
104 105
104 106
104 115
105 65
105 67
105 100
105 104
105 106
105 108
105 14
105 112
105 115
105 116
105 31
106 67
106 36
106 104
106 105
106 8
106 44
106 13
107 11
107 13
107 54
107 7
108 65
108 105
108 61
108 31
109 35
109 6
109 103
109 40
109 42
109 45
109 47
109 113
109 19
109 119
109 29
110 0
110 6
110 103
110 111
110 114
110 57
111 0
111 57
111 43
111 110
112 116
112 105
112 59
112 100
113 35
113 109
113 47
113 50
113 51
114 0
114 110
114 4
114 6
115 7
115 104
115 105
115 116
115 53
115 54
116 105
116 112
116 115
116 53
116 56
116 59
117 32
117 33
117 101
117 37
117 61
117 31
118 38
118 40
118 18
118 119
118 25
118 28
119 40
119 109
119 18
119 19
119 118
120 96
120 97
120 99
120 88
120 89
120 90
120 91
120 94
120 95
