  0.470255   0.497690  -0.129014
  0.353512   0.375806   0.018597
 -0.032265   0.358666   0.063841
 -0.242140   0.321465  -0.068185
 -0.198075   0.295617  -0.179498
 -0.058008   0.315614  -0.310421
  0.260118   0.278300   0.136686
 -0.185598   0.311969   0.079460
 -0.351490   0.270603  -0.071214
 -0.307128   0.263051  -0.199901
 -0.175412   0.249455  -0.321710
  0.156738   0.144289   0.267164
 -0.321905   0.225662   0.098138
 -0.435956   0.216343  -0.072398
 -0.387871   0.205659  -0.212108
 -0.271672   0.188467  -0.329896
  0.032931   0.028062   0.363491
 -0.420224   0.144324   0.112757
 -0.494962   0.184670  -0.074427
 -0.439906   0.155424  -0.219757
 -0.346683   0.142548  -0.336762
