0 1
0 2
0 3
0 36
0 37
0 41
0 51
0 52
1 0
1 2
1 32
1 52
2 0
2 1
2 32
2 3
2 4
2 35
3 0
3 2
3 4
3 36
4 2
4 35
4 3
4 34
4 36
5 6
5 7
5 8
5 111
5 25
6 5
6 122
6 7
6 111
6 57
6 26
6 125
6 126
7 5
7 6
7 8
7 9
7 26
8 5
8 7
8 9
8 10
8 25
9 7
9 8
9 10
9 24
9 26
10 8
10 9
10 24
10 25
11 12
11 13
11 15
11 112
11 50
11 115
11 124
12 38
12 11
12 13
12 14
12 50
12 114
13 11
13 12
13 14
13 15
14 38
14 12
14 13
14 15
14 16
15 11
15 13
15 14
15 16
15 17
15 124
16 38
16 17
16 14
16 15
17 38
17 107
17 15
17 16
17 49
17 114
17 115
17 113
17 124
18 108
18 19
18 20
18 21
18 31
19 18
19 20
19 22
19 30
19 31
20 18
20 19
20 21
20 22
21 106
21 108
21 18
21 20
21 22
21 23
21 120
22 19
22 20
22 21
22 23
22 29
22 30
23 120
23 29
23 21
23 22
24 9
24 10
24 25
24 26
24 27
25 5
25 8
25 10
25 111
25 47
25 24
25 27
25 127
26 6
26 7
26 9
26 24
26 27
26 125
27 24
27 25
27 26
27 125
27 126
27 127
28 108
28 116
28 29
28 30
28 31
29 120
29 116
29 117
29 22
29 23
29 56
29 28
29 30
30 19
30 22
30 28
30 29
30 31
31 108
31 18
31 19
31 28
31 30
32 33
32 2
32 34
32 35
32 1
32 109
32 52
33 32
33 34
33 36
33 37
33 109
33 51
33 57
34 32
34 33
34 35
34 4
34 36
35 32
35 34
35 2
35 4
36 0
36 33
36 34
36 3
36 4
36 37
37 0
37 33
37 51
37 36
38 12
38 14
38 16
38 17
38 114
39 40
39 41
39 42
39 87
40 39
40 41
40 110
40 52
40 87
41 0
41 39
41 40
41 42
41 46
41 49
41 50
41 51
41 52
42 39
42 41
42 112
42 113
42 50
42 87
42 91
43 44
43 45
43 46
43 111
43 48
43 51
43 57
44 69
44 43
44 45
44 47
44 48
44 80
45 43
45 44
45 76
45 46
45 78
45 80
45 58
45 59
46 41
46 43
46 45
46 49
46 51
46 59
47 69
47 70
47 44
47 111
47 48
47 89
47 123
47 25
47 127
48 43
48 44
48 111
48 47
49 41
49 107
49 46
49 17
49 50
49 114
49 59
50 41
50 42
50 11
50 12
50 112
50 49
50 114
51 0
51 33
51 37
51 41
51 43
51 46
51 57
52 0
52 1
52 32
52 40
52 41
52 109
52 110
53 105
53 79
53 54
53 55
53 56
53 58
53 92
54 104
54 105
54 53
54 55
54 90
54 91
55 117
55 53
55 54
55 56
55 118
55 91
56 116
56 53
56 117
56 55
56 58
56 59
56 29
57 33
57 6
57 43
57 109
57 110
57 111
57 51
57 121
57 122
58 45
58 78
58 79
58 53
58 56
58 59
59 107
59 45
59 46
59 49
59 116
59 56
59 58
60 73
60 76
60 77
60 80
60 61
60 62
60 63
61 66
61 67
61 69
61 80
61 60
61 62
62 64
62 66
62 60
62 61
62 63
63 64
63 65
63 77
63 60
63 62
64 65
64 66
64 68
64 62
64 63
65 64
65 68
65 71
65 77
65 63
66 64
66 67
66 68
66 61
66 62
67 66
67 68
67 69
67 70
67 71
67 61
68 64
68 65
68 66
68 67
68 71
69 67
69 70
69 44
69 47
69 80
69 61
70 67
70 69
70 71
70 72
70 47
70 84
70 88
70 89
71 65
71 67
71 68
71 70
71 72
71 77
72 70
72 71
72 74
72 77
72 88
73 74
73 75
73 76
73 77
73 60
74 72
74 73
74 75
74 77
74 81
74 82
74 88
75 73
75 74
75 76
75 78
75 81
76 73
76 75
76 45
76 78
76 80
76 60
77 65
77 71
77 72
77 73
77 74
77 60
77 63
78 75
78 76
78 45
78 79
78 81
78 58
78 92
78 93
79 58
79 92
79 53
79 78
80 69
80 44
80 45
80 76
80 60
80 61
81 96
81 74
81 75
81 78
81 82
81 93
82 96
82 102
82 74
82 81
82 83
82 84
82 88
83 100
83 101
83 102
83 103
83 82
83 84
83 85
84 70
84 82
84 83
84 85
84 86
84 88
84 89
85 103
85 83
85 84
85 86
85 87
85 90
86 121
86 110
86 84
86 85
86 87
86 89
86 122
86 123
87 39
87 40
87 42
87 110
87 85
87 86
87 90
87 91
88 70
88 72
88 74
88 82
88 84
89 70
89 47
89 84
89 86
89 123
90 103
90 104
90 85
90 54
90 87
90 91
91 42
91 113
91 119
91 118
91 55
91 54
91 87
91 90
92 97
92 105
92 78
92 79
92 53
92 93
92 94
93 96
93 78
93 81
93 92
93 94
94 128
94 97
94 96
94 92
94 93
94 95
95 128
95 96
95 94
96 128
96 102
96 81
96 82
96 93
96 94
96 95
97 128
97 98
97 105
97 92
97 94
98 128
98 97
98 99
98 104
98 105
99 128
99 98
99 100
99 103
99 104
100 128
100 99
100 101
100 103
100 83
101 128
101 83
101 100
101 102
102 96
102 128
102 101
102 82
102 83
103 99
103 100
103 104
103 83
103 85
103 90
104 98
104 99
104 103
104 105
104 54
104 90
105 97
105 98
105 104
105 53
105 54
105 92
106 107
106 108
106 117
106 118
106 21
106 120
107 106
107 108
107 17
107 113
107 49
107 116
107 118
107 119
107 59
108 106
108 107
108 18
108 116
108 21
108 28
108 31
109 32
109 33
109 110
109 52
109 57
110 121
110 40
110 109
110 52
110 86
110 87
110 57
111 5
111 6
111 43
111 47
111 48
111 57
111 25
112 42
112 11
112 113
112 50
112 115
113 42
113 107
113 112
113 17
113 115
113 119
113 91
114 38
114 12
114 49
114 50
114 17
115 11
115 112
115 113
115 17
115 124
116 107
116 108
116 56
116 59
116 28
116 29
117 106
117 118
117 55
117 56
117 120
117 29
118 106
118 107
118 117
118 55
118 119
118 91
119 107
119 113
119 91
119 118
120 106
120 117
120 21
120 23
120 29
121 57
121 122
121 110
121 86
122 6
122 86
122 121
122 123
122 126
122 57
123 47
123 86
123 89
123 122
123 126
123 127
124 11
124 17
124 115
124 15
125 27
125 26
125 126
125 6
126 6
126 27
126 122
126 123
126 125
126 127
127 27
127 47
127 25
127 123
127 126
128 96
128 97
128 98
128 99
128 100
128 101
128 102
128 94
128 95
