0.296822 0.287889 -0.128588 -0.063886 -0.439663 -0.895888
0.362003 0.315519 -0.099936 0.537373 0.599171 -0.593484
0.500000 0.193628 -0.090784 0.645958 0.533955 -0.545556
0.482902 0.159238 -0.101803 -0.050632 -0.545967 -0.836275
0.498094 0.154307 -0.053564 0.897230 -0.438071 0.055428
0.237223 0.208790 0.093828 -0.448013 -0.870102 -0.205443
0.264863 0.265354 0.027888 0.059396 -0.236722 -0.969760
0.411798 0.123506 0.072792 -0.155148 -0.587972 -0.793863
0.388972 0.105640 0.115127 -0.501782 -0.826625 0.254766
0.428925 0.118672 0.118911 0.867024 -0.485943 0.110132
0.406264 0.129380 0.172829 -0.143557 -0.460123 0.876172
0.329033 0.316822 -0.171701 0.625787 0.691969 0.359958
0.436093 0.156593 -0.153495 -0.041879 -0.311970 0.949169
0.454562 0.195339 -0.160935 0.783079 0.498374 0.372036
0.451975 0.141479 -0.195587 0.867226 -0.497663 0.015826
0.450156 0.189883 -0.227692 0.626802 0.463527 -0.626308
0.432086 0.144591 -0.243496 0.017509 -0.426820 -0.904167
0.259543 0.264576 -0.257423 -0.087867 -0.322589 -0.942452
0.357082 0.130100 -0.257725 0.212242 -0.006972 0.977192
0.362917 0.117953 -0.306615 0.811682 -0.549038 -0.199323
0.370231 0.159967 -0.277672 0.786134 0.603619 0.132808
0.250664 0.260521 -0.290130 0.580601 0.766935 0.273336
0.353629 0.151555 -0.334800 0.563969 0.458948 -0.686517
0.237476 0.255687 -0.341871 0.462415 0.546227 -0.698433
0.421679 0.170403 0.154497 0.573144 0.442605 0.689642
0.243564 0.257195 0.161285 -0.264946 -0.367418 0.891520
0.434615 0.165997 0.078481 0.778835 0.451200 -0.435701
0.313559 0.293967 0.135162 0.612408 0.659595 0.435765
0.190559 0.179078 -0.305604 -0.480890 -0.873142 0.079795
0.175086 0.227541 -0.365961 -0.080277 -0.244862 -0.966229
0.329091 0.122990 -0.345002 -0.218209 -0.674413 -0.705373
0.328469 0.103043 -0.297989 -0.370088 -0.813061 0.449407
0.365047 0.324661 -0.029688 0.551953 0.694061 0.462198
0.297833 0.275994 0.004051 -0.111427 -0.358518 0.926849
0.484857 0.168020 -0.005228 0.109960 -0.099602 0.988933
0.495653 0.208275 -0.019806 0.771032 0.559575 0.303951
0.463529 0.137735 -0.052086 -0.395914 -0.918275 -0.004827
0.290228 0.216891 -0.057075 -0.293127 -0.952448 -0.083176
0.409104 0.124702 -0.197717 -0.411086 -0.887198 -0.209496
0.110673 0.392916 -0.143808 0.787785 0.579348 -0.209169
0.107123 0.429163 -0.140005 0.382002 0.733808 -0.561783
0.127605 0.321909 -0.142310 0.464657 -0.516880 -0.718978
0.103067 0.422044 -0.174998 0.359859 0.886433 0.291098
0.061471 0.262806 -0.000520 0.002141 -0.999998 0.000621
-0.060177 0.246292 0.093643 0.165259 -0.979539 0.114860
-0.207774 0.308507 -0.131622 -0.073278 -0.987285 -0.141061
0.089063 0.240836 -0.146123 -0.054370 -0.996824 0.058182
0.056151 0.328454 0.143526 -0.027760 -0.050492 0.998339
0.045249 0.282598 0.103972 0.179400 -0.892676 0.413456
0.096279 0.264051 -0.204195 0.051037 -0.997726 0.044015
0.269940 0.300308 -0.127070 -0.041818 -0.133113 0.990218
0.100364 0.251067 -0.070000 0.011045 -0.996242 0.085911
0.320659 0.341389 -0.103991 0.382533 0.744030 -0.547802
-0.256878 0.422676 -0.340509 -0.246831 -0.061635 -0.967097
-0.247892 0.490552 -0.297872 0.117634 0.807609 -0.577867
-0.003759 0.416598 -0.348543 0.168276 0.637090 -0.752196
0.018367 0.308925 -0.371038 -0.163005 -0.357679 -0.919508
0.100276 0.337859 0.006327 0.395724 -0.367718 0.841538
-0.211489 0.310744 -0.290811 -0.226571 -0.877706 -0.422253
0.041446 0.243015 -0.291910 -0.145673 -0.977205 -0.154434
-0.175903 0.111670 0.197037 -0.283568 -0.862950 -0.418219
-0.073696 0.120287 0.204146 0.725259 -0.202668 -0.657970
0.010907 0.029760 0.290889 0.285605 -0.673482 -0.681800
-0.052426 0.000000 0.329899 -0.480189 -0.872568 -0.089687
-0.002679 0.009658 0.360641 0.525320 -0.674238 0.519077
-0.057026 0.033242 0.364833 -0.505557 -0.014542 0.862671
0.013125 0.052557 0.326864 0.905473 0.418119 -0.072762
-0.070905 0.180381 0.234830 0.794708 0.557265 0.240614
-0.020477 0.060095 0.371038 0.406469 0.613718 0.676855
-0.127051 0.331625 0.123141 0.781447 -0.084846 0.618176
-0.193934 0.407923 0.134433 0.184216 0.570581 0.800314
-0.126438 0.193832 0.282253 0.095548 0.540733 0.835750
-0.214951 0.295786 0.219610 -0.308588 0.353706 0.882987
-0.264659 0.187491 0.181067 -0.649107 -0.760216 -0.027065
-0.352190 0.296671 0.132147 -0.744368 -0.077839 0.663217
-0.368256 0.275839 0.050744 -0.619717 -0.779858 -0.088157
-0.280745 0.260316 -0.042574 -0.232686 -0.899443 -0.369945
-0.194916 0.146877 0.266273 -0.689192 -0.179255 0.702056
-0.346695 0.305191 -0.139811 -0.283982 -0.942490 -0.176255
-0.343981 0.327939 -0.263579 -0.368956 -0.720649 -0.586972
-0.154040 0.190768 0.092554 0.397049 -0.774391 -0.492616
-0.414541 0.342946 -0.002290 -0.698684 -0.691590 0.183149
-0.384615 0.409372 0.087993 -0.501930 0.136825 0.854017
-0.396529 0.521197 0.041582 0.620798 0.573601 0.534407
-0.317148 0.506346 0.034823 0.084817 0.842770 0.531549
-0.238478 0.529250 -0.059691 0.254702 0.955807 0.146833
0.026984 0.457475 -0.015994 0.225117 0.955012 0.193068
0.027451 0.451338 -0.161032 0.299334 0.950952 -0.078034
-0.309776 0.396495 0.144294 -0.285490 0.497952 0.818864
-0.001960 0.424281 0.110031 0.119956 0.796807 0.592207
-0.240821 0.536155 -0.203514 0.288858 0.943207 -0.164077
0.005928 0.432227 -0.258561 0.319020 0.897772 -0.303695
-0.417069 0.369798 -0.234091 -0.310318 -0.688295 -0.655708
-0.428740 0.335048 -0.135182 -0.067684 -0.996820 -0.042062
-0.478448 0.311473 -0.130114 -0.937395 -0.240363 -0.252024
-0.500000 0.357641 0.013173 -0.986456 0.116819 0.115140
-0.456886 0.352817 0.012668 -0.487257 -0.575527 0.656772
-0.421893 0.375672 -0.275678 -0.904313 0.080495 -0.419211
-0.367371 0.490766 -0.346179 -0.812534 0.233020 -0.534312
-0.376504 0.635619 -0.251082 -0.622256 0.686168 -0.376790
-0.385879 0.631515 -0.085221 -0.505010 0.836397 0.213086
-0.384868 0.565089 0.087224 -0.883279 0.377124 0.278561
-0.426970 0.415197 0.077343 -0.884702 0.191130 0.425173
-0.354183 0.566129 -0.084968 0.562637 0.811884 0.155833
-0.353668 0.559526 -0.222421 0.605488 0.709301 -0.360938
-0.368636 0.469213 -0.285569 0.118166 0.102120 -0.987729
0.196395 0.290952 -0.291657 0.486362 0.805274 0.339096
0.071372 0.313759 -0.260720 0.746160 -0.597050 -0.294581
0.204759 0.236158 -0.249302 -0.149418 -0.246949 0.957439
0.323703 0.350269 -0.029688 0.267723 0.638137 0.721877
0.103067 0.438305 -0.028413 0.361483 0.897575 0.252367
0.080494 0.260783 0.063893 -0.211541 -0.973429 -0.087677
0.288205 0.343675 -0.172207 0.386560 0.921557 0.036124
0.071615 0.401017 -0.256402 0.279026 0.624547 -0.729442
0.247873 0.216891 -0.196045 -0.408493 -0.833279 0.372532
0.283381 0.331002 -0.243729 0.315328 0.681319 -0.660585
0.052348 0.249618 -0.303571 -0.434948 -0.884400 0.169282
0.038149 0.375672 -0.340859 0.412522 0.589405 -0.694569
0.049810 0.389064 -0.289119 0.636746 0.765271 0.094415
0.060712 0.388345 -0.266040 0.692197 0.393409 -0.605055
0.183460 0.285603 -0.342629 0.402810 0.680289 -0.612332
0.105100 0.403556 0.004304 0.747844 0.532265 0.396767
0.083791 0.428901 0.020536 0.475409 0.730015 -0.490983
0.062492 0.418514 0.101686 0.295278 0.822237 0.486557
0.325230 0.306435 -0.241444 0.494559 0.504001 -0.708092
0.322945 0.292460 0.061111 0.675559 0.575977 -0.460294
0.284908 0.322638 0.054770 0.490326 0.847950 -0.201398
0.274764 0.322638 0.129327 0.228549 0.661944 0.713860
-0.453551 0.492794 -0.100774 -0.956442 0.283274 -0.070533
