1 52
2 3
2 4
3 2
4 2
4 35
4 36
7 8
7 9
7 26
8 7
8 9
9 7
9 8
9 10
9 24
10 9
10 24
11 112
12 13
12 14
13 12
14 12
14 15
14 16
14 38
15 14
15 16
16 14
16 15
16 38
18 19
18 20
18 31
19 18
19 20
19 22
19 31
20 18
20 19
21 23
22 19
22 30
23 21
24 9
24 10
26 7
27 127
29 120
30 22
31 18
31 19
32 109
34 35
35 4
35 34
36 4
38 14
38 16
39 40
40 39
52 1
59 116
62 66
63 64
63 65
64 63
65 63
66 62
66 68
68 66
81 96
82 102
92 97
93 94
94 93
95 96
96 81
96 95
97 92
102 82
106 120
109 32
112 11
113 118
113 119
115 124
116 59
117 118
118 113
118 117
118 119
119 113
119 118
120 29
120 106
124 115
125 126
126 125
127 27
