 -0.453551   0.492794  -0.100774
 -0.322726   0.371707   0.020430
  0.059181   0.333854   0.051126
  0.245338   0.306347  -0.069566
  0.260160   0.283581  -0.191407
  0.090264   0.289235  -0.303604
 -0.218066   0.274837   0.117394
  0.218362   0.288418   0.076921
  0.339555   0.268589  -0.068729
  0.336815   0.239399  -0.186421
  0.202676   0.230201  -0.301109
 -0.117501   0.141135   0.241215
  0.336161   0.207467   0.101964
  0.426971   0.209505  -0.065943
  0.406599   0.193645  -0.180870
  0.290770   0.174176  -0.298008
 -0.012572   0.023513   0.360724
  0.425818   0.129641   0.123505
  0.494471   0.178086  -0.065721
  0.450200   0.192951  -0.180326
  0.364784   0.152312  -0.297910
