0 119
1 2
1 3
2 1
2 3
3 1
3 2
3 5
3 30
4 5
5 3
5 4
8 9
8 10
8 36
9 8
10 8
10 11
10 12
10 36
11 10
11 12
12 10
12 11
12 36
13 43
15 37
16 17
16 26
17 16
17 26
18 127
20 21
20 22
20 34
21 20
21 22
22 20
22 21
22 34
23 24
24 23
24 34
25 126
26 16
26 17
26 27
26 32
26 33
27 26
27 33
30 3
32 26
32 33
33 26
33 27
33 32
34 20
34 22
34 24
36 8
36 10
36 12
37 15
40 42
42 40
42 111
43 13
43 119
53 55
54 115
55 53
55 57
57 55
65 116
76 77
76 85
77 76
78 83
78 85
79 83
83 78
83 79
85 76
85 78
89 99
90 105
97 99
99 89
99 97
100 101
101 100
105 90
108 120
108 124
109 110
110 109
111 42
115 54
116 65
119 0
119 43
120 108
120 124
124 108
124 120
126 25
127 18
