  0.453514   0.492726  -0.097607
  0.318194   0.373149   0.017682
 -0.075095   0.331535   0.059955
 -0.243367   0.303269  -0.067754
 -0.239842   0.284544  -0.182898
 -0.087895   0.285358  -0.291617
  0.209937   0.277487   0.109914
 -0.221299   0.283543   0.073535
 -0.344278   0.264179  -0.065042
 -0.322390   0.248235  -0.184146
 -0.199974   0.232015  -0.298111
  0.116848   0.143150   0.239940
 -0.344069   0.199638   0.089645
 -0.430674   0.210141  -0.060488
 -0.401821   0.190752  -0.181852
 -0.288834   0.175040  -0.301284
  0.004562   0.020189   0.347046
 -0.424844   0.138987   0.099265
 -0.496530   0.179130  -0.058424
 -0.450351   0.167102  -0.180466
 -0.362157   0.135099  -0.304461
