-0.361969 0.315458 -0.099932 -0.560021 0.621919 -0.547351
-0.482903 0.159183 -0.101799 0.056081 -0.433034 -0.899631
-0.500000 0.193572 -0.090780 -0.749144 0.511499 -0.420895
-0.498084 0.154252 -0.053572 -0.898084 -0.436223 0.056169
-0.495429 0.208315 -0.019796 -0.639857 0.604412 0.474625
-0.484858 0.167965 -0.005227 0.143240 -0.541237 0.828580
-0.297802 0.275935 0.004051 -0.022364 -0.002724 0.999746
-0.325198 0.306375 -0.241434 -0.532831 0.561215 -0.633347
-0.432079 0.144537 -0.243496 0.068914 -0.398244 -0.914687
-0.450158 0.189876 -0.227683 -0.754882 0.446732 -0.480191
-0.451977 0.141425 -0.195590 -0.867259 -0.497609 0.015730
-0.454564 0.195283 -0.160938 -0.714710 0.575874 0.396935
-0.436086 0.156538 -0.153499 0.044697 -0.438513 0.897613
-0.269910 0.300248 -0.127065 0.085924 -0.200077 0.976005
-0.204731 0.236100 -0.249292 -0.049098 0.086248 0.995063
-0.250635 0.260462 -0.290119 -0.544685 0.760729 0.353001
-0.370236 0.159912 -0.277661 -0.692988 0.664982 0.278507
-0.357078 0.130046 -0.257724 0.144308 -0.495992 0.856252
-0.322913 0.292400 0.061109 -0.694956 0.571590 -0.436258
-0.264833 0.265295 0.027887 0.069153 -0.375239 -0.924345
-0.411588 0.123559 0.072711 -0.169129 -0.263030 -0.949848
-0.434753 0.166098 0.078429 -0.850041 0.406072 -0.335462
-0.428850 0.118570 0.119130 -0.867174 -0.486157 0.107983
-0.421575 0.170348 0.154656 -0.777145 0.553124 0.300168
-0.406394 0.129220 0.172803 0.201971 -0.358848 0.911283
-0.313528 0.293907 0.135157 -0.444710 0.544827 0.710912
-0.362786 0.117685 -0.306603 -0.811698 -0.548962 -0.199466
-0.353635 0.151549 -0.334797 -0.647781 0.427424 -0.630626
-0.243535 0.257136 0.161279 0.122840 -0.019102 0.992243
-0.290197 0.216834 -0.057073 0.315331 -0.948863 0.015001
-0.463521 0.137681 -0.052084 0.288452 -0.953015 0.092503
-0.190532 0.179023 -0.305592 0.470774 -0.840258 0.268960
-0.328466 0.102991 -0.297977 0.402375 -0.908857 -0.109877
-0.329088 0.122937 -0.344989 -0.068583 -0.268475 -0.960842
-0.388947 0.105587 0.115074 0.442500 -0.837225 -0.321322
-0.237194 0.208733 0.093815 0.437305 -0.898665 -0.034128
-0.409098 0.124649 -0.197710 0.371079 -0.778403 0.506348
-0.237447 0.255628 -0.341858 -0.490893 0.572781 -0.656464
-0.062470 0.418449 0.101682 -0.187966 0.661713 0.725813
0.001979 0.424216 0.110027 -0.144374 0.834341 0.532007
-0.083769 0.428835 0.020535 -0.440254 0.889610 -0.121529
-0.026963 0.457408 -0.015993 -0.268530 0.958543 0.095330
-0.105077 0.403491 0.004303 -0.747844 0.532265 0.396767
-0.296791 0.287829 -0.128583 -0.028654 -0.213580 -0.976505
-0.127610 0.321848 -0.142315 -0.226815 -0.973858 0.012454
-0.100370 0.251009 -0.070007 -0.148675 -0.978854 0.140504
-0.089079 0.240778 -0.146117 0.115068 -0.992592 0.038986
-0.061449 0.262747 -0.000520 -0.002150 -0.999997 0.000627
0.207785 0.308446 -0.131617 0.048474 -0.982775 -0.178333
0.060195 0.246234 0.093640 -0.192991 -0.980958 0.021818
-0.056129 0.328393 0.143521 0.105999 -0.222149 0.969234
-0.045227 0.282538 0.103968 -0.060332 -0.734447 0.675979
0.127065 0.331563 0.123136 -0.739134 -0.156064 0.655229
-0.103044 0.421979 -0.174991 -0.389010 0.911583 0.132998
-0.288174 0.343613 -0.172200 -0.311688 0.799849 0.512926
-0.110649 0.392852 -0.143803 -0.787693 0.579468 -0.209182
-0.027430 0.451272 -0.161026 -0.329498 0.932834 -0.145777
-0.107099 0.429098 -0.140000 -0.352286 0.805092 -0.477203
-0.038128 0.375609 -0.340846 -0.462326 0.613714 -0.640007
-0.005908 0.432161 -0.258551 -0.391123 0.886393 -0.247650
0.003778 0.416533 -0.348529 -0.203335 0.753940 -0.624683
-0.018347 0.308865 -0.371024 0.146783 -0.230598 -0.961914
0.247902 0.490484 -0.297860 -0.051157 0.625112 -0.778856
0.256888 0.422611 -0.340496 0.242757 -0.016961 -0.969939
0.211500 0.310683 -0.290800 0.257055 -0.910510 -0.323875
-0.041425 0.242956 -0.291899 0.086484 -0.961989 -0.259031
0.193946 0.407858 0.134427 -0.184216 0.570581 0.800314
-0.096295 0.264041 -0.204187 -0.308806 -0.950624 -0.030882
0.073713 0.120233 0.204138 -0.559893 -0.411049 -0.719416
0.154053 0.190712 0.092550 -0.397049 -0.774391 -0.492616
0.175915 0.111617 0.197029 0.367478 -0.876318 -0.311490
0.280754 0.260258 -0.042572 0.232686 -0.899443 -0.369945
0.264668 0.187435 0.181060 0.649107 -0.760216 -0.027065
0.368262 0.275779 0.050742 0.619717 -0.779858 -0.088157
0.352195 0.296611 0.132142 0.744368 -0.077839 0.663217
0.194928 0.146822 0.266263 0.637804 -0.089545 0.764976
0.057073 0.033241 0.364819 0.700358 -0.471474 0.535920
0.052482 0.000000 0.329886 0.183286 -0.877043 -0.444074
0.002728 0.009657 0.360627 -0.525300 -0.674219 0.519123
-0.010858 0.029711 0.290878 -0.687796 -0.323428 -0.649870
0.214962 0.295726 0.219601 0.308588 0.353706 0.882987
0.309784 0.396431 0.144289 0.285490 0.497952 0.818864
0.126453 0.193776 0.282242 -0.224303 0.591488 0.774487
-0.013066 0.052565 0.326842 -0.758860 0.587185 0.281683
0.070921 0.180326 0.234821 -0.832985 0.526163 0.171141
0.020535 0.060044 0.371024 0.029201 0.446175 0.894469
0.346701 0.305130 -0.139805 0.288303 -0.936488 -0.199679
0.343987 0.327877 -0.263569 0.327651 -0.785727 -0.524670
0.428743 0.334987 -0.135176 0.132631 -0.981661 -0.136930
0.414544 0.342884 -0.002290 0.591053 -0.781364 0.200315
0.421896 0.375609 -0.275667 0.913428 0.045369 -0.404464
0.317155 0.506278 0.034821 -0.065323 0.815294 0.575351
0.238488 0.529181 -0.059689 -0.218104 0.949952 0.223658
0.240832 0.536086 -0.203506 -0.280109 0.949278 -0.142865
0.368641 0.469147 -0.285558 -0.185088 0.007901 -0.982690
0.353674 0.559455 -0.222412 -0.487797 0.761478 -0.426855
0.478449 0.311413 -0.130109 0.922515 -0.314670 -0.223493
0.500000 0.357578 0.013173 0.974275 0.153488 0.165013
0.354189 0.566059 -0.084965 -0.552016 0.815838 0.172296
0.456888 0.352755 0.012667 0.104923 -0.863119 0.493981
0.426973 0.415133 0.077340 0.803663 0.275543 0.527448
0.384619 0.409307 0.087989 0.501930 0.136825 0.854017
0.396533 0.521128 0.041580 -0.613236 0.372180 0.696724
0.384872 0.565018 0.087221 0.734767 0.527662 0.426252
0.385884 0.631442 -0.085218 0.373431 0.914479 0.155810
0.417073 0.369735 -0.234082 0.004657 -0.737218 -0.675639
0.367377 0.490698 -0.346166 0.868930 0.163366 -0.467195
0.376509 0.635546 -0.251072 0.714849 0.578005 -0.393575
-0.049788 0.389001 -0.289108 -0.549824 0.803733 0.227394
-0.183433 0.285543 -0.342616 -0.379465 0.615643 -0.690645
-0.196368 0.290892 -0.291646 -0.516881 0.819194 0.248506
-0.103044 0.438240 -0.028412 -0.308420 0.750354 0.584675
-0.259514 0.264517 -0.257413 0.104231 -0.320712 -0.941424
-0.071349 0.313698 -0.260710 0.008319 -0.739423 -0.673190
-0.247843 0.216834 -0.196037 0.385064 -0.917699 0.097743
-0.329001 0.316761 -0.171695 -0.614199 0.714429 0.335188
-0.052327 0.249560 -0.303559 0.367889 -0.904342 0.216385
-0.100253 0.337797 0.006326 -0.288953 -0.957338 -0.003329
-0.323671 0.350207 -0.029686 -0.387501 0.877883 0.281363
-0.320627 0.341327 -0.103987 -0.408654 0.717741 -0.563783
-0.060690 0.388281 -0.266030 -0.692197 0.393409 -0.605055
-0.080472 0.260725 0.063890 0.082953 -0.991373 -0.101480
-0.365013 0.324600 -0.029686 -0.507520 0.653492 0.561580
-0.283350 0.330941 -0.243720 -0.265840 0.607507 -0.748508
-0.071593 0.400953 -0.256392 -0.292952 0.672328 -0.679819
-0.175060 0.227484 -0.365947 0.169078 -0.404811 -0.898633
-0.274734 0.322577 0.129322 -0.367032 0.816999 0.444747
-0.284877 0.322577 0.054768 -0.439081 0.608539 -0.660975
0.453514 0.492726 -0.097607 0.951813 0.295152 -0.083293
