0 1
0 2
0 4
0 43
0 118
0 119
0 122
1 0
1 2
1 3
1 43
1 29
1 30
2 0
2 1
2 3
2 4
3 1
3 2
3 4
3 5
3 30
4 0
4 2
4 3
4 5
4 6
4 122
5 3
5 4
5 6
5 29
5 30
6 4
6 5
6 111
6 117
6 118
6 122
6 29
7 8
7 9
7 11
7 112
7 115
7 54
7 123
8 36
8 7
8 9
8 10
8 112
8 114
9 8
9 10
9 11
9 7
10 36
10 8
10 9
10 11
10 12
11 7
11 9
11 10
11 12
11 13
11 115
12 10
12 11
12 36
12 13
13 36
13 11
13 12
13 44
13 114
13 115
13 54
14 108
14 110
14 15
14 16
14 17
14 113
14 31
15 16
15 110
15 37
15 14
16 37
16 14
16 15
16 17
16 26
16 27
17 32
17 14
17 16
17 26
17 31
18 19
18 20
18 21
18 23
18 25
18 126
18 127
19 34
19 35
19 18
19 20
19 117
19 127
20 34
20 18
20 19
20 21
20 22
21 18
21 20
21 22
21 23
22 34
22 20
22 21
22 23
22 24
23 18
23 21
23 22
23 24
23 25
24 34
24 35
24 22
24 23
24 25
24 28
25 18
25 23
25 24
25 28
25 126
26 32
26 33
26 16
26 17
26 27
27 16
27 33
27 26
27 37
28 35
28 38
28 50
28 24
28 25
28 126
29 1
29 5
29 6
29 43
29 44
29 45
29 117
29 30
30 1
30 5
30 3
30 29
31 32
31 14
31 17
31 113
31 61
31 116
31 125
32 33
32 17
32 26
32 125
32 31
33 32
33 37
33 26
33 27
33 125
34 35
34 19
34 20
34 22
34 24
35 34
35 50
35 19
35 117
35 24
35 121
35 28
36 8
36 10
36 12
36 13
36 114
37 33
37 109
37 110
37 15
37 16
37 27
37 125
38 39
38 40
38 50
38 28
38 126
39 66
39 38
39 40
39 41
39 50
39 91
39 92
40 38
40 39
40 41
40 42
40 117
40 126
40 127
41 39
41 40
41 42
41 111
41 56
41 57
41 92
41 93
42 40
42 41
42 117
42 111
43 0
43 1
43 44
43 119
43 57
43 29
44 67
44 43
44 45
44 46
44 13
44 114
44 53
44 54
44 55
44 57
44 29
45 44
45 46
45 47
45 117
45 29
46 64
46 65
46 67
46 44
46 45
46 47
46 48
47 45
47 46
47 48
47 49
47 51
47 117
47 121
48 64
48 69
48 71
48 46
48 47
48 49
48 86
48 87
49 69
49 47
49 48
49 51
49 52
50 66
50 35
50 38
50 39
50 51
50 52
50 121
50 28
51 47
51 49
51 50
51 52
51 121
52 66
52 68
52 69
52 49
52 50
52 51
52 84
53 44
53 54
53 55
53 56
53 123
53 124
54 7
54 44
54 13
54 115
54 53
54 123
55 56
55 57
55 44
55 53
56 41
56 53
56 55
56 57
56 59
56 124
56 93
57 41
57 43
57 44
57 111
57 55
57 118
57 119
57 56
58 108
58 109
58 59
58 60
58 61
59 108
59 120
59 60
59 56
59 58
59 124
59 93
60 61
60 58
60 59
60 93
60 62
61 64
61 65
61 31
61 109
61 116
61 58
61 60
61 125
61 62
61 63
62 63
62 61
62 60
62 93
62 95
63 64
63 87
63 62
63 61
63 94
63 95
64 65
64 46
64 48
64 87
64 61
64 63
65 64
65 67
65 46
65 113
65 116
65 61
66 39
66 80
66 81
66 50
66 82
66 52
66 84
66 91
67 65
67 44
67 46
67 113
67 114
68 69
68 70
68 77
68 79
68 52
68 84
69 68
69 70
69 71
69 48
69 49
69 52
70 68
70 69
70 71
70 72
70 75
70 76
70 77
71 69
71 70
71 72
71 73
71 48
71 86
72 70
72 71
72 73
72 74
72 75
73 71
73 72
73 74
73 86
73 89
74 101
74 72
74 73
74 75
74 80
74 81
74 89
75 70
75 72
75 74
75 76
75 80
75 82
75 85
76 70
76 75
76 77
76 78
76 85
77 68
77 70
77 76
77 78
77 79
78 76
78 77
78 79
78 83
78 85
79 68
79 77
79 78
79 83
79 84
80 66
80 74
80 75
80 81
80 82
81 66
81 101
81 74
81 80
81 91
82 66
82 75
82 80
82 83
82 84
82 85
83 78
83 79
83 82
83 84
83 85
84 66
84 68
84 79
84 82
84 83
84 52
85 75
85 76
85 78
85 82
85 83
86 71
86 73
86 48
86 87
86 88
86 89
87 64
87 105
87 48
87 86
87 88
87 94
87 63
88 96
88 105
88 86
88 87
88 89
88 90
89 96
89 99
89 101
89 73
89 74
89 86
89 88
90 128
90 96
90 105
90 106
90 88
91 66
91 98
91 101
91 102
91 39
91 81
91 92
92 98
92 39
92 41
92 91
92 93
93 98
93 41
93 60
93 56
93 59
93 92
93 62
93 95
94 105
94 106
94 107
94 87
94 95
94 63
95 98
95 104
95 107
95 94
95 93
95 62
95 63
96 128
96 97
96 99
96 88
96 89
96 90
97 96
97 99
97 100
97 128
98 102
98 103
98 104
98 91
98 92
98 93
98 95
99 96
99 97
99 100
99 101
99 89
100 128
100 97
100 99
100 101
100 102
100 103
101 99
101 100
101 102
101 74
101 81
101 89
101 91
102 98
102 100
102 101
102 103
102 91
103 128
103 98
103 100
103 102
103 104
104 128
104 98
104 103
104 107
104 95
105 106
105 87
105 88
105 90
105 94
106 128
106 105
106 107
106 90
106 94
107 128
107 104
107 106
107 94
107 95
108 109
108 110
108 14
108 113
108 120
108 58
108 59
109 37
109 108
109 110
109 61
109 58
109 125
110 37
110 108
110 109
110 14
110 15
111 6
111 41
111 42
111 117
111 118
111 57
112 7
112 8
112 113
112 114
112 123
113 65
113 67
113 108
113 14
113 112
113 114
113 116
113 120
113 123
113 124
113 31
114 67
114 36
114 8
114 44
114 13
114 112
114 113
115 11
115 13
115 54
115 7
116 65
116 113
116 61
116 31
117 35
117 6
117 40
117 42
117 45
117 47
117 111
117 19
117 121
117 29
117 127
118 0
118 6
118 111
118 119
118 57
118 122
119 0
119 57
119 43
119 118
120 124
120 113
120 59
120 108
121 35
121 47
121 50
121 51
121 117
122 0
122 118
122 4
122 6
123 7
123 112
123 113
123 53
123 54
123 124
124 123
124 113
124 53
124 56
124 59
124 120
125 32
125 33
125 37
125 109
125 61
125 31
126 38
126 40
126 18
126 25
126 28
126 127
127 40
127 18
127 19
127 117
127 126
128 96
128 97
128 100
128 103
128 104
128 106
128 107
128 90
