0 1
0 2
1 0
1 2
2 0
2 1
3 4
3 5
4 3
4 5
5 3
5 4
6 8
6 7
7 8
7 6
8 6
8 7
9 10
9 11
10 9
10 11
11 9
11 10
12 13
12 14
13 12
13 14
14 12
14 13
15 16
15 17
16 17
16 15
17 16
17 15
18 19
18 20
19 18
19 20
20 18
20 19
21 22
21 23
22 21
22 23
23 21
23 22
24 25
24 26
25 24
25 26
26 24
26 25
27 28
27 29
28 27
28 29
29 27
29 28
30 32
30 31
31 32
31 30
32 30
32 31
33 34
33 35
34 33
34 35
35 33
35 34
36 37
36 38
37 36
37 38
38 36
38 37
39 40
39 41
40 41
40 39
41 40
41 39
42 43
42 44
43 42
43 44
44 42
44 43
45 46
45 47
46 45
46 47
47 45
47 46
48 49
48 50
49 48
49 50
50 48
50 49
51 52
51 53
52 51
52 53
53 51
53 52
54 56
54 55
55 56
55 54
56 54
56 55
57 58
57 59
58 57
58 59
59 57
59 58
60 61
60 62
61 60
61 62
62 60
62 61
63 64
63 65
64 65
64 63
65 64
65 63
66 67
66 68
67 66
67 68
68 66
68 67
69 70
69 71
70 69
70 71
71 69
71 70
72 73
72 74
73 72
73 74
74 72
74 73
75 76
75 77
76 75
76 77
77 75
77 76
78 80
78 79
79 80
79 78
80 78
80 79
81 82
81 83
82 81
82 83
83 81
83 82
84 85
84 86
85 84
85 86
86 84
86 85
87 88
87 89
88 89
88 87
89 88
89 87
90 91
90 92
91 90
91 92
92 90
92 91
93 94
93 95
94 93
94 95
95 93
95 94
96 97
96 98
97 96
97 98
98 96
98 97
99 100
99 101
100 99
100 101
101 99
101 100
102 104
102 103
103 104
103 102
104 102
104 103
105 106
105 107
106 105
106 107
107 105
107 106
108 109
108 110
109 108
109 110
110 108
110 109
111 112
111 113
112 113
112 111
113 112
113 111
114 115
114 116
115 114
115 116
116 114
116 115
117 118
117 119
118 117
118 119
119 117
119 118
120 121
120 122
121 120
121 122
122 120
122 121
123 124
123 125
124 123
124 125
125 123
125 124
126 128
126 127
127 128
127 126
128 126
128 127
129 130
129 131
130 129
130 131
131 129
131 130
132 133
132 134
133 132
133 134
134 132
134 133
135 136
135 137
136 137
136 135
137 136
137 135
138 139
138 140
139 138
139 140
140 138
140 139
141 142
141 143
142 141
142 143
143 141
143 142
144 145
144 146
145 144
145 146
146 144
146 145
147 148
147 149
148 147
148 149
149 147
149 148
150 152
150 151
151 152
151 150
152 150
152 151
153 154
153 155
154 153
154 155
155 153
155 154
156 157
156 158
157 156
157 158
158 156
158 157
159 160
159 161
160 161
160 159
161 160
161 159
162 163
162 164
163 162
163 164
164 162
164 163
165 166
165 167
166 165
166 167
167 165
167 166
168 169
168 170
169 168
169 170
170 168
170 169
171 172
171 173
172 171
172 173
173 171
173 172
174 176
174 175
175 176
175 174
176 174
176 175
177 178
177 179
178 177
178 179
179 177
179 178
180 181
180 182
181 180
181 182
182 180
182 181
183 184
183 185
184 185
184 183
185 184
185 183
186 187
186 188
187 186
187 188
188 186
188 187
189 190
189 191
190 189
190 191
191 189
191 190
192 193
192 194
193 192
193 194
194 192
194 193
195 196
195 197
196 195
196 197
197 195
197 196
198 200
198 199
199 200
199 198
200 198
200 199
201 202
201 203
202 201
202 203
203 201
203 202
204 205
204 206
205 204
205 206
206 204
206 205
207 208
207 209
208 209
208 207
209 208
209 207
210 211
210 212
211 210
211 212
212 210
212 211
213 214
213 215
214 213
214 215
215 213
215 214
216 217
216 218
217 216
217 218
218 216
218 217
219 220
219 221
220 219
220 221
221 219
221 220
222 224
222 223
223 224
223 222
224 222
224 223
225 226
225 227
226 225
226 227
227 225
227 226
228 229
228 230
229 228
229 230
230 228
230 229
231 232
231 233
232 233
232 231
233 232
233 231
234 235
234 236
235 234
235 236
236 234
236 235
237 238
237 239
238 237
238 239
239 237
239 238
240 241
240 242
241 240
241 242
242 240
242 241
243 244
243 245
244 243
244 245
245 243
245 244
246 248
246 247
247 248
247 246
248 246
248 247
249 250
249 251
250 249
250 251
251 249
251 250
252 253
252 254
253 252
253 254
254 252
254 253
255 256
255 257
256 257
256 255
257 256
257 255
258 259
258 260
259 258
259 260
260 258
260 259
261 262
261 263
262 261
262 263
263 261
263 262
264 265
264 266
265 264
265 266
266 264
266 265
267 268
267 269
268 267
268 269
269 267
269 268
270 272
270 271
271 272
271 270
272 270
272 271
273 274
273 275
274 273
274 275
275 273
275 274
276 277
276 278
277 276
277 278
278 276
278 277
279 280
279 281
280 281
280 279
281 280
281 279
282 283
282 284
283 282
283 284
284 282
284 283
285 286
285 287
286 285
286 287
287 285
287 286
288 289
288 290
289 288
289 290
290 288
290 289
291 292
291 293
292 291
292 293
293 291
293 292
294 296
294 295
295 296
295 294
296 294
296 295
297 298
297 299
298 297
298 299
299 297
299 298
300 301
300 302
301 300
301 302
302 300
302 301
303 304
303 305
304 305
304 303
305 304
305 303
306 307
306 308
307 306
307 308
308 306
308 307
309 310
309 311
310 309
310 311
311 309
311 310
312 313
312 314
313 312
313 314
314 312
314 313
315 316
315 317
316 315
316 317
317 315
317 316
318 320
318 319
319 320
319 318
320 318
320 319
321 322
321 323
322 321
322 323
323 321
323 322
324 325
324 326
325 324
325 326
326 324
326 325
327 328
327 329
328 329
328 327
329 328
329 327
330 331
330 332
331 330
331 332
332 330
332 331
333 334
333 335
334 333
334 335
335 333
335 334
336 337
336 338
337 336
337 338
338 336
338 337
339 340
339 341
340 339
340 341
341 339
341 340
342 344
342 343
343 344
343 342
344 342
344 343
345 346
345 347
346 345
346 347
347 345
347 346
348 349
348 350
349 348
349 350
350 348
350 349
351 352
351 353
352 353
352 351
353 352
353 351
354 355
354 356
355 354
355 356
356 354
356 355
357 358
357 359
358 357
358 359
359 357
359 358
360 361
360 362
361 360
361 362
362 360
362 361
363 364
363 365
364 363
364 365
365 363
365 364
366 368
366 367
367 368
367 366
368 366
368 367
369 370
369 371
370 369
370 371
371 369
371 370
372 373
372 374
373 372
373 374
374 372
374 373
375 376
375 377
376 377
376 375
377 376
377 375
378 379
378 380
379 378
379 380
380 378
380 379
381 382
381 383
382 381
382 383
383 381
383 382
384 385
384 386
385 384
385 386
386 384
386 385
387 388
387 389
388 387
388 389
389 387
389 388
390 392
390 391
391 392
391 390
392 390
392 391
393 394
393 395
394 393
394 395
395 393
395 394
396 397
396 398
397 396
397 398
398 396
398 397
399 400
399 401
400 401
400 399
401 400
401 399
402 403
402 404
403 402
403 404
404 402
404 403
405 406
405 407
406 405
406 407
407 405
407 406
408 409
408 410
409 408
409 410
410 408
410 409
411 412
411 413
412 411
412 413
413 411
413 412
414 416
414 415
415 416
415 414
416 414
416 415
417 418
417 419
418 417
418 419
419 417
419 418
420 421
420 422
421 420
421 422
422 420
422 421
423 424
423 425
424 425
424 423
425 424
425 423
426 427
426 428
427 426
427 428
428 426
428 427
429 430
429 431
430 429
430 431
431 429
431 430
432 433
432 434
433 432
433 434
434 432
434 433
435 436
435 437
436 435
436 437
437 435
437 436
438 440
438 439
439 440
439 438
440 438
440 439
441 442
441 443
442 441
442 443
443 441
443 442
444 445
444 446
445 444
445 446
446 444
446 445
447 448
447 449
448 449
448 447
449 448
449 447
450 451
450 452
451 450
451 452
452 450
452 451
453 454
453 455
454 453
454 455
455 453
455 454
456 457
456 458
457 456
457 458
458 456
458 457
459 460
459 461
460 459
460 461
461 459
461 460
462 464
462 463
463 464
463 462
464 462
464 463
465 466
465 467
466 465
466 467
467 465
467 466
468 469
468 470
469 468
469 470
470 468
470 469
471 472
471 473
472 473
472 471
473 472
473 471
474 475
474 476
475 474
475 476
476 474
476 475
477 478
477 479
478 477
478 479
479 477
479 478
480 481
480 482
481 480
481 482
482 480
482 481
483 484
483 485
484 483
484 485
485 483
485 484
486 488
486 487
487 488
487 486
488 486
488 487
489 490
489 491
490 489
490 491
491 489
491 490
492 493
492 494
493 492
493 494
494 492
494 493
495 496
495 497
496 497
496 495
497 496
497 495
498 499
498 500
499 498
499 500
500 498
500 499
501 502
501 503
502 501
502 503
503 501
503 502
504 505
504 506
505 504
505 506
506 504
506 505
507 508
507 509
508 507
508 509
509 507
509 508
510 512
510 511
511 512
511 510
512 510
512 511
513 514
513 515
514 513
514 515
515 513
515 514
516 517
516 518
517 516
517 518
518 516
518 517
519 520
519 521
520 521
520 519
521 520
521 519
522 523
522 524
523 522
523 524
524 522
524 523
525 526
525 527
526 525
526 527
527 525
527 526
528 529
528 530
529 528
529 530
530 528
530 529
531 532
531 533
532 531
532 533
533 531
533 532
534 536
534 535
535 536
535 534
536 534
536 535
537 538
537 539
538 537
538 539
539 537
539 538
540 541
540 542
541 540
541 542
542 540
542 541
543 544
543 545
544 545
544 543
545 544
545 543
546 547
546 548
547 546
547 548
548 546
548 547
549 550
549 551
550 549
550 551
551 549
551 550
552 553
552 554
553 552
553 554
554 552
554 553
555 556
555 557
556 555
556 557
557 555
557 556
558 560
558 559
559 560
559 558
560 558
560 559
561 562
561 563
562 561
562 563
563 561
563 562
564 565
564 566
565 564
565 566
566 564
566 565
567 568
567 569
568 569
568 567
569 568
569 567
570 571
570 572
571 570
571 572
572 570
572 571
573 574
573 575
574 573
574 575
575 573
575 574
576 577
576 578
577 576
577 578
578 576
578 577
579 580
579 581
580 579
580 581
581 579
581 580
582 584
582 583
583 584
583 582
584 582
584 583
585 586
585 587
586 585
586 587
587 585
587 586
588 589
588 590
589 588
589 590
590 588
590 589
591 592
591 593
592 593
592 591
593 592
593 591
594 595
594 596
595 594
595 596
596 594
596 595
597 598
597 599
598 597
598 599
599 597
599 598
600 601
600 602
601 600
601 602
602 600
602 601
603 604
603 605
604 603
604 605
605 603
605 604
606 608
606 607
607 608
607 606
608 606
608 607
609 610
609 611
610 609
610 611
611 609
611 610
612 613
612 614
613 612
613 614
614 612
614 613
615 616
615 617
616 617
616 615
617 616
617 615
618 619
618 620
619 618
619 620
620 618
620 619
621 622
621 623
622 621
622 623
623 621
623 622
624 625
624 626
625 624
625 626
626 624
626 625
627 628
627 629
628 627
628 629
629 627
629 628
630 632
630 631
631 632
631 630
632 630
632 631
633 634
633 635
634 633
634 635
635 633
635 634
636 637
636 638
637 636
637 638
638 636
638 637
639 640
639 641
640 641
640 639
641 640
641 639
642 643
642 644
643 642
643 644
644 642
644 643
645 646
645 647
646 645
646 647
647 645
647 646
648 649
648 650
649 648
649 650
650 648
650 649
651 652
651 653
652 651
652 653
653 651
653 652
654 656
654 655
655 656
655 654
656 654
656 655
657 658
657 659
658 657
658 659
659 657
659 658
660 661
660 662
661 660
661 662
662 660
662 661
663 664
663 665
664 665
664 663
665 664
665 663
666 667
666 668
667 666
667 668
668 666
668 667
669 670
669 671
670 669
670 671
671 669
671 670
672 673
672 674
673 672
673 674
674 672
674 673
675 676
675 677
676 675
676 677
677 675
677 676
678 680
678 679
679 680
679 678
680 678
680 679
681 682
681 683
682 681
682 683
683 681
683 682
684 685
684 686
685 684
685 686
686 684
686 685
687 688
687 689
688 689
688 687
689 688
689 687
690 691
690 692
691 690
691 692
692 690
692 691
693 694
693 695
694 693
694 695
695 693
695 694
696 697
696 698
697 696
697 698
698 696
698 697
699 700
699 701
700 699
700 701
701 699
701 700
702 704
702 703
703 704
703 702
704 702
704 703
705 706
705 707
706 705
706 707
707 705
707 706
708 709
708 710
709 708
709 710
710 708
710 709
711 712
711 713
712 713
712 711
713 712
713 711
714 715
714 716
715 714
715 716
716 714
716 715
717 718
717 719
718 717
718 719
719 717
719 718
720 721
720 722
721 720
721 722
722 720
722 721
723 724
723 725
724 723
724 725
725 723
725 724
726 728
726 727
727 728
727 726
728 726
728 727
729 730
729 731
730 729
730 731
731 729
731 730
732 733
732 734
733 732
733 734
734 732
734 733
735 736
735 737
736 737
736 735
737 736
737 735
738 739
738 740
739 738
739 740
740 738
740 739
741 742
741 743
742 741
742 743
743 741
743 742
744 745
744 746
745 744
745 746
746 744
746 745
747 748
747 749
748 747
748 749
749 747
749 748
750 752
750 751
751 752
751 750
752 750
752 751
753 754
753 755
754 753
754 755
755 753
755 754
756 757
756 758
757 756
757 758
758 756
758 757
759 760
759 761
760 761
760 759
761 760
761 759
762 763
762 764
763 762
763 764
764 762
764 763
765 766
765 767
766 765
766 767
767 765
767 766
768 769
768 770
769 768
769 770
770 768
770 769
771 772
771 773
772 771
772 773
773 771
773 772
774 776
774 775
775 776
775 774
776 774
776 775
777 778
777 779
778 777
778 779
779 777
779 778
780 781
780 782
781 780
781 782
782 780
782 781
783 784
783 785
784 785
784 783
785 784
785 783
786 787
786 788
787 786
787 788
788 786
788 787
789 790
789 791
790 789
790 791
791 789
791 790
792 793
792 794
793 792
793 794
794 792
794 793
795 796
795 797
796 795
796 797
797 795
797 796
798 800
798 799
799 800
799 798
800 798
800 799
801 802
801 803
802 801
802 803
803 801
803 802
804 805
804 806
805 804
805 806
806 804
806 805
807 808
807 809
808 809
808 807
809 808
809 807
