-0.353612 0.705975 0.040731 0.980641 -0.187023 0.058017
-0.381410 0.630343 0.266784 0.980641 -0.187023 0.058017
-0.385847 0.589957 0.211602 0.980641 -0.187023 0.058017
-0.029671 0.175443 0.374559 0.667235 0.738898 0.093957
-0.018214 0.153450 0.466162 0.667235 0.738898 0.093957
0.067736 0.071533 0.500000 0.667235 0.738898 0.093957
0.083748 0.066859 0.457540 0.623827 0.766869 0.150835
-0.029671 0.175443 0.374559 0.623827 0.766869 0.150835
0.067736 0.071533 0.500000 0.623827 0.766869 0.150835
0.083748 0.066859 0.457540 0.933757 0.112606 0.339733
0.067736 0.071533 0.500000 0.933757 0.112606 0.339733
0.080205 0.015734 0.484224 0.933757 0.112606 0.339733
-0.046240 0.125129 0.342914 0.697224 0.202832 -0.687560
-0.029671 0.175443 0.374559 0.697224 0.202832 -0.687560
0.083748 0.066859 0.457540 0.697224 0.202832 -0.687560
0.065812 0.037129 0.426333 0.702024 0.268728 -0.659505
-0.046240 0.125129 0.342914 0.702024 0.268728 -0.659505
0.083748 0.066859 0.457540 0.702024 0.268728 -0.659505
0.065812 0.037129 0.426333 0.922029 -0.227419 -0.313279
0.083748 0.066859 0.457540 0.922029 -0.227419 -0.313279
0.080205 0.015734 0.484224 0.922029 -0.227419 -0.313279
0.030945 0.000000 0.445973 0.548892 -0.730442 -0.406414
0.065812 0.037129 0.426333 0.548892 -0.730442 -0.406414
0.080205 0.015734 0.484224 0.548892 -0.730442 -0.406414
-0.106206 0.080829 0.363406 0.148786 -0.573914 -0.805286
-0.046240 0.125129 0.342914 0.148786 -0.573914 -0.805286
0.065812 0.037129 0.426333 0.148786 -0.573914 -0.805286
0.030945 0.000000 0.445973 0.151007 -0.569293 -0.808147
-0.106206 0.080829 0.363406 0.151007 -0.569293 -0.808147
0.065812 0.037129 0.426333 0.151007 -0.569293 -0.808147
0.080205 0.015734 0.484224 0.197948 -0.225472 0.953928
0.067736 0.071533 0.500000 0.197948 -0.225472 0.953928
0.019505 0.024407 0.498870 0.197948 -0.225472 0.953928
0.030945 0.000000 0.445973 -0.030292 -0.910064 0.413360
0.080205 0.015734 0.484224 -0.030292 -0.910064 0.413360
0.019505 0.024407 0.498870 -0.030292 -0.910064 0.413360
0.038445 0.418091 -0.113503 0.162755 0.437801 -0.884218
0.015034 0.396789 -0.128360 0.162755 0.437801 -0.884218
-0.043254 0.435394 -0.119974 0.162755 0.437801 -0.884218
0.067550 0.436457 -0.036454 0.220375 0.926781 -0.304159
0.038445 0.418091 -0.113503 0.220375 0.926781 -0.304159
-0.043254 0.435394 -0.119974 0.220375 0.926781 -0.304159
0.067550 0.436457 -0.036454 0.218761 0.927858 -0.302032
-0.043254 0.435394 -0.119974 0.218761 0.927858 -0.302032
-0.016636 0.462079 -0.018720 0.218761 0.927858 -0.302032
0.076391 0.403404 -0.005374 0.344151 0.690388 0.636337
0.067550 0.436457 -0.036454 0.344151 0.690388 0.636337
-0.016636 0.462079 -0.018720 0.344151 0.690388 0.636337
0.076391 0.403404 -0.005374 0.349577 0.357235 -0.866129
-0.016636 0.462079 -0.018720 0.349577 0.357235 -0.866129
0.072772 0.447956 0.011541 0.349577 0.357235 -0.866129
0.068259 0.338941 0.004994 0.931948 -0.060059 0.357583
0.076391 0.403404 -0.005374 0.931948 -0.060059 0.357583
0.072772 0.447956 0.011541 0.931948 -0.060059 0.357583
0.479306 0.184496 0.027908 0.248594 0.243336 -0.937544
0.334638 0.333947 0.028338 0.248594 0.243336 -0.937544
0.490231 0.224139 0.041094 0.248594 0.243336 -0.937544
0.493108 0.179907 0.075902 0.943658 -0.164564 -0.287105
0.479306 0.184496 0.027908 0.943658 -0.164564 -0.287105
0.490231 0.224139 0.041094 0.943658 -0.164564 -0.287105
0.493108 0.179907 0.075902 0.998658 0.045547 -0.024657
0.490231 0.224139 0.041094 0.998658 0.045547 -0.024657
0.491327 0.233756 0.103278 0.998658 0.045547 -0.024657
0.482663 0.195750 0.124083 0.966868 -0.089566 0.239048
0.493108 0.179907 0.075902 0.966868 -0.089566 0.239048
0.491327 0.233756 0.103278 0.966868 -0.089566 0.239048
0.049581 0.359230 0.149881 0.156001 0.316081 0.935819
0.292743 0.369801 0.105776 0.156001 0.316081 0.935819
0.079446 0.458114 0.111504 0.156001 0.316081 0.935819
-0.371252 0.420167 -0.178658 -0.775743 0.458544 -0.433544
-0.444674 0.463268 -0.001696 -0.775743 0.458544 -0.433544
-0.332630 0.506547 -0.156402 -0.775743 0.458544 -0.433544
-0.068132 0.408921 -0.211973 -0.094084 0.287627 -0.953110
-0.371252 0.420167 -0.178658 -0.094084 0.287627 -0.953110
-0.332630 0.506547 -0.156402 -0.094084 0.287627 -0.953110
-0.068132 0.408921 -0.211973 0.264432 0.905436 -0.332056
-0.332630 0.506547 -0.156402 0.264432 0.905436 -0.332056
-0.043254 0.435394 -0.119974 0.264432 0.905436 -0.332056
0.020087 0.406685 -0.154496 0.236361 0.914919 -0.327194
-0.068132 0.408921 -0.211973 0.236361 0.914919 -0.327194
-0.043254 0.435394 -0.119974 0.236361 0.914919 -0.327194
0.020087 0.406685 -0.154496 0.547243 0.742213 0.386839
-0.043254 0.435394 -0.119974 0.547243 0.742213 0.386839
0.015034 0.396789 -0.128360 0.547243 0.742213 0.386839
0.000194 0.319706 -0.112525 0.978461 -0.162113 0.127803
0.020087 0.406685 -0.154496 0.978461 -0.162113 0.127803
0.015034 0.396789 -0.128360 0.978461 -0.162113 0.127803
0.000194 0.319706 -0.112525 0.679298 -0.270885 -0.682038
0.015034 0.396789 -0.128360 0.679298 -0.270885 -0.682038
0.038445 0.418091 -0.113503 0.679298 -0.270885 -0.682038
0.237308 0.340873 -0.112989 -0.001107 -0.009516 -0.999954
0.000194 0.319706 -0.112525 -0.001107 -0.009516 -0.999954
0.038445 0.418091 -0.113503 -0.001107 -0.009516 -0.999954
0.237308 0.340873 -0.112989 0.341423 0.877023 -0.338025
0.038445 0.418091 -0.113503 0.341423 0.877023 -0.338025
0.067550 0.436457 -0.036454 0.341423 0.877023 -0.338025
0.252670 0.359551 -0.046392 0.347590 0.878896 -0.326684
0.237308 0.340873 -0.112989 0.347590 0.878896 -0.326684
0.067550 0.436457 -0.036454 0.347590 0.878896 -0.326684
0.252670 0.359551 -0.046392 0.207791 0.383910 0.899687
0.067550 0.436457 -0.036454 0.207791 0.383910 0.899687
0.068259 0.338941 0.004994 0.207791 0.383910 0.899687
0.225859 0.324296 -0.008124 0.123426 0.685240 0.717783
0.252670 0.359551 -0.046392 0.123426 0.685240 0.717783
0.068259 0.338941 0.004994 0.123426 0.685240 0.717783
-0.235198 0.276950 -0.152733 -0.278837 -0.421126 -0.863077
-0.371252 0.420167 -0.178658 -0.278837 -0.421126 -0.863077
-0.055883 0.313952 -0.228719 -0.278837 -0.421126 -0.863077
-0.050762 0.257707 -0.178075 -0.169271 -0.667941 -0.724708
-0.235198 0.276950 -0.152733 -0.169271 -0.667941 -0.724708
-0.055883 0.313952 -0.228719 -0.169271 -0.667941 -0.724708
-0.050762 0.257707 -0.178075 0.449443 -0.574794 -0.683822
-0.055883 0.313952 -0.228719 0.449443 -0.574794 -0.683822
-0.014030 0.270741 -0.164889 0.449443 -0.574794 -0.683822
-0.005264 0.264937 -0.086473 0.367063 -0.923740 -0.109406
-0.050762 0.257707 -0.178075 0.367063 -0.923740 -0.109406
-0.014030 0.270741 -0.164889 0.367063 -0.923740 -0.109406
-0.005264 0.264937 -0.086473 0.980417 -0.155307 -0.121087
-0.014030 0.270741 -0.164889 0.980417 -0.155307 -0.121087
0.000194 0.319706 -0.112525 0.980417 -0.155307 -0.121087
0.038673 0.284357 -0.054862 0.644980 -0.379729 -0.663180
-0.005264 0.264937 -0.086473 0.644980 -0.379729 -0.663180
0.000194 0.319706 -0.112525 0.644980 -0.379729 -0.663180
0.225859 0.324296 -0.008124 -0.258730 -0.362470 0.895363
0.209282 0.229681 -0.051217 -0.258730 -0.362470 0.895363
0.424958 0.169884 -0.013102 -0.258730 -0.362470 0.895363
-0.317740 0.534243 -0.060573 -0.536302 0.829412 -0.156384
-0.332630 0.506547 -0.156402 -0.536302 0.829412 -0.156384
-0.444674 0.463268 -0.001696 -0.536302 0.829412 -0.156384
-0.317740 0.534243 -0.060573 -0.520572 0.847923 -0.100157
-0.444674 0.463268 -0.001696 -0.520572 0.847923 -0.100157
-0.323544 0.545000 0.060658 -0.520572 0.847923 -0.100157
-0.016636 0.462079 -0.018720 0.242171 0.967389 -0.074239
-0.317740 0.534243 -0.060573 0.242171 0.967389 -0.074239
-0.323544 0.545000 0.060658 0.242171 0.967389 -0.074239
-0.016636 0.462079 -0.018720 0.239680 0.967236 -0.083710
-0.323544 0.545000 0.060658 0.239680 0.967236 -0.083710
-0.009314 0.472810 0.126242 0.239680 0.967236 -0.083710
0.079446 0.458114 0.111504 0.149793 0.985434 -0.080516
-0.016636 0.462079 -0.018720 0.149793 0.985434 -0.080516
-0.009314 0.472810 0.126242 0.149793 0.985434 -0.080516
0.079446 0.458114 0.111504 0.228210 0.667226 0.709034
-0.009314 0.472810 0.126242 0.228210 0.667226 0.709034
0.082398 0.424579 0.142111 0.228210 0.667226 0.709034
0.049581 0.359230 0.149881 0.725148 -0.428278 -0.539201
0.079446 0.458114 0.111504 0.725148 -0.428278 -0.539201
0.082398 0.424579 0.142111 0.725148 -0.428278 -0.539201
0.302900 0.187710 -0.151889 0.937962 -0.060892 0.341349
0.315808 0.169513 -0.190604 0.937962 -0.060892 0.341349
0.313885 0.211104 -0.177898 0.937962 -0.060892 0.341349
0.139673 0.289647 -0.135581 0.428395 0.574381 0.697542
0.302900 0.187710 -0.151889 0.428395 0.574381 0.697542
0.313885 0.211104 -0.177898 0.428395 0.574381 0.697542
0.139074 0.224864 -0.178371 -0.434886 -0.804320 -0.404899
0.117975 0.264034 -0.233519 -0.434886 -0.804320 -0.404899
0.289301 0.168661 -0.228078 -0.434886 -0.804320 -0.404899
0.284678 0.155829 -0.182572 -0.417280 -0.862711 -0.285669
0.139074 0.224864 -0.178371 -0.417280 -0.862711 -0.285669
0.289301 0.168661 -0.228078 -0.417280 -0.862711 -0.285669
0.284678 0.155829 -0.182572 0.343687 -0.912378 -0.222364
0.289301 0.168661 -0.228078 0.343687 -0.912378 -0.222364
0.315808 0.169513 -0.190604 0.343687 -0.912378 -0.222364
0.302900 0.187710 -0.151889 0.453397 -0.738886 0.498476
0.284678 0.155829 -0.182572 0.453397 -0.738886 0.498476
0.315808 0.169513 -0.190604 0.453397 -0.738886 0.498476
-0.055883 0.313952 -0.228719 -0.101977 0.159979 -0.981839
-0.371252 0.420167 -0.178658 -0.101977 0.159979 -0.981839
-0.068132 0.408921 -0.211973 -0.101977 0.159979 -0.981839
-0.006428 0.383114 -0.214723 0.030339 0.177370 -0.983677
-0.055883 0.313952 -0.228719 0.030339 0.177370 -0.983677
-0.068132 0.408921 -0.211973 0.030339 0.177370 -0.983677
-0.006428 0.383114 -0.214723 0.323869 0.823918 -0.465046
-0.068132 0.408921 -0.211973 0.323869 0.823918 -0.465046
0.020087 0.406685 -0.154496 0.323869 0.823918 -0.465046
0.160469 0.337262 -0.175055 0.335795 0.817556 -0.467807
-0.006428 0.383114 -0.214723 0.335795 0.817556 -0.467807
0.020087 0.406685 -0.154496 0.335795 0.817556 -0.467807
0.160469 0.337262 -0.175055 0.305496 0.356236 0.883045
0.020087 0.406685 -0.154496 0.305496 0.356236 0.883045
0.000194 0.319706 -0.112525 0.305496 0.356236 0.883045
0.139673 0.289647 -0.135581 0.250318 0.550773 0.796235
0.160469 0.337262 -0.175055 0.250318 0.550773 0.796235
0.000194 0.319706 -0.112525 0.250318 0.550773 0.796235
-0.050762 0.257707 -0.178075 -0.023217 -0.995661 0.090116
-0.005264 0.264937 -0.086473 -0.023217 -0.995661 0.090116
-0.228610 0.280063 0.023116 -0.023217 -0.995661 0.090116
-0.235198 0.276950 -0.152733 -0.100842 -0.994673 0.021388
-0.050762 0.257707 -0.178075 -0.100842 -0.994673 0.021388
-0.228610 0.280063 0.023116 -0.100842 -0.994673 0.021388
-0.235198 0.276950 -0.152733 0.054754 -0.998378 0.015623
-0.228610 0.280063 0.023116 0.054754 -0.998378 0.015623
-0.429396 0.269316 0.039980 0.054754 -0.998378 0.015623
-0.419896 0.290322 -0.117924 -0.097187 -0.985793 -0.136990
-0.235198 0.276950 -0.152733 -0.097187 -0.985793 -0.136990
-0.429396 0.269316 0.039980 -0.097187 -0.985793 -0.136990
-0.419896 0.290322 -0.117924 -0.992975 -0.093737 -0.072206
-0.429396 0.269316 0.039980 -0.992975 -0.093737 -0.072206
-0.444674 0.463268 -0.001696 -0.992975 -0.093737 -0.072206
0.427827 0.201799 -0.097761 0.629630 0.750619 -0.200345
0.281902 0.320381 -0.112078 0.629630 0.750619 -0.200345
0.432281 0.213104 -0.041406 0.629630 0.750619 -0.200345
0.436719 0.157331 -0.061164 0.988275 0.114439 -0.101073
0.427827 0.201799 -0.097761 0.988275 0.114439 -0.101073
0.432281 0.213104 -0.041406 0.988275 0.114439 -0.101073
0.436719 0.157331 -0.061164 0.970855 -0.007615 0.239548
0.432281 0.213104 -0.041406 0.970855 -0.007615 0.239548
0.424958 0.169884 -0.013102 0.970855 -0.007615 0.239548
0.038673 0.284357 -0.054862 -0.012030 -0.735880 0.677005
0.225859 0.324296 -0.008124 -0.012030 -0.735880 0.677005
0.068259 0.338941 0.004994 -0.012030 -0.735880 0.677005
0.029696 0.274284 0.012064 0.860060 -0.508717 0.038787
0.038673 0.284357 -0.054862 0.860060 -0.508717 0.038787
0.068259 0.338941 0.004994 0.860060 -0.508717 0.038787
0.029696 0.274284 0.012064 0.845098 -0.518345 -0.130872
0.068259 0.338941 0.004994 0.845098 -0.518345 -0.130872
0.058726 0.303938 0.082069 0.845098 -0.518345 -0.130872
0.013313 0.284003 0.145612 0.542251 -0.830568 0.126968
0.029696 0.274284 0.012064 0.542251 -0.830568 0.126968
0.058726 0.303938 0.082069 0.542251 -0.830568 0.126968
0.013313 0.284003 0.145612 0.798047 -0.409818 0.441780
0.058726 0.303938 0.082069 0.798047 -0.409818 0.441780
0.049581 0.359230 0.149881 0.798047 -0.409818 0.441780
-0.393018 0.370291 0.246604 -0.959020 0.133955 0.249674
-0.444674 0.463268 -0.001696 -0.959020 0.133955 0.249674
-0.424528 0.279616 0.174220 -0.959020 0.133955 0.249674
-0.393018 0.370291 0.246604 -0.642833 -0.328877 0.691813
-0.424528 0.279616 0.174220 -0.642833 -0.328877 0.691813
-0.317015 0.176017 0.224872 -0.642833 -0.328877 0.691813
-0.327054 0.243821 0.313859 -0.908223 -0.375891 0.183946
-0.393018 0.370291 0.246604 -0.908223 -0.375891 0.183946
-0.317015 0.176017 0.224872 -0.908223 -0.375891 0.183946
0.079446 0.458114 0.111504 0.385667 0.914968 -0.118718
0.286121 0.359855 0.025621 0.385667 0.914968 -0.118718
0.072772 0.447956 0.011541 0.385667 0.914968 -0.118718
-0.016636 0.462079 -0.018720 0.191877 0.975021 -0.111884
0.079446 0.458114 0.111504 0.191877 0.975021 -0.111884
0.072772 0.447956 0.011541 0.191877 0.975021 -0.111884
0.262617 0.299889 0.135303 -0.174143 -0.774551 0.608067
0.049581 0.359230 0.149881 -0.174143 -0.774551 0.608067
0.058726 0.303938 0.082069 -0.174143 -0.774551 0.608067
0.262313 0.237518 0.075345 -0.198099 -0.678789 0.707108
0.262617 0.299889 0.135303 -0.198099 -0.678789 0.707108
0.058726 0.303938 0.082069 -0.198099 -0.678789 0.707108
0.262313 0.237518 0.075345 -0.293392 -0.856254 -0.425148
0.058726 0.303938 0.082069 -0.293392 -0.856254 -0.425148
0.068259 0.338941 0.004994 -0.293392 -0.856254 -0.425148
0.258702 0.306824 0.014477 -0.074137 -0.660257 -0.747372
0.262313 0.237518 0.075345 -0.074137 -0.660257 -0.747372
0.068259 0.338941 0.004994 -0.074137 -0.660257 -0.747372
0.185778 0.307127 -0.228694 0.643259 0.719056 -0.263015
0.193008 0.319175 -0.178075 0.643259 0.719056 -0.263015
0.313885 0.211104 -0.177898 0.643259 0.719056 -0.263015
0.309650 0.197336 -0.221515 0.644763 0.708728 -0.286331
0.185778 0.307127 -0.228694 0.644763 0.708728 -0.286331
0.313885 0.211104 -0.177898 0.644763 0.708728 -0.286331
0.309650 0.197336 -0.221515 0.989014 0.083090 -0.122259
0.313885 0.211104 -0.177898 0.989014 0.083090 -0.122259
0.315808 0.169513 -0.190604 0.989014 0.083090 -0.122259
0.289301 0.168661 -0.228078 0.748287 -0.411997 -0.519928
0.309650 0.197336 -0.221515 0.748287 -0.411997 -0.519928
0.315808 0.169513 -0.190604 0.748287 -0.411997 -0.519928
-0.041304 0.446303 0.248587 0.166864 0.953691 0.250258
-0.009314 0.472810 0.126242 0.166864 0.953691 0.250258
-0.323544 0.545000 0.060658 0.166864 0.953691 0.250258
-0.352591 0.499351 0.194164 0.099619 0.934674 0.341263
-0.041304 0.446303 0.248587 0.099619 0.934674 0.341263
-0.323544 0.545000 0.060658 0.099619 0.934674 0.341263
-0.352591 0.499351 0.194164 -0.601816 0.786617 0.138029
-0.323544 0.545000 0.060658 -0.601816 0.786617 0.138029
-0.444674 0.463268 -0.001696 -0.601816 0.786617 0.138029
-0.371252 0.420167 -0.178658 -0.197896 -0.353499 -0.914262
-0.235198 0.276950 -0.152733 -0.197896 -0.353499 -0.914262
-0.419896 0.290322 -0.117924 -0.197896 -0.353499 -0.914262
-0.444674 0.463268 -0.001696 -0.900666 0.145998 -0.409250
-0.371252 0.420167 -0.178658 -0.900666 0.145998 -0.409250
-0.419896 0.290322 -0.117924 -0.900666 0.145998 -0.409250
0.416319 0.155331 -0.104426 0.259169 -0.962700 -0.077716
0.436719 0.157331 -0.061164 0.259169 -0.962700 -0.077716
0.397152 0.146279 -0.056212 0.259169 -0.962700 -0.077716
0.209282 0.229681 -0.051217 -0.391753 -0.863423 -0.317852
0.416319 0.155331 -0.104426 -0.391753 -0.863423 -0.317852
0.397152 0.146279 -0.056212 -0.391753 -0.863423 -0.317852
0.209282 0.229681 -0.051217 -0.310336 -0.735150 0.602699
0.397152 0.146279 -0.056212 -0.310336 -0.735150 0.602699
0.424958 0.169884 -0.013102 -0.310336 -0.735150 0.602699
0.029696 0.274284 0.012064 0.277709 -0.955065 0.103575
0.013313 0.284003 0.145612 0.277709 -0.955065 0.103575
-0.079884 0.258289 0.158385 0.277709 -0.955065 0.103575
-0.228610 0.280063 0.023116 -0.027701 -0.991244 -0.129104
0.029696 0.274284 0.012064 -0.027701 -0.991244 -0.129104
-0.079884 0.258289 0.158385 -0.027701 -0.991244 -0.129104
-0.352591 0.499351 0.194164 -0.855185 0.401218 0.328151
-0.444674 0.463268 -0.001696 -0.855185 0.401218 0.328151
-0.393018 0.370291 0.246604 -0.855185 0.401218 0.328151
-0.429396 0.269316 0.039980 -0.008026 -0.797218 -0.603639
-0.228610 0.280063 0.023116 -0.008026 -0.797218 -0.603639
-0.251649 0.219566 0.103321 -0.008026 -0.797218 -0.603639
-0.317015 0.176017 0.224872 -0.116678 -0.913397 -0.389990
-0.429396 0.269316 0.039980 -0.116678 -0.913397 -0.389990
-0.251649 0.219566 0.103321 -0.116678 -0.913397 -0.389990
-0.429396 0.269316 0.039980 -0.710831 -0.698866 0.079402
-0.317015 0.176017 0.224872 -0.710831 -0.698866 0.079402
-0.424528 0.279616 0.174220 -0.710831 -0.698866 0.079402
-0.444674 0.463268 -0.001696 -0.996712 -0.069602 0.041482
-0.429396 0.269316 0.039980 -0.996712 -0.069602 0.041482
-0.424528 0.279616 0.174220 -0.996712 -0.069602 0.041482
-0.317740 0.534243 -0.060573 0.262107 0.913972 -0.309767
-0.016636 0.462079 -0.018720 0.262107 0.913972 -0.309767
-0.043254 0.435394 -0.119974 0.262107 0.913972 -0.309767
-0.332630 0.506547 -0.156402 0.263442 0.915056 -0.305402
-0.317740 0.534243 -0.060573 0.263442 0.915056 -0.305402
-0.043254 0.435394 -0.119974 0.263442 0.915056 -0.305402
0.293654 0.336958 -0.047902 0.375494 0.462407 0.803233
0.424958 0.169884 -0.013102 0.375494 0.462407 0.803233
0.432281 0.213104 -0.041406 0.375494 0.462407 0.803233
0.281902 0.320381 -0.112078 0.643389 0.704404 -0.299776
0.293654 0.336958 -0.047902 0.643389 0.704404 -0.299776
0.432281 0.213104 -0.041406 0.643389 0.704404 -0.299776
0.463681 0.163304 0.078020 0.467888 -0.856865 -0.216481
0.479306 0.184496 0.027908 0.467888 -0.856865 -0.216481
0.493108 0.179907 0.075902 0.467888 -0.856865 -0.216481
0.482663 0.195750 0.124083 0.477126 -0.798930 0.366145
0.463681 0.163304 0.078020 0.477126 -0.798930 0.366145
0.493108 0.179907 0.075902 0.477126 -0.798930 0.366145
0.139074 0.224864 -0.178371 -0.257464 -0.589615 0.765550
0.284678 0.155829 -0.182572 -0.257464 -0.589615 0.765550
0.302900 0.187710 -0.151889 -0.257464 -0.589615 0.765550
0.139673 0.289647 -0.135581 -0.251333 -0.531822 0.808701
0.139074 0.224864 -0.178371 -0.251333 -0.531822 0.808701
0.302900 0.187710 -0.151889 -0.251333 -0.531822 0.808701
0.139673 0.289647 -0.135581 -0.042222 -0.724022 0.688483
0.000194 0.319706 -0.112525 -0.042222 -0.724022 0.688483
-0.014030 0.270741 -0.164889 -0.042222 -0.724022 0.688483
0.139074 0.224864 -0.178371 -0.091082 -0.548255 0.831337
0.139673 0.289647 -0.135581 -0.091082 -0.548255 0.831337
-0.014030 0.270741 -0.164889 -0.091082 -0.548255 0.831337
0.152336 0.322794 -0.228998 -0.010022 0.205216 -0.978665
-0.055883 0.313952 -0.228719 -0.010022 0.205216 -0.978665
-0.006428 0.383114 -0.214723 -0.010022 0.205216 -0.978665
0.160469 0.337262 -0.175055 0.317008 0.902999 -0.289998
0.152336 0.322794 -0.228998 0.317008 0.902999 -0.289998
-0.006428 0.383114 -0.214723 0.317008 0.902999 -0.289998
-0.393018 0.370291 0.246604 -0.531435 0.164694 0.830935
-0.327054 0.243821 0.313859 -0.531435 0.164694 0.830935
-0.257732 0.336410 0.339843 -0.531435 0.164694 0.830935
-0.352591 0.499351 0.194164 -0.426704 0.451963 0.783360
-0.393018 0.370291 0.246604 -0.426704 0.451963 0.783360
-0.257732 0.336410 0.339843 -0.426704 0.451963 0.783360
0.067550 0.436457 -0.036454 0.877709 -0.182029 -0.443275
0.076391 0.403404 -0.005374 0.877709 -0.182029 -0.443275
0.068259 0.338941 0.004994 0.877709 -0.182029 -0.443275
0.416319 0.155331 -0.104426 0.895376 -0.162252 -0.414699
0.427827 0.201799 -0.097761 0.895376 -0.162252 -0.414699
0.436719 0.157331 -0.061164 0.895376 -0.162252 -0.414699
0.436719 0.157331 -0.061164 0.291501 -0.905671 0.307875
0.424958 0.169884 -0.013102 0.291501 -0.905671 0.307875
0.397152 0.146279 -0.056212 0.291501 -0.905671 0.307875
0.051901 0.432087 0.252442 0.233347 0.209973 0.949453
-0.130005 0.327307 0.320322 0.233347 0.209973 0.949453
0.006336 0.343944 0.283134 0.233347 0.209973 0.949453
0.246039 0.352018 0.272707 0.030679 0.314501 0.948761
0.051901 0.432087 0.252442 0.030679 0.314501 0.948761
0.006336 0.343944 0.283134 0.030679 0.314501 0.948761
0.293047 0.326109 0.278739 0.127807 0.228995 0.965001
0.212892 0.284526 0.299222 0.127807 0.228995 0.965001
0.406736 0.157069 0.303795 0.127807 0.228995 0.965001
0.414767 0.197134 0.288407 0.248509 0.303483 0.919859
0.293047 0.326109 0.278739 0.248509 0.303483 0.919859
0.406736 0.157069 0.303795 0.248509 0.303483 0.919859
0.414767 0.197134 0.288407 0.893184 -0.006351 0.449646
0.406736 0.157069 0.303795 0.893184 -0.006351 0.449646
0.426899 0.145444 0.263578 0.893184 -0.006351 0.449646
0.423052 0.192401 0.224990 0.977965 0.174410 0.114744
0.414767 0.197134 0.288407 0.977965 0.174410 0.114744
0.426899 0.145444 0.263578 0.977965 0.174410 0.114744
0.423052 0.192401 0.224990 0.909579 -0.216798 -0.354492
0.426899 0.145444 0.263578 0.909579 -0.216798 -0.354492
0.410203 0.149088 0.218511 0.909579 -0.216798 -0.354492
0.299973 0.323401 0.204608 0.239022 0.073927 -0.968196
0.423052 0.192401 0.224990 0.239022 0.073927 -0.968196
0.410203 0.149088 0.218511 0.239022 0.073927 -0.968196
-0.041304 0.446303 0.248587 0.039443 0.494150 0.868482
-0.130005 0.327307 0.320322 0.039443 0.494150 0.868482
0.051901 0.432087 0.252442 0.039443 0.494150 0.868482
0.058684 0.447433 0.164358 0.141001 0.973426 0.180447
-0.041304 0.446303 0.248587 0.141001 0.973426 0.180447
0.051901 0.432087 0.252442 0.141001 0.973426 0.180447
0.231284 0.293865 0.175983 0.331157 0.134927 -0.933879
0.299973 0.323401 0.204608 0.331157 0.134927 -0.933879
0.410203 0.149088 0.218511 0.331157 0.134927 -0.933879
-0.251649 0.219566 0.103321 0.340198 -0.795129 -0.502032
-0.228610 0.280063 0.023116 0.340198 -0.795129 -0.502032
-0.079884 0.258289 0.158385 0.340198 -0.795129 -0.502032
-0.134535 0.175140 0.188942 0.364848 -0.522901 -0.770364
-0.251649 0.219566 0.103321 0.364848 -0.522901 -0.770364
-0.079884 0.258289 0.158385 0.364848 -0.522901 -0.770364
-0.134535 0.175140 0.188942 0.844874 -0.530791 0.066696
-0.079884 0.258289 0.158385 0.844874 -0.530791 0.066696
-0.090852 0.256796 0.285429 0.844874 -0.530791 0.066696
-0.029671 0.175443 0.374559 0.864818 0.114887 -0.488765
-0.134535 0.175140 0.188942 0.864818 0.114887 -0.488765
-0.090852 0.256796 0.285429 0.864818 0.114887 -0.488765
0.049581 0.359230 0.149881 -0.111396 -0.619849 -0.776774
0.231284 0.293865 0.175983 -0.111396 -0.619849 -0.776774
0.036437 0.279996 0.214993 -0.111396 -0.619849 -0.776774
0.013313 0.284003 0.145612 0.862991 -0.398431 -0.310642
0.049581 0.359230 0.149881 0.862991 -0.398431 -0.310642
0.036437 0.279996 0.214993 0.862991 -0.398431 -0.310642
-0.079884 0.258289 0.158385 0.215993 -0.976369 0.007168
-0.014603 0.273373 0.245896 0.215993 -0.976369 0.007168
-0.090852 0.256796 0.285429 0.215993 -0.976369 0.007168
-0.192687 0.302006 0.371547 0.145301 0.804902 0.575344
-0.130005 0.327307 0.320322 0.145301 0.804902 0.575344
-0.257732 0.336410 0.339843 0.145301 0.804902 0.575344
-0.327054 0.243821 0.313859 -0.413884 0.054867 0.908675
-0.192687 0.302006 0.371547 -0.413884 0.054867 0.908675
-0.257732 0.336410 0.339843 -0.413884 0.054867 0.908675
0.256289 0.350819 0.197977 0.228814 0.261629 -0.937654
0.231284 0.293865 0.175983 0.228814 0.261629 -0.937654
0.049581 0.359230 0.149881 0.228814 0.261629 -0.937654
0.058684 0.447433 0.164358 0.229751 0.134497 -0.963911
0.256289 0.350819 0.197977 0.229751 0.134497 -0.963911
0.049581 0.359230 0.149881 0.229751 0.134497 -0.963911
0.058684 0.447433 0.164358 0.568035 -0.190055 0.800759
0.049581 0.359230 0.149881 0.568035 -0.190055 0.800759
0.082398 0.424579 0.142111 0.568035 -0.190055 0.800759
-0.009314 0.472810 0.126242 0.483743 0.814275 -0.320857
0.058684 0.447433 0.164358 0.483743 0.814275 -0.320857
0.082398 0.424579 0.142111 0.483743 0.814275 -0.320857
-0.246318 0.188697 0.360698 -0.435266 0.120589 0.892189
-0.192687 0.302006 0.371547 -0.435266 0.120589 0.892189
-0.327054 0.243821 0.313859 -0.435266 0.120589 0.892189
-0.317015 0.176017 0.224872 -0.664010 -0.628972 0.404332
-0.246318 0.188697 0.360698 -0.664010 -0.628972 0.404332
-0.327054 0.243821 0.313859 -0.664010 -0.628972 0.404332
0.410203 0.149088 0.218511 0.357499 -0.910890 -0.206093
0.426899 0.145444 0.263578 0.357499 -0.910890 -0.206093
0.391702 0.132165 0.261216 0.357499 -0.910890 -0.206093
0.211998 0.234802 0.239560 -0.390606 -0.785261 -0.480408
0.410203 0.149088 0.218511 -0.390606 -0.785261 -0.480408
0.391702 0.132165 0.261216 -0.390606 -0.785261 -0.480408
0.211998 0.234802 0.239560 -0.459827 -0.686154 0.563695
0.391702 0.132165 0.261216 -0.459827 -0.686154 0.563695
0.406736 0.157069 0.303795 -0.459827 -0.686154 0.563695
0.212892 0.284526 0.299222 -0.459810 -0.678760 0.572591
0.211998 0.234802 0.239560 -0.459810 -0.678760 0.572591
0.406736 0.157069 0.303795 -0.459810 -0.678760 0.572591
0.293047 0.326109 0.278739 0.724955 0.687427 0.043405
0.414767 0.197134 0.288407 0.724955 0.687427 0.043405
0.423052 0.192401 0.224990 0.724955 0.687427 0.043405
0.299973 0.323401 0.204608 0.724820 0.687620 0.042600
0.293047 0.326109 0.278739 0.724820 0.687620 0.042600
0.423052 0.192401 0.224990 0.724820 0.687620 0.042600
-0.014603 0.273373 0.245896 0.491646 -0.516008 0.701441
0.036437 0.279996 0.214993 0.491646 -0.516008 0.701441
0.006336 0.343944 0.283134 0.491646 -0.516008 0.701441
-0.130005 0.327307 0.320322 0.283629 -0.511998 0.810810
-0.014603 0.273373 0.245896 0.283629 -0.511998 0.810810
0.006336 0.343944 0.283134 0.283629 -0.511998 0.810810
-0.009314 0.472810 0.126242 0.207168 0.943511 0.258591
-0.041304 0.446303 0.248587 0.207168 0.943511 0.258591
0.058684 0.447433 0.164358 0.207168 0.943511 0.258591
0.391702 0.132165 0.261216 0.299781 -0.865830 0.400586
0.426899 0.145444 0.263578 0.299781 -0.865830 0.400586
0.406736 0.157069 0.303795 0.299781 -0.865830 0.400586
-0.014603 0.273373 0.245896 0.481473 -0.159160 0.861888
-0.130005 0.327307 0.320322 0.481473 -0.159160 0.861888
-0.090852 0.256796 0.285429 0.481473 -0.159160 0.861888
-0.385594 0.569845 -0.115933 0.972057 -0.234624 -0.007550
-0.424629 0.410482 -0.189296 0.972057 -0.234624 -0.007550
-0.407706 0.481727 -0.224442 0.972057 -0.234624 -0.007550
-0.381435 0.603903 -0.171461 0.980463 -0.191689 -0.044130
-0.385594 0.569845 -0.115933 0.980463 -0.191689 -0.044130
-0.407706 0.481727 -0.224442 0.980463 -0.191689 -0.044130
-0.381435 0.603903 -0.171461 -0.954677 0.264484 -0.136527
-0.407706 0.481727 -0.224442 -0.954677 0.264484 -0.136527
-0.444674 0.463268 -0.001696 -0.954677 0.264484 -0.136527
-0.474379 0.206447 -0.130233 -0.979811 0.167757 -0.108753
-0.444674 0.463268 -0.001696 -0.979811 0.167757 -0.108753
-0.446893 0.315142 -0.210201 -0.979811 0.167757 -0.108753
-0.424629 0.410482 -0.189296 0.972646 -0.231453 0.019714
-0.474379 0.206447 -0.130233 0.972646 -0.231453 0.019714
-0.446893 0.315142 -0.210201 0.972646 -0.231453 0.019714
-0.493108 0.142018 0.084094 -0.989523 0.137100 -0.045255
-0.444674 0.463268 -0.001696 -0.989523 0.137100 -0.045255
-0.474379 0.206447 -0.130233 -0.989523 0.137100 -0.045255
-0.493108 0.142018 0.084094 0.969754 -0.243817 0.011447
-0.474379 0.206447 -0.130233 0.969754 -0.243817 0.011447
-0.460737 0.262381 -0.094564 0.969754 -0.243817 0.011447
-0.475644 0.209367 0.076012 0.968164 -0.250225 0.006842
-0.493108 0.142018 0.084094 0.968164 -0.250225 0.006842
-0.460737 0.262381 -0.094564 0.968164 -0.250225 0.006842
-0.474396 0.230440 0.273137 -0.987511 0.155556 0.024988
-0.444674 0.463268 -0.001696 -0.987511 0.155556 0.024988
-0.493108 0.142018 0.084094 -0.987511 0.155556 0.024988
-0.474396 0.230440 0.273137 0.968378 -0.248648 0.020448
-0.493108 0.142018 0.084094 0.968378 -0.248648 0.020448
-0.475644 0.209367 0.076012 0.968378 -0.248648 0.020448
-0.460678 0.282054 0.226661 0.970494 -0.240333 0.019546
-0.474396 0.230440 0.273137 0.970494 -0.240333 0.019546
-0.475644 0.209367 0.076012 0.970494 -0.240333 0.019546
-0.429758 0.428839 0.359205 -0.979090 0.194672 0.059036
-0.444674 0.463268 -0.001696 -0.979090 0.194672 0.059036
-0.474396 0.230440 0.273137 -0.979090 0.194672 0.059036
-0.429758 0.428839 0.359205 0.972343 -0.231659 0.029725
-0.474396 0.230440 0.273137 0.972343 -0.231659 0.029725
-0.460678 0.282054 0.226661 0.972343 -0.231659 0.029725
-0.424469 0.439899 0.288322 0.970954 -0.236614 0.035535
-0.429758 0.428839 0.359205 0.970954 -0.236614 0.035535
-0.460678 0.282054 0.226661 0.970954 -0.236614 0.035535
-0.381410 0.630343 0.266784 -0.963227 0.260787 0.064688
-0.444674 0.463268 -0.001696 -0.963227 0.260787 0.064688
-0.429758 0.428839 0.359205 -0.963227 0.260787 0.064688
-0.381410 0.630343 0.266784 0.975576 -0.216160 0.039072
-0.429758 0.428839 0.359205 0.975576 -0.216160 0.039072
-0.424469 0.439899 0.288322 0.975576 -0.216160 0.039072
-0.385847 0.589957 0.211602 0.974345 -0.211644 0.076542
-0.381410 0.630343 0.266784 0.974345 -0.211644 0.076542
-0.424469 0.439899 0.288322 0.974345 -0.211644 0.076542
-0.353612 0.705975 0.040731 -0.936396 0.350937 0.002265
-0.444674 0.463268 -0.001696 -0.936396 0.350937 0.002265
-0.381410 0.630343 0.266784 -0.936396 0.350937 0.002265
-0.423971 0.391753 -0.500000 -0.871528 0.478983 -0.104952
-0.444674 0.463268 -0.001696 -0.871528 0.478983 -0.104952
-0.407706 0.481727 -0.224442 -0.871528 0.478983 -0.104952
-0.370780 0.641749 0.042908 0.987554 -0.155792 -0.021582
-0.385594 0.569845 -0.115933 0.987554 -0.155792 -0.021582
-0.381435 0.603903 -0.171461 0.987554 -0.155792 -0.021582
-0.353612 0.705975 0.040731 0.966058 -0.258316 -0.002413
-0.370780 0.641749 0.042908 0.966058 -0.258316 -0.002413
-0.381435 0.603903 -0.171461 0.966058 -0.258316 -0.002413
-0.353612 0.705975 0.040731 -0.932167 0.358527 -0.050236
-0.381435 0.603903 -0.171461 -0.932167 0.358527 -0.050236
-0.444674 0.463268 -0.001696 -0.932167 0.358527 -0.050236
-0.385847 0.589957 0.211602 0.952478 -0.291067 -0.089811
-0.424469 0.439899 0.288322 0.952478 -0.291067 -0.089811
-0.444674 0.463268 -0.001696 0.952478 -0.291067 -0.089811
-0.370780 0.641749 0.042908 0.926300 -0.375382 -0.032512
-0.385847 0.589957 0.211602 0.926300 -0.375382 -0.032512
-0.444674 0.463268 -0.001696 0.926300 -0.375382 -0.032512
-0.370780 0.641749 0.042908 0.910841 -0.401272 0.096697
-0.444674 0.463268 -0.001696 0.910841 -0.401272 0.096697
-0.385594 0.569845 -0.115933 0.910841 -0.401272 0.096697
-0.430712 0.362428 -0.494229 -0.996077 0.076798 -0.043960
-0.446893 0.315142 -0.210201 -0.996077 0.076798 -0.043960
-0.444674 0.463268 -0.001696 -0.996077 0.076798 -0.043960
-0.407706 0.481727 -0.224442 0.973613 -0.227526 0.017586
-0.446893 0.315142 -0.210201 0.973613 -0.227526 0.017586
-0.430712 0.362428 -0.494229 0.973613 -0.227526 0.017586
-0.423971 0.391753 -0.500000 0.975106 -0.221252 0.014685
-0.407706 0.481727 -0.224442 0.975106 -0.221252 0.014685
-0.430712 0.362428 -0.494229 0.975106 -0.221252 0.014685
-0.430712 0.362428 -0.494229 -0.975093 0.210230 -0.070684
-0.444674 0.463268 -0.001696 -0.975093 0.210230 -0.070684
-0.423971 0.391753 -0.500000 -0.975093 0.210230 -0.070684
-0.444674 0.463268 -0.001696 0.977894 -0.191676 -0.083573
-0.424469 0.439899 0.288322 0.977894 -0.191676 -0.083573
-0.460678 0.282054 0.226661 0.977894 -0.191676 -0.083573
-0.475644 0.209367 0.076012 0.990695 -0.131539 -0.034954
-0.444674 0.463268 -0.001696 0.990695 -0.131539 -0.034954
-0.460678 0.282054 0.226661 0.990695 -0.131539 -0.034954
-0.444674 0.463268 -0.001696 0.993040 -0.104507 0.054305
-0.475644 0.209367 0.076012 0.993040 -0.104507 0.054305
-0.460737 0.262381 -0.094564 0.993040 -0.104507 0.054305
-0.424629 0.410482 -0.189296 0.978598 -0.145514 0.145507
-0.444674 0.463268 -0.001696 0.978598 -0.145514 0.145507
-0.460737 0.262381 -0.094564 0.978598 -0.145514 0.145507
-0.424629 0.410482 -0.189296 0.973519 -0.228538 0.005491
-0.446893 0.315142 -0.210201 0.973519 -0.228538 0.005491
-0.407706 0.481727 -0.224442 0.973519 -0.228538 0.005491
-0.474379 0.206447 -0.130233 0.971532 -0.236908 -0.000067
-0.424629 0.410482 -0.189296 0.971532 -0.236908 -0.000067
-0.460737 0.262381 -0.094564 0.971532 -0.236908 -0.000067
-0.353612 0.705975 0.040731 0.966116 -0.258010 0.007079
-0.385847 0.589957 0.211602 0.966116 -0.258010 0.007079
-0.370780 0.641749 0.042908 0.966116 -0.258010 0.007079
-0.444674 0.463268 -0.001696 0.930503 -0.314419 0.187895
-0.424629 0.410482 -0.189296 0.930503 -0.314419 0.187895
-0.385594 0.569845 -0.115933 0.930503 -0.314419 0.187895
0.299973 0.323401 0.204608 0.481374 0.876419 0.012956
0.246039 0.352018 0.272707 0.481374 0.876419 0.012956
0.293047 0.326109 0.278739 0.481374 0.876419 0.012956
-0.123981 0.117595 0.441755 -0.597011 -0.769803 0.225789
-0.246318 0.188697 0.360698 -0.597011 -0.769803 0.225789
-0.106206 0.080829 0.363406 -0.597011 -0.769803 0.225789
-0.029671 0.175443 0.374559 0.870424 0.022662 -0.491781
-0.046240 0.125129 0.342914 0.870424 0.022662 -0.491781
-0.134535 0.175140 0.188942 0.870424 0.022662 -0.491781
-0.046240 0.125129 0.342914 0.406521 -0.774488 -0.484674
-0.106206 0.080829 0.363406 0.406521 -0.774488 -0.484674
-0.134535 0.175140 0.188942 0.406521 -0.774488 -0.484674
-0.106206 0.080829 0.363406 -0.553536 -0.707990 0.438574
-0.246318 0.188697 0.360698 -0.553536 -0.707990 0.438574
-0.215592 0.118194 0.285665 -0.553536 -0.707990 0.438574
-0.246318 0.188697 0.360698 -0.620665 -0.682068 0.386728
-0.317015 0.176017 0.224872 -0.620665 -0.682068 0.386728
-0.215592 0.118194 0.285665 -0.620665 -0.682068 0.386728
-0.215592 0.118194 0.285665 0.042188 -0.876031 -0.480406
-0.134535 0.175140 0.188942 0.042188 -0.876031 -0.480406
-0.106206 0.080829 0.363406 0.042188 -0.876031 -0.480406
-0.215592 0.118194 0.285665 -0.117093 -0.809804 -0.574897
-0.317015 0.176017 0.224872 -0.117093 -0.809804 -0.574897
-0.134535 0.175140 0.188942 -0.117093 -0.809804 -0.574897
-0.317015 0.176017 0.224872 -0.077915 -0.924504 -0.373124
-0.251649 0.219566 0.103321 -0.077915 -0.924504 -0.373124
-0.134535 0.175140 0.188942 -0.077915 -0.924504 -0.373124
0.006336 0.343944 0.283134 -0.264623 -0.758770 0.595182
0.036437 0.279996 0.214993 -0.264623 -0.758770 0.595182
0.212892 0.284526 0.299222 -0.264623 -0.758770 0.595182
0.036437 0.279996 0.214993 -0.275995 -0.736309 0.617799
0.211998 0.234802 0.239560 -0.275995 -0.736309 0.617799
0.212892 0.284526 0.299222 -0.275995 -0.736309 0.617799
0.036437 0.279996 0.214993 -0.087576 -0.716434 -0.692136
0.231284 0.293865 0.175983 -0.087576 -0.716434 -0.692136
0.211998 0.234802 0.239560 -0.087576 -0.716434 -0.692136
0.231284 0.293865 0.175983 -0.346999 -0.632299 -0.692669
0.410203 0.149088 0.218511 -0.346999 -0.632299 -0.692669
0.211998 0.234802 0.239560 -0.346999 -0.632299 -0.692669
-0.246318 0.188697 0.360698 -0.485425 0.147240 0.861791
-0.123981 0.117595 0.441755 -0.485425 0.147240 0.861791
-0.192687 0.302006 0.371547 -0.485425 0.147240 0.861791
-0.123981 0.117595 0.441755 -0.355485 0.213955 0.909865
-0.064918 0.196535 0.446269 -0.355485 0.213955 0.909865
-0.192687 0.302006 0.371547 -0.355485 0.213955 0.909865
-0.192687 0.302006 0.371547 0.228963 0.731981 0.641701
-0.064918 0.196535 0.446269 0.228963 0.731981 0.641701
-0.130005 0.327307 0.320322 0.228963 0.731981 0.641701
-0.064918 0.196535 0.446269 0.779683 0.590018 0.209698
-0.029671 0.175443 0.374559 0.779683 0.590018 0.209698
-0.130005 0.327307 0.320322 0.779683 0.590018 0.209698
-0.079884 0.258289 0.158385 0.262129 -0.964589 -0.029279
0.013313 0.284003 0.145612 0.262129 -0.964589 -0.029279
-0.014603 0.273373 0.245896 0.262129 -0.964589 -0.029279
0.013313 0.284003 0.145612 0.078356 -0.993423 -0.083492
0.036437 0.279996 0.214993 0.078356 -0.993423 -0.083492
-0.014603 0.273373 0.245896 0.078356 -0.993423 -0.083492
-0.029671 0.175443 0.374559 0.846553 0.521899 -0.104735
-0.090852 0.256796 0.285429 0.846553 0.521899 -0.104735
-0.130005 0.327307 0.320322 0.846553 0.521899 -0.104735
0.231284 0.293865 0.175983 0.287135 0.232752 -0.929182
0.256289 0.350819 0.197977 0.287135 0.232752 -0.929182
0.299973 0.323401 0.204608 0.287135 0.232752 -0.929182
0.256289 0.350819 0.197977 0.524347 0.849506 0.058300
0.246039 0.352018 0.272707 0.524347 0.849506 0.058300
0.299973 0.323401 0.204608 0.524347 0.849506 0.058300
0.256289 0.350819 0.197977 0.432616 0.900460 0.044901
0.058684 0.447433 0.164358 0.432616 0.900460 0.044901
0.246039 0.352018 0.272707 0.432616 0.900460 0.044901
0.058684 0.447433 0.164358 0.357819 0.914887 0.186944
0.051901 0.432087 0.252442 0.357819 0.914887 0.186944
0.246039 0.352018 0.272707 0.357819 0.914887 0.186944
-0.041304 0.446303 0.248587 -0.053549 0.544513 0.837041
-0.352591 0.499351 0.194164 -0.053549 0.544513 0.837041
-0.130005 0.327307 0.320322 -0.053549 0.544513 0.837041
-0.352591 0.499351 0.194164 0.155802 0.707242 0.689590
-0.257732 0.336410 0.339843 0.155802 0.707242 0.689590
-0.130005 0.327307 0.320322 0.155802 0.707242 0.689590
0.293047 0.326109 0.278739 0.065203 0.336984 0.939250
0.246039 0.352018 0.272707 0.065203 0.336984 0.939250
0.212892 0.284526 0.299222 0.065203 0.336984 0.939250
0.246039 0.352018 0.272707 0.028780 0.353238 0.935091
0.006336 0.343944 0.283134 0.028780 0.353238 0.935091
0.212892 0.284526 0.299222 0.028780 0.353238 0.935091
0.185778 0.307127 -0.228694 0.065510 0.008663 -0.997814
0.309650 0.197336 -0.221515 0.065510 0.008663 -0.997814
0.117975 0.264034 -0.233519 0.065510 0.008663 -0.997814
0.309650 0.197336 -0.221515 0.112165 0.145406 -0.982993
0.289301 0.168661 -0.228078 0.112165 0.145406 -0.982993
0.117975 0.264034 -0.233519 0.112165 0.145406 -0.982993
0.416319 0.155331 -0.104426 -0.403663 -0.765816 -0.500582
0.209282 0.229681 -0.051217 -0.403663 -0.765816 -0.500582
0.210480 0.272774 -0.118110 -0.403663 -0.765816 -0.500582
0.209282 0.229681 -0.051217 -0.197720 -0.822446 -0.533375
0.000194 0.319706 -0.112525 -0.197720 -0.822446 -0.533375
0.210480 0.272774 -0.118110 -0.197720 -0.822446 -0.533375
0.340653 0.344188 0.105472 0.465230 0.872031 -0.152064
0.334638 0.333947 0.028338 0.465230 0.872031 -0.152064
0.292743 0.369801 0.105776 0.465230 0.872031 -0.152064
0.340653 0.344188 0.105472 0.582892 0.798310 -0.151451
0.491327 0.233756 0.103278 0.582892 0.798310 -0.151451
0.334638 0.333947 0.028338 0.582892 0.798310 -0.151451
0.491327 0.233756 0.103278 0.578701 0.804354 -0.134608
0.490231 0.224139 0.041094 0.578701 0.804354 -0.134608
0.334638 0.333947 0.028338 0.578701 0.804354 -0.134608
0.479306 0.184496 0.027908 -0.408822 -0.787834 -0.460633
0.463681 0.163304 0.078020 -0.408822 -0.787834 -0.460633
0.258702 0.306824 0.014477 -0.408822 -0.787834 -0.460633
0.463681 0.163304 0.078020 -0.229557 -0.648997 -0.725332
0.262313 0.237518 0.075345 -0.229557 -0.648997 -0.725332
0.258702 0.306824 0.014477 -0.229557 -0.648997 -0.725332
0.463681 0.163304 0.078020 -0.276717 -0.728226 0.626989
0.482663 0.195750 0.124083 -0.276717 -0.728226 0.626989
0.262313 0.237518 0.075345 -0.276717 -0.728226 0.626989
0.482663 0.195750 0.124083 -0.279264 -0.664745 0.692911
0.262617 0.299889 0.135303 -0.279264 -0.664745 0.692911
0.262313 0.237518 0.075345 -0.279264 -0.664745 0.692911
0.079446 0.458114 0.111504 0.375202 0.915593 -0.144616
0.292743 0.369801 0.105776 0.375202 0.915593 -0.144616
0.286121 0.359855 0.025621 0.375202 0.915593 -0.144616
0.292743 0.369801 0.105776 0.472322 0.869103 -0.146871
0.334638 0.333947 0.028338 0.472322 0.869103 -0.146871
0.286121 0.359855 0.025621 0.472322 0.869103 -0.146871
0.427827 0.201799 -0.097761 0.175083 0.097167 -0.979747
0.416319 0.155331 -0.104426 0.175083 0.097167 -0.979747
0.281902 0.320381 -0.112078 0.175083 0.097167 -0.979747
0.416319 0.155331 -0.104426 0.074554 0.014490 -0.997112
0.210480 0.272774 -0.118110 0.074554 0.014490 -0.997112
0.281902 0.320381 -0.112078 0.074554 0.014490 -0.997112
0.424958 0.169884 -0.013102 0.381381 0.466019 0.798358
0.293654 0.336958 -0.047902 0.381381 0.466019 0.798358
0.225859 0.324296 -0.008124 0.381381 0.466019 0.798358
0.293654 0.336958 -0.047902 0.337807 0.562342 0.754757
0.252670 0.359551 -0.046392 0.337807 0.562342 0.754757
0.225859 0.324296 -0.008124 0.337807 0.562342 0.754757
0.293654 0.336958 -0.047902 0.452066 0.840096 -0.299791
0.281902 0.320381 -0.112078 0.452066 0.840096 -0.299791
0.252670 0.359551 -0.046392 0.452066 0.840096 -0.299791
0.281902 0.320381 -0.112078 0.399476 0.854580 -0.331833
0.237308 0.340873 -0.112989 0.399476 0.854580 -0.331833
0.252670 0.359551 -0.046392 0.399476 0.854580 -0.331833
0.281902 0.320381 -0.112078 0.046433 0.056704 -0.997311
0.210480 0.272774 -0.118110 0.046433 0.056704 -0.997311
0.237308 0.340873 -0.112989 0.046433 0.056704 -0.997311
0.210480 0.272774 -0.118110 -0.008958 0.078492 -0.996874
0.000194 0.319706 -0.112525 -0.008958 0.078492 -0.996874
0.237308 0.340873 -0.112989 -0.008958 0.078492 -0.996874
0.139074 0.224864 -0.178371 -0.290501 -0.829086 -0.477730
-0.014030 0.270741 -0.164889 -0.290501 -0.829086 -0.477730
0.117975 0.264034 -0.233519 -0.290501 -0.829086 -0.477730
-0.014030 0.270741 -0.164889 -0.261380 -0.870175 -0.417702
-0.055883 0.313952 -0.228719 -0.261380 -0.870175 -0.417702
0.117975 0.264034 -0.233519 -0.261380 -0.870175 -0.417702
-0.055883 0.313952 -0.228719 -0.004707 0.079465 -0.996827
0.152336 0.322794 -0.228998 -0.004707 0.079465 -0.996827
0.117975 0.264034 -0.233519 -0.004707 0.079465 -0.996827
0.152336 0.322794 -0.228998 0.035350 0.056115 -0.997798
0.185778 0.307127 -0.228694 0.035350 0.056115 -0.997798
0.117975 0.264034 -0.233519 0.035350 0.056115 -0.997798
0.152336 0.322794 -0.228998 0.407733 0.864680 -0.293399
0.160469 0.337262 -0.175055 0.407733 0.864680 -0.293399
0.185778 0.307127 -0.228694 0.407733 0.864680 -0.293399
0.160469 0.337262 -0.175055 0.449148 0.852606 -0.267074
0.193008 0.319175 -0.178075 0.449148 0.852606 -0.267074
0.185778 0.307127 -0.228694 0.449148 0.852606 -0.267074
0.160469 0.337262 -0.175055 0.352084 0.501426 0.790322
0.139673 0.289647 -0.135581 0.352084 0.501426 0.790322
0.193008 0.319175 -0.178075 0.352084 0.501426 0.790322
0.139673 0.289647 -0.135581 0.395340 0.443507 0.804368
0.313885 0.211104 -0.177898 0.395340 0.443507 0.804368
0.193008 0.319175 -0.178075 0.395340 0.443507 0.804368
0.225859 0.324296 -0.008124 -0.144145 -0.389137 0.909832
0.038673 0.284357 -0.054862 -0.144145 -0.389137 0.909832
0.209282 0.229681 -0.051217 -0.144145 -0.389137 0.909832
0.038673 0.284357 -0.054862 -0.277663 -0.890442 -0.360578
0.000194 0.319706 -0.112525 -0.277663 -0.890442 -0.360578
0.209282 0.229681 -0.051217 -0.277663 -0.890442 -0.360578
0.049581 0.359230 0.149881 0.154879 0.326993 0.932249
0.262617 0.299889 0.135303 0.154879 0.326993 0.932249
0.292743 0.369801 0.105776 0.154879 0.326993 0.932249
0.262617 0.299889 0.135303 0.175786 0.317766 0.931732
0.340653 0.344188 0.105472 0.175786 0.317766 0.931732
0.292743 0.369801 0.105776 0.175786 0.317766 0.931732
0.262617 0.299889 0.135303 0.188662 0.297819 0.935794
0.482663 0.195750 0.124083 0.188662 0.297819 0.935794
0.340653 0.344188 0.105472 0.188662 0.297819 0.935794
0.482663 0.195750 0.124083 0.307251 0.402083 0.862511
0.491327 0.233756 0.103278 0.307251 0.402083 0.862511
0.340653 0.344188 0.105472 0.307251 0.402083 0.862511
0.479306 0.184496 0.027908 0.132511 0.131098 -0.982474
0.258702 0.306824 0.014477 0.132511 0.131098 -0.982474
0.334638 0.333947 0.028338 0.132511 0.131098 -0.982474
0.258702 0.306824 0.014477 0.129410 0.139405 -0.981743
0.286121 0.359855 0.025621 0.129410 0.139405 -0.981743
0.334638 0.333947 0.028338 0.129410 0.139405 -0.981743
0.258702 0.306824 0.014477 0.077063 0.166731 -0.982986
0.068259 0.338941 0.004994 0.077063 0.166731 -0.982986
0.286121 0.359855 0.025621 0.077063 0.166731 -0.982986
0.068259 0.338941 0.004994 0.088776 0.056045 -0.994474
0.072772 0.447956 0.011541 0.088776 0.056045 -0.994474
0.286121 0.359855 0.025621 0.088776 0.056045 -0.994474
0.030945 0.000000 0.445973 -0.592646 -0.772448 0.228243
0.019505 0.024407 0.498870 -0.592646 -0.772448 0.228243
-0.106206 0.080829 0.363406 -0.592646 -0.772448 0.228243
0.019505 0.024407 0.498870 -0.613529 -0.746135 0.258582
-0.066732 0.082938 0.463150 -0.613529 -0.746135 0.258582
-0.106206 0.080829 0.363406 -0.613529 -0.746135 0.258582
0.019505 0.024407 0.498870 -0.240009 0.222972 0.944817
0.067736 0.071533 0.500000 -0.240009 0.222972 0.944817
-0.066732 0.082938 0.463150 -0.240009 0.222972 0.944817
0.067736 0.071533 0.500000 -0.251542 0.132129 0.958785
-0.018214 0.153450 0.466162 -0.251542 0.132129 0.958785
-0.066732 0.082938 0.463150 -0.251542 0.132129 0.958785
-0.029671 0.175443 0.374559 0.651596 0.752069 0.099076
-0.064918 0.196535 0.446269 0.651596 0.752069 0.099076
-0.018214 0.153450 0.466162 0.651596 0.752069 0.099076
-0.064918 0.196535 0.446269 -0.270856 0.145729 0.951525
-0.066732 0.082938 0.463150 -0.270856 0.145729 0.951525
-0.018214 0.153450 0.466162 -0.270856 0.145729 0.951525
-0.064918 0.196535 0.446269 -0.267660 0.145810 0.952417
-0.123981 0.117595 0.441755 -0.267660 0.145810 0.952417
-0.066732 0.082938 0.463150 -0.267660 0.145810 0.952417
-0.123981 0.117595 0.441755 -0.566930 -0.787718 0.241020
-0.106206 0.080829 0.363406 -0.566930 -0.787718 0.241020
-0.066732 0.082938 0.463150 -0.566930 -0.787718 0.241020
-0.005264 0.264937 -0.086473 0.447314 -0.891298 -0.074154
0.038673 0.284357 -0.054862 0.447314 -0.891298 -0.074154
0.029696 0.274284 0.012064 0.447314 -0.891298 -0.074154
-0.228610 0.280063 0.023116 -0.017946 -0.994752 0.100732
-0.005264 0.264937 -0.086473 -0.017946 -0.994752 0.100732
0.029696 0.274284 0.012064 -0.017946 -0.994752 0.100732
