0 519
0 528
0 531
0 573
1 510
1 513
1 517
1 521
2 516
2 534
2 538
2 574
3 16
3 588
3 399
3 585
3 628
3 12
3 13
3 586
3 25
3 792
4 790
4 794
4 797
5 23
5 19
5 10
5 9
5 11
5 14
5 787
5 34
5 31
5 20
6 30
6 10
6 18
6 789
6 5
6 19
6 31
6 9
6 14
6 34
7 588
7 16
7 25
7 628
7 586
7 585
7 399
7 13
7 3
7 792
8 19
8 17
8 10
8 30
8 34
8 31
8 787
8 14
8 9
8 6
9 34
9 6
9 30
9 22
9 26
9 15
9 14
9 5
9 18
9 29
10 31
10 17
10 34
10 789
10 14
10 30
10 19
10 23
10 9
10 20
11 26
11 14
11 787
11 17
11 5
11 34
11 10
11 8
11 23
11 22
12 3
12 399
12 628
12 16
12 586
12 585
12 792
12 25
12 588
12 636
13 3
13 585
13 16
13 636
13 12
13 792
13 586
13 399
13 25
13 628
14 30
14 29
14 9
14 19
14 17
14 5
14 6
14 20
14 10
14 11
15 20
15 30
15 26
15 33
15 18
15 780
15 17
15 27
15 29
15 19
16 585
16 628
16 7
16 3
16 12
16 399
16 588
16 792
16 13
16 636
17 787
17 30
17 23
17 6
17 10
17 19
17 8
17 29
17 789
17 11
18 20
18 27
18 21
18 17
18 34
18 29
18 22
18 6
18 26
18 11
19 9
19 15
19 29
19 22
19 34
19 10
19 6
19 18
19 787
19 5
20 5
20 6
20 14
20 29
20 17
20 8
20 10
20 30
20 789
20 34
21 32
21 35
21 29
21 18
21 780
21 781
21 783
21 26
21 786
21 22
22 17
22 23
22 29
22 9
22 15
22 30
22 27
22 6
22 14
22 20
23 26
23 10
23 14
23 5
23 20
23 11
23 15
23 18
23 8
23 9
24 28
24 584
24 589
24 591
24 599
24 782
24 785
24 802
25 588
25 13
25 3
25 586
25 16
25 12
25 399
25 636
25 7
25 792
26 30
26 15
26 18
26 34
26 780
26 14
26 6
26 21
26 17
26 22
27 15
27 26
27 33
27 780
27 35
27 29
27 781
27 21
27 18
27 783
28 24
28 584
28 589
28 591
28 599
28 782
28 785
28 802
29 34
29 22
29 11
29 27
29 26
29 33
29 21
29 14
29 17
29 6
30 15
30 18
30 10
30 8
30 14
30 17
30 6
30 26
30 11
30 9
31 5
31 9
31 8
31 789
31 20
31 6
31 23
31 10
31 14
31 11
32 21
32 27
32 33
32 35
32 780
32 781
32 783
32 786
33 22
33 27
33 29
33 18
33 35
33 21
33 32
33 780
33 26
33 786
34 30
34 17
34 14
34 26
34 15
34 29
34 10
34 19
34 20
34 787
35 21
35 27
35 32
35 33
35 780
35 781
35 783
35 786
36 37
36 40
36 83
36 86
36 88
36 89
36 92
36 94
37 88
37 173
37 40
37 89
37 81
37 85
37 94
37 92
37 78
37 36
38 41
38 43
38 77
38 80
38 82
38 308
38 311
39 42
39 46
39 95
39 98
39 100
39 348
40 36
40 37
40 83
40 86
40 88
40 89
40 92
40 94
41 38
41 43
41 77
41 80
41 82
41 308
41 311
42 39
42 46
42 95
42 98
42 100
42 348
43 38
43 41
43 77
43 80
43 82
43 308
43 311
44 47
44 49
44 132
44 135
44 139
44 234
44 307
45 48
45 50
45 52
45 53
45 233
45 236
45 349
45 778
46 39
46 42
46 95
46 98
46 100
46 348
47 44
47 49
47 132
47 135
47 139
47 234
47 307
48 45
48 50
48 52
48 53
48 233
48 236
48 349
48 778
49 44
49 47
49 132
49 135
49 139
49 234
49 307
50 45
50 48
50 52
50 53
50 233
50 236
50 349
50 778
51 101
51 104
51 209
51 212
51 214
51 245
51 248
51 350
51 775
51 777
52 45
52 48
52 50
52 53
52 233
52 236
52 349
52 778
53 45
53 48
53 50
53 52
53 233
53 236
53 349
53 778
54 56
54 690
54 685
54 687
54 768
54 684
54 319
54 59
54 318
54 322
55 701
55 779
55 680
55 773
55 776
55 700
55 698
55 770
55 683
55 676
56 54
56 58
56 59
56 61
56 319
56 682
56 684
56 768
57 687
57 322
57 64
57 318
57 685
57 323
57 763
57 693
57 690
57 691
58 768
58 61
58 690
58 56
58 684
58 59
58 318
58 682
58 319
58 685
59 54
59 56
59 58
59 61
59 319
59 682
59 684
59 768
60 323
60 321
60 765
60 64
60 318
60 690
60 63
60 322
60 693
60 320
61 54
61 56
61 58
61 59
61 319
61 682
61 684
61 768
62 63
62 65
62 321
62 679
62 681
62 691
62 693
62 763
62 765
62 766
63 318
63 60
63 62
63 321
63 690
63 691
63 763
63 57
63 681
63 766
64 687
64 763
64 691
64 320
64 323
64 690
64 765
64 685
64 322
64 57
65 62
65 63
65 321
65 679
65 681
65 691
65 693
65 763
65 765
65 766
66 144
66 221
66 238
66 402
66 406
66 419
66 422
66 424
66 756
67 675
67 677
67 678
67 697
67 699
67 758
67 760
67 761
67 764
67 767
68 138
68 141
68 143
68 145
68 146
68 231
68 235
68 425
68 428
68 696
69 73
69 106
69 166
69 270
69 274
70 555
70 561
70 541
70 565
70 553
70 292
70 520
70 536
70 493
70 539
71 74
71 76
71 127
71 309
72 75
72 79
72 167
72 170
72 172
73 69
73 106
73 166
73 270
73 274
74 71
74 76
74 127
74 309
75 72
75 79
75 167
75 170
75 172
76 71
76 74
76 127
76 309
77 38
77 41
77 43
77 80
77 82
77 308
77 311
78 37
78 81
78 83
78 85
78 86
78 88
78 173
78 176
78 178
79 72
79 75
79 167
79 170
79 172
80 38
80 41
80 43
80 77
80 82
80 308
80 311
81 37
81 78
81 83
81 85
81 86
81 88
81 173
81 176
81 178
82 38
82 41
82 43
82 77
82 80
82 308
82 311
83 173
83 88
83 85
83 37
83 176
83 81
83 36
83 92
83 89
83 40
84 87
84 91
84 119
84 122
84 179
84 182
84 331
84 673
84 724
84 754
85 37
85 78
85 81
85 83
85 86
85 88
85 173
85 176
85 178
86 37
86 40
86 178
86 36
86 78
86 83
86 89
86 81
86 88
86 85
87 84
87 91
87 119
87 122
87 179
87 182
87 331
87 673
87 724
87 754
88 37
88 94
88 178
88 92
88 36
88 81
88 85
88 40
88 78
88 83
89 36
89 37
89 40
89 83
89 86
89 88
89 92
89 94
90 93
90 199
90 707
90 704
90 717
90 722
90 725
90 720
90 718
90 315
91 84
91 87
91 119
91 122
91 179
91 182
91 331
91 673
91 724
91 754
92 36
92 37
92 40
92 83
92 86
92 88
92 89
92 94
93 720
93 717
93 199
93 315
93 97
93 725
93 90
93 704
93 707
93 722
94 36
94 37
94 40
94 83
94 86
94 88
94 89
94 92
95 39
95 42
95 46
95 98
95 100
95 348
96 99
96 103
96 712
96 716
96 719
97 199
97 717
97 93
97 315
97 715
97 725
97 718
97 707
97 720
97 722
98 39
98 42
98 46
98 95
98 100
98 348
99 96
99 103
99 712
99 716
99 719
100 39
100 42
100 46
100 95
100 98
100 348
101 51
101 104
101 209
101 212
101 214
101 245
101 248
101 350
101 775
101 777
102 123
102 208
102 710
102 713
102 750
103 96
103 99
103 712
103 716
103 719
104 51
104 101
104 209
104 212
104 214
104 245
104 248
104 350
104 775
104 777
105 109
105 186
105 189
105 193
105 271
106 69
106 73
106 166
106 270
106 274
107 110
107 112
107 165
107 169
107 337
107 730
107 732
108 111
108 116
108 115
108 118
108 183
108 729
108 187
108 335
108 332
108 727
109 105
109 186
109 189
109 193
109 271
110 107
110 112
110 165
110 169
110 337
110 730
110 732
111 108
111 187
111 116
111 183
111 332
111 113
111 727
111 115
111 118
111 729
112 107
112 110
112 165
112 169
112 337
112 730
112 732
113 111
113 115
113 183
113 118
113 116
113 332
113 187
113 727
113 729
113 335
114 117
114 121
114 184
114 804
114 808
115 727
115 335
115 183
115 108
115 113
115 111
115 729
115 332
115 118
115 116
116 727
116 113
116 187
116 108
116 332
116 115
116 111
116 729
116 183
116 335
117 114
117 121
117 184
117 804
117 808
118 332
118 187
118 727
118 111
118 729
118 108
118 335
118 115
118 113
118 183
119 84
119 87
119 91
119 122
119 179
119 182
119 331
119 673
119 724
119 754
120 207
120 211
120 751
120 753
120 805
121 114
121 117
121 184
121 804
121 808
122 84
122 87
122 91
122 119
122 179
122 182
122 331
122 673
122 724
122 754
123 102
123 208
123 710
123 713
123 750
124 279
124 282
124 670
124 672
124 752
124 755
125 278
125 206
125 708
125 355
125 277
125 356
125 354
125 284
125 201
125 283
126 129
126 133
126 306
126 310
127 71
127 74
127 76
127 309
128 130
128 565
128 292
128 484
128 520
128 511
128 541
128 539
128 478
128 70
129 126
129 133
129 306
129 310
130 520
130 502
130 128
130 476
130 576
130 511
130 533
130 523
130 545
130 197
131 134
131 136
131 263
131 266
131 268
132 44
132 47
132 49
132 135
132 139
132 234
132 307
133 126
133 129
133 306
133 310
134 131
134 136
134 263
134 266
134 268
135 44
135 47
135 49
135 132
135 139
135 234
135 307
136 131
136 134
136 263
136 266
136 268
137 140
137 142
137 262
137 426
137 459
138 68
138 141
138 143
138 145
138 146
138 231
138 235
138 425
138 428
138 696
139 44
139 47
139 49
139 132
139 135
139 234
139 307
140 137
140 142
140 262
140 426
140 459
141 68
141 138
141 143
141 145
141 146
141 231
141 235
141 425
141 428
141 696
142 137
142 140
142 262
142 426
142 459
143 146
143 427
143 646
143 423
143 235
143 68
143 428
143 461
143 648
143 420
144 66
144 221
144 238
144 402
144 406
144 419
144 422
144 424
144 756
145 68
145 138
145 141
145 143
145 146
145 231
145 235
145 425
145 428
145 696
146 423
146 696
146 145
146 428
146 384
146 141
146 231
146 143
146 425
146 138
147 251
147 254
147 257
147 149
147 748
147 164
147 162
147 326
147 148
147 329
148 329
148 152
148 162
148 160
148 325
148 163
148 748
148 257
148 164
148 159
149 666
149 147
149 252
149 258
149 326
149 254
149 329
149 251
149 255
149 152
150 180
150 327
150 330
150 334
150 745
150 747
151 326
151 257
151 163
151 329
151 254
151 325
151 147
151 149
151 159
151 256
152 147
152 151
152 256
152 149
152 258
152 164
152 162
152 259
152 255
152 254
153 157
153 324
153 328
153 333
153 726
154 665
154 668
154 728
154 731
154 734
154 737
155 164
155 149
155 254
155 251
155 163
155 159
155 259
155 158
155 748
155 256
156 159
156 667
156 155
156 325
156 148
156 257
156 162
156 151
156 258
156 326
157 153
157 324
157 328
157 333
157 726
158 255
158 149
158 666
158 164
158 664
158 260
158 256
158 667
158 254
158 148
159 151
159 160
159 164
159 155
159 257
159 158
159 163
159 329
159 325
159 147
160 164
160 252
160 161
160 148
160 155
160 325
160 149
160 664
160 666
160 152
161 258
161 160
161 163
161 151
161 664
161 156
161 158
161 251
161 147
161 259
162 748
162 151
162 147
162 251
162 156
162 256
162 159
162 329
162 161
162 148
163 329
163 156
163 161
163 260
163 326
163 155
163 162
163 325
163 148
163 147
164 252
164 251
164 149
164 152
164 256
164 664
164 148
164 326
164 329
164 151
165 107
165 110
165 112
165 169
165 337
165 730
165 732
166 69
166 73
166 106
166 270
166 274
167 72
167 75
167 79
167 170
167 172
168 171
168 175
168 338
168 341
169 107
169 110
169 112
169 165
169 337
169 730
169 732
170 72
170 75
170 79
170 167
170 172
171 168
171 175
171 338
171 341
172 72
172 75
172 79
172 167
172 170
173 37
173 78
173 81
173 83
173 85
173 86
173 88
173 176
173 178
174 739
174 339
174 733
174 746
174 742
174 735
174 336
174 744
174 177
174 250
175 168
175 171
175 338
175 341
176 37
176 78
176 81
176 83
176 85
176 86
176 88
176 173
176 178
177 733
177 336
177 735
177 339
177 741
177 181
177 746
177 738
177 739
177 749
178 37
178 78
178 81
178 83
178 85
178 86
178 88
178 173
178 176
179 84
179 87
179 91
179 119
179 122
179 182
179 331
179 673
179 724
179 754
180 150
180 327
180 330
180 334
180 745
180 747
181 739
181 339
181 738
181 250
181 746
181 733
181 742
181 174
181 340
181 744
182 84
182 87
182 91
182 119
182 122
182 179
182 331
182 673
182 724
182 754
183 118
183 111
183 108
183 332
183 187
183 116
183 727
183 115
183 729
183 335
184 114
184 117
184 121
184 804
184 808
185 188
185 190
185 288
185 295
185 391
185 807
186 105
186 109
186 189
186 193
186 271
187 727
187 335
187 729
187 108
187 116
187 111
187 115
187 118
187 332
187 113
188 185
188 190
188 288
188 295
188 391
188 807
189 105
189 109
189 186
189 193
189 271
190 185
190 188
190 288
190 295
190 391
190 807
191 194
191 196
191 294
191 298
191 300
191 304
192 195
192 272
192 275
193 105
193 109
193 186
193 189
193 271
194 191
194 196
194 294
194 298
194 300
194 304
195 192
195 272
195 275
196 191
196 194
196 294
196 298
196 300
196 304
197 478
197 555
197 223
197 273
197 533
197 130
197 561
197 303
197 292
197 484
198 705
198 280
198 201
198 276
198 277
198 354
198 703
198 702
198 353
198 204
199 725
199 715
199 97
199 704
199 718
199 722
199 90
199 717
199 720
199 315
200 203
200 205
200 314
200 317
201 702
201 353
201 669
201 354
201 281
201 125
201 352
201 278
201 277
201 204
202 702
202 705
202 669
202 351
202 201
202 276
202 280
202 198
202 204
202 352
203 200
203 205
203 314
203 317
204 198
204 125
204 281
204 277
204 206
204 354
204 669
204 283
204 703
204 705
205 200
205 203
205 314
205 317
206 355
206 125
206 283
206 708
206 353
206 284
206 356
206 278
206 201
206 354
207 120
207 211
207 751
207 753
207 805
208 102
208 123
208 710
208 713
208 750
209 51
209 101
209 104
209 212
209 214
209 245
209 248
209 350
209 775
209 777
210 213
210 217
210 285
210 289
210 806
210 809
211 120
211 207
211 751
211 753
211 805
212 51
212 101
212 104
212 209
212 214
212 245
212 248
212 350
212 775
212 777
213 210
213 217
213 285
213 289
213 806
213 809
214 51
214 101
214 104
214 209
214 212
214 245
214 248
214 350
214 775
214 777
215 218
215 220
215 239
215 242
215 244
216 219
216 286
216 405
216 631
216 633
217 210
217 213
217 285
217 289
217 806
217 809
218 215
218 220
218 239
218 242
218 244
219 216
219 286
219 405
219 631
219 633
220 215
220 218
220 239
220 242
220 244
221 66
221 144
221 238
221 402
221 406
221 419
221 422
221 424
221 756
222 225
222 229
222 293
222 342
222 346
223 553
223 269
223 561
223 292
223 545
223 197
223 511
223 70
223 533
223 541
224 226
224 302
224 305
225 222
225 229
225 293
225 342
225 346
226 224
226 302
226 305
227 230
227 297
227 301
227 432
227 595
227 601
227 603
228 343
228 414
228 431
228 434
229 222
229 225
229 293
229 342
229 346
230 227
230 297
230 301
230 432
230 595
230 601
230 603
231 68
231 138
231 141
231 143
231 145
231 146
231 235
231 425
231 428
231 696
232 770
232 698
232 772
232 779
232 680
232 700
232 776
232 676
232 55
232 683
233 45
233 48
233 50
233 52
233 53
233 236
233 349
233 778
234 44
234 47
234 49
234 132
234 135
234 139
234 307
235 68
235 138
235 141
235 143
235 145
235 146
235 231
235 425
235 428
235 696
236 45
236 48
236 50
236 52
236 53
236 233
236 349
236 778
237 241
237 694
237 757
237 759
237 762
238 66
238 144
238 221
238 402
238 406
238 419
238 422
238 424
238 756
239 215
239 218
239 220
239 242
239 244
240 243
240 247
240 688
240 692
240 695
241 237
241 694
241 757
241 759
241 762
242 215
242 218
242 220
242 239
242 244
243 240
243 247
243 688
243 692
243 695
244 215
244 218
244 220
244 239
244 242
245 51
245 101
245 104
245 209
245 212
245 214
245 248
245 350
245 775
245 777
246 686
246 689
246 769
246 771
246 774
247 240
247 243
247 688
247 692
247 695
248 51
248 101
248 104
248 209
248 212
248 214
248 245
248 350
248 775
248 777
249 253
249 336
249 340
249 663
249 733
249 735
249 736
249 738
249 740
249 743
250 746
250 738
250 742
250 739
250 733
250 339
250 741
250 174
250 181
250 744
251 252
251 155
251 254
251 256
251 258
251 255
251 149
251 164
251 667
251 664
252 258
252 149
252 256
252 251
252 664
252 152
252 161
252 257
252 158
252 255
253 249
253 336
253 340
253 663
253 733
253 735
253 736
253 738
253 740
253 743
254 257
254 326
254 666
254 667
254 162
254 152
254 748
254 149
254 258
254 329
255 667
255 254
255 259
255 257
255 164
255 666
255 258
255 149
255 160
255 148
256 162
256 259
256 149
256 257
256 260
256 161
256 155
256 160
256 151
256 255
257 162
257 748
257 148
257 251
257 164
257 149
257 163
257 147
257 326
257 158
258 255
258 252
258 155
258 159
258 666
258 748
258 163
258 164
258 254
258 259
259 158
259 664
259 252
259 155
259 666
259 149
259 251
259 255
259 148
259 160
260 164
260 667
260 163
260 326
260 160
260 255
260 329
260 256
260 251
260 152
261 265
261 381
261 385
261 460
261 651
262 137
262 140
262 142
262 426
262 459
263 131
263 134
263 136
263 266
263 268
264 267
264 291
264 345
264 652
264 654
265 261
265 381
265 385
265 460
265 651
266 131
266 134
266 136
266 263
266 268
267 264
267 291
267 345
267 652
267 654
268 131
268 134
268 136
268 263
268 266
269 484
269 273
269 130
269 223
269 561
269 541
269 303
269 559
269 539
269 197
270 69
270 73
270 106
270 166
270 274
271 105
271 109
271 186
271 189
271 193
272 192
272 195
272 275
273 484
273 523
273 478
273 559
273 520
273 576
273 493
273 292
273 539
273 553
274 69
274 73
274 106
274 166
274 270
275 192
275 195
275 272
276 669
276 702
276 202
276 283
276 281
276 278
276 703
276 705
276 198
276 277
277 356
277 284
277 198
277 351
277 201
277 206
277 283
277 202
277 702
277 353
278 206
278 204
278 351
278 281
278 277
278 354
278 353
278 703
278 125
278 283
279 124
279 282
279 670
279 672
279 752
279 755
280 204
280 352
280 198
280 356
280 281
280 353
280 201
280 202
280 669
280 283
281 703
281 278
281 277
281 356
281 206
281 355
281 276
281 284
281 283
281 125
282 124
282 279
282 670
282 672
282 752
282 755
283 355
283 125
283 669
283 353
283 277
283 281
283 313
283 703
283 280
283 278
284 283
284 356
284 281
284 355
284 278
284 354
284 206
284 125
284 353
284 708
285 210
285 213
285 217
285 289
285 806
285 809
286 216
286 219
286 405
286 631
286 633
287 290
287 392
287 395
287 397
287 408
287 630
288 185
288 188
288 190
288 295
288 391
288 807
289 210
289 213
289 217
289 285
289 806
289 809
290 287
290 392
290 395
290 397
290 408
290 630
291 264
291 267
291 345
291 652
291 654
292 523
292 539
292 197
292 553
292 303
292 511
292 545
292 273
292 478
292 559
293 222
293 225
293 229
293 342
293 346
294 191
294 194
294 196
294 298
294 300
294 304
295 185
295 188
295 190
295 288
295 391
295 807
296 299
296 390
296 394
296 604
297 227
297 230
297 301
297 432
297 595
297 601
297 603
298 191
298 194
298 196
298 294
298 300
298 304
299 296
299 390
299 394
299 604
300 191
300 194
300 196
300 294
300 298
300 304
301 227
301 230
301 297
301 432
301 595
301 601
301 603
302 224
302 226
302 305
303 128
303 576
303 511
303 70
303 520
303 493
303 523
303 561
303 536
303 565
304 191
304 194
304 196
304 294
304 298
304 300
305 224
305 226
305 302
306 126
306 129
306 133
306 310
307 44
307 47
307 49
307 132
307 135
307 139
307 234
308 38
308 41
308 43
308 77
308 80
308 82
308 311
309 71
309 74
309 76
309 127
310 126
310 129
310 133
310 306
311 38
311 41
311 43
311 77
311 80
311 82
311 308
312 316
312 709
312 711
312 714
313 201
313 278
313 355
313 206
313 708
313 284
313 125
313 353
313 354
313 283
314 200
314 203
314 205
314 317
315 93
315 97
315 722
315 717
315 718
315 715
315 90
315 707
315 725
315 720
316 312
316 709
316 711
316 714
317 200
317 203
317 205
317 314
318 319
318 768
318 690
318 763
318 57
318 63
318 60
318 54
318 691
318 323
319 58
319 687
319 59
319 768
319 61
319 318
319 322
319 690
319 56
319 685
320 60
320 690
320 63
320 322
320 323
320 685
320 763
320 318
320 321
320 687
321 763
321 320
321 318
321 57
321 679
321 681
321 766
321 690
321 687
321 62
322 318
322 687
322 763
322 765
322 58
322 60
322 320
322 693
322 690
322 63
323 765
323 318
323 685
323 691
323 690
323 687
323 321
323 693
323 322
323 63
324 153
324 157
324 328
324 333
324 726
325 148
325 329
325 158
325 161
325 160
325 164
325 258
325 159
325 326
325 147
326 159
326 748
326 256
326 164
326 156
326 260
326 163
326 257
326 162
326 254
327 150
327 180
327 330
327 334
327 745
327 747
328 153
328 157
328 324
328 333
328 726
329 156
329 256
329 254
329 326
329 147
329 148
329 159
329 325
329 152
329 151
330 150
330 180
330 327
330 334
330 745
330 747
331 84
331 87
331 91
331 119
331 122
331 179
331 182
331 673
331 724
331 754
332 183
332 118
332 187
332 115
332 729
332 108
332 335
332 111
332 113
332 116
333 153
333 157
333 324
333 328
333 726
334 150
334 180
334 327
334 330
334 745
334 747
335 115
335 727
335 113
335 118
335 111
335 116
335 183
335 187
335 108
335 729
336 733
336 736
336 177
336 744
336 740
336 174
336 741
336 735
336 339
336 663
337 107
337 110
337 112
337 165
337 169
337 730
337 732
338 168
338 171
338 175
338 341
339 749
339 340
339 174
339 742
339 733
339 746
339 744
339 741
339 738
339 336
340 743
340 741
340 738
340 177
340 739
340 735
340 249
340 733
340 749
340 746
341 168
341 171
341 175
341 338
342 222
342 225
342 229
342 293
342 346
343 228
343 414
343 431
343 434
344 347
344 413
344 416
344 655
345 264
345 267
345 291
345 652
345 654
346 222
346 225
346 229
346 293
346 342
347 344
347 413
347 416
347 655
348 39
348 42
348 46
348 95
348 98
348 100
349 45
349 48
349 50
349 52
349 53
349 233
349 236
349 778
350 51
350 101
350 104
350 209
350 212
350 214
350 245
350 248
350 775
350 777
351 204
351 352
351 356
351 702
351 354
351 277
351 281
351 278
351 353
351 198
352 354
352 276
352 202
352 351
352 705
352 201
352 703
352 198
352 277
352 669
353 278
353 356
353 276
353 280
353 313
353 284
353 708
353 354
353 351
353 283
354 702
354 125
354 206
354 669
354 283
354 284
354 313
354 352
354 351
354 705
355 708
355 278
355 283
355 284
355 206
355 353
355 313
355 277
355 281
355 354
356 201
356 125
356 281
356 206
356 708
356 277
356 278
356 351
356 204
356 705
357 361
357 383
357 386
357 649
358 382
358 412
358 456
358 466
358 626
358 629
358 638
358 653
358 656
359 362
359 455
359 458
359 606
359 661
360 657
360 580
360 647
360 451
360 367
360 650
360 660
360 643
360 581
360 658
361 357
361 383
361 386
361 649
362 359
362 455
362 458
362 606
362 661
363 580
363 360
363 451
363 581
363 650
363 447
363 658
363 647
363 657
363 660
364 444
364 608
364 611
364 659
364 662
365 373
365 366
365 443
365 464
365 463
365 374
365 369
365 448
365 371
365 376
366 365
366 368
366 369
366 370
366 373
366 443
366 446
366 448
366 464
367 657
367 643
367 647
367 658
367 451
367 360
367 363
367 660
367 581
367 650
368 365
368 369
368 373
368 366
368 371
368 376
368 464
368 463
368 370
368 436
369 365
369 366
369 368
369 370
369 373
369 443
369 446
369 448
369 464
370 464
370 463
370 376
370 443
370 365
370 436
370 368
370 446
370 374
370 373
371 437
371 463
371 376
371 370
371 443
371 446
371 442
371 380
371 464
371 368
372 375
372 377
372 379
372 380
372 389
372 435
372 439
372 449
372 452
372 616
373 365
373 366
373 368
373 369
373 370
373 443
373 446
373 448
373 464
374 389
374 365
374 443
374 464
374 462
374 437
374 439
374 377
374 446
374 371
375 372
375 377
375 379
375 380
375 389
375 435
375 439
375 449
375 452
375 616
376 435
376 437
376 462
376 443
376 374
376 380
376 370
376 464
376 436
376 371
377 442
377 374
377 437
377 449
377 462
377 436
377 440
377 452
377 372
377 616
378 388
378 417
378 421
378 450
378 579
378 640
378 641
378 642
378 644
378 645
379 372
379 375
379 377
379 380
379 389
379 435
379 439
379 449
379 452
379 616
380 377
380 449
380 452
380 389
380 437
380 375
380 462
380 376
380 379
380 374
381 261
381 265
381 385
381 460
381 651
382 358
382 412
382 456
382 466
382 626
382 629
382 638
382 653
382 656
383 357
383 361
383 386
383 649
384 143
384 146
384 420
384 423
384 425
384 427
384 428
384 461
384 646
384 648
385 261
385 265
385 381
385 460
385 651
386 357
386 361
386 383
386 649
387 403
387 418
387 613
387 615
387 639
388 378
388 417
388 421
388 450
388 579
388 640
388 641
388 642
388 644
388 645
389 377
389 616
389 380
389 372
389 379
389 376
389 375
389 371
389 462
389 442
390 296
390 299
390 394
390 604
391 185
391 188
391 190
391 288
391 295
391 807
392 287
392 290
392 395
392 397
392 408
392 630
393 396
393 400
393 587
393 590
393 598
393 602
393 605
394 296
394 299
394 390
394 604
395 287
395 290
395 392
395 397
395 408
395 630
396 393
396 400
396 587
396 590
396 598
396 602
396 605
397 287
397 290
397 392
397 395
397 408
397 630
398 401
398 410
398 467
398 637
399 13
399 628
399 588
399 12
399 586
399 16
399 25
399 3
399 7
399 636
400 393
400 396
400 587
400 590
400 598
400 602
400 605
401 398
401 410
401 467
401 637
402 66
402 144
402 221
402 238
402 406
402 419
402 422
402 424
402 756
403 387
403 418
403 613
403 615
403 639
404 407
404 454
404 607
404 609
404 612
404 634
405 216
405 219
405 286
405 631
405 633
406 66
406 144
406 221
406 238
406 402
406 419
406 422
406 424
406 756
407 404
407 454
407 607
407 609
407 612
407 634
408 287
408 290
408 392
408 395
408 397
408 630
409 453
409 457
409 465
409 632
409 635
410 398
410 401
410 467
410 637
411 415
411 430
411 620
411 623
411 624
412 358
412 382
412 456
412 466
412 626
412 629
412 638
412 653
412 656
413 344
413 347
413 416
413 655
414 228
414 343
414 431
414 434
415 411
415 430
415 620
415 623
415 624
416 344
416 347
416 413
416 655
417 378
417 388
417 421
417 450
417 579
417 640
417 641
417 642
417 644
417 645
418 387
418 403
418 613
418 615
418 639
419 66
419 144
419 221
419 238
419 402
419 406
419 422
419 424
419 756
420 143
420 146
420 384
420 423
420 425
420 427
420 428
420 461
420 646
420 648
421 378
421 388
421 417
421 450
421 579
421 640
421 641
421 642
421 644
421 645
422 66
422 144
422 221
422 238
422 402
422 406
422 419
422 424
422 756
423 143
423 146
423 384
423 420
423 425
423 427
423 428
423 461
423 646
423 648
424 66
424 144
424 221
424 238
424 402
424 406
424 419
424 422
424 756
425 146
425 428
425 646
425 696
425 461
425 427
425 384
425 145
425 420
425 141
426 137
426 140
426 142
426 262
426 459
427 143
427 146
427 384
427 420
427 423
427 425
427 428
427 461
427 646
427 648
428 696
428 231
428 143
428 138
428 68
428 145
428 423
428 141
428 427
428 235
429 433
429 583
429 592
429 594
429 618
430 411
430 415
430 620
430 623
430 624
431 228
431 343
431 414
431 434
432 227
432 230
432 297
432 301
432 595
432 601
432 603
433 429
433 583
433 592
433 594
433 618
434 228
434 343
434 414
434 431
435 452
435 371
435 376
435 442
435 374
435 375
435 437
435 463
435 377
435 372
436 380
436 377
436 435
436 464
436 442
436 443
436 463
436 371
436 374
436 370
437 380
437 371
437 374
437 389
437 442
437 462
437 616
437 435
437 376
437 463
438 441
438 445
438 610
438 614
438 617
439 379
439 436
439 380
439 389
439 376
439 616
439 449
439 377
439 462
439 442
440 374
440 439
440 376
440 377
440 436
440 616
440 380
440 437
440 435
440 463
441 438
441 445
441 610
441 614
441 617
442 374
442 376
442 440
442 439
442 377
442 463
442 437
442 435
442 436
442 371
443 464
443 369
443 365
443 366
443 376
443 374
443 370
443 446
443 463
443 373
444 364
444 608
444 611
444 659
444 662
445 438
445 441
445 610
445 614
445 617
446 371
446 366
446 374
446 463
446 443
446 368
446 448
446 464
446 365
446 370
447 363
447 643
447 660
447 367
447 650
447 451
447 580
447 647
447 360
447 581
448 365
448 366
448 368
448 369
448 370
448 373
448 443
448 446
448 464
449 372
449 375
449 377
449 379
449 380
449 389
449 435
449 439
449 452
449 616
450 378
450 388
450 417
450 421
450 579
450 640
450 641
450 642
450 644
450 645
451 658
451 580
451 650
451 363
451 660
451 657
451 643
451 367
451 360
451 447
452 372
452 375
452 377
452 379
452 380
452 389
452 435
452 439
452 449
452 616
453 409
453 457
453 465
453 632
453 635
454 404
454 407
454 607
454 609
454 612
454 634
455 359
455 362
455 458
455 606
455 661
456 358
456 382
456 412
456 466
456 626
456 629
456 638
456 653
456 656
457 409
457 453
457 465
457 632
457 635
458 359
458 362
458 455
458 606
458 661
459 137
459 140
459 142
459 262
459 426
460 261
460 265
460 381
460 385
460 651
461 143
461 146
461 384
461 420
461 423
461 425
461 427
461 428
461 646
461 648
462 437
462 436
462 442
462 371
462 435
462 380
462 439
462 463
462 389
462 374
463 374
463 376
463 368
463 616
463 377
463 440
463 436
463 365
463 442
463 443
464 370
464 371
464 368
464 436
464 366
464 463
464 374
464 369
464 446
464 443
465 409
465 453
465 457
465 632
465 635
466 358
466 382
466 412
466 456
466 626
466 629
466 638
466 653
466 656
467 398
467 401
467 410
467 637
468 472
468 526
468 542
468 578
469 480
469 564
469 567
469 571
469 577
470 473
470 475
470 524
470 546
470 550
470 569
471 474
471 527
471 530
471 532
472 468
472 526
472 542
472 578
473 470
473 475
473 524
473 546
473 550
473 569
474 471
474 527
474 530
474 532
475 470
475 473
475 524
475 546
475 550
475 569
476 536
476 565
476 523
476 484
476 197
476 576
476 292
476 130
476 559
476 541
477 481
477 485
477 487
477 570
478 561
478 484
478 541
478 565
478 493
478 523
478 536
478 545
478 555
478 576
479 482
479 544
479 547
479 568
480 469
480 564
480 567
480 571
480 577
481 477
481 485
481 487
481 570
482 479
482 544
482 547
482 568
483 486
483 490
483 494
483 496
484 130
484 545
484 561
484 303
484 269
484 576
484 553
484 70
484 197
484 520
485 477
485 481
485 487
485 570
486 483
486 490
486 494
486 496
487 477
487 481
487 485
487 570
488 491
488 563
488 566
488 572
489 497
489 500
489 558
489 562
490 483
490 486
490 494
490 496
491 488
491 563
491 566
491 572
492 495
492 499
492 503
492 505
493 539
493 128
493 561
493 476
493 520
493 555
493 292
493 273
493 545
493 576
494 483
494 486
494 490
494 496
495 492
495 499
495 503
495 505
496 483
496 486
496 490
496 494
497 489
497 500
497 558
497 562
498 506
498 509
498 557
498 560
499 492
499 495
499 503
499 505
500 489
500 497
500 558
500 562
501 504
501 508
501 512
501 514
502 523
502 478
502 476
502 559
502 273
502 223
502 128
502 303
502 292
502 70
503 492
503 495
503 499
503 505
504 501
504 508
504 512
504 514
505 492
505 495
505 499
505 503
506 498
506 509
506 557
506 560
507 515
507 518
507 535
507 556
508 501
508 504
508 512
508 514
509 498
509 506
509 557
509 560
510 1
510 513
510 517
510 521
511 292
511 523
511 541
511 533
511 130
511 539
511 484
511 493
511 576
511 269
512 501
512 504
512 508
512 514
513 1
513 510
513 517
513 521
514 501
514 504
514 508
514 512
515 507
515 518
515 535
515 556
516 2
516 534
516 538
516 574
517 1
517 510
517 513
517 521
518 507
518 515
518 535
518 556
519 0
519 528
519 531
519 573
520 539
520 292
520 303
520 545
520 502
520 130
520 478
520 273
520 559
520 536
521 1
521 510
521 513
521 517
522 549
522 554
523 541
523 565
523 559
523 476
523 533
523 553
523 130
523 484
523 576
523 303
524 470
524 473
524 475
524 546
524 550
524 569
525 529
525 537
525 540
525 575
526 468
526 472
526 542
526 578
527 471
527 474
527 530
527 532
528 0
528 519
528 531
528 573
529 525
529 537
529 540
529 575
530 471
530 474
530 527
530 532
531 0
531 519
531 528
531 573
532 471
532 474
532 527
532 530
533 197
533 523
533 130
533 511
533 493
533 545
533 478
533 303
533 576
533 541
534 2
534 516
534 538
534 574
535 507
535 515
535 518
535 556
536 269
536 520
536 565
536 197
536 493
536 553
536 70
536 533
536 539
536 130
537 525
537 529
537 540
537 575
538 2
538 516
538 534
538 574
539 493
539 555
539 520
539 128
539 269
539 502
539 273
539 223
539 553
539 476
540 525
540 529
540 537
540 575
541 130
541 559
541 303
541 128
541 292
541 269
541 561
541 502
541 223
541 511
542 468
542 472
542 526
542 578
543 548
543 551
543 552
544 479
544 482
544 547
544 568
545 130
545 484
545 493
545 536
545 565
545 533
545 223
545 128
545 478
545 70
546 470
546 473
546 475
546 524
546 550
546 569
547 479
547 482
547 544
547 568
548 543
548 551
548 552
549 522
549 554
550 470
550 473
550 475
550 524
550 546
550 569
551 543
551 548
551 552
552 543
552 548
552 551
553 269
553 539
553 555
553 303
553 502
553 273
553 476
553 70
553 561
553 545
554 522
554 549
555 130
555 576
555 565
555 292
555 523
555 511
555 476
555 493
555 536
555 559
556 507
556 515
556 518
556 535
557 498
557 506
557 509
557 560
558 489
558 497
558 500
558 562
559 478
559 292
559 303
559 553
559 565
559 128
559 541
559 555
559 520
559 536
560 498
560 506
560 509
560 557
561 555
561 484
561 565
561 559
561 269
561 553
561 541
561 539
561 576
561 273
562 489
562 497
562 500
562 558
563 488
563 491
563 566
563 572
564 469
564 480
564 567
564 571
564 577
565 555
565 533
565 553
565 541
565 476
565 197
565 273
565 478
565 511
565 223
566 488
566 491
566 563
566 572
567 469
567 480
567 564
567 571
567 577
568 479
568 482
568 544
568 547
569 470
569 473
569 475
569 524
569 546
569 550
570 477
570 481
570 485
570 487
571 469
571 480
571 564
571 567
571 577
572 488
572 491
572 563
572 566
573 0
573 519
573 528
573 531
574 2
574 516
574 534
574 538
575 525
575 529
575 537
575 540
576 130
576 303
576 476
576 536
576 511
576 559
576 484
576 553
576 502
576 70
577 469
577 480
577 564
577 567
577 571
578 468
578 472
578 526
578 542
579 378
579 388
579 417
579 421
579 450
579 640
579 641
579 642
579 644
579 645
580 658
580 367
580 360
580 363
580 657
580 451
580 660
580 643
580 650
580 447
581 447
581 650
581 451
581 647
581 360
581 367
581 363
581 657
581 660
581 643
582 619
582 621
582 799
582 801
583 429
583 433
583 592
583 594
583 618
584 24
584 28
584 589
584 591
584 599
584 782
584 785
584 802
585 16
585 25
585 588
585 7
585 636
585 12
585 3
585 399
585 586
585 628
586 25
586 399
586 16
586 12
586 628
586 585
586 3
586 636
586 7
586 792
587 393
587 396
587 400
587 590
587 598
587 602
587 605
588 7
588 628
588 25
588 13
588 3
588 585
588 586
588 16
588 399
588 792
589 24
589 28
589 584
589 591
589 599
589 782
589 785
589 802
590 393
590 396
590 400
590 587
590 598
590 602
590 605
591 24
591 28
591 584
591 589
591 599
591 782
591 785
591 802
592 429
592 433
592 583
592 594
592 618
593 596
593 597
593 600
594 429
594 433
594 583
594 592
594 618
595 227
595 230
595 297
595 301
595 432
595 601
595 603
596 593
596 597
596 600
597 593
597 596
597 600
598 393
598 396
598 400
598 587
598 590
598 602
598 605
599 24
599 28
599 584
599 589
599 591
599 782
599 785
599 802
600 593
600 596
600 597
601 227
601 230
601 297
601 301
601 432
601 595
601 603
602 393
602 396
602 400
602 587
602 590
602 598
602 605
603 227
603 230
603 297
603 301
603 432
603 595
603 601
604 296
604 299
604 390
604 394
605 393
605 396
605 400
605 587
605 590
605 598
605 602
606 359
606 362
606 455
606 458
606 661
607 404
607 407
607 454
607 609
607 612
607 634
608 364
608 444
608 611
608 659
608 662
609 404
609 407
609 454
609 607
609 612
609 634
610 438
610 441
610 445
610 614
610 617
611 364
611 444
611 608
611 659
611 662
612 404
612 407
612 454
612 607
612 609
612 634
613 387
613 403
613 418
613 615
613 639
614 438
614 441
614 445
614 610
614 617
615 387
615 403
615 418
615 613
615 639
616 377
616 449
616 380
616 379
616 442
616 375
616 376
616 452
616 371
616 440
617 438
617 441
617 445
617 610
617 614
618 429
618 433
618 583
618 592
618 594
619 582
619 621
619 799
619 801
620 411
620 415
620 430
620 623
620 624
621 582
621 619
621 799
621 801
622 625
622 627
622 793
622 795
622 798
623 411
623 415
623 430
623 620
623 624
624 411
624 415
624 430
624 620
624 623
625 622
625 627
625 793
625 795
625 798
626 358
626 382
626 412
626 456
626 466
626 629
626 638
626 653
626 656
627 622
627 625
627 793
627 795
627 798
628 7
628 636
628 16
628 588
628 399
628 586
628 25
628 13
628 12
628 792
629 358
629 382
629 412
629 456
629 466
629 626
629 638
629 653
629 656
630 287
630 290
630 392
630 395
630 397
630 408
631 216
631 219
631 286
631 405
631 633
632 409
632 453
632 457
632 465
632 635
633 216
633 219
633 286
633 405
633 631
634 404
634 407
634 454
634 607
634 609
634 612
635 409
635 453
635 457
635 465
635 632
636 12
636 13
636 25
636 586
636 628
636 3
636 399
636 585
636 16
636 792
637 398
637 401
637 410
637 467
638 358
638 382
638 412
638 456
638 466
638 626
638 629
638 653
638 656
639 387
639 403
639 418
639 613
639 615
640 378
640 388
640 417
640 421
640 450
640 579
640 641
640 642
640 644
640 645
641 378
641 388
641 417
641 421
641 450
641 579
641 640
641 642
641 644
641 645
642 378
642 388
642 417
642 421
642 450
642 579
642 640
642 641
642 644
642 645
643 658
643 657
643 451
643 647
643 650
643 580
643 660
643 360
643 367
643 363
644 378
644 388
644 417
644 421
644 450
644 579
644 640
644 641
644 642
644 645
645 378
645 388
645 417
645 421
645 450
645 579
645 640
645 641
645 642
645 644
646 143
646 146
646 384
646 420
646 423
646 425
646 427
646 428
646 461
646 648
647 660
647 447
647 658
647 367
647 581
647 363
647 643
647 650
647 580
647 360
648 143
648 146
648 384
648 420
648 423
648 425
648 427
648 428
648 461
648 646
649 357
649 361
649 383
649 386
650 658
650 447
650 581
650 657
650 643
650 451
650 367
650 580
650 363
650 660
651 261
651 265
651 381
651 385
651 460
652 264
652 267
652 291
652 345
652 654
653 358
653 382
653 412
653 456
653 466
653 626
653 629
653 638
653 656
654 264
654 267
654 291
654 345
654 652
655 344
655 347
655 413
655 416
656 358
656 382
656 412
656 456
656 466
656 626
656 629
656 638
656 653
657 367
657 447
657 650
657 658
657 580
657 660
657 363
657 581
657 647
657 643
658 447
658 367
658 580
658 363
658 581
658 657
658 643
658 360
658 451
658 650
659 364
659 444
659 608
659 611
659 662
660 647
660 581
660 451
660 580
660 360
660 650
660 447
660 643
660 363
660 658
661 359
661 362
661 455
661 458
661 606
662 364
662 444
662 608
662 611
662 659
663 249
663 253
663 336
663 340
663 733
663 735
663 736
663 738
663 740
663 743
664 255
664 251
664 164
664 748
664 155
664 254
664 260
664 256
664 257
664 149
665 154
665 668
665 728
665 731
665 734
665 737
666 667
666 256
666 257
666 748
666 164
666 160
666 158
666 161
666 258
666 254
667 155
667 164
667 254
667 259
667 159
667 664
667 252
667 666
667 325
667 156
668 154
668 665
668 728
668 731
668 734
668 737
669 202
669 276
669 705
669 278
669 201
669 351
669 353
669 204
669 702
669 352
670 124
670 279
670 282
670 672
670 752
670 755
671 674
671 706
671 721
671 723
672 124
672 279
672 282
672 670
672 752
672 755
673 84
673 87
673 91
673 119
673 122
673 179
673 182
673 331
673 724
673 754
674 671
674 706
674 721
674 723
675 67
675 677
675 678
675 697
675 699
675 758
675 760
675 761
675 764
675 767
676 55
676 701
676 683
676 776
676 770
676 698
676 232
676 680
676 772
676 773
677 67
677 675
677 678
677 697
677 699
677 758
677 760
677 761
677 764
677 767
678 67
678 675
678 677
678 697
678 699
678 758
678 760
678 761
678 764
678 767
679 62
679 63
679 65
679 321
679 681
679 691
679 693
679 763
679 765
679 766
680 683
680 700
680 773
680 701
680 776
680 55
680 698
680 772
680 232
680 676
681 62
681 63
681 65
681 321
681 679
681 691
681 693
681 763
681 765
681 766
682 54
682 56
682 58
682 59
682 61
682 319
682 684
682 768
683 772
683 776
683 676
683 779
683 701
683 680
683 770
683 700
683 232
683 773
684 56
684 59
684 322
684 61
684 319
684 58
684 690
684 318
684 768
684 54
685 321
685 322
685 58
685 691
685 765
685 690
685 763
685 54
685 693
685 768
686 246
686 689
686 769
686 771
686 774
687 684
687 768
687 60
687 763
687 318
687 64
687 321
687 58
687 320
687 693
688 240
688 243
688 247
688 692
688 695
689 246
689 686
689 769
689 771
689 774
690 322
690 685
690 319
690 63
690 763
690 691
690 765
690 54
690 684
690 687
691 60
691 63
691 763
691 321
691 322
691 65
691 681
691 766
691 323
691 690
692 240
692 243
692 247
692 688
692 695
693 60
693 679
693 65
693 318
693 766
693 681
693 763
693 321
693 690
693 765
694 237
694 241
694 757
694 759
694 762
695 240
695 243
695 247
695 688
695 692
696 68
696 138
696 141
696 143
696 145
696 146
696 231
696 235
696 425
696 428
697 67
697 675
697 677
697 678
697 699
697 758
697 760
697 761
697 764
697 767
698 676
698 770
698 776
698 701
698 772
698 680
698 773
698 232
698 55
698 683
699 67
699 675
699 677
699 678
699 697
699 758
699 760
699 761
699 764
699 767
700 698
700 776
700 55
700 232
700 779
700 676
700 683
700 773
700 680
700 701
701 676
701 776
701 683
701 772
701 232
701 773
701 698
701 770
701 680
701 779
702 277
702 353
702 276
702 352
702 198
702 351
702 202
702 280
702 705
702 201
703 202
703 283
703 278
703 353
703 702
703 198
703 705
703 201
703 277
703 669
704 725
704 97
704 90
704 718
704 720
704 93
704 717
704 715
704 315
704 199
705 351
705 198
705 204
705 281
705 703
705 669
705 353
705 702
705 201
705 277
706 671
706 674
706 721
706 723
707 720
707 315
707 717
707 97
707 715
707 90
707 93
707 722
707 704
707 718
708 283
708 353
708 284
708 206
708 356
708 355
708 125
708 281
708 204
708 201
709 312
709 316
709 711
709 714
710 102
710 123
710 208
710 713
710 750
711 312
711 316
711 709
711 714
712 96
712 99
712 103
712 716
712 719
713 102
713 123
713 208
713 710
713 750
714 312
714 316
714 709
714 711
715 315
715 720
715 707
715 717
715 90
715 722
715 199
715 97
715 93
715 725
716 96
716 99
716 103
716 712
716 719
717 97
717 718
717 722
717 725
717 707
717 720
717 315
717 93
717 90
717 704
718 97
718 725
718 90
718 199
718 707
718 704
718 720
718 717
718 93
718 315
719 96
719 99
719 103
719 712
719 716
720 717
720 715
720 93
720 718
720 315
720 704
720 707
720 722
720 97
720 725
721 671
721 674
721 706
721 723
722 315
722 97
722 90
722 707
722 725
722 720
722 704
722 199
722 93
722 715
723 671
723 674
723 706
723 721
724 84
724 87
724 91
724 119
724 122
724 179
724 182
724 331
724 673
724 754
725 707
725 717
725 97
725 93
725 720
725 199
725 315
725 715
725 718
725 704
726 153
726 157
726 324
726 328
726 333
727 335
727 116
727 332
727 729
727 115
727 111
727 118
727 108
727 113
727 183
728 154
728 665
728 668
728 731
728 734
728 737
729 332
729 183
729 187
729 118
729 115
729 113
729 116
729 727
729 108
729 111
730 107
730 110
730 112
730 165
730 169
730 337
730 732
731 154
731 665
731 668
731 728
731 734
731 737
732 107
732 110
732 112
732 165
732 169
732 337
732 730
733 742
733 744
733 177
733 738
733 749
733 249
733 735
733 253
733 181
733 736
734 154
734 665
734 668
734 728
734 731
734 737
735 339
735 740
735 743
735 742
735 250
735 340
735 249
735 741
735 181
735 177
736 249
736 253
736 336
736 340
736 663
736 733
736 735
736 738
736 740
736 743
737 154
737 665
737 668
737 728
737 731
737 734
738 336
738 735
738 174
738 741
738 739
738 742
738 340
738 746
738 740
738 736
739 738
739 741
739 181
739 174
739 742
739 339
739 746
739 733
739 340
739 735
740 249
740 253
740 336
740 340
740 663
740 733
740 735
740 736
740 738
740 743
741 739
741 174
741 738
741 742
741 735
741 336
741 250
741 746
741 339
741 733
742 735
742 739
742 746
742 181
742 174
742 339
742 744
742 177
742 336
742 749
743 249
743 253
743 336
743 340
743 663
743 733
743 735
743 736
743 738
743 740
744 738
744 746
744 177
744 749
744 742
744 336
744 733
744 739
744 181
744 250
745 150
745 180
745 327
745 330
745 334
745 747
746 177
746 336
746 250
746 749
746 742
746 339
746 744
746 741
746 340
746 738
747 150
747 180
747 327
747 330
747 334
747 745
748 254
748 162
748 164
748 257
748 151
748 258
748 149
748 160
748 260
748 326
749 340
749 744
749 739
749 250
749 174
749 181
749 336
749 339
749 735
749 742
750 102
750 123
750 208
750 710
750 713
751 120
751 207
751 211
751 753
751 805
752 124
752 279
752 282
752 670
752 672
752 755
753 120
753 207
753 211
753 751
753 805
754 84
754 87
754 91
754 119
754 122
754 179
754 182
754 331
754 673
754 724
755 124
755 279
755 282
755 670
755 672
755 752
756 66
756 144
756 221
756 238
756 402
756 406
756 419
756 422
756 424
757 237
757 241
757 694
757 759
757 762
758 67
758 675
758 677
758 678
758 697
758 699
758 760
758 761
758 764
758 767
759 237
759 241
759 694
759 757
759 762
760 67
760 675
760 677
760 678
760 697
760 699
760 758
760 761
760 764
760 767
761 67
761 675
761 677
761 678
761 697
761 699
761 758
761 760
761 764
761 767
762 237
762 241
762 694
762 757
762 759
763 323
763 685
763 318
763 681
763 62
763 57
763 322
763 765
763 60
763 766
764 67
764 675
764 677
764 678
764 697
764 699
764 758
764 760
764 761
764 767
765 690
765 687
765 64
765 318
765 57
765 63
765 321
765 693
765 681
765 320
766 62
766 63
766 65
766 321
766 679
766 681
766 691
766 693
766 763
766 765
767 67
767 675
767 677
767 678
767 697
767 699
767 758
767 760
767 761
767 764
768 687
768 58
768 685
768 682
768 690
768 318
768 61
768 319
768 59
768 684
769 246
769 686
769 689
769 771
769 774
770 232
770 683
770 676
770 680
770 773
770 701
770 698
770 772
770 779
770 700
771 246
771 686
771 689
771 769
771 774
772 776
772 701
772 55
772 700
772 676
772 680
772 683
772 773
772 770
772 698
773 55
773 772
773 676
773 701
773 779
773 680
773 698
773 770
773 700
773 232
774 246
774 686
774 689
774 769
774 771
775 51
775 101
775 104
775 209
775 212
775 214
775 245
775 248
775 350
775 777
776 701
776 55
776 683
776 232
776 676
776 772
776 700
776 698
776 773
776 680
777 51
777 101
777 104
777 209
777 212
777 214
777 245
777 248
777 350
777 775
778 45
778 48
778 50
778 52
778 53
778 233
778 236
778 349
779 676
779 232
779 55
779 772
779 680
779 700
779 683
779 776
779 698
779 773
780 18
780 26
780 781
780 22
780 35
780 27
780 33
780 32
780 21
780 15
781 21
781 27
781 32
781 33
781 35
781 780
781 783
781 786
782 24
782 28
782 584
782 589
782 591
782 599
782 785
782 802
783 21
783 27
783 32
783 33
783 35
783 780
783 781
783 786
784 788
784 791
784 796
784 800
784 803
785 24
785 28
785 584
785 589
785 591
785 599
785 782
785 802
786 21
786 27
786 32
786 33
786 35
786 780
786 781
786 783
787 30
787 6
787 34
787 23
787 19
787 17
787 20
787 9
787 31
787 11
788 784
788 791
788 796
788 800
788 803
789 20
789 5
789 31
789 6
789 10
789 14
789 23
789 9
789 787
789 34
790 4
790 794
790 797
791 784
791 788
791 796
791 800
791 803
792 7
792 12
792 628
792 399
792 25
792 585
792 586
792 636
792 16
792 588
793 622
793 625
793 627
793 795
793 798
794 4
794 790
794 797
795 622
795 625
795 627
795 793
795 798
796 784
796 788
796 791
796 800
796 803
797 4
797 790
797 794
798 622
798 625
798 627
798 793
798 795
799 582
799 619
799 621
799 801
800 784
800 788
800 791
800 796
800 803
801 582
801 619
801 621
801 799
802 24
802 28
802 584
802 589
802 591
802 599
802 782
802 785
803 784
803 788
803 791
803 796
803 800
804 114
804 117
804 121
804 184
804 808
805 120
805 207
805 211
805 751
805 753
806 210
806 213
806 217
806 285
806 289
806 809
807 185
807 188
807 190
807 288
807 295
807 391
808 114
808 117
808 121
808 184
808 804
809 210
809 213
809 217
809 285
809 289
809 806
