 -0.444677   0.463269  -0.001695
 -0.299944   0.340529   0.146317
 -0.019924   0.355749   0.208237
  0.067121   0.357328   0.068049
  0.074883   0.342200  -0.053811
 -0.034624   0.337628  -0.165916
 -0.184158   0.242338   0.264727
  0.146112   0.328179   0.215863
  0.228795   0.327987   0.070864
  0.216894   0.295547  -0.062684
  0.106156   0.295738  -0.177737
 -0.059757   0.125938   0.396559
  0.301323   0.247383   0.227702
  0.372003   0.260949   0.076698
  0.338596   0.227517  -0.068843
  0.218772   0.239800  -0.186204
  0.075058   0.017171   0.477382
  0.415691   0.152237   0.238960
  0.495244   0.208654   0.081281
  0.431304   0.172362  -0.073550
  0.306512   0.215115  -0.193633
