  0.444767   0.463220  -0.007144
  0.301220   0.335836   0.150302
 -0.019137   0.358476   0.201295
 -0.062961   0.351699   0.069664
 -0.075529   0.328581  -0.046013
  0.025826   0.336687  -0.169968
  0.186381   0.233930   0.276259
 -0.181741   0.318627   0.221956
 -0.230407   0.322029   0.070377
 -0.215187   0.287127  -0.053951
 -0.108903   0.292756  -0.174547
  0.058705   0.124590   0.401535
 -0.317617   0.235459   0.246540
 -0.377589   0.254513   0.075751
 -0.338308   0.227908  -0.058652
 -0.224360   0.234525  -0.176502
 -0.076164   0.017603   0.485402
 -0.423677   0.152759   0.268511
 -0.487901   0.175246   0.083090
 -0.409334   0.149613  -0.057346
 -0.313224   0.199859  -0.178959
