0 4
0 30
0 63
0 67
0 69
0 73
0 798
1 801
1 782
1 803
1 72
1 791
1 775
1 802
1 800
1 779
1 785
2 5
2 7
2 787
3 6
3 10
3 24
3 27
3 31
4 0
4 30
4 63
4 67
4 69
4 73
4 798
5 2
5 7
5 787
6 3
6 10
6 24
6 27
6 31
7 2
7 5
7 787
8 11
8 13
8 769
8 784
8 786
9 12
9 18
9 21
9 25
10 3
10 6
10 24
10 27
10 31
11 8
11 13
11 769
11 784
11 786
12 9
12 18
12 21
12 25
13 8
13 11
13 769
13 784
13 786
14 15
14 19
14 50
14 53
14 766
14 768
14 771
14 796
15 14
15 19
15 50
15 53
15 766
15 768
15 771
15 796
16 49
16 139
16 483
17 20
17 22
17 138
17 142
17 404
18 9
18 12
18 21
18 25
19 14
19 15
19 50
19 53
19 766
19 768
19 771
19 796
20 17
20 22
20 138
20 142
20 404
21 9
21 12
21 18
21 25
22 17
22 20
22 138
22 142
22 404
23 26
23 28
23 398
23 401
23 403
24 3
24 6
24 10
24 27
24 31
25 9
25 12
25 18
25 21
26 23
26 28
26 398
26 401
26 403
27 3
27 6
27 10
27 24
27 31
28 23
28 26
28 398
28 401
28 403
29 32
29 64
29 153
29 156
29 160
29 248
29 251
29 397
29 415
30 0
30 4
30 63
30 67
30 69
30 73
30 798
31 3
31 6
31 10
31 24
31 27
32 29
32 64
32 153
32 156
32 160
32 248
32 251
32 397
32 415
33 37
33 146
33 149
33 151
33 481
34 43
34 229
34 480
35 577
35 596
35 567
35 558
35 45
35 581
35 584
35 57
35 554
35 572
36 39
36 152
36 155
36 157
36 253
37 33
37 146
37 149
37 151
37 481
38 557
38 561
38 567
38 35
38 544
38 548
38 40
38 54
38 45
38 61
39 36
39 152
39 155
39 157
39 253
40 42
40 604
40 572
40 567
40 577
40 575
40 561
40 540
40 45
40 565
41 60
41 254
41 257
41 259
41 295
42 57
42 551
42 558
42 544
42 581
42 575
42 61
42 554
42 584
42 567
43 34
43 229
43 480
44 46
44 228
44 232
44 354
44 357
44 361
45 584
45 586
45 604
45 42
45 581
45 577
45 35
45 565
45 596
45 38
46 44
46 228
46 232
46 354
46 357
46 361
47 76
47 360
47 363
48 52
48 66
48 70
48 236
48 239
48 241
48 484
49 16
49 139
49 483
50 14
50 15
50 19
50 53
50 766
50 768
50 771
50 796
51 71
51 74
51 793
51 795
52 48
52 66
52 70
52 236
52 239
52 241
52 484
53 14
53 15
53 19
53 50
53 766
53 768
53 771
53 796
54 567
54 604
54 557
54 572
54 596
54 75
54 57
54 577
54 581
54 565
55 77
55 308
55 311
55 365
55 487
56 58
56 302
56 305
56 307
57 572
57 584
57 45
57 596
57 567
57 540
57 586
57 548
57 54
57 35
58 56
58 302
58 305
58 307
59 62
59 296
59 299
59 301
60 41
60 254
60 257
60 259
60 295
61 548
61 567
61 584
61 561
61 557
61 54
61 596
61 544
61 40
61 540
62 59
62 296
62 299
62 301
63 0
63 4
63 30
63 67
63 69
63 73
63 798
64 29
64 32
64 153
64 156
64 160
64 248
64 251
64 397
64 415
65 68
65 242
65 245
65 247
66 48
66 52
66 70
66 236
66 239
66 241
66 484
67 0
67 4
67 30
67 63
67 69
67 73
67 798
68 65
68 242
68 245
68 247
69 0
69 4
69 30
69 63
69 67
69 73
69 798
70 48
70 52
70 66
70 236
70 239
70 241
70 484
71 51
71 74
71 793
71 795
72 791
72 800
72 776
72 790
72 779
72 792
72 789
72 1
72 785
72 797
73 0
73 4
73 30
73 63
73 67
73 69
73 798
74 51
74 71
74 793
74 795
75 604
75 40
75 554
75 584
75 581
75 558
75 54
75 586
75 45
75 548
76 47
76 360
76 363
77 55
77 308
77 311
77 365
77 487
78 477
78 451
78 455
78 479
78 387
78 452
78 652
78 79
78 327
78 454
79 78
79 452
79 387
79 479
79 83
79 622
79 720
79 329
79 651
79 454
80 720
80 326
80 386
80 83
80 479
80 327
80 451
80 763
80 324
80 79
81 453
81 620
81 623
81 760
81 762
82 652
82 451
82 327
82 452
82 477
82 78
82 455
82 479
82 79
82 450
83 328
83 80
83 387
83 326
83 327
83 675
83 329
83 389
83 451
83 79
84 88
84 206
84 209
84 211
84 618
84 759
85 628
85 722
85 725
85 761
85 764
86 89
86 91
86 123
86 474
86 625
86 627
86 691
86 748
86 750
87 90
87 94
87 212
87 215
87 805
88 84
88 206
88 209
88 211
88 618
88 759
89 86
89 91
89 123
89 474
89 625
89 627
89 691
89 748
89 750
90 87
90 94
90 212
90 215
90 805
91 86
91 89
91 123
91 474
91 625
91 627
91 691
91 748
91 750
92 95
92 97
92 369
92 688
92 690
93 96
93 100
93 217
93 343
93 806
93 809
94 87
94 90
94 212
94 215
94 805
95 92
95 97
95 369
95 688
95 690
96 93
96 100
96 217
96 343
96 806
96 809
97 92
97 95
97 369
97 688
97 690
98 101
98 272
98 275
98 338
98 341
98 368
98 371
98 432
98 436
98 757
99 218
99 344
99 346
99 223
99 754
99 756
99 347
99 342
99 427
99 667
100 93
100 96
100 217
100 343
100 806
100 809
101 98
101 272
101 275
101 338
101 341
101 368
101 371
101 432
101 436
101 757
102 106
102 349
102 611
102 665
102 668
102 753
103 337
103 671
103 674
103 755
103 758
104 673
104 473
104 334
104 332
104 107
104 289
104 470
104 330
104 113
104 331
105 108
105 110
105 112
105 113
105 285
105 289
105 331
105 609
106 102
106 349
106 611
106 665
106 668
106 753
107 330
107 332
107 470
107 334
107 335
107 285
107 110
107 331
107 113
107 104
108 105
108 110
108 112
108 113
108 285
108 289
108 331
108 609
109 673
109 285
109 107
109 110
109 334
109 470
109 331
109 332
109 335
109 289
110 331
110 702
110 109
110 673
110 350
110 107
110 289
110 335
110 288
110 108
111 289
111 285
111 290
111 469
111 288
111 703
111 702
111 331
111 700
111 610
112 105
112 108
112 110
112 113
112 285
112 289
112 331
112 609
113 332
113 350
113 108
113 610
113 702
113 107
113 673
113 111
113 700
113 335
114 117
114 118
114 120
114 124
114 164
114 167
114 475
114 476
114 624
114 730
115 158
115 161
115 163
115 252
115 256
116 119
116 121
116 255
116 258
116 262
117 114
117 118
117 120
117 124
117 164
117 167
117 475
117 476
117 624
117 730
118 114
118 117
118 120
118 124
118 164
118 167
118 475
118 476
118 624
118 730
119 116
119 121
119 255
119 258
119 262
120 114
120 117
120 118
120 124
120 164
120 167
120 475
120 476
120 624
120 730
121 116
121 119
121 255
121 258
121 262
122 125
122 261
122 264
122 268
122 407
122 751
123 86
123 89
123 91
123 474
123 625
123 627
123 691
123 748
123 750
124 114
124 117
124 118
124 120
124 164
124 167
124 475
124 476
124 624
124 730
125 122
125 261
125 264
125 268
125 407
125 751
126 131
126 410
126 133
126 660
126 320
126 323
126 130
126 413
126 741
126 136
127 406
127 411
127 632
127 634
127 635
127 743
127 745
127 746
127 749
127 752
128 126
128 130
128 131
128 133
128 314
128 317
128 319
128 410
128 413
128 741
129 319
129 137
129 134
129 409
129 315
129 661
129 136
129 135
129 320
129 741
130 413
130 314
130 131
130 410
130 317
130 660
130 320
130 132
130 319
130 126
131 126
131 128
131 130
131 133
131 314
131 317
131 319
131 410
131 413
131 741
132 409
132 661
132 739
132 323
132 130
132 134
132 317
132 738
132 319
132 660
133 126
133 128
133 130
133 131
133 314
133 317
133 319
133 410
133 413
133 741
134 137
134 321
134 323
134 738
134 736
134 661
134 135
134 320
134 132
134 129
135 736
135 739
135 661
135 409
135 134
135 129
135 738
135 320
135 137
135 321
136 319
136 741
136 135
136 314
136 315
136 132
136 318
136 130
136 660
136 317
137 136
137 321
137 134
137 661
137 409
137 132
137 129
137 320
137 135
137 323
138 17
138 20
138 22
138 142
138 404
139 16
139 49
139 483
140 143
140 145
140 230
140 233
140 235
140 482
140 485
141 144
141 148
141 399
141 402
142 17
142 20
142 22
142 138
142 404
143 140
143 145
143 230
143 233
143 235
143 482
143 485
144 141
144 148
144 399
144 402
145 140
145 143
145 230
145 233
145 235
145 482
145 485
146 33
146 37
146 149
146 151
146 481
147 150
147 154
147 396
147 400
148 141
148 144
148 399
148 402
149 33
149 37
149 146
149 151
149 481
150 147
150 154
150 396
150 400
151 33
151 37
151 146
151 149
151 481
152 36
152 39
152 155
152 157
152 253
153 29
153 32
153 64
153 156
153 160
153 248
153 251
153 397
153 415
154 147
154 150
154 396
154 400
155 36
155 39
155 152
155 157
155 253
156 29
156 32
156 64
156 153
156 160
156 248
156 251
156 397
156 415
157 36
157 39
157 152
157 155
157 253
158 115
158 161
158 163
158 252
158 256
159 162
159 166
159 416
159 419
160 29
160 32
160 64
160 153
160 156
160 248
160 251
160 397
160 415
161 115
161 158
161 163
161 252
161 256
162 159
162 166
162 416
162 419
163 115
163 158
163 161
163 252
163 256
164 114
164 117
164 118
164 120
164 124
164 167
164 475
164 476
164 624
164 730
165 417
165 679
165 683
165 686
165 727
165 729
166 159
166 162
166 416
166 419
167 114
167 117
167 118
167 120
167 124
167 164
167 475
167 476
167 624
167 730
168 169
168 172
168 266
168 269
168 271
168 433
168 434
168 437
169 168
169 172
169 266
169 269
169 271
169 433
169 434
169 437
170 173
170 175
170 260
170 263
170 265
170 294
170 298
171 174
171 178
171 339
171 392
171 395
171 435
172 168
172 169
172 266
172 269
172 271
172 433
172 434
172 437
173 170
173 175
173 260
173 263
173 265
173 294
173 298
174 171
174 178
174 339
174 392
174 395
174 435
175 170
175 173
175 260
175 263
175 265
175 294
175 298
176 179
176 181
176 297
176 300
176 304
176 440
176 443
177 180
177 182
177 184
177 185
177 187
177 293
177 393
177 439
178 171
178 174
178 339
178 392
178 395
178 435
179 176
179 181
179 297
179 300
179 304
179 440
179 443
180 177
180 182
180 184
180 185
180 187
180 293
180 393
180 439
181 176
181 179
181 297
181 300
181 304
181 440
181 443
182 177
182 180
182 184
182 185
182 187
182 293
182 393
182 439
183 186
183 190
183 291
183 345
183 428
183 431
183 664
183 666
183 693
183 715
184 177
184 180
184 182
184 185
184 187
184 293
184 393
184 439
185 177
185 180
185 182
185 184
185 187
185 293
185 393
185 439
186 183
186 190
186 291
186 345
186 428
186 431
186 664
186 666
186 693
186 715
187 177
187 180
187 182
187 184
187 185
187 293
187 393
187 439
188 191
188 193
188 438
188 442
188 447
189 612
189 615
189 711
189 706
189 198
189 608
189 196
189 192
189 202
189 613
190 183
190 186
190 291
190 345
190 428
190 431
190 664
190 666
190 693
190 715
191 188
191 193
191 438
191 442
191 447
192 612
192 615
192 195
192 711
192 189
192 713
192 196
192 716
192 613
192 608
193 188
193 191
193 438
193 442
193 447
194 197
194 199
194 446
194 449
195 465
195 192
195 615
195 198
195 613
195 202
195 707
195 277
195 709
195 189
196 709
196 615
196 716
196 706
196 192
196 708
196 195
196 189
196 713
196 711
197 194
197 199
197 446
197 449
198 710
198 716
198 192
198 617
198 612
198 709
198 189
198 196
198 614
198 713
199 194
199 197
199 446
199 449
200 203
200 225
200 309
200 423
200 445
200 486
200 717
201 381
201 462
201 466
201 616
201 638
201 719
202 195
202 617
202 277
202 707
202 716
202 198
202 192
202 613
202 614
202 710
203 200
203 225
203 309
203 423
203 445
203 486
203 717
204 208
204 249
204 414
204 418
204 685
205 619
205 621
205 655
205 682
205 684
206 84
206 88
206 209
206 211
206 618
206 759
207 210
207 214
207 243
207 246
207 250
208 204
208 249
208 414
208 418
208 685
209 84
209 88
209 206
209 211
209 618
209 759
210 207
210 214
210 243
210 246
210 250
211 84
211 88
211 206
211 209
211 618
211 759
212 87
212 90
212 94
212 215
212 805
213 237
213 240
213 244
213 352
213 804
213 808
214 207
214 210
214 243
214 246
214 250
215 87
215 90
215 94
215 212
215 805
216 220
216 353
216 356
216 358
216 421
216 807
217 93
217 96
217 100
217 343
217 806
217 809
218 221
218 342
218 754
218 99
218 346
218 427
218 344
218 756
218 667
218 347
219 718
219 425
219 224
219 430
219 227
219 222
219 422
219 226
219 426
219 639
220 216
220 353
220 356
220 358
220 421
220 807
221 754
221 756
221 667
221 342
221 344
221 427
221 223
221 218
221 347
221 346
222 422
222 426
222 227
222 219
222 430
222 639
222 425
222 224
222 636
222 226
223 427
223 221
223 756
223 218
223 344
223 754
223 99
223 347
223 342
223 667
224 636
224 222
224 219
224 430
224 422
224 227
224 226
224 426
224 718
224 425
225 200
225 203
225 309
225 423
225 445
225 486
225 717
226 426
226 425
226 219
226 636
226 430
226 222
226 227
226 224
226 639
226 718
227 639
227 222
227 430
227 636
227 718
227 226
227 224
227 219
227 425
227 426
228 44
228 46
228 232
228 354
228 357
228 361
229 34
229 43
229 480
230 140
230 143
230 145
230 233
230 235
230 482
230 485
231 234
231 238
231 351
231 355
232 44
232 46
232 228
232 354
232 357
232 361
233 140
233 143
233 145
233 230
233 235
233 482
233 485
234 231
234 238
234 351
234 355
235 140
235 143
235 145
235 230
235 233
235 482
235 485
236 48
236 52
236 66
236 70
236 239
236 241
236 484
237 213
237 240
237 244
237 352
237 804
237 808
238 231
238 234
238 351
238 355
239 48
239 52
239 66
239 70
239 236
239 241
239 484
240 213
240 237
240 244
240 352
240 804
240 808
241 48
241 52
241 66
241 70
241 236
241 239
241 484
242 65
242 68
242 245
242 247
243 207
243 210
243 214
243 246
243 250
244 213
244 237
244 240
244 352
244 804
244 808
245 65
245 68
245 242
245 247
246 207
246 210
246 214
246 243
246 250
247 65
247 68
247 242
247 245
248 29
248 32
248 64
248 153
248 156
248 160
248 251
248 397
248 415
249 204
249 208
249 414
249 418
249 685
250 207
250 210
250 214
250 243
250 246
251 29
251 32
251 64
251 153
251 156
251 160
251 248
251 397
251 415
252 115
252 158
252 161
252 163
252 256
253 36
253 39
253 152
253 155
253 157
254 41
254 60
254 257
254 259
254 295
255 116
255 119
255 121
255 258
255 262
256 115
256 158
256 161
256 163
256 252
257 41
257 60
257 254
257 259
257 295
258 116
258 119
258 121
258 255
258 262
259 41
259 60
259 254
259 257
259 295
260 170
260 173
260 175
260 263
260 265
260 294
260 298
261 122
261 125
261 264
261 268
261 407
261 751
262 116
262 119
262 121
262 255
262 258
263 170
263 173
263 175
263 260
263 265
263 294
263 298
264 122
264 125
264 261
264 268
264 407
264 751
265 170
265 173
265 175
265 260
265 263
265 294
265 298
266 168
266 169
266 172
266 269
266 271
266 433
266 434
266 437
267 630
267 659
267 735
267 734
267 270
267 732
267 405
267 662
267 274
267 273
268 122
268 125
268 261
268 264
268 407
268 751
269 168
269 169
269 172
269 266
269 271
269 433
269 434
269 437
270 734
270 659
270 267
270 662
270 367
270 274
270 630
270 405
270 735
270 273
271 168
271 169
271 172
271 266
271 269
271 433
271 434
271 437
272 98
272 101
272 275
272 338
272 341
272 368
272 371
272 432
272 436
272 757
273 662
273 735
273 732
273 405
273 270
273 274
273 659
273 267
273 630
273 367
274 734
274 267
274 659
274 367
274 630
274 273
274 270
274 405
274 732
274 735
275 98
275 101
275 272
275 338
275 341
275 368
275 371
275 432
275 436
275 757
276 456
276 464
276 281
276 376
276 457
276 460
276 458
276 278
276 705
276 606
277 195
277 198
277 202
277 465
277 613
277 614
277 615
277 617
277 707
277 710
278 705
278 279
278 374
278 284
278 461
278 606
278 383
278 456
278 379
278 373
279 374
279 461
279 456
279 376
279 464
279 457
279 458
279 705
279 278
279 490
280 283
280 456
280 281
280 705
280 643
280 467
280 372
280 276
280 279
280 458
281 464
281 491
281 460
281 374
281 380
281 282
281 705
281 606
281 276
281 283
282 606
282 372
282 278
282 279
282 377
282 280
282 379
282 276
282 457
282 373
283 460
283 463
283 373
283 461
283 705
283 278
283 380
283 372
283 282
283 376
284 463
284 278
284 281
284 491
284 379
284 467
284 380
284 374
284 283
284 464
285 107
285 332
285 610
285 105
285 104
285 289
285 700
285 111
285 113
285 609
286 104
286 107
286 109
286 330
286 332
286 334
286 335
286 470
286 473
286 673
287 111
287 288
287 290
287 350
287 469
287 610
287 700
287 702
287 703
288 285
288 703
288 287
288 331
288 469
288 700
288 350
288 113
288 289
288 290
289 105
289 110
289 702
289 112
289 109
289 111
289 335
289 288
289 350
289 609
290 111
290 287
290 288
290 350
290 469
290 610
290 700
290 702
290 703
291 183
291 186
291 190
291 345
291 428
291 431
291 664
291 666
291 693
291 715
292 390
292 394
292 645
292 695
292 698
293 177
293 180
293 182
293 184
293 185
293 187
293 393
293 439
294 170
294 173
294 175
294 260
294 263
294 265
294 298
295 41
295 60
295 254
295 257
295 259
296 59
296 62
296 299
296 301
297 176
297 179
297 181
297 300
297 304
297 440
297 443
298 170
298 173
298 175
298 260
298 263
298 265
298 294
299 59
299 62
299 296
299 301
300 176
300 179
300 181
300 297
300 304
300 440
300 443
301 59
301 62
301 296
301 299
302 56
302 58
302 305
302 307
303 306
303 310
303 441
303 444
303 448
304 176
304 179
304 181
304 297
304 300
304 440
304 443
305 56
305 58
305 302
305 307
306 303
306 310
306 441
306 444
306 448
307 56
307 58
307 302
307 305
308 55
308 77
308 311
308 365
308 487
309 200
309 203
309 225
309 423
309 445
309 486
309 717
310 303
310 306
310 441
310 444
310 448
311 55
311 77
311 308
311 365
311 487
312 316
312 366
312 370
312 657
312 687
313 689
313 692
313 742
313 744
313 747
314 126
314 413
314 320
314 323
314 133
314 317
314 315
314 132
314 322
314 129
315 658
315 314
315 660
315 741
315 320
315 130
315 319
315 317
315 132
315 323
316 312
316 366
316 370
316 657
316 687
317 320
317 323
317 318
317 314
317 658
317 132
317 322
317 133
317 129
317 126
318 741
318 129
318 317
318 132
318 320
318 314
318 658
318 323
318 660
318 130
319 658
319 133
319 126
319 322
319 315
319 130
319 323
319 136
319 317
319 132
320 660
320 322
320 314
320 661
320 318
320 736
320 129
320 741
320 321
320 319
321 134
321 129
321 132
321 736
321 136
321 135
321 738
321 739
321 137
321 323
322 132
322 314
322 318
322 129
322 319
322 741
322 320
322 136
322 317
322 130
323 736
323 661
323 135
323 738
323 137
323 319
323 130
323 321
323 658
323 318
324 80
324 83
324 326
324 328
324 329
324 386
324 389
324 675
324 720
324 763
325 626
325 629
325 677
325 680
325 721
325 723
325 724
325 726
325 728
325 731
326 327
326 389
326 83
326 479
326 386
326 79
326 324
326 387
326 720
326 451
327 384
327 455
327 654
327 478
327 80
327 79
327 763
327 82
327 329
327 83
328 80
328 83
328 324
328 326
328 329
328 386
328 389
328 675
328 720
328 763
329 80
329 479
329 720
329 451
329 326
329 675
329 386
329 83
329 79
329 763
330 104
330 107
330 109
330 286
330 332
330 334
330 335
330 470
330 473
330 673
331 350
331 700
331 702
331 105
331 104
331 335
331 285
331 289
331 288
331 110
332 104
332 109
332 331
332 470
332 289
332 334
332 673
332 286
332 113
332 335
333 336
333 340
333 391
333 471
333 647
333 649
333 650
333 669
333 670
333 672
334 104
334 107
334 109
334 286
334 330
334 332
334 335
334 470
334 473
334 673
335 289
335 286
335 113
335 473
335 332
335 331
335 109
335 330
335 107
335 334
336 333
336 340
336 391
336 471
336 647
336 649
336 650
336 669
336 670
336 672
337 103
337 671
337 674
337 755
337 758
338 98
338 101
338 272
338 275
338 341
338 368
338 371
338 432
338 436
338 757
339 171
339 174
339 178
339 392
339 395
339 435
340 333
340 336
340 391
340 471
340 647
340 649
340 650
340 669
340 670
340 672
341 98
341 101
341 272
341 275
341 338
341 368
341 371
341 432
341 436
341 757
342 754
342 756
342 347
342 346
342 667
342 218
342 344
342 221
342 99
342 427
343 93
343 96
343 100
343 217
343 806
343 809
344 221
344 342
344 346
344 756
344 347
344 223
344 754
344 99
344 667
344 218
345 183
345 186
345 190
345 291
345 428
345 431
345 664
345 666
345 693
345 715
346 99
346 347
346 342
346 344
346 223
346 221
346 218
346 427
346 754
346 756
347 756
347 344
347 346
347 218
347 99
347 223
347 667
347 427
347 754
347 342
348 663
348 694
348 696
348 699
349 102
349 106
349 611
349 665
349 668
349 753
350 287
350 285
350 700
350 703
350 702
350 469
350 111
350 331
350 288
350 113
351 231
351 234
351 238
351 355
352 213
352 237
352 240
352 244
352 804
352 808
353 216
353 220
353 356
353 358
353 421
353 807
354 44
354 46
354 228
354 232
354 357
354 361
355 231
355 234
355 238
355 351
356 216
356 220
356 353
356 358
356 421
356 807
357 44
357 46
357 228
357 232
357 354
357 361
358 216
358 220
358 353
358 356
358 421
358 807
359 362
359 364
359 420
359 424
359 488
360 47
360 76
360 363
361 44
361 46
361 228
361 232
361 354
361 357
362 359
362 364
362 420
362 424
362 488
363 47
363 76
363 360
364 359
364 362
364 420
364 424
364 488
365 55
365 77
365 308
365 311
365 487
366 312
366 316
366 370
366 657
366 687
367 732
367 735
367 659
367 267
367 734
367 405
367 630
367 662
367 274
367 273
368 98
368 101
368 272
368 275
368 338
368 341
368 371
368 432
368 436
368 757
369 92
369 95
369 97
369 688
369 690
370 312
370 316
370 366
370 657
370 687
371 98
371 101
371 272
371 275
371 338
371 341
371 368
371 432
371 436
371 757
372 461
372 280
372 467
372 490
372 282
372 373
372 283
372 278
372 276
372 458
373 379
373 278
373 458
373 705
373 464
373 377
373 461
373 643
373 282
373 489
374 491
374 457
374 380
374 489
374 282
374 279
374 373
374 490
374 377
374 463
375 378
375 382
375 637
375 641
375 644
376 280
376 606
376 373
376 460
376 282
376 276
376 372
376 457
376 490
376 705
377 284
377 279
377 490
377 489
377 464
377 463
377 491
377 373
377 379
377 467
378 375
378 382
378 637
378 641
378 644
379 490
379 467
379 489
379 380
379 377
379 282
379 283
379 463
379 464
379 491
380 283
380 489
380 379
380 374
380 464
380 491
380 284
380 281
380 463
380 383
381 201
381 462
381 466
381 616
381 638
381 719
382 375
382 378
382 637
382 641
382 644
383 464
383 491
383 463
383 284
383 467
383 489
383 380
383 281
383 377
383 374
384 651
384 454
384 477
384 327
384 450
384 622
384 479
384 478
384 451
384 387
385 653
385 656
385 676
385 678
385 681
386 80
386 83
386 324
386 326
386 328
386 329
386 389
386 675
386 720
386 763
387 388
387 455
387 720
387 454
387 477
387 327
387 450
387 384
387 651
387 78
388 79
388 387
388 477
388 454
388 451
388 384
388 450
388 327
388 622
388 478
389 80
389 83
389 324
389 326
389 328
389 329
389 386
389 675
389 720
389 763
390 292
390 394
390 645
390 695
390 698
391 333
391 336
391 340
391 471
391 647
391 649
391 650
391 669
391 670
391 672
392 171
392 174
392 178
392 339
392 395
392 435
393 177
393 180
393 182
393 184
393 185
393 187
393 293
393 439
394 292
394 390
394 645
394 695
394 698
395 171
395 174
395 178
395 339
395 392
395 435
396 147
396 150
396 154
396 400
397 29
397 32
397 64
397 153
397 156
397 160
397 248
397 251
397 415
398 23
398 26
398 28
398 401
398 403
399 141
399 144
399 148
399 402
400 147
400 150
400 154
400 396
401 23
401 26
401 28
401 398
401 403
402 141
402 144
402 148
402 399
403 23
403 26
403 28
403 398
403 401
404 17
404 20
404 22
404 138
404 142
405 630
405 662
405 273
405 267
405 270
405 274
405 735
405 734
405 732
405 659
406 127
406 411
406 632
406 634
406 635
406 743
406 745
406 746
406 749
406 752
407 122
407 125
407 261
407 264
407 268
407 751
408 412
408 631
408 633
408 733
408 737
408 740
409 132
409 736
409 136
409 321
409 320
409 739
409 661
409 323
409 738
409 135
410 126
410 128
410 130
410 131
410 133
410 314
410 317
410 319
410 413
410 741
411 127
411 406
411 632
411 634
411 635
411 743
411 745
411 746
411 749
411 752
412 408
412 631
412 633
412 733
412 737
412 740
413 126
413 128
413 130
413 131
413 133
413 314
413 317
413 319
413 410
413 741
414 204
414 208
414 249
414 418
414 685
415 29
415 32
415 64
415 153
415 156
415 160
415 248
415 251
415 397
416 159
416 162
416 166
416 419
417 165
417 679
417 683
417 686
417 727
417 729
418 204
418 208
418 249
418 414
418 685
419 159
419 162
419 166
419 416
420 359
420 362
420 364
420 424
420 488
421 216
421 220
421 353
421 356
421 358
421 807
422 430
422 718
422 224
422 219
422 226
422 222
422 639
422 227
422 425
422 636
423 200
423 203
423 225
423 309
423 445
423 486
423 717
424 359
424 362
424 364
424 420
424 488
425 636
425 430
425 227
425 224
425 718
425 226
425 426
425 422
425 219
425 222
426 226
426 224
426 636
426 718
426 425
426 430
426 639
426 219
426 227
426 422
427 346
427 99
427 218
427 756
427 344
427 342
427 667
427 347
427 221
427 223
428 183
428 186
428 190
428 291
428 345
428 431
428 664
428 666
428 693
428 715
429 459
429 607
429 640
429 642
429 712
429 714
430 222
430 219
430 718
430 224
430 636
430 639
430 426
430 422
430 226
430 425
431 183
431 186
431 190
431 291
431 345
431 428
431 664
431 666
431 693
431 715
432 98
432 101
432 272
432 275
432 338
432 341
432 368
432 371
432 436
432 757
433 168
433 169
433 172
433 266
433 269
433 271
433 434
433 437
434 168
434 169
434 172
434 266
434 269
434 271
434 433
434 437
435 171
435 174
435 178
435 339
435 392
435 395
436 98
436 101
436 272
436 275
436 338
436 341
436 368
436 371
436 432
436 757
437 168
437 169
437 172
437 266
437 269
437 271
437 433
437 434
438 188
438 191
438 193
438 442
438 447
439 177
439 180
439 182
439 184
439 185
439 187
439 293
439 393
440 176
440 179
440 181
440 297
440 300
440 304
440 443
441 303
441 306
441 310
441 444
441 448
442 188
442 191
442 193
442 438
442 447
443 176
443 179
443 181
443 297
443 300
443 304
443 440
444 303
444 306
444 310
444 441
444 448
445 200
445 203
445 225
445 309
445 423
445 486
445 717
446 194
446 197
446 199
446 449
447 188
447 191
447 193
447 438
447 442
448 303
448 306
448 310
448 441
448 444
449 194
449 197
449 199
449 446
450 327
450 78
450 477
450 384
450 654
450 451
450 651
450 479
450 478
450 82
451 78
451 652
451 82
451 387
451 326
451 477
451 79
451 763
451 80
451 478
452 654
452 450
452 455
452 79
452 78
452 454
452 477
452 652
452 451
452 82
453 81
453 620
453 623
453 760
453 762
454 652
454 79
454 78
454 384
454 452
454 387
454 477
454 478
454 450
454 388
455 451
455 78
455 479
455 654
455 79
455 652
455 454
455 387
455 82
455 622
456 373
456 490
456 279
456 467
456 376
456 281
456 460
456 276
456 461
456 372
457 376
457 489
457 456
457 379
457 460
457 279
457 705
457 464
457 374
457 281
458 456
458 278
458 372
458 282
458 460
458 376
458 457
458 283
458 606
458 464
459 429
459 607
459 640
459 642
459 712
459 714
460 280
460 456
460 281
460 278
460 279
460 461
460 276
460 643
460 705
460 376
461 467
461 490
461 279
461 643
461 464
461 373
461 460
461 458
461 276
461 282
462 201
462 381
462 466
462 616
462 638
462 719
463 278
463 281
463 380
463 379
463 491
463 284
463 467
463 283
463 374
463 489
464 372
464 491
464 374
464 461
464 383
464 278
464 280
464 282
464 284
464 379
465 195
465 198
465 202
465 277
465 613
465 614
465 615
465 617
465 707
465 710
466 201
466 381
466 462
466 616
466 638
466 719
467 643
467 279
467 281
467 460
467 383
467 464
467 376
467 373
467 284
467 283
468 472
468 646
468 648
468 697
468 701
468 704
469 111
469 287
469 288
469 290
469 350
469 610
469 700
469 702
469 703
470 104
470 107
470 109
470 286
470 330
470 332
470 334
470 335
470 473
470 673
471 333
471 336
471 340
471 391
471 647
471 649
471 650
471 669
471 670
471 672
472 468
472 646
472 648
472 697
472 701
472 704
473 104
473 107
473 109
473 286
473 330
473 332
473 334
473 335
473 470
473 673
474 86
474 89
474 91
474 123
474 625
474 627
474 691
474 748
474 750
475 114
475 117
475 118
475 120
475 124
475 164
475 167
475 476
475 624
475 730
476 114
476 117
476 118
476 120
476 124
476 164
476 167
476 475
476 624
476 730
477 654
477 327
477 479
477 451
477 82
477 384
477 79
477 387
477 478
477 388
478 388
478 479
478 450
478 454
478 651
478 622
478 384
478 477
478 451
478 327
479 326
479 478
479 477
479 329
479 327
479 455
479 720
479 80
479 79
479 387
480 34
480 43
480 229
481 33
481 37
481 146
481 149
481 151
482 140
482 143
482 145
482 230
482 233
482 235
482 485
483 16
483 49
483 139
484 48
484 52
484 66
484 70
484 236
484 239
484 241
485 140
485 143
485 145
485 230
485 233
485 235
485 482
486 200
486 203
486 225
486 309
486 423
486 445
486 717
487 55
487 77
487 308
487 311
487 365
488 359
488 362
488 364
488 420
488 424
489 379
489 464
489 463
489 467
489 374
489 281
489 279
489 380
489 283
489 383
490 464
490 467
490 705
490 372
490 643
490 489
490 373
490 279
490 457
490 460
491 467
491 463
491 281
491 278
491 374
491 383
491 283
491 284
491 380
491 489
492 496
492 541
492 588
492 592
492 600
492 603
493 536
493 539
493 582
493 585
493 602
494 497
494 499
494 587
494 595
495 498
495 502
495 542
495 559
496 492
496 541
496 588
496 592
496 600
496 603
497 494
497 499
497 587
497 595
498 495
498 502
498 542
498 559
499 494
499 497
499 587
499 595
500 503
500 505
500 594
500 598
501 504
501 508
501 560
501 562
502 495
502 498
502 542
502 559
503 500
503 505
503 594
503 598
504 501
504 508
504 560
504 562
505 500
505 503
505 594
505 598
506 509
506 511
506 571
506 597
507 510
507 514
507 563
507 566
508 501
508 504
508 560
508 562
509 506
509 511
509 571
509 597
510 507
510 514
510 563
510 566
511 506
511 509
511 571
511 597
512 515
512 517
512 570
512 574
513 516
513 520
513 552
513 564
514 507
514 510
514 563
514 566
515 512
515 517
515 570
515 574
516 513
516 520
516 552
516 564
517 512
517 515
517 570
517 574
518 521
518 523
518 573
518 576
519 522
519 526
519 549
519 553
520 513
520 516
520 552
520 564
521 518
521 523
521 573
521 576
522 519
522 526
522 549
522 553
523 518
523 521
523 573
523 576
524 527
524 529
524 578
524 580
525 528
525 532
525 546
525 550
526 519
526 522
526 549
526 553
527 524
527 529
527 578
527 580
528 525
528 532
528 546
528 550
529 524
529 527
529 578
529 580
530 533
530 535
530 579
530 583
531 534
531 538
531 547
531 555
532 525
532 528
532 546
532 550
533 530
533 535
533 579
533 583
534 531
534 538
534 547
534 555
535 530
535 533
535 579
535 583
536 493
536 539
536 582
536 585
536 602
537 545
537 556
537 591
537 601
538 531
538 534
538 547
538 555
539 493
539 536
539 582
539 585
539 602
540 586
540 565
540 548
540 42
540 45
540 577
540 596
540 40
540 551
540 38
541 492
541 496
541 588
541 592
541 600
541 603
542 495
542 498
542 502
542 559
543 568
543 590
543 593
544 57
544 557
544 45
544 558
544 604
544 75
544 548
544 586
544 551
544 567
545 537
545 556
545 591
545 601
546 525
546 528
546 532
546 550
547 531
547 534
547 538
547 555
548 45
548 599
548 544
548 38
548 551
548 567
548 565
548 61
548 584
548 604
549 519
549 522
549 526
549 553
550 525
550 528
550 532
550 546
551 558
551 40
551 557
551 554
551 567
551 38
551 544
551 572
551 586
551 75
552 513
552 516
552 520
552 564
553 519
553 522
553 526
553 549
554 45
554 596
554 551
554 577
554 57
554 544
554 61
554 584
554 35
554 604
555 531
555 534
555 538
555 547
556 537
556 545
556 591
556 601
557 558
557 551
557 61
557 586
557 57
557 567
557 540
557 565
557 599
557 575
558 567
558 599
558 577
558 554
558 572
558 548
558 45
558 561
558 40
558 604
559 495
559 498
559 502
559 542
560 501
560 504
560 508
560 562
561 586
561 554
561 575
561 38
561 572
561 551
561 565
561 54
561 581
561 567
562 501
562 504
562 508
562 560
563 507
563 510
563 514
563 566
564 513
564 516
564 520
564 552
565 548
565 572
565 577
565 45
565 42
565 581
565 558
565 575
565 554
565 586
566 507
566 510
566 514
566 563
567 557
567 544
567 42
567 599
567 575
567 45
567 584
567 604
567 581
567 596
568 543
568 590
568 593
569 589
569 605
570 512
570 515
570 517
570 574
571 506
571 509
571 511
571 597
572 551
572 581
572 565
572 548
572 40
572 57
572 586
572 604
572 596
572 42
573 518
573 521
573 523
573 576
574 512
574 515
574 517
574 570
575 584
575 561
575 599
575 565
575 596
575 558
575 581
575 604
575 57
575 548
576 518
576 521
576 523
576 573
577 567
577 565
577 572
577 75
577 599
577 544
577 38
577 581
577 61
577 558
578 524
578 527
578 529
578 580
579 530
579 533
579 535
579 583
580 524
580 527
580 529
580 578
581 567
581 586
581 604
581 561
581 554
581 565
581 35
581 548
581 42
581 57
582 493
582 536
582 539
582 585
582 602
583 530
583 533
583 535
583 579
584 40
584 45
584 551
584 54
584 38
584 35
584 561
584 554
584 544
584 586
585 493
585 536
585 539
585 582
585 602
586 558
586 57
586 40
586 61
586 567
586 596
586 548
586 54
586 581
586 572
587 494
587 497
587 499
587 595
588 492
588 496
588 541
588 592
588 600
588 603
589 569
589 605
590 543
590 568
590 593
591 537
591 545
591 556
591 601
592 492
592 496
592 541
592 588
592 600
592 603
593 543
593 568
593 590
594 500
594 503
594 505
594 598
595 494
595 497
595 499
595 587
596 581
596 599
596 561
596 572
596 565
596 554
596 45
596 577
596 38
596 540
597 506
597 509
597 511
597 571
598 500
598 503
598 505
598 594
599 54
599 42
599 596
599 567
599 75
599 554
599 557
599 572
599 604
599 38
600 492
600 496
600 541
600 588
600 592
600 603
601 537
601 545
601 556
601 591
602 493
602 536
602 539
602 582
602 585
603 492
603 496
603 541
603 588
603 592
603 600
604 57
604 544
604 551
604 577
604 558
604 548
604 565
604 75
604 45
604 567
605 569
605 589
606 490
606 279
606 457
606 372
606 461
606 373
606 281
606 282
606 460
606 464
607 429
607 459
607 640
607 642
607 712
607 714
608 189
608 192
608 196
608 612
608 706
608 708
608 709
608 711
608 713
608 716
609 105
609 108
609 110
609 112
609 113
609 285
609 289
609 331
610 111
610 290
610 350
610 288
610 703
610 287
610 700
610 469
610 110
610 285
611 102
611 106
611 349
611 665
611 668
611 753
612 708
612 608
612 195
612 196
612 615
612 713
612 709
612 202
612 198
612 706
613 192
613 710
613 716
613 612
613 709
613 196
613 614
613 202
613 713
613 195
614 195
614 198
614 202
614 277
614 465
614 613
614 615
614 617
614 707
614 710
615 707
615 195
615 612
615 202
615 198
615 189
615 613
615 716
615 196
615 614
616 201
616 381
616 462
616 466
616 638
616 719
617 195
617 198
617 202
617 277
617 465
617 613
617 614
617 615
617 707
617 710
618 84
618 88
618 206
618 209
618 211
618 759
619 205
619 621
619 655
619 682
619 684
620 81
620 453
620 623
620 760
620 762
621 205
621 619
621 655
621 682
621 684
622 652
622 388
622 82
622 478
622 387
622 450
622 455
622 454
622 384
622 651
623 81
623 453
623 620
623 760
623 762
624 114
624 117
624 118
624 120
624 124
624 164
624 167
624 475
624 476
624 730
625 86
625 89
625 91
625 123
625 474
625 627
625 691
625 748
625 750
626 325
626 629
626 677
626 680
626 721
626 723
626 724
626 726
626 728
626 731
627 86
627 89
627 91
627 123
627 474
627 625
627 691
627 748
627 750
628 85
628 722
628 725
628 761
628 764
629 325
629 626
629 677
629 680
629 721
629 723
629 724
629 726
629 728
629 731
630 734
630 735
630 270
630 732
630 274
630 659
630 405
630 662
630 267
630 273
631 408
631 412
631 633
631 733
631 737
631 740
632 127
632 406
632 411
632 634
632 635
632 743
632 745
632 746
632 749
632 752
633 408
633 412
633 631
633 733
633 737
633 740
634 127
634 406
634 411
634 632
634 635
634 743
634 745
634 746
634 749
634 752
635 127
635 406
635 411
635 632
635 634
635 743
635 745
635 746
635 749
635 752
636 227
636 422
636 426
636 222
636 226
636 639
636 219
636 430
636 224
636 425
637 375
637 378
637 382
637 641
637 644
638 201
638 381
638 462
638 466
638 616
638 719
639 219
639 636
639 224
639 430
639 226
639 426
639 718
639 425
639 222
639 227
640 429
640 459
640 607
640 642
640 712
640 714
641 375
641 378
641 382
641 637
641 644
642 429
642 459
642 607
642 640
642 712
642 714
643 280
643 281
643 376
643 606
643 283
643 373
643 457
643 490
643 464
643 461
644 375
644 378
644 382
644 637
644 641
645 292
645 390
645 394
645 695
645 698
646 468
646 472
646 648
646 697
646 701
646 704
647 333
647 336
647 340
647 391
647 471
647 649
647 650
647 669
647 670
647 672
648 468
648 472
648 646
648 697
648 701
648 704
649 333
649 336
649 340
649 391
649 471
649 647
649 650
649 669
649 670
649 672
650 333
650 336
650 340
650 391
650 471
650 647
650 649
650 669
650 670
650 672
651 327
651 79
651 479
651 450
651 652
651 454
651 451
651 384
651 477
651 654
652 455
652 478
652 79
652 452
652 451
652 384
652 327
652 622
652 78
652 387
653 385
653 656
653 676
653 678
653 681
654 452
654 455
654 652
654 622
654 477
654 79
654 479
654 82
654 387
654 327
655 205
655 619
655 621
655 682
655 684
656 385
656 653
656 676
656 678
656 681
657 312
657 316
657 366
657 370
657 687
658 317
658 132
658 315
658 319
658 314
658 129
658 741
658 318
658 130
658 323
659 267
659 270
659 274
659 732
659 273
659 405
659 734
659 630
659 735
659 367
660 129
660 323
660 318
660 130
660 741
660 319
660 132
660 126
660 317
660 315
661 738
661 409
661 134
661 132
661 135
661 137
661 129
661 739
661 136
661 321
662 734
662 732
662 273
662 270
662 630
662 274
662 267
662 659
662 367
662 735
663 348
663 694
663 696
663 699
664 183
664 186
664 190
664 291
664 345
664 428
664 431
664 666
664 693
664 715
665 102
665 106
665 349
665 611
665 668
665 753
666 183
666 186
666 190
666 291
666 345
666 428
666 431
666 664
666 693
666 715
667 223
667 218
667 346
667 221
667 754
667 344
667 756
667 347
667 342
667 99
668 102
668 106
668 349
668 611
668 665
668 753
669 333
669 336
669 340
669 391
669 471
669 647
669 649
669 650
669 670
669 672
670 333
670 336
670 340
670 391
670 471
670 647
670 649
670 650
670 669
670 672
671 103
671 337
671 674
671 755
671 758
672 333
672 336
672 340
672 391
672 471
672 647
672 649
672 650
672 669
672 670
673 331
673 335
673 330
673 286
673 113
673 473
673 285
673 289
673 332
673 334
674 103
674 337
674 671
674 755
674 758
675 80
675 83
675 324
675 326
675 328
675 329
675 386
675 389
675 720
675 763
676 385
676 653
676 656
676 678
676 681
677 325
677 626
677 629
677 680
677 721
677 723
677 724
677 726
677 728
677 731
678 385
678 653
678 656
678 676
678 681
679 165
679 417
679 683
679 686
679 727
679 729
680 325
680 626
680 629
680 677
680 721
680 723
680 724
680 726
680 728
680 731
681 385
681 653
681 656
681 676
681 678
682 205
682 619
682 621
682 655
682 684
683 165
683 417
683 679
683 686
683 727
683 729
684 205
684 619
684 621
684 655
684 682
685 204
685 208
685 249
685 414
685 418
686 165
686 417
686 679
686 683
686 727
686 729
687 312
687 316
687 366
687 370
687 657
688 92
688 95
688 97
688 369
688 690
689 313
689 692
689 742
689 744
689 747
690 92
690 95
690 97
690 369
690 688
691 86
691 89
691 91
691 123
691 474
691 625
691 627
691 748
691 750
692 313
692 689
692 742
692 744
692 747
693 183
693 186
693 190
693 291
693 345
693 428
693 431
693 664
693 666
693 715
694 348
694 663
694 696
694 699
695 292
695 390
695 394
695 645
695 698
696 348
696 663
696 694
696 699
697 468
697 472
697 646
697 648
697 701
697 704
698 292
698 390
698 394
698 645
698 695
699 348
699 663
699 694
699 696
700 110
700 290
700 111
700 350
700 469
700 113
700 703
700 702
700 288
700 610
701 468
701 472
701 646
701 648
701 697
701 704
702 703
702 288
702 350
702 285
702 331
702 289
702 469
702 287
702 700
702 290
703 111
703 287
703 288
703 290
703 350
703 469
703 610
703 700
703 702
704 468
704 472
704 646
704 648
704 697
704 701
705 643
705 490
705 461
705 460
705 606
705 457
705 280
705 372
705 282
705 276
706 189
706 192
706 196
706 608
706 612
706 708
706 709
706 711
706 713
706 716
707 195
707 198
707 202
707 277
707 465
707 613
707 614
707 615
707 617
707 710
708 189
708 192
708 196
708 608
708 612
708 706
708 709
708 711
708 713
708 716
709 196
709 195
709 608
709 713
709 716
709 189
709 612
709 202
709 192
709 198
710 195
710 198
710 202
710 277
710 465
710 613
710 614
710 615
710 617
710 707
711 189
711 192
711 196
711 608
711 612
711 706
711 708
711 709
711 713
711 716
712 429
712 459
712 607
712 640
712 642
712 714
713 716
713 613
713 608
713 195
713 192
713 709
713 706
713 189
713 615
713 198
714 429
714 459
714 607
714 640
714 642
714 712
715 183
715 186
715 190
715 291
715 345
715 428
715 431
715 664
715 666
715 693
716 709
716 713
716 613
716 192
716 612
716 189
716 706
716 196
716 608
716 195
717 200
717 203
717 225
717 309
717 423
717 445
717 486
718 219
718 227
718 425
718 222
718 639
718 636
718 422
718 426
718 430
718 224
719 201
719 381
719 462
719 466
719 616
719 638
720 80
720 763
720 328
720 329
720 451
720 675
720 389
720 79
720 327
720 83
721 325
721 626
721 629
721 677
721 680
721 723
721 724
721 726
721 728
721 731
722 85
722 628
722 725
722 761
722 764
723 325
723 626
723 629
723 677
723 680
723 721
723 724
723 726
723 728
723 731
724 325
724 626
724 629
724 677
724 680
724 721
724 723
724 726
724 728
724 731
725 85
725 628
725 722
725 761
725 764
726 325
726 626
726 629
726 677
726 680
726 721
726 723
726 724
726 728
726 731
727 165
727 417
727 679
727 683
727 686
727 729
728 325
728 626
728 629
728 677
728 680
728 721
728 723
728 724
728 726
728 731
729 165
729 417
729 679
729 683
729 686
729 727
730 114
730 117
730 118
730 120
730 124
730 164
730 167
730 475
730 476
730 624
731 325
731 626
731 629
731 677
731 680
731 721
731 723
731 724
731 726
731 728
732 662
732 405
732 659
732 735
732 273
732 630
732 270
732 274
732 734
732 367
733 408
733 412
733 631
733 633
733 737
733 740
734 732
734 735
734 630
734 405
734 270
734 367
734 273
734 267
734 274
734 662
735 273
735 405
735 662
735 274
735 732
735 267
735 367
735 630
735 734
735 270
736 409
736 129
736 132
736 661
736 323
736 135
736 738
736 136
736 739
736 134
737 408
737 412
737 631
737 633
737 733
737 740
738 135
738 134
738 739
738 137
738 320
738 132
738 661
738 136
738 323
738 321
739 661
739 135
739 134
739 129
739 320
739 323
739 321
739 136
739 736
739 409
740 408
740 412
740 631
740 633
740 733
740 737
741 128
741 133
741 126
741 129
741 318
741 314
741 410
741 322
741 130
741 315
742 313
742 689
742 692
742 744
742 747
743 127
743 406
743 411
743 632
743 634
743 635
743 745
743 746
743 749
743 752
744 313
744 689
744 692
744 742
744 747
745 127
745 406
745 411
745 632
745 634
745 635
745 743
745 746
745 749
745 752
746 127
746 406
746 411
746 632
746 634
746 635
746 743
746 745
746 749
746 752
747 313
747 689
747 692
747 742
747 744
748 86
748 89
748 91
748 123
748 474
748 625
748 627
748 691
748 750
749 127
749 406
749 411
749 632
749 634
749 635
749 743
749 745
749 746
749 752
750 86
750 89
750 91
750 123
750 474
750 625
750 627
750 691
750 748
751 122
751 125
751 261
751 264
751 268
751 407
752 127
752 406
752 411
752 632
752 634
752 635
752 743
752 745
752 746
752 749
753 102
753 106
753 349
753 611
753 665
753 668
754 346
754 347
754 221
754 342
754 667
754 427
754 223
754 756
754 218
754 99
755 103
755 337
755 671
755 674
755 758
756 99
756 218
756 344
756 754
756 427
756 342
756 223
756 346
756 347
756 221
757 98
757 101
757 272
757 275
757 338
757 341
757 368
757 371
757 432
757 436
758 103
758 337
758 671
758 674
758 755
759 84
759 88
759 206
759 209
759 211
759 618
760 81
760 453
760 620
760 623
760 762
761 85
761 628
761 722
761 725
761 764
762 81
762 453
762 620
762 623
762 760
763 83
763 675
763 386
763 80
763 479
763 720
763 387
763 326
763 327
763 329
764 85
764 628
764 722
764 725
764 761
765 772
765 777
765 797
765 773
765 780
765 770
765 776
765 790
765 767
765 774
766 14
766 15
766 19
766 50
766 53
766 768
766 771
766 796
767 774
767 780
767 772
767 791
767 765
767 779
767 778
767 782
767 770
767 777
768 14
768 15
768 19
768 50
768 53
768 766
768 771
768 796
769 8
769 11
769 13
769 784
769 786
770 791
770 777
770 774
770 767
770 775
770 780
770 778
770 772
770 765
770 779
771 14
771 15
771 19
771 50
771 53
771 766
771 768
771 796
772 773
772 778
772 774
772 790
772 783
772 797
772 780
772 776
772 777
772 770
773 765
773 772
773 792
773 777
773 72
773 794
773 790
773 801
773 799
773 797
774 797
774 783
774 773
774 780
774 767
774 770
774 776
774 794
774 790
774 765
775 801
775 799
775 782
775 778
775 788
775 781
775 803
775 785
775 780
775 779
776 772
776 765
776 792
776 777
776 797
776 773
776 794
776 72
776 789
776 790
777 772
777 780
777 778
777 774
777 773
777 765
777 794
777 770
777 790
777 776
778 765
778 767
778 780
778 783
778 782
778 791
778 777
778 802
778 779
778 774
779 801
779 782
779 803
779 780
779 1
779 778
779 775
779 800
779 791
779 789
780 765
780 778
780 772
780 802
780 770
780 775
780 782
780 783
780 777
780 791
781 788
781 775
781 1
781 792
781 802
781 72
781 785
781 801
781 779
781 782
782 803
782 792
782 788
782 801
782 785
782 778
782 800
782 789
782 1
782 775
783 774
783 802
783 777
783 765
783 770
783 767
783 780
783 775
783 782
783 778
784 8
784 11
784 13
784 769
784 786
785 782
785 779
785 801
785 72
785 802
785 792
785 788
785 800
785 799
785 1
786 8
786 11
786 13
786 769
786 784
787 2
787 5
787 7
788 802
788 1
788 781
788 803
788 775
788 789
788 72
788 791
788 785
788 792
789 790
789 801
789 803
789 776
789 779
789 797
789 800
789 773
789 782
789 72
790 797
790 772
790 774
790 72
790 794
790 773
790 799
790 765
790 776
790 777
791 767
791 789
791 799
791 781
791 780
791 800
791 803
791 802
791 775
791 788
792 1
792 779
792 789
792 785
792 781
792 773
792 799
792 800
792 802
792 794
793 51
793 71
793 74
793 795
794 774
794 799
794 801
794 789
794 792
794 776
794 790
794 777
794 797
794 773
795 51
795 71
795 74
795 793
796 14
796 15
796 19
796 50
796 53
796 766
796 768
796 771
797 789
797 773
797 774
797 776
797 799
797 801
797 72
797 772
797 777
797 792
798 0
798 4
798 30
798 63
798 67
798 69
798 73
799 789
799 791
799 792
799 794
799 773
799 790
799 782
799 802
799 781
799 776
800 779
800 782
800 72
800 785
800 781
800 775
800 799
800 803
800 789
800 792
801 799
801 1
801 800
801 779
801 776
801 803
801 773
801 794
801 792
801 789
802 788
802 770
802 778
802 785
802 1
802 779
802 767
802 780
802 782
802 781
803 802
803 800
803 72
803 792
803 791
803 775
803 781
803 801
803 788
803 1
804 213
804 237
804 240
804 244
804 352
804 808
805 87
805 90
805 94
805 212
805 215
806 93
806 96
806 100
806 217
806 343
806 809
807 216
807 220
807 353
807 356
807 358
807 421
808 213
808 237
808 240
808 244
808 352
808 804
809 93
809 96
809 100
809 217
809 343
809 806
