0.029727 0.175370 0.374375 -0.666569 0.739404 0.094695
-0.067735 0.071419 0.500000 -0.666569 0.739404 0.094695
0.018279 0.153315 0.465991 -0.666569 0.739404 0.094695
0.065027 0.196428 0.446468 -0.651793 0.751837 0.099534
0.029727 0.175370 0.374375 -0.651793 0.751837 0.099534
0.018279 0.153315 0.465991 -0.651793 0.751837 0.099534
0.065027 0.196428 0.446468 0.263923 0.145593 0.953492
0.018279 0.153315 0.465991 0.263923 0.145593 0.953492
0.066841 0.082910 0.463300 0.263923 0.145593 0.953492
0.123917 0.117661 0.441709 0.271364 0.145406 0.951430
0.065027 0.196428 0.446468 0.271364 0.145406 0.951430
0.066841 0.082910 0.463300 0.271364 0.145406 0.951430
0.123917 0.117661 0.441709 0.569595 -0.785834 0.240888
0.066841 0.082910 0.463300 0.569595 -0.785834 0.240888
0.106031 0.080699 0.363424 0.569595 -0.785834 0.240888
0.106031 0.080699 0.363424 0.553076 -0.708264 0.438714
0.215702 0.118277 0.285829 0.553076 -0.708264 0.438714
0.246244 0.188565 0.360800 0.553076 -0.708264 0.438714
0.123917 0.117661 0.441709 0.596468 -0.769814 0.227185
0.106031 0.080699 0.363424 0.596468 -0.769814 0.227185
0.246244 0.188565 0.360800 0.596468 -0.769814 0.227185
0.123917 0.117661 0.441709 0.485371 0.146251 0.861990
0.246244 0.188565 0.360800 0.485371 0.146251 0.861990
0.192644 0.301805 0.371768 0.485371 0.146251 0.861990
0.065027 0.196428 0.446468 0.357254 0.212149 0.909595
0.123917 0.117661 0.441709 0.357254 0.212149 0.909595
0.192644 0.301805 0.371768 0.357254 0.212149 0.909595
0.065027 0.196428 0.446468 -0.227300 0.731208 0.643171
0.192644 0.301805 0.371768 -0.227300 0.731208 0.643171
0.129932 0.327394 0.320513 -0.227300 0.731208 0.643171
0.029727 0.175370 0.374375 -0.780438 0.588865 0.210129
0.065027 0.196428 0.446468 -0.780438 0.588865 0.210129
0.129932 0.327394 0.320513 -0.780438 0.588865 0.210129
0.393113 0.370321 0.246707 0.959589 0.137456 0.245551
0.424625 0.279650 0.174319 0.959589 0.137456 0.245551
0.444764 0.463220 -0.007142 0.959589 0.137456 0.245551
0.352692 0.499397 0.194264 0.858823 0.399322 0.320881
0.393113 0.370321 0.246707 0.858823 0.399322 0.320881
0.444764 0.463220 -0.007142 0.858823 0.399322 0.320881
0.352692 0.499397 0.194264 0.605839 0.783849 0.136160
0.444764 0.463220 -0.007142 0.605839 0.783849 0.136160
0.323644 0.545041 0.060750 0.605839 0.783849 0.136160
0.444764 0.463220 -0.007142 0.996796 -0.068430 0.041401
0.424625 0.279650 0.174319 0.996796 -0.068430 0.041401
0.429493 0.269340 0.040071 0.996796 -0.068430 0.041401
0.444764 0.463220 -0.007142 0.992574 -0.096284 -0.074345
0.429493 0.269340 0.040071 0.992574 -0.096284 -0.074345
0.419698 0.290306 -0.117859 0.992574 -0.096284 -0.074345
0.134564 0.175150 0.189261 -0.040658 -0.875521 -0.481467
0.215702 0.118277 0.285829 -0.040658 -0.875521 -0.481467
0.106031 0.080699 0.363424 -0.040658 -0.875521 -0.481467
0.046137 0.124900 0.343124 -0.406225 -0.773718 -0.486150
0.134564 0.175150 0.189261 -0.406225 -0.773718 -0.486150
0.106031 0.080699 0.363424 -0.406225 -0.773718 -0.486150
0.444764 0.463220 -0.007142 0.769848 0.456356 -0.446177
0.371101 0.419863 -0.178588 0.769848 0.456356 -0.446177
0.332772 0.506290 -0.156323 0.769848 0.456356 -0.446177
0.444764 0.463220 -0.007142 0.531134 0.832346 -0.158421
0.332772 0.506290 -0.156323 0.531134 0.832346 -0.158421
0.317535 0.534250 -0.060505 0.531134 0.832346 -0.158421
0.323644 0.545041 0.060750 0.517112 0.849857 -0.101680
0.444764 0.463220 -0.007142 0.517112 0.849857 -0.101680
0.317535 0.534250 -0.060505 0.517112 0.849857 -0.101680
0.029727 0.175370 0.374375 -0.847295 0.519744 -0.109349
0.129932 0.327394 0.320513 -0.847295 0.519744 -0.109349
0.090979 0.256533 0.285534 -0.847295 0.519744 -0.109349
0.134564 0.175150 0.189261 -0.864180 0.116314 -0.489556
0.029727 0.175370 0.374375 -0.864180 0.116314 -0.489556
0.090979 0.256533 0.285534 -0.864180 0.116314 -0.489556
0.029727 0.175370 0.374375 -0.869919 0.022222 -0.492694
0.134564 0.175150 0.189261 -0.869919 0.022222 -0.492694
0.046137 0.124900 0.343124 -0.869919 0.022222 -0.492694
-0.083707 0.066896 0.457512 -0.696485 0.200209 -0.689075
0.029727 0.175370 0.374375 -0.696485 0.200209 -0.689075
0.046137 0.124900 0.343124 -0.696485 0.200209 -0.689075
0.444764 0.463220 -0.007142 0.896579 0.139231 -0.420429
0.419698 0.290306 -0.117859 0.896579 0.139231 -0.420429
0.371101 0.419863 -0.178588 0.896579 0.139231 -0.420429
-0.391923 0.132038 0.261303 -0.363101 -0.908274 -0.207836
-0.426877 0.145486 0.263598 -0.363101 -0.908274 -0.207836
-0.410181 0.149122 0.218537 -0.363101 -0.908274 -0.207836
-0.212074 0.234740 0.239637 0.390550 -0.785272 -0.480435
-0.391923 0.132038 0.261303 0.390550 -0.785272 -0.480435
-0.410181 0.149122 0.218537 0.390550 -0.785272 -0.480435
-0.036283 0.280173 0.215128 0.112314 -0.619478 -0.776938
-0.231361 0.293807 0.176057 0.112314 -0.619478 -0.776938
-0.049706 0.359311 0.150088 0.112314 -0.619478 -0.776938
-0.013157 0.284180 0.145752 -0.861742 -0.401291 -0.310428
-0.036283 0.280173 0.215128 -0.861742 -0.401291 -0.310428
-0.049706 0.359311 0.150088 -0.861742 -0.401291 -0.310428
-0.013157 0.284180 0.145752 -0.796303 -0.412890 0.442067
-0.049706 0.359311 0.150088 -0.796303 -0.412890 0.442067
-0.058776 0.303906 0.082002 -0.796303 -0.412890 0.442067
-0.029761 0.274225 0.012128 -0.540002 -0.831709 0.129065
-0.013157 0.284180 0.145752 -0.540002 -0.831709 0.129065
-0.058776 0.303906 0.082002 -0.540002 -0.831709 0.129065
-0.029761 0.274225 0.012128 -0.845222 -0.518144 -0.130871
-0.058776 0.303906 0.082002 -0.845222 -0.518144 -0.130871
-0.068301 0.338910 0.004931 -0.845222 -0.518144 -0.130871
-0.038721 0.284332 -0.054928 -0.860318 -0.508313 0.038338
-0.029761 0.274225 0.012128 -0.860318 -0.508313 0.038338
-0.068301 0.338910 0.004931 -0.860318 -0.508313 0.038338
-0.209366 0.229619 -0.051157 0.259523 -0.362284 0.895208
-0.225936 0.324239 -0.008061 0.259523 -0.362284 0.895208
-0.424920 0.169708 -0.012913 0.259523 -0.362284 0.895208
-0.397112 0.146110 -0.056034 0.311159 -0.734754 0.602758
-0.209366 0.229619 -0.051157 0.311159 -0.734754 0.602758
-0.424920 0.169708 -0.012913 0.311159 -0.734754 0.602758
-0.397112 0.146110 -0.056034 -0.297032 -0.905236 0.303841
-0.424920 0.169708 -0.012913 -0.297032 -0.905236 0.303841
-0.436850 0.157382 -0.061298 -0.297032 -0.905236 0.303841
-0.416466 0.155399 -0.104571 -0.262270 -0.961716 -0.079475
-0.397112 0.146110 -0.056034 -0.262270 -0.961716 -0.079475
-0.436850 0.157382 -0.061298 -0.262270 -0.961716 -0.079475
-0.058809 0.447510 0.164566 -0.205353 0.944136 0.257754
0.041379 0.446338 0.248682 -0.205353 0.944136 0.257754
0.009108 0.472804 0.126026 -0.205353 0.944136 0.257754
-0.082483 0.424368 0.142006 -0.485847 0.812088 -0.323212
-0.058809 0.447510 0.164566 -0.485847 0.812088 -0.323212
0.009108 0.472804 0.126026 -0.485847 0.812088 -0.323212
-0.082483 0.424368 0.142006 -0.227566 0.664993 0.711336
0.009108 0.472804 0.126026 -0.227566 0.664993 0.711336
-0.079488 0.458090 0.111439 -0.227566 0.664993 0.711336
-0.049706 0.359311 0.150088 -0.719516 -0.430240 -0.545152
-0.082483 0.424368 0.142006 -0.719516 -0.430240 -0.545152
-0.079488 0.458090 0.111439 -0.719516 -0.430240 -0.545152
-0.482611 0.195567 0.124288 -0.304679 0.399997 0.864392
-0.340754 0.344133 0.105541 -0.304679 0.399997 0.864392
-0.491487 0.233804 0.103466 -0.304679 0.399997 0.864392
-0.493073 0.179723 0.076097 -0.966168 -0.093339 0.240432
-0.482611 0.195567 0.124288 -0.966168 -0.093339 0.240432
-0.491487 0.233804 0.103466 -0.966168 -0.093339 0.240432
-0.493073 0.179723 0.076097 -0.998485 0.045183 -0.031408
-0.491487 0.233804 0.103466 -0.998485 0.045183 -0.031408
-0.489969 0.224160 0.041320 -0.998485 0.045183 -0.031408
-0.479237 0.184321 0.027812 -0.945202 -0.157693 -0.285879
-0.493073 0.179723 0.076097 -0.945202 -0.157693 -0.285879
-0.489969 0.224160 0.041320 -0.945202 -0.157693 -0.285879
0.246244 0.188565 0.360800 0.622154 -0.681446 0.385430
0.215702 0.118277 0.285829 0.622154 -0.681446 0.385430
0.316818 0.175994 0.224653 0.622154 -0.681446 0.385430
0.327145 0.243844 0.313958 0.663765 -0.630533 0.402299
0.246244 0.188565 0.360800 0.663765 -0.630533 0.402299
0.316818 0.175994 0.224653 0.663765 -0.630533 0.402299
0.327145 0.243844 0.313958 0.908181 -0.377163 0.181536
0.316818 0.175994 0.224653 0.908181 -0.377163 0.181536
0.393113 0.370321 0.246707 0.908181 -0.377163 0.181536
0.257819 0.336447 0.339952 0.531460 0.164625 0.830933
0.327145 0.243844 0.313958 0.531460 0.164625 0.830933
0.393113 0.370321 0.246707 0.531460 0.164625 0.830933
0.257819 0.336447 0.339952 0.426743 0.451920 0.783363
0.393113 0.370321 0.246707 0.426743 0.451920 0.783363
0.352692 0.499397 0.194264 0.426743 0.451920 0.783363
0.129932 0.327394 0.320513 -0.154925 0.707072 0.689961
0.257819 0.336447 0.339952 -0.154925 0.707072 0.689961
0.352692 0.499397 0.194264 -0.154925 0.707072 0.689961
0.129932 0.327394 0.320513 0.053365 0.545033 0.836714
0.352692 0.499397 0.194264 0.053365 0.545033 0.836714
0.041379 0.446338 0.248682 0.053365 0.545033 0.836714
-0.051992 0.431876 0.252343 -0.042316 0.493221 0.868874
0.129932 0.327394 0.320513 -0.042316 0.493221 0.868874
0.041379 0.446338 0.248682 -0.042316 0.493221 0.868874
-0.051992 0.431876 0.252343 -0.143369 0.972354 0.184320
0.041379 0.446338 0.248682 -0.143369 0.972354 0.184320
-0.058809 0.447510 0.164566 -0.143369 0.972354 0.184320
-0.246125 0.351962 0.272786 -0.356449 0.914668 0.190594
-0.051992 0.431876 0.252343 -0.356449 0.914668 0.190594
-0.058809 0.447510 0.164566 -0.356449 0.914668 0.190594
-0.076434 0.403377 -0.005446 -0.349080 0.359106 -0.865555
-0.072528 0.448008 0.011495 -0.349080 0.359106 -0.865555
0.016718 0.462123 -0.018641 -0.349080 0.359106 -0.865555
-0.067626 0.436432 -0.036224 -0.342853 0.687449 0.640208
-0.076434 0.403377 -0.005446 -0.342853 0.687449 0.640208
0.016718 0.462123 -0.018641 -0.342853 0.687449 0.640208
-0.067626 0.436432 -0.036224 -0.219554 0.927621 -0.302183
0.016718 0.462123 -0.018641 -0.219554 0.927621 -0.302183
0.043336 0.435437 -0.119901 -0.219554 0.927621 -0.302183
-0.038510 0.418065 -0.113278 -0.221274 0.926471 -0.304450
-0.067626 0.436432 -0.036224 -0.221274 0.926471 -0.304450
0.043336 0.435437 -0.119901 -0.221274 0.926471 -0.304450
-0.038510 0.418065 -0.113278 -0.164520 0.438242 -0.883672
0.043336 0.435437 -0.119901 -0.164520 0.438242 -0.883672
-0.015208 0.396855 -0.128135 -0.164520 0.438242 -0.883672
-0.000232 0.319666 -0.112603 -0.679905 -0.269168 -0.682113
-0.038510 0.418065 -0.113278 -0.679905 -0.269168 -0.682113
-0.015208 0.396855 -0.128135 -0.679905 -0.269168 -0.682113
-0.000232 0.319666 -0.112603 -0.978606 -0.165181 0.122657
-0.015208 0.396855 -0.128135 -0.978606 -0.165181 0.122657
-0.020160 0.406667 -0.154433 -0.978606 -0.165181 0.122657
-0.160246 0.337206 -0.175002 -0.305663 0.354803 0.883564
-0.000232 0.319666 -0.112603 -0.305663 0.354803 0.883564
-0.020160 0.406667 -0.154433 -0.305663 0.354803 0.883564
-0.160246 0.337206 -0.175002 -0.336534 0.817242 -0.467825
-0.020160 0.406667 -0.154433 -0.336534 0.817242 -0.467825
0.006298 0.383069 -0.214689 -0.336534 0.817242 -0.467825
-0.152408 0.322737 -0.228948 -0.317490 0.903334 -0.288422
-0.160246 0.337206 -0.175002 -0.317490 0.903334 -0.288422
0.006298 0.383069 -0.214689 -0.317490 0.903334 -0.288422
-0.152408 0.322737 -0.228948 0.010002 0.204989 -0.978713
0.006298 0.383069 -0.214689 0.010002 0.204989 -0.978713
0.055966 0.313980 -0.228653 0.010002 0.204989 -0.978713
-0.118062 0.263974 -0.233470 0.004753 0.079490 -0.996824
-0.152408 0.322737 -0.228948 0.004753 0.079490 -0.996824
0.055966 0.313980 -0.228653 0.004753 0.079490 -0.996824
-0.006458 0.344023 0.283340 0.264854 -0.759056 0.594716
-0.212985 0.284467 0.299303 0.264854 -0.759056 0.594716
-0.036283 0.280173 0.215128 0.264854 -0.759056 0.594716
0.014516 0.273389 0.246075 -0.494877 -0.515876 0.699263
-0.006458 0.344023 0.283340 -0.494877 -0.515876 0.699263
-0.036283 0.280173 0.215128 -0.494877 -0.515876 0.699263
0.014516 0.273389 0.246075 -0.081182 -0.993117 -0.084427
-0.036283 0.280173 0.215128 -0.081182 -0.993117 -0.084427
-0.013157 0.284180 0.145752 -0.081182 -0.993117 -0.084427
0.079969 0.258321 0.158483 -0.263484 -0.964165 -0.031026
0.014516 0.273389 0.246075 -0.263484 -0.964165 -0.031026
-0.013157 0.284180 0.145752 -0.263484 -0.964165 -0.031026
0.228442 0.279751 0.023197 0.016894 -0.994594 0.102454
-0.029761 0.274225 0.012128 0.016894 -0.994594 0.102454
0.005471 0.264682 -0.086314 0.016894 -0.994594 0.102454
0.050685 0.257385 -0.177753 0.022735 -0.995618 0.090702
0.228442 0.279751 0.023197 0.022735 -0.995618 0.090702
0.005471 0.264682 -0.086314 0.022735 -0.995618 0.090702
0.050685 0.257385 -0.177753 -0.378119 -0.918755 -0.113641
0.005471 0.264682 -0.086314 -0.378119 -0.918755 -0.113641
0.014279 0.270782 -0.164937 -0.378119 -0.918755 -0.113641
0.055966 0.313980 -0.228653 -0.451618 -0.572960 -0.683929
0.050685 0.257385 -0.177753 -0.451618 -0.572960 -0.683929
0.014279 0.270782 -0.164937 -0.451618 -0.572960 -0.683929
0.429493 0.269340 0.040071 0.709936 -0.699767 0.079485
0.424625 0.279650 0.174319 0.709936 -0.699767 0.079485
0.316818 0.175994 0.224653 0.709936 -0.699767 0.079485
0.251449 0.219554 0.103398 0.116348 -0.913114 -0.390752
0.429493 0.269340 0.040071 0.116348 -0.913114 -0.390752
0.316818 0.175994 0.224653 0.116348 -0.913114 -0.390752
0.251449 0.219554 0.103398 0.076813 -0.924441 -0.373508
0.316818 0.175994 0.224653 0.076813 -0.924441 -0.373508
0.134564 0.175150 0.189261 0.076813 -0.924441 -0.373508
0.079969 0.258321 0.158483 -0.365580 -0.524516 -0.768918
0.251449 0.219554 0.103398 -0.365580 -0.524516 -0.768918
0.134564 0.175150 0.189261 -0.365580 -0.524516 -0.768918
0.079969 0.258321 0.158483 -0.845165 -0.530443 0.065776
0.134564 0.175150 0.189261 -0.845165 -0.530443 0.065776
0.090979 0.256533 0.285534 -0.845165 -0.530443 0.065776
0.014516 0.273389 0.246075 -0.217807 -0.975978 0.005138
0.079969 0.258321 0.158483 -0.217807 -0.975978 0.005138
0.090979 0.256533 0.285534 -0.217807 -0.975978 0.005138
0.014516 0.273389 0.246075 -0.480446 -0.161427 0.862040
0.090979 0.256533 0.285534 -0.480446 -0.161427 0.862040
0.129932 0.327394 0.320513 -0.480446 -0.161427 0.862040
-0.006458 0.344023 0.283340 -0.283429 -0.511981 0.810891
0.014516 0.273389 0.246075 -0.283429 -0.511981 0.810891
0.129932 0.327394 0.320513 -0.283429 -0.511981 0.810891
0.041379 0.446338 0.248682 -0.099659 0.934686 0.341219
0.352692 0.499397 0.194264 -0.099659 0.934686 0.341219
0.323644 0.545041 0.060750 -0.099659 0.934686 0.341219
0.009108 0.472804 0.126026 -0.167200 0.953755 0.249791
0.041379 0.446338 0.248682 -0.167200 0.953755 0.249791
0.323644 0.545041 0.060750 -0.167200 0.953755 0.249791
0.009108 0.472804 0.126026 -0.239572 0.967237 -0.084016
0.323644 0.545041 0.060750 -0.239572 0.967237 -0.084016
0.016718 0.462123 -0.018641 -0.239572 0.967237 -0.084016
-0.079488 0.458090 0.111439 -0.150366 0.985334 -0.080659
0.009108 0.472804 0.126026 -0.150366 0.985334 -0.080659
0.016718 0.462123 -0.018641 -0.150366 0.985334 -0.080659
-0.079488 0.458090 0.111439 -0.191941 0.975026 -0.111727
0.016718 0.462123 -0.018641 -0.191941 0.975026 -0.111727
-0.072528 0.448008 0.011495 -0.191941 0.975026 -0.111727
-0.286209 0.359800 0.025686 -0.385599 0.914940 -0.119153
-0.079488 0.458090 0.111439 -0.385599 0.914940 -0.119153
-0.072528 0.448008 0.011495 -0.385599 0.914940 -0.119153
-0.286209 0.359800 0.025686 -0.089309 0.056369 -0.994408
-0.072528 0.448008 0.011495 -0.089309 0.056369 -0.994408
-0.068301 0.338910 0.004931 -0.089309 0.056369 -0.994408
-0.258789 0.306766 0.014541 -0.077672 0.166417 -0.982992
-0.286209 0.359800 0.025686 -0.077672 0.166417 -0.982992
-0.068301 0.338910 0.004931 -0.077672 0.166417 -0.982992
-0.314051 0.211176 -0.177744 -0.644209 0.709355 -0.286024
-0.185861 0.307069 -0.228644 -0.644209 0.709355 -0.286024
-0.309832 0.197415 -0.221371 -0.644209 0.709355 -0.286024
-0.315974 0.169590 -0.190459 -0.989077 0.082999 -0.121814
-0.314051 0.211176 -0.177744 -0.989077 0.082999 -0.121814
-0.309832 0.197415 -0.221371 -0.989077 0.082999 -0.121814
-0.315974 0.169590 -0.190459 -0.747138 -0.413344 -0.520511
-0.309832 0.197415 -0.221371 -0.747138 -0.413344 -0.520511
-0.289280 0.168510 -0.227919 -0.747138 -0.413344 -0.520511
-0.436850 0.157382 -0.061298 -0.988310 0.114365 -0.100814
-0.432412 0.213158 -0.041531 -0.988310 0.114365 -0.100814
-0.427999 0.201870 -0.097594 -0.988310 0.114365 -0.100814
-0.416466 0.155399 -0.104571 -0.895800 -0.160069 -0.414632
-0.436850 0.157382 -0.061298 -0.895800 -0.160069 -0.414632
-0.427999 0.201870 -0.097594 -0.895800 -0.160069 -0.414632
-0.000232 0.319666 -0.112603 0.000805 -0.006546 -0.999978
-0.237089 0.340817 -0.112932 0.000805 -0.006546 -0.999978
-0.038510 0.418065 -0.113278 0.000805 -0.006546 -0.999978
0.016718 0.462123 -0.018641 -0.242235 0.967400 -0.073889
0.323644 0.545041 0.060750 -0.242235 0.967400 -0.073889
0.317535 0.534250 -0.060505 -0.242235 0.967400 -0.073889
0.043336 0.435437 -0.119901 -0.262244 0.913923 -0.309795
0.016718 0.462123 -0.018641 -0.262244 0.913923 -0.309795
0.317535 0.534250 -0.060505 -0.262244 0.913923 -0.309795
0.043336 0.435437 -0.119901 -0.262628 0.914237 -0.308541
0.317535 0.534250 -0.060505 -0.262628 0.914237 -0.308541
0.332772 0.506290 -0.156323 -0.262628 0.914237 -0.308541
0.068208 0.408962 -0.211897 -0.263495 0.905765 -0.331903
0.043336 0.435437 -0.119901 -0.263495 0.905765 -0.331903
0.332772 0.506290 -0.156323 -0.263495 0.905765 -0.331903
0.068208 0.408962 -0.211897 0.094470 0.287437 -0.953129
0.332772 0.506290 -0.156323 0.094470 0.287437 -0.953129
0.371101 0.419863 -0.178588 0.094470 0.287437 -0.953129
0.055966 0.313980 -0.228653 0.102209 0.160026 -0.981807
0.068208 0.408962 -0.211897 0.102209 0.160026 -0.981807
0.371101 0.419863 -0.178588 0.102209 0.160026 -0.981807
-0.262400 0.237457 0.075413 0.280147 -0.665274 0.692046
-0.262400 0.299831 0.135374 0.280147 -0.665274 0.692046
-0.482611 0.195567 0.124288 0.280147 -0.665274 0.692046
-0.463848 0.163347 0.078197 0.277441 -0.730716 0.623764
-0.262400 0.237457 0.075413 0.277441 -0.730716 0.623764
-0.482611 0.195567 0.124288 0.277441 -0.730716 0.623764
-0.463848 0.163347 0.078197 -0.474769 -0.800312 0.366190
-0.482611 0.195567 0.124288 -0.474769 -0.800312 0.366190
-0.493073 0.179723 0.076097 -0.474769 -0.800312 0.366190
-0.479237 0.184321 0.027812 -0.465564 -0.858461 -0.215161
-0.463848 0.163347 0.078197 -0.465564 -0.858461 -0.215161
-0.493073 0.179723 0.076097 -0.465564 -0.858461 -0.215161
-0.422861 0.192184 0.224991 -0.239674 0.074506 -0.967990
-0.300071 0.323344 0.204683 -0.239674 0.074506 -0.967990
-0.410181 0.149122 0.218537 -0.239674 0.074506 -0.967990
-0.426877 0.145486 0.263598 -0.910026 -0.214845 -0.354533
-0.422861 0.192184 0.224991 -0.910026 -0.214845 -0.354533
-0.410181 0.149122 0.218537 -0.910026 -0.214845 -0.354533
-0.432412 0.213158 -0.041531 -0.970395 -0.008337 0.241381
-0.436850 0.157382 -0.061298 -0.970395 -0.008337 0.241381
-0.424920 0.169708 -0.012913 -0.970395 -0.008337 0.241381
-0.293743 0.336902 -0.047841 -0.376916 0.463280 0.802064
-0.432412 0.213158 -0.041531 -0.376916 0.463280 0.802064
-0.424920 0.169708 -0.012913 -0.376916 0.463280 0.802064
-0.252757 0.359497 -0.046331 -0.122949 0.685447 0.717667
-0.225936 0.324239 -0.008061 -0.122949 0.685447 0.717667
-0.068301 0.338910 0.004931 -0.122949 0.685447 0.717667
-0.067626 0.436432 -0.036224 -0.207735 0.381543 0.900706
-0.252757 0.359497 -0.046331 -0.207735 0.381543 0.900706
-0.068301 0.338910 0.004931 -0.207735 0.381543 0.900706
0.005471 0.264682 -0.086314 -0.448731 -0.890575 -0.074276
-0.029761 0.274225 0.012128 -0.448731 -0.890575 -0.074276
-0.038721 0.284332 -0.054928 -0.448731 -0.890575 -0.074276
-0.000232 0.319666 -0.112603 -0.642018 -0.383907 -0.663648
0.005471 0.264682 -0.086314 -0.642018 -0.383907 -0.663648
-0.038721 0.284332 -0.054928 -0.642018 -0.383907 -0.663648
-0.210572 0.272714 -0.118053 0.403573 -0.765827 -0.500637
-0.209366 0.229619 -0.051157 0.403573 -0.765827 -0.500637
-0.416466 0.155399 -0.104571 0.403573 -0.765827 -0.500637
0.251449 0.219554 0.103398 -0.340613 -0.796265 -0.499945
0.079969 0.258321 0.158483 -0.340613 -0.796265 -0.499945
0.228442 0.279751 0.023197 -0.340613 -0.796265 -0.499945
0.429493 0.269340 0.040071 0.009173 -0.798480 -0.601951
0.251449 0.219554 0.103398 0.009173 -0.798480 -0.601951
0.228442 0.279751 0.023197 0.009173 -0.798480 -0.601951
0.429493 0.269340 0.040071 -0.052856 -0.998508 0.013699
0.228442 0.279751 0.023197 -0.052856 -0.998508 0.013699
0.235292 0.276975 -0.152661 -0.052856 -0.998508 0.013699
0.419698 0.290306 -0.117859 0.097098 -0.985815 -0.136894
0.429493 0.269340 0.040071 0.097098 -0.985815 -0.136894
0.235292 0.276975 -0.152661 0.097098 -0.985815 -0.136894
0.419698 0.290306 -0.117859 0.198091 -0.354118 -0.913981
0.235292 0.276975 -0.152661 0.198091 -0.354118 -0.913981
0.371101 0.419863 -0.178588 0.198091 -0.354118 -0.913981
-0.262400 0.237457 0.075413 0.073714 -0.660265 -0.747406
-0.258789 0.306766 0.014541 0.073714 -0.660265 -0.747406
-0.068301 0.338910 0.004931 0.073714 -0.660265 -0.747406
-0.058776 0.303906 0.082002 0.293201 -0.856313 -0.425160
-0.262400 0.237457 0.075413 0.293201 -0.856313 -0.425160
-0.068301 0.338910 0.004931 0.293201 -0.856313 -0.425160
-0.302880 0.187552 -0.151716 -0.455835 -0.738686 0.496546
-0.315974 0.169590 -0.190459 -0.455835 -0.738686 0.496546
-0.284648 0.155669 -0.182410 -0.455835 -0.738686 0.496546
-0.139154 0.224801 -0.178318 0.258429 -0.589201 0.765544
-0.302880 0.187552 -0.151716 0.258429 -0.589201 0.765544
-0.284648 0.155669 -0.182410 0.258429 -0.589201 0.765544
-0.139154 0.224801 -0.178318 0.417806 -0.862393 -0.285861
-0.284648 0.155669 -0.182410 0.417806 -0.862393 -0.285861
-0.289280 0.168510 -0.227919 0.417806 -0.862393 -0.285861
-0.118062 0.263974 -0.233470 0.435261 -0.804199 -0.404736
-0.139154 0.224801 -0.178318 0.435261 -0.804199 -0.404736
-0.289280 0.168510 -0.227919 0.435261 -0.804199 -0.404736
-0.414585 0.196909 0.288411 -0.726161 0.686138 0.043653
-0.293136 0.326053 0.278818 -0.726161 0.686138 0.043653
-0.422861 0.192184 0.224991 -0.726161 0.686138 0.043653
-0.426877 0.145486 0.263598 -0.977286 0.178494 0.114243
-0.414585 0.196909 0.288411 -0.977286 0.178494 0.114243
-0.422861 0.192184 0.224991 -0.977286 0.178494 0.114243
-0.237089 0.340817 -0.112932 -0.347187 0.878538 -0.328074
-0.252757 0.359497 -0.046331 -0.347187 0.878538 -0.328074
-0.067626 0.436432 -0.036224 -0.347187 0.878538 -0.328074
-0.038510 0.418065 -0.113278 -0.341697 0.876875 -0.338131
-0.237089 0.340817 -0.112932 -0.341697 0.876875 -0.338131
-0.067626 0.436432 -0.036224 -0.341697 0.876875 -0.338131
0.257819 0.336447 0.339952 -0.144706 0.803100 0.578006
0.129932 0.327394 0.320513 -0.144706 0.803100 0.578006
0.192644 0.301805 0.371768 -0.144706 0.803100 0.578006
0.327145 0.243844 0.313958 0.414219 0.055078 0.908509
0.257819 0.336447 0.339952 0.414219 0.055078 0.908509
0.192644 0.301805 0.371768 0.414219 0.055078 0.908509
0.327145 0.243844 0.313958 0.435068 0.119492 0.892433
0.192644 0.301805 0.371768 0.435068 0.119492 0.892433
0.246244 0.188565 0.360800 0.435068 0.119492 0.892433
-0.286209 0.359800 0.025686 -0.375321 0.915543 -0.144621
-0.292832 0.369747 0.105845 -0.375321 0.915543 -0.144621
-0.079488 0.458090 0.111439 -0.375321 0.915543 -0.144621
-0.334721 0.333891 0.028403 -0.579277 0.803227 -0.138797
-0.489969 0.224160 0.041320 -0.579277 0.803227 -0.138797
-0.491487 0.233804 0.103466 -0.579277 0.803227 -0.138797
-0.340754 0.344133 0.105541 -0.582451 0.798607 -0.151585
-0.334721 0.333891 0.028403 -0.582451 0.798607 -0.151585
-0.491487 0.233804 0.103466 -0.582451 0.798607 -0.151585
-0.006458 0.344023 0.283340 -0.232447 0.214257 0.948716
0.129932 0.327394 0.320513 -0.232447 0.214257 0.948716
-0.051992 0.431876 0.252343 -0.232447 0.214257 0.948716
-0.246125 0.351962 0.272786 -0.031188 0.318149 0.947527
-0.006458 0.344023 0.283340 -0.031188 0.318149 0.947527
-0.051992 0.431876 0.252343 -0.031188 0.318149 0.947527
0.235292 0.276975 -0.152661 0.102859 -0.994501 0.019702
0.228442 0.279751 0.023197 0.102859 -0.994501 0.019702
0.050685 0.257385 -0.177753 0.102859 -0.994501 0.019702
0.055966 0.313980 -0.228653 0.169383 -0.667735 -0.724872
0.235292 0.276975 -0.152661 0.169383 -0.667735 -0.724872
0.050685 0.257385 -0.177753 0.169383 -0.667735 -0.724872
0.014279 0.270782 -0.164937 -0.979529 -0.160006 -0.122150
0.005471 0.264682 -0.086314 -0.979529 -0.160006 -0.122150
-0.000232 0.319666 -0.112603 -0.979529 -0.160006 -0.122150
-0.139761 0.289588 -0.135526 0.043014 -0.724136 0.688315
0.014279 0.270782 -0.164937 0.043014 -0.724136 0.688315
-0.000232 0.319666 -0.112603 0.043014 -0.724136 0.688315
-0.068301 0.338910 0.004931 -0.928407 -0.058050 0.367003
-0.072528 0.448008 0.011495 -0.928407 -0.058050 0.367003
-0.076434 0.403377 -0.005446 -0.928407 -0.058050 0.367003
-0.067626 0.436432 -0.036224 -0.875954 -0.182397 -0.446582
-0.068301 0.338910 0.004931 -0.875954 -0.182397 -0.446582
-0.076434 0.403377 -0.005446 -0.875954 -0.182397 -0.446582
-0.020160 0.406667 -0.154433 -0.545507 0.746387 0.381219
-0.015208 0.396855 -0.128135 -0.545507 0.746387 0.381219
0.043336 0.435437 -0.119901 -0.545507 0.746387 0.381219
0.068208 0.408962 -0.211897 -0.236549 0.914856 -0.327235
-0.020160 0.406667 -0.154433 -0.236549 0.914856 -0.327235
0.043336 0.435437 -0.119901 -0.236549 0.914856 -0.327235
0.068208 0.408962 -0.211897 -0.029812 0.177374 -0.983692
0.055966 0.313980 -0.228653 -0.029812 0.177374 -0.983692
0.006298 0.383069 -0.214689 -0.029812 0.177374 -0.983692
-0.020160 0.406667 -0.154433 -0.323691 0.824089 -0.464867
0.068208 0.408962 -0.211897 -0.323691 0.824089 -0.464867
0.006298 0.383069 -0.214689 -0.323691 0.824089 -0.464867
-0.406958 0.156943 0.303884 -0.306636 -0.864822 0.397565
-0.426877 0.145486 0.263598 -0.306636 -0.864822 0.397565
-0.391923 0.132038 0.261303 -0.306636 -0.864822 0.397565
-0.212074 0.234740 0.239637 0.459760 -0.686203 0.563691
-0.406958 0.156943 0.303884 0.459760 -0.686203 0.563691
-0.391923 0.132038 0.261303 0.459760 -0.686203 0.563691
-0.314051 0.211176 -0.177744 -0.936402 -0.062272 0.345359
-0.315974 0.169590 -0.190459 -0.936402 -0.062272 0.345359
-0.302880 0.187552 -0.151716 -0.936402 -0.062272 0.345359
-0.139761 0.289588 -0.135526 -0.426759 0.570948 0.701353
-0.314051 0.211176 -0.177744 -0.426759 0.570948 0.701353
-0.302880 0.187552 -0.151716 -0.426759 0.570948 0.701353
-0.118062 0.263974 -0.233470 -0.111762 0.143265 -0.983354
-0.289280 0.168510 -0.227919 -0.111762 0.143265 -0.983354
-0.309832 0.197415 -0.221371 -0.111762 0.143265 -0.983354
-0.185861 0.307069 -0.228644 -0.065801 0.008216 -0.997799
-0.118062 0.263974 -0.233470 -0.065801 0.008216 -0.997799
-0.309832 0.197415 -0.221371 -0.065801 0.008216 -0.997799
-0.281982 0.320324 -0.112021 -0.629062 0.750992 -0.200727
-0.427999 0.201870 -0.097594 -0.629062 0.750992 -0.200727
-0.432412 0.213158 -0.041531 -0.629062 0.750992 -0.200727
-0.293743 0.336902 -0.047841 -0.642732 0.704959 -0.299882
-0.281982 0.320324 -0.112021 -0.642732 0.704959 -0.299882
-0.432412 0.213158 -0.041531 -0.642732 0.704959 -0.299882
-0.049706 0.359311 0.150088 -0.573589 -0.189996 0.796804
-0.058809 0.447510 0.164566 -0.573589 -0.189996 0.796804
-0.082483 0.424368 0.142006 -0.573589 -0.189996 0.796804
-0.406958 0.156943 0.303884 -0.896463 0.000482 0.443119
-0.414585 0.196909 0.288411 -0.896463 0.000482 0.443119
-0.426877 0.145486 0.263598 -0.896463 0.000482 0.443119
0.424625 0.279650 0.174319 0.641049 -0.330306 0.692788
0.393113 0.370321 0.246707 0.641049 -0.330306 0.692788
0.316818 0.175994 0.224653 0.641049 -0.330306 0.692788
0.215702 0.118277 0.285829 0.115261 -0.810554 -0.574210
0.134564 0.175150 0.189261 0.115261 -0.810554 -0.574210
0.316818 0.175994 0.224653 0.115261 -0.810554 -0.574210
0.055966 0.313980 -0.228653 0.278708 -0.421481 -0.862946
0.371101 0.419863 -0.178588 0.278708 -0.421481 -0.862946
0.235292 0.276975 -0.152661 0.278708 -0.421481 -0.862946
-0.284648 0.155669 -0.182410 -0.347867 -0.910969 -0.221640
-0.315974 0.169590 -0.190459 -0.347867 -0.910969 -0.221640
-0.289280 0.168510 -0.227919 -0.347867 -0.910969 -0.221640
0.407667 0.481713 -0.224426 -0.972065 -0.234594 -0.007483
0.424591 0.410464 -0.189269 -0.972065 -0.234594 -0.007483
0.385562 0.569845 -0.115910 -0.972065 -0.234594 -0.007483
0.381403 0.603896 -0.171442 -0.980474 -0.191645 -0.044077
0.407667 0.481713 -0.224426 -0.980474 -0.191645 -0.044077
0.385562 0.569845 -0.115910 -0.980474 -0.191645 -0.044077
0.381403 0.603896 -0.171442 -0.987542 -0.155863 -0.021607
0.385562 0.569845 -0.115910 -0.987542 -0.155863 -0.021607
0.370738 0.641744 0.042948 -0.987542 -0.155863 -0.021607
0.353679 0.705705 0.041083 -0.966201 -0.257779 -0.002553
0.381403 0.603896 -0.171442 -0.966201 -0.257779 -0.002553
0.370738 0.641744 0.042948 -0.966201 -0.257779 -0.002553
0.353679 0.705705 0.041083 -0.966249 -0.257505 0.007295
0.370738 0.641744 0.042948 -0.966249 -0.257505 0.007295
0.385815 0.589950 0.211652 -0.966249 -0.257505 0.007295
0.381369 0.630338 0.266829 -0.980655 -0.187000 0.057856
0.353679 0.705705 0.041083 -0.980655 -0.187000 0.057856
0.385815 0.589950 0.211652 -0.980655 -0.187000 0.057856
0.381369 0.630338 0.266829 -0.973998 -0.212936 0.077376
0.385815 0.589950 0.211652 -0.973998 -0.212936 0.077376
0.424718 0.439993 0.288673 -0.973998 -0.212936 0.077376
0.429721 0.428822 0.359264 -0.975303 -0.218142 0.034605
0.381369 0.630338 0.266829 -0.975303 -0.218142 0.034605
0.424718 0.439993 0.288673 -0.975303 -0.218142 0.034605
0.429721 0.428822 0.359264 -0.971827 -0.233524 0.031925
0.424718 0.439993 0.288673 -0.971827 -0.233524 0.031925
0.460642 0.282020 0.226712 -0.971827 -0.233524 0.031925
0.474360 0.230403 0.273191 -0.972345 -0.231650 0.029730
0.429721 0.428822 0.359264 -0.972345 -0.231650 0.029730
0.460642 0.282020 0.226712 -0.972345 -0.231650 0.029730
0.474360 0.230403 0.273191 -0.970489 -0.240355 0.019515
0.460642 0.282020 0.226712 -0.970489 -0.240355 0.019515
0.475617 0.209345 0.076350 -0.970489 -0.240355 0.019515
0.493073 0.141976 0.084129 -0.968400 -0.248565 0.020406
0.474360 0.230403 0.273191 -0.968400 -0.248565 0.020406
0.475617 0.209345 0.076350 -0.968400 -0.248565 0.020406
0.493073 0.141976 0.084129 -0.968203 -0.250068 0.006942
0.475617 0.209345 0.076350 -0.968203 -0.250068 0.006942
0.460701 0.262354 -0.094540 -0.968203 -0.250068 0.006942
0.474630 0.206518 -0.130219 -0.968879 -0.247377 0.008877
0.493073 0.141976 0.084129 -0.968879 -0.247377 0.008877
0.460701 0.262354 -0.094540 -0.968879 -0.247377 0.008877
0.474630 0.206518 -0.130219 -0.970897 -0.239460 -0.004300
0.460701 0.262354 -0.094540 -0.970897 -0.239460 -0.004300
0.424591 0.410464 -0.189269 -0.970897 -0.239460 -0.004300
0.446865 0.315118 -0.210184 -0.972435 -0.232093 0.022449
0.474630 0.206518 -0.130219 -0.972435 -0.232093 0.022449
0.424591 0.410464 -0.189269 -0.972435 -0.232093 0.022449
0.444764 0.463220 -0.007142 0.953771 0.265822 -0.140214
0.407667 0.481713 -0.224426 0.953771 0.265822 -0.140214
0.381403 0.603896 -0.171442 0.953771 0.265822 -0.140214
0.430682 0.362416 -0.493925 0.996205 0.074904 -0.044329
0.444764 0.463220 -0.007142 0.996205 0.074904 -0.044329
0.446865 0.315118 -0.210184 0.996205 0.074904 -0.044329
0.493073 0.141976 0.084129 0.989685 0.136298 -0.044114
0.474630 0.206518 -0.130219 0.989685 0.136298 -0.044114
0.444764 0.463220 -0.007142 0.989685 0.136298 -0.044114
0.474360 0.230403 0.273191 0.987505 0.155597 0.024967
0.493073 0.141976 0.084129 0.987505 0.155597 0.024967
0.444764 0.463220 -0.007142 0.987505 0.155597 0.024967
0.429721 0.428822 0.359264 0.979078 0.194895 0.058493
0.474360 0.230403 0.273191 0.979078 0.194895 0.058493
0.444764 0.463220 -0.007142 0.979078 0.194895 0.058493
0.474630 0.206518 -0.130219 0.979417 0.167765 -0.112236
0.446865 0.315118 -0.210184 0.979417 0.167765 -0.112236
0.444764 0.463220 -0.007142 0.979417 0.167765 -0.112236
0.444764 0.463220 -0.007142 0.931540 0.360050 -0.050960
0.381403 0.603896 -0.171442 0.931540 0.360050 -0.050960
0.353679 0.705705 0.041083 0.931540 0.360050 -0.050960
0.444764 0.463220 -0.007142 0.936290 0.351220 0.002412
0.353679 0.705705 0.041083 0.936290 0.351220 0.002412
0.381369 0.630338 0.266829 0.936290 0.351220 0.002412
0.429721 0.428822 0.359264 0.963348 0.260506 0.064007
0.444764 0.463220 -0.007142 0.963348 0.260506 0.064007
0.381369 0.630338 0.266829 0.963348 0.260506 0.064007
0.444764 0.463220 -0.007142 0.975137 0.209706 -0.071634
0.430682 0.362416 -0.493925 0.975137 0.209706 -0.071634
0.423933 0.391726 -0.500000 0.975137 0.209706 -0.071634
0.424718 0.439993 0.288673 -0.952409 -0.292003 -0.087469
0.385815 0.589950 0.211652 -0.952409 -0.292003 -0.087469
0.444764 0.463220 -0.007142 -0.952409 -0.292003 -0.087469
0.460642 0.282020 0.226712 -0.978298 -0.190601 -0.081261
0.424718 0.439993 0.288673 -0.978298 -0.190601 -0.081261
0.444764 0.463220 -0.007142 -0.978298 -0.190601 -0.081261
0.460642 0.282020 0.226712 -0.990650 -0.131880 -0.034923
0.444764 0.463220 -0.007142 -0.990650 -0.131880 -0.034923
0.475617 0.209345 0.076350 -0.990650 -0.131880 -0.034923
0.460701 0.262354 -0.094540 -0.993203 -0.102667 0.054847
0.475617 0.209345 0.076350 -0.993203 -0.102667 0.054847
0.444764 0.463220 -0.007142 -0.993203 -0.102667 0.054847
0.424591 0.410464 -0.189269 -0.978366 -0.142771 0.149721
0.460701 0.262354 -0.094540 -0.978366 -0.142771 0.149721
0.444764 0.463220 -0.007142 -0.978366 -0.142771 0.149721
0.424591 0.410464 -0.189269 -0.928282 -0.316891 0.194610
0.444764 0.463220 -0.007142 -0.928282 -0.316891 0.194610
0.385562 0.569845 -0.115910 -0.928282 -0.316891 0.194610
0.407667 0.481713 -0.224426 -0.975055 -0.221473 0.014766
0.423933 0.391726 -0.500000 -0.975055 -0.221473 0.014766
0.430682 0.362416 -0.493925 -0.975055 -0.221473 0.014766
0.446865 0.315118 -0.210184 -0.973602 -0.227573 0.017591
0.407667 0.481713 -0.224426 -0.973602 -0.227573 0.017591
0.430682 0.362416 -0.493925 -0.973602 -0.227573 0.017591
0.370738 0.641744 0.042948 -0.909209 -0.404577 0.098271
0.385562 0.569845 -0.115910 -0.909209 -0.404577 0.098271
0.444764 0.463220 -0.007142 -0.909209 -0.404577 0.098271
0.385815 0.589950 0.211652 -0.926433 -0.375067 -0.032357
0.370738 0.641744 0.042948 -0.926433 -0.375067 -0.032357
0.444764 0.463220 -0.007142 -0.926433 -0.375067 -0.032357
0.407667 0.481713 -0.224426 -0.973507 -0.228596 0.005367
0.446865 0.315118 -0.210184 -0.973507 -0.228596 0.005367
0.424591 0.410464 -0.189269 -0.973507 -0.228596 0.005367
0.407667 0.481713 -0.224426 0.868190 0.484563 -0.106985
0.444764 0.463220 -0.007142 0.868190 0.484563 -0.106985
0.423933 0.391726 -0.500000 0.868190 0.484563 -0.106985
-0.314051 0.211176 -0.177744 -0.394736 0.444416 0.804163
-0.139761 0.289588 -0.135526 -0.394736 0.444416 0.804163
-0.193091 0.319117 -0.178023 -0.394736 0.444416 0.804163
-0.397112 0.146110 -0.056034 0.391819 -0.862140 -0.321235
-0.416466 0.155399 -0.104571 0.391819 -0.862140 -0.321235
-0.209366 0.229619 -0.051157 0.391819 -0.862140 -0.321235
-0.160246 0.337206 -0.175002 -0.407900 0.865292 -0.291354
-0.152408 0.322737 -0.228948 -0.407900 0.865292 -0.291354
-0.185861 0.307069 -0.228644 -0.407900 0.865292 -0.291354
-0.152408 0.322737 -0.228948 -0.035346 0.056127 -0.997798
-0.118062 0.263974 -0.233470 -0.035346 0.056127 -0.997798
-0.185861 0.307069 -0.228644 -0.035346 0.056127 -0.997798
-0.036283 0.280173 0.215128 0.276394 -0.736180 0.617775
-0.212985 0.284467 0.299303 0.276394 -0.736180 0.617775
-0.212074 0.234740 0.239637 0.276394 -0.736180 0.617775
-0.212985 0.284467 0.299303 0.459741 -0.678724 0.572689
-0.406958 0.156943 0.303884 0.459741 -0.678724 0.572689
-0.212074 0.234740 0.239637 0.459741 -0.678724 0.572689
-0.058809 0.447510 0.164566 -0.229611 0.134530 -0.963940
-0.049706 0.359311 0.150088 -0.229611 0.134530 -0.963940
-0.256072 0.350764 0.198052 -0.229611 0.134530 -0.963940
-0.049706 0.359311 0.150088 -0.228743 0.262733 -0.937362
-0.231361 0.293807 0.176057 -0.228743 0.262733 -0.937362
-0.256072 0.350764 0.198052 -0.228743 0.262733 -0.937362
-0.286209 0.359800 0.025686 -0.472385 0.869069 -0.146874
-0.334721 0.333891 0.028403 -0.472385 0.869069 -0.146874
-0.292832 0.369747 0.105845 -0.472385 0.869069 -0.146874
-0.334721 0.333891 0.028403 -0.465157 0.872052 -0.152164
-0.340754 0.344133 0.105541 -0.465157 0.872052 -0.152164
-0.292832 0.369747 0.105845 -0.465157 0.872052 -0.152164
0.014279 0.270782 -0.164937 0.290146 -0.829100 -0.477921
-0.139154 0.224801 -0.178318 0.290146 -0.829100 -0.477921
-0.118062 0.263974 -0.233470 0.290146 -0.829100 -0.477921
0.014279 0.270782 -0.164937 0.091790 -0.548206 0.831291
-0.139761 0.289588 -0.135526 0.091790 -0.548206 0.831291
-0.139154 0.224801 -0.178318 0.091790 -0.548206 0.831291
-0.139761 0.289588 -0.135526 0.252316 -0.531652 0.808507
-0.302880 0.187552 -0.151716 0.252316 -0.531652 0.808507
-0.139154 0.224801 -0.178318 0.252316 -0.531652 0.808507
-0.237089 0.340817 -0.112932 -0.397123 0.855123 -0.333254
-0.281982 0.320324 -0.112021 -0.397123 0.855123 -0.333254
-0.252757 0.359497 -0.046331 -0.397123 0.855123 -0.333254
-0.281982 0.320324 -0.112021 -0.452057 0.840082 -0.299845
-0.293743 0.336902 -0.047841 -0.452057 0.840082 -0.299845
-0.252757 0.359497 -0.046331 -0.452057 0.840082 -0.299845
-0.414585 0.196909 0.288411 -0.253723 0.306746 0.917350
-0.406958 0.156943 0.303884 -0.253723 0.306746 0.917350
-0.293136 0.326053 0.278818 -0.253723 0.306746 0.917350
-0.406958 0.156943 0.303884 -0.127791 0.229047 0.964991
-0.212985 0.284467 0.299303 -0.127791 0.229047 0.964991
-0.293136 0.326053 0.278818 -0.127791 0.229047 0.964991
-0.262400 0.237457 0.075413 0.228766 -0.649097 -0.725492
-0.463848 0.163347 0.078197 0.228766 -0.649097 -0.725492
-0.258789 0.306766 0.014541 0.228766 -0.649097 -0.725492
-0.463848 0.163347 0.078197 0.411440 -0.790014 -0.454526
-0.479237 0.184321 0.027812 0.411440 -0.790014 -0.454526
-0.258789 0.306766 0.014541 0.411440 -0.790014 -0.454526
-0.210572 0.272714 -0.118053 0.197414 -0.822489 -0.533422
-0.000232 0.319666 -0.112603 0.197414 -0.822489 -0.533422
-0.209366 0.229619 -0.051157 0.197414 -0.822489 -0.533422
-0.000232 0.319666 -0.112603 0.277573 -0.890561 -0.360353
-0.038721 0.284332 -0.054928 0.277573 -0.890561 -0.360353
-0.209366 0.229619 -0.051157 0.277573 -0.890561 -0.360353
-0.252757 0.359497 -0.046331 -0.337790 0.562309 0.754789
-0.293743 0.336902 -0.047841 -0.337790 0.562309 0.754789
-0.225936 0.324239 -0.008061 -0.337790 0.562309 0.754789
-0.293743 0.336902 -0.047841 -0.381354 0.465994 0.798385
-0.424920 0.169708 -0.012913 -0.381354 0.465994 0.798385
-0.225936 0.324239 -0.008061 -0.381354 0.465994 0.798385
-0.422861 0.192184 0.224991 -0.726025 0.686333 0.042841
-0.293136 0.326053 0.278818 -0.726025 0.686333 0.042841
-0.300071 0.323344 0.204683 -0.726025 0.686333 0.042841
-0.293136 0.326053 0.278818 -0.481369 0.876422 0.013010
-0.246125 0.351962 0.272786 -0.481369 0.876422 0.013010
-0.300071 0.323344 0.204683 -0.481369 0.876422 0.013010
-0.293136 0.326053 0.278818 -0.065207 0.336990 0.939248
-0.212985 0.284467 0.299303 -0.065207 0.336990 0.939248
-0.246125 0.351962 0.272786 -0.065207 0.336990 0.939248
-0.212985 0.284467 0.299303 -0.029493 0.352929 0.935185
-0.006458 0.344023 0.283340 -0.029493 0.352929 0.935185
-0.246125 0.351962 0.272786 -0.029493 0.352929 0.935185
-0.262400 0.237457 0.075413 0.198781 -0.679195 0.706527
-0.058776 0.303906 0.082002 0.198781 -0.679195 0.706527
-0.262400 0.299831 0.135374 0.198781 -0.679195 0.706527
-0.058776 0.303906 0.082002 0.174706 -0.774974 0.607366
-0.049706 0.359311 0.150088 0.174706 -0.774974 0.607366
-0.262400 0.299831 0.135374 0.174706 -0.774974 0.607366
-0.000232 0.319666 -0.112603 0.008370 0.078224 -0.996901
-0.210572 0.272714 -0.118053 0.008370 0.078224 -0.996901
-0.237089 0.340817 -0.112932 0.008370 0.078224 -0.996901
-0.210572 0.272714 -0.118053 -0.046255 0.056985 -0.997303
-0.281982 0.320324 -0.112021 -0.046255 0.056985 -0.997303
-0.237089 0.340817 -0.112932 -0.046255 0.056985 -0.997303
-0.210572 0.272714 -0.118053 -0.074021 0.015318 -0.997139
-0.416466 0.155399 -0.104571 -0.074021 0.015318 -0.997139
-0.281982 0.320324 -0.112021 -0.074021 0.015318 -0.997139
-0.416466 0.155399 -0.104571 -0.179667 0.102310 -0.978393
-0.427999 0.201870 -0.097594 -0.179667 0.102310 -0.978393
-0.281982 0.320324 -0.112021 -0.179667 0.102310 -0.978393
-0.314051 0.211176 -0.177744 -0.642705 0.719538 -0.263050
-0.193091 0.319117 -0.178023 -0.642705 0.719538 -0.263050
-0.185861 0.307069 -0.228644 -0.642705 0.719538 -0.263050
-0.193091 0.319117 -0.178023 -0.445936 0.854307 -0.267021
-0.160246 0.337206 -0.175002 -0.445936 0.854307 -0.267021
-0.185861 0.307069 -0.228644 -0.445936 0.854307 -0.267021
-0.193091 0.319117 -0.178023 -0.350149 0.503949 0.789577
-0.139761 0.289588 -0.135526 -0.350149 0.503949 0.789577
-0.160246 0.337206 -0.175002 -0.350149 0.503949 0.789577
-0.139761 0.289588 -0.135526 -0.249702 0.552086 0.795518
-0.000232 0.319666 -0.112603 -0.249702 0.552086 0.795518
-0.160246 0.337206 -0.175002 -0.249702 0.552086 0.795518
0.055966 0.313980 -0.228653 0.261497 -0.869727 -0.418562
0.014279 0.270782 -0.164937 0.261497 -0.869727 -0.418562
-0.118062 0.263974 -0.233470 0.261497 -0.869727 -0.418562
-0.410181 0.149122 0.218537 -0.331065 0.134976 -0.933904
-0.300071 0.323344 0.204683 -0.331065 0.134976 -0.933904
-0.231361 0.293807 0.176057 -0.331065 0.134976 -0.933904
-0.300071 0.323344 0.204683 -0.286209 0.234575 -0.929010
-0.256072 0.350764 0.198052 -0.286209 0.234575 -0.929010
-0.231361 0.293807 0.176057 -0.286209 0.234575 -0.929010
-0.300071 0.323344 0.204683 -0.522003 0.851114 0.055832
-0.246125 0.351962 0.272786 -0.522003 0.851114 0.055832
-0.256072 0.350764 0.198052 -0.522003 0.851114 0.055832
-0.246125 0.351962 0.272786 -0.433983 0.899878 0.043334
-0.058809 0.447510 0.164566 -0.433983 0.899878 0.043334
-0.256072 0.350764 0.198052 -0.433983 0.899878 0.043334
-0.258789 0.306766 0.014541 -0.129427 0.139396 -0.981742
-0.334721 0.333891 0.028403 -0.129427 0.139396 -0.981742
-0.286209 0.359800 0.025686 -0.129427 0.139396 -0.981742
-0.258789 0.306766 0.014541 -0.132298 0.131707 -0.982421
-0.479237 0.184321 0.027812 -0.132298 0.131707 -0.982421
-0.334721 0.333891 0.028403 -0.132298 0.131707 -0.982421
-0.479237 0.184321 0.027812 -0.253531 0.248656 -0.934822
-0.489969 0.224160 0.041320 -0.253531 0.248656 -0.934822
-0.334721 0.333891 0.028403 -0.253531 0.248656 -0.934822
-0.482611 0.195567 0.124288 -0.188058 0.297672 0.935962
-0.262400 0.299831 0.135374 -0.188058 0.297672 0.935962
-0.340754 0.344133 0.105541 -0.188058 0.297672 0.935962
-0.262400 0.299831 0.135374 -0.175475 0.317238 0.931970
-0.292832 0.369747 0.105845 -0.175475 0.317238 0.931970
-0.340754 0.344133 0.105541 -0.175475 0.317238 0.931970
-0.262400 0.299831 0.135374 -0.155687 0.326051 0.932444
-0.049706 0.359311 0.150088 -0.155687 0.326051 0.932444
-0.292832 0.369747 0.105845 -0.155687 0.326051 0.932444
-0.049706 0.359311 0.150088 -0.156449 0.318623 0.934881
-0.079488 0.458090 0.111439 -0.156449 0.318623 0.934881
-0.292832 0.369747 0.105845 -0.156449 0.318623 0.934881
-0.209366 0.229619 -0.051157 0.144832 -0.389005 0.909779
-0.038721 0.284332 -0.054928 0.144832 -0.389005 0.909779
-0.225936 0.324239 -0.008061 0.144832 -0.389005 0.909779
-0.038721 0.284332 -0.054928 0.012670 -0.735769 0.677114
-0.068301 0.338910 0.004931 0.012670 -0.735769 0.677114
-0.225936 0.324239 -0.008061 0.012670 -0.735769 0.677114
-0.036283 0.280173 0.215128 0.088589 -0.716212 -0.692237
-0.212074 0.234740 0.239637 0.088589 -0.716212 -0.692237
-0.231361 0.293807 0.176057 0.088589 -0.716212 -0.692237
-0.212074 0.234740 0.239637 0.347036 -0.632283 -0.692665
-0.410181 0.149122 0.218537 0.347036 -0.632283 -0.692665
-0.231361 0.293807 0.176057 0.347036 -0.632283 -0.692665
-0.030976 0.000000 0.446358 0.593061 -0.772060 0.228478
0.106031 0.080699 0.363424 0.593061 -0.772060 0.228478
-0.019519 0.024408 0.499097 0.593061 -0.772060 0.228478
0.106031 0.080699 0.363424 0.612763 -0.747319 0.256975
0.066841 0.082910 0.463300 0.612763 -0.747319 0.256975
-0.019519 0.024408 0.499097 0.612763 -0.747319 0.256975
0.106031 0.080699 0.363424 -0.147798 -0.575610 -0.804256
-0.030976 0.000000 0.446358 -0.147798 -0.575610 -0.804256
-0.065930 0.036760 0.426472 -0.147798 -0.575610 -0.804256
-0.030976 0.000000 0.446358 -0.545242 -0.735763 -0.401702
-0.080096 0.015668 0.484333 -0.545242 -0.735763 -0.401702
-0.065930 0.036760 0.426472 -0.545242 -0.735763 -0.401702
-0.030976 0.000000 0.446358 0.030241 -0.909592 0.414400
-0.019519 0.024408 0.499097 0.030241 -0.909592 0.414400
-0.080096 0.015668 0.484333 0.030241 -0.909592 0.414400
-0.019519 0.024408 0.499097 -0.200218 -0.223673 0.953878
-0.067735 0.071419 0.500000 -0.200218 -0.223673 0.953878
-0.080096 0.015668 0.484333 -0.200218 -0.223673 0.953878
-0.019519 0.024408 0.499097 0.238255 0.226230 0.944486
0.066841 0.082910 0.463300 0.238255 0.226230 0.944486
-0.067735 0.071419 0.500000 0.238255 0.226230 0.944486
0.066841 0.082910 0.463300 0.249868 0.135699 0.958724
0.018279 0.153315 0.465991 0.249868 0.135699 0.958724
-0.067735 0.071419 0.500000 0.249868 0.135699 0.958724
-0.083707 0.066896 0.457512 -0.923689 -0.226787 -0.308814
-0.065930 0.036760 0.426472 -0.923689 -0.226787 -0.308814
-0.080096 0.015668 0.484333 -0.923689 -0.226787 -0.308814
-0.083707 0.066896 0.457512 -0.701434 0.266914 -0.660868
0.046137 0.124900 0.343124 -0.701434 0.266914 -0.660868
-0.065930 0.036760 0.426472 -0.701434 0.266914 -0.660868
0.046137 0.124900 0.343124 -0.149289 -0.572531 -0.806177
0.106031 0.080699 0.363424 -0.149289 -0.572531 -0.806177
-0.065930 0.036760 0.426472 -0.149289 -0.572531 -0.806177
0.029727 0.175370 0.374375 -0.622489 0.767670 0.152282
-0.083707 0.066896 0.457512 -0.622489 0.767670 0.152282
-0.067735 0.071419 0.500000 -0.622489 0.767670 0.152282
-0.083707 0.066896 0.457512 -0.934049 0.111756 0.339210
-0.080096 0.015668 0.484333 -0.934049 0.111756 0.339210
-0.067735 0.071419 0.500000 -0.934049 0.111756 0.339210
0.079969 0.258321 0.158483 -0.279456 -0.954309 0.105824
-0.013157 0.284180 0.145752 -0.279456 -0.954309 0.105824
-0.029761 0.274225 0.012128 -0.279456 -0.954309 0.105824
0.228442 0.279751 0.023197 0.026696 -0.991447 -0.127750
0.079969 0.258321 0.158483 0.026696 -0.991447 -0.127750
-0.029761 0.274225 0.012128 0.026696 -0.991447 -0.127750
