 -0.500000   0.346199  -0.100212
 -0.373338   0.244688   0.024794
  0.052811   0.329171   0.046768
  0.062748   0.334165  -0.058943
  0.072234   0.336406  -0.146562
  0.040879   0.343455  -0.245500
 -0.272009   0.163479   0.124798
  0.186898   0.300344   0.050286
  0.221994   0.318513  -0.053839
  0.210589   0.313354  -0.150791
  0.166237   0.295960  -0.246836
 -0.170925   0.076515   0.220022
  0.309215   0.265078   0.053504
  0.353516   0.284487  -0.049470
  0.343614   0.279644  -0.154894
  0.261723   0.259098  -0.247170
 -0.051542   0.011745   0.286451
  0.422719   0.223021   0.056518
  0.470777   0.230565  -0.045402
  0.468548   0.233699  -0.158832
  0.336972   0.215024  -0.247199
