0.484446 0.343444 -0.006621 0.595118 0.450166 0.665721
0.484446 0.274761 -0.099721 0.563415 -0.790147 -0.241312
0.484446 0.412992 -0.065816 0.474888 0.783953 0.399873
0.484446 0.413623 -0.144207 0.323362 0.902513 -0.284441
0.484446 0.340386 -0.197463 0.565397 -0.129685 -0.814560
0.168388 0.036347 0.193650 -0.103523 -0.788007 -0.606900
0.132973 0.101034 0.207669 -0.824928 0.428366 -0.368776
0.276806 0.106760 0.090556 -0.155743 -0.823304 -0.545815
0.195379 0.169519 0.141274 -0.934729 -0.354887 0.018369
0.187394 0.268162 -0.051349 -0.189161 -0.963674 -0.188551
0.298715 0.268162 -0.093247 -0.077587 -0.910982 -0.405083
0.405651 0.184389 -0.011043 0.413319 -0.843987 -0.341839
0.330068 0.135049 0.166248 0.733815 -0.260159 0.627562
0.447490 0.261328 0.053153 0.806915 -0.137431 0.574457
0.334541 0.301444 0.080422 0.294713 0.560188 0.774167
0.285553 0.212076 0.170706 0.026193 0.576840 0.816437
0.170412 0.110287 0.254787 0.182663 0.456924 0.870548
0.184916 0.302250 0.112744 -0.098364 0.233098 0.967466
0.127334 0.256115 0.060940 -0.476916 -0.861983 0.171865
0.342526 0.329520 -0.244265 0.316918 0.122658 -0.940488
0.356465 0.406012 -0.165266 0.111108 0.919754 -0.376441
0.356465 0.407881 -0.048607 0.056002 0.971533 0.230190
0.345599 0.370596 0.011967 0.171473 0.790104 0.588501
0.178698 0.375193 0.054113 0.096788 0.793413 0.600939
-0.023582 0.328185 0.113271 -0.008433 0.176355 0.984291
-0.010399 0.268162 0.064995 -0.075392 -0.997039 -0.015126
-0.026200 0.268162 -0.040497 -0.160172 -0.984572 -0.070452
-0.024044 0.268162 -0.145996 -0.139688 -0.989882 0.024925
0.187394 0.268162 -0.251921 0.039919 -0.957852 -0.284476
0.325750 0.258828 -0.193862 0.200087 -0.904406 -0.376848
0.202477 0.322803 -0.287769 0.147087 0.203924 -0.967874
-0.003301 0.327767 -0.304237 0.001531 -0.112091 -0.993697
-0.000324 0.268162 -0.251488 -0.102375 -0.988935 0.107368
-0.204598 0.243782 -0.251965 0.201752 -0.976699 -0.073184
-0.202369 0.277063 -0.296678 -0.033238 -0.079015 -0.996319
-0.284404 0.219870 -0.252947 0.265856 -0.935726 -0.231812
-0.295484 0.245769 -0.285195 -0.226537 0.066403 -0.971737
-0.364196 0.195952 -0.253937 -0.556522 -0.825104 -0.097398
-0.300162 0.241655 -0.223617 -0.174041 -0.034786 0.984124
-0.212928 0.297976 -0.212868 -0.035077 -0.142925 0.989112
-0.043512 0.373822 -0.206078 -0.588358 0.539646 -0.602177
-0.231156 0.316622 -0.203094 0.017965 -0.281952 -0.959260
-0.241788 0.254062 -0.147837 0.124438 -0.980497 0.152120
-0.366726 0.233853 -0.150586 0.168291 -0.913424 -0.370587
-0.384397 0.272503 -0.194881 -0.180140 0.083639 -0.980079
-0.491656 0.213638 -0.153329 -0.649829 -0.754696 -0.090311
-0.385739 0.264664 -0.119724 -0.140897 0.042675 0.989104
-0.241158 0.315698 -0.114027 -0.041471 -0.051796 0.997796
-0.058653 0.400358 -0.107919 -0.702341 0.691558 -0.168716
-0.255485 0.316087 -0.103409 0.017889 -0.286793 -0.957826
-0.258939 0.253849 -0.042792 0.117663 -0.992693 0.026778
-0.379469 0.233743 -0.045688 0.169061 -0.933193 -0.317126
-0.397104 0.275282 -0.092902 -0.213471 0.104660 -0.971327
-0.500000 0.213638 -0.048577 -0.680929 -0.729382 -0.065865
-0.398746 0.268814 -0.004304 -0.167507 0.051343 0.984533
-0.258763 0.303152 -0.002948 -0.029420 -0.075690 0.996697
-0.063713 0.373822 0.002676 -0.538769 0.691743 0.480852
-0.245154 0.292843 0.006812 -0.022926 -0.219505 -0.975342
-0.247991 0.246135 0.063653 0.148270 -0.966149 0.211119
-0.349890 0.221044 0.061981 0.260509 -0.965111 -0.026369
-0.348189 0.245461 0.020685 -0.132978 -0.246524 -0.959970
-0.451782 0.195952 0.060317 -0.592165 -0.805817 0.000136
-0.350286 0.247015 0.100154 -0.256634 0.218907 0.941392
-0.248270 0.280576 0.110837 -0.031491 -0.031290 0.999014
-0.245484 0.343928 0.057545 -0.271038 0.908189 0.318954
-0.263822 0.337292 0.057838 -0.423991 0.876120 0.229445
-0.407743 0.263557 0.059077 -0.565192 0.789358 -0.239734
-0.065502 0.391347 0.055631 -0.179228 0.884790 0.430143
-0.015986 0.391347 0.055631 0.028449 0.896999 0.441116
-0.016382 0.391427 0.001078 -0.045572 0.931101 0.361903
-0.034368 0.426726 -0.056665 -0.033099 0.989563 0.140249
-0.081604 0.426733 -0.056665 -0.196886 0.955373 0.220224
-0.255397 0.380597 -0.054157 -0.323644 0.933462 0.154610
-0.278648 0.372884 -0.053629 -0.380088 0.921507 0.079740
-0.439265 0.290057 -0.051107 -0.582584 0.811327 0.048423
-0.010465 0.412472 -0.110368 -0.078789 0.996881 -0.004529
-0.028297 0.426733 -0.160668 -0.036834 0.987806 -0.151269
-0.066037 0.426733 -0.160668 -0.231795 0.929457 -0.287022
-0.238247 0.375017 -0.158586 -0.331709 0.929793 -0.159544
-0.270245 0.364605 -0.157919 -0.385962 0.922332 0.018339
-0.429374 0.288399 -0.155624 -0.560648 0.824561 0.075986
-0.001988 0.391427 -0.207303 -0.088663 0.912800 -0.398666
0.009274 0.391347 -0.256379 0.030756 0.767481 -0.640333
-0.035571 0.391347 -0.256379 -0.216406 0.846773 -0.485946
-0.202332 0.337886 -0.255301 -0.309829 0.855943 -0.413966
-0.240659 0.321417 -0.257024 -0.508672 0.850288 -0.135139
-0.341260 0.258402 -0.254502 -0.712632 0.701500 -0.007278
0.190114 0.391347 -0.243034 0.117562 0.788283 -0.603978
0.168344 0.417883 -0.184594 0.022521 0.963351 -0.267298
0.163175 0.417883 -0.109635 0.037288 0.999300 -0.002893
0.163175 0.417883 -0.034668 0.041150 0.943352 0.329233
0.087871 0.050513 0.255601 -0.746050 0.196048 -0.636377
0.095650 0.003102 0.253204 -0.318516 -0.692375 -0.647429
0.022612 0.000000 0.304237 -0.962179 -0.157304 0.222412
0.106268 0.000623 0.299904 0.449313 -0.576620 0.682368
0.188552 0.044721 0.256459 0.592213 -0.523036 0.612958
0.214663 0.056819 0.243129 0.640735 -0.706354 0.300870
0.096970 0.050836 0.292674 -0.316025 0.685784 0.655613
0.500000 0.346199 -0.098139 1.000000 0.000000 -0.000000
