0 1
0 98
0 2
0 13
0 14
0 21
0 22
1 0
1 98
1 4
1 10
1 11
1 13
1 29
2 0
2 98
2 3
2 21
3 2
3 98
3 4
3 20
3 21
4 1
4 98
4 3
4 19
4 20
4 29
5 96
5 6
5 7
5 91
5 92
5 94
5 95
6 97
6 5
6 7
6 8
6 15
6 16
6 91
7 96
7 5
7 6
7 8
7 9
7 10
7 11
7 12
8 6
8 7
8 9
8 15
8 17
8 18
9 7
9 8
9 10
9 18
9 25
9 26
9 27
9 28
10 1
10 7
10 9
10 11
10 28
10 29
11 1
11 7
11 10
11 12
11 13
12 96
12 7
12 11
12 13
12 14
12 15
12 16
13 0
13 1
13 11
13 12
13 14
14 0
14 12
14 13
14 15
14 17
14 22
14 23
15 6
15 8
15 12
15 14
15 16
15 17
16 96
16 97
16 6
16 12
16 15
16 94
16 95
17 8
17 14
17 15
17 18
17 23
17 24
17 25
18 8
18 17
18 9
18 25
19 4
19 20
19 87
19 28
19 29
19 30
20 3
20 4
20 19
20 21
20 87
20 88
20 89
21 0
21 2
21 3
21 20
21 22
21 89
21 90
22 0
22 14
22 21
22 23
22 90
23 68
23 69
23 14
23 17
23 22
23 24
23 90
24 64
24 67
24 68
24 17
24 23
24 25
24 58
24 63
25 56
25 58
25 9
25 17
25 18
25 24
25 57
25 26
26 9
26 48
26 49
26 50
26 55
26 56
26 25
26 27
27 32
27 40
27 9
27 41
27 42
27 47
27 48
27 26
27 28
28 32
28 9
28 10
28 19
28 27
28 29
28 30
28 31
29 1
29 4
29 10
29 19
29 28
30 82
30 19
30 87
30 28
30 31
31 32
31 33
31 34
31 82
31 83
31 84
31 28
31 30
32 33
32 39
32 40
32 27
32 28
32 31
33 32
33 34
33 35
33 38
33 39
33 31
34 33
34 35
34 36
34 84
34 85
34 31
35 33
35 34
35 36
35 37
35 38
36 34
36 35
36 37
36 85
36 86
37 86
37 35
37 36
37 38
38 33
38 35
38 37
38 39
38 85
38 86
39 32
39 33
39 38
39 40
39 84
39 85
40 32
40 39
40 41
40 76
40 77
40 78
40 81
40 82
40 83
40 84
40 27
41 40
41 42
41 43
41 44
41 78
41 79
41 27
42 41
42 43
42 46
42 47
42 27
43 41
43 42
43 44
43 45
43 46
44 41
44 43
44 45
44 79
44 80
45 80
45 43
45 44
45 46
46 42
46 43
46 45
46 79
46 47
46 80
47 42
47 78
47 46
47 48
47 79
47 27
48 70
48 71
48 72
48 75
48 76
48 77
48 78
48 47
48 49
48 26
48 27
49 72
49 73
49 48
49 50
49 51
49 52
49 26
50 49
50 51
50 54
50 55
50 26
51 49
51 50
51 52
51 53
51 54
52 73
52 74
52 49
52 51
52 53
53 74
53 51
53 52
53 54
54 73
54 74
54 50
54 51
54 53
54 55
55 72
55 73
55 50
55 54
55 56
55 26
56 64
56 67
56 68
56 69
56 70
56 71
56 72
56 55
56 25
56 26
56 57
57 64
57 65
57 66
57 56
57 25
57 58
57 59
57 60
58 24
58 25
58 59
58 57
58 63
59 57
59 58
59 60
59 61
59 62
59 63
60 57
60 66
60 59
60 61
61 66
61 59
61 60
61 62
62 65
62 66
62 59
62 61
62 63
63 64
63 65
63 24
63 58
63 59
63 62
64 65
64 67
64 24
64 57
64 56
64 63
65 64
65 66
65 57
65 62
65 63
66 65
66 57
66 60
66 61
66 62
67 64
67 24
67 56
67 68
68 67
68 69
68 23
68 56
68 24
69 68
69 70
69 23
69 56
69 90
70 69
70 71
70 75
70 48
70 56
70 89
70 90
71 56
71 48
71 72
71 70
72 71
72 73
72 48
72 49
72 55
72 56
73 72
73 74
73 49
73 52
73 54
73 55
74 73
74 52
74 53
74 54
75 48
75 89
75 76
75 70
76 40
76 75
76 77
76 48
76 81
76 88
76 89
77 48
77 40
77 76
77 78
78 40
78 41
78 77
78 79
78 48
78 47
79 41
79 44
79 46
79 78
79 80
79 47
80 44
80 45
80 46
80 79
81 40
81 76
81 82
81 87
81 88
82 40
82 81
82 83
82 87
82 30
82 31
83 40
83 82
83 84
83 31
84 34
84 39
84 40
84 83
84 85
84 31
85 34
85 36
85 38
85 39
85 84
85 86
86 37
86 36
86 85
86 38
87 81
87 82
87 19
87 20
87 88
87 30
88 76
88 81
88 20
88 87
88 89
89 70
89 75
89 76
89 20
89 21
89 88
89 90
90 69
90 70
90 21
90 22
90 23
90 89
91 97
91 5
91 6
91 92
91 93
92 91
92 93
92 5
92 94
93 97
93 91
93 92
93 94
94 97
94 5
94 16
94 92
94 93
94 95
95 96
95 16
95 5
95 94
96 5
96 7
96 12
96 16
96 95
97 6
97 16
97 91
97 93
97 94
98 0
98 1
98 2
98 3
98 4
