0 1
0 98
0 2
0 91
0 26
0 27
1 0
1 98
1 4
1 9
1 10
1 11
1 91
2 0
2 98
2 3
2 26
2 94
3 94
3 2
3 4
3 98
4 1
4 98
4 3
4 11
4 12
4 93
4 94
5 80
5 15
5 6
5 7
6 5
6 7
6 8
6 14
6 15
6 16
7 5
7 6
7 8
7 9
7 80
7 81
7 84
7 90
8 6
8 7
8 9
8 10
8 13
8 16
8 23
8 24
9 1
9 7
9 8
9 10
9 90
9 91
10 1
10 8
10 9
10 11
10 13
11 1
11 4
11 10
11 12
11 13
12 4
12 11
12 13
12 14
12 15
12 92
12 93
13 8
13 10
13 11
13 12
13 14
13 17
13 23
14 6
14 12
14 13
14 15
14 16
14 17
15 5
15 6
15 12
15 77
15 14
15 80
15 92
16 6
16 8
16 14
16 17
16 18
16 19
16 24
17 13
17 14
17 16
17 18
17 21
17 22
17 23
18 16
18 17
18 19
18 20
18 21
19 16
19 18
19 20
19 24
19 25
20 25
20 18
20 19
20 21
21 17
21 18
21 20
21 22
21 24
21 25
22 24
22 17
22 21
22 23
23 8
23 13
23 17
23 22
23 24
24 8
24 16
24 19
24 21
24 22
24 23
24 25
25 24
25 19
25 20
25 21
26 0
26 96
26 2
26 27
26 28
26 94
26 95
27 0
27 90
27 26
27 91
27 28
27 29
28 96
28 42
28 26
28 27
28 29
28 30
29 90
29 27
29 28
29 30
29 31
30 32
30 41
30 42
30 28
30 29
30 31
31 32
31 33
31 34
31 87
31 88
31 90
31 29
31 30
32 33
32 41
32 30
32 31
33 32
33 34
33 35
33 40
33 41
33 31
34 33
34 35
34 36
34 88
34 89
34 31
35 33
35 34
35 36
35 37
35 39
35 40
36 34
36 35
36 37
36 38
36 89
37 35
37 36
37 38
37 39
38 89
38 36
38 37
38 39
39 35
39 37
39 38
39 40
39 88
39 89
40 33
40 35
40 39
40 41
40 87
40 88
41 32
41 33
41 40
41 42
41 43
41 44
41 45
41 46
41 84
41 87
41 30
42 96
42 41
42 43
42 28
42 30
43 96
43 41
43 42
43 44
43 53
43 54
43 95
44 53
44 41
44 43
44 45
45 41
45 44
45 46
45 47
45 52
45 53
46 41
46 45
46 47
46 48
46 84
46 85
46 86
47 45
47 46
47 48
47 49
47 51
47 52
48 46
48 47
48 49
48 50
48 86
49 48
49 50
49 51
49 47
50 48
50 49
50 51
50 86
51 47
51 49
51 50
51 52
51 85
51 86
52 45
52 47
52 51
52 84
52 53
52 85
53 43
53 44
53 45
53 81
53 52
53 84
53 54
53 55
53 56
53 57
53 58
54 43
54 53
54 95
54 55
55 65
55 66
55 97
55 53
55 54
55 56
55 95
56 65
56 57
56 53
56 55
57 64
57 65
57 53
57 56
57 58
57 59
58 81
58 82
58 83
58 53
58 57
58 59
58 60
59 64
59 57
59 58
59 60
59 61
59 63
60 83
60 58
60 59
60 61
60 62
61 59
61 60
61 62
61 63
62 83
62 60
62 61
62 63
63 64
63 82
63 83
63 59
63 61
63 62
64 65
64 81
64 82
64 57
64 59
64 63
65 64
65 66
65 67
65 68
65 69
65 70
65 80
65 81
65 55
65 56
65 57
66 65
66 97
66 67
66 55
66 92
67 65
67 66
67 68
67 77
67 92
68 65
68 67
68 77
68 69
69 65
69 68
69 70
69 71
69 76
69 77
70 65
70 69
70 71
70 72
70 73
70 78
70 79
70 80
71 69
71 70
71 72
71 75
71 76
72 70
72 71
72 73
72 74
72 75
73 72
73 74
73 70
73 79
74 72
74 73
74 75
74 79
75 71
75 72
75 74
75 76
75 79
76 69
76 71
76 75
76 77
76 78
76 79
77 67
77 68
77 69
77 76
77 78
77 15
77 80
77 92
78 70
78 76
78 77
78 79
78 80
79 70
79 73
79 74
79 75
79 76
79 78
80 65
80 5
80 70
80 7
80 77
80 78
80 15
80 81
81 64
81 65
81 7
81 80
81 82
81 84
81 53
81 58
82 64
82 81
82 83
82 58
82 63
83 82
83 58
83 60
83 62
83 63
84 7
84 41
84 46
84 81
84 52
84 85
84 53
84 87
84 90
85 46
85 51
85 84
85 52
85 86
86 46
86 48
86 50
86 51
86 85
87 40
87 41
87 84
87 88
87 90
87 31
88 34
88 39
88 40
88 87
88 89
88 31
89 34
89 36
89 38
89 39
89 88
90 7
90 27
90 9
90 84
90 87
90 91
90 29
90 31
91 0
91 1
91 9
91 90
91 27
92 97
92 66
92 67
92 12
92 77
92 15
92 93
93 97
93 4
93 12
93 92
93 94
94 97
94 2
94 3
94 4
94 26
94 93
94 95
95 96
95 97
95 43
95 54
95 55
95 26
95 94
96 42
96 43
96 26
96 28
96 95
97 66
97 55
97 92
97 93
97 94
97 95
98 0
98 1
98 2
98 3
98 4
