  0.500000   0.346199  -0.098139
  0.373581   0.250714   0.021919
 -0.047101   0.322246   0.044648
 -0.087737   0.350758  -0.050940
 -0.074717   0.337981  -0.149411
 -0.052550   0.331968  -0.244345
  0.272446   0.174325   0.117965
 -0.183072   0.303431   0.049894
 -0.226953   0.320439  -0.052724
 -0.217894   0.317992  -0.153490
 -0.168623   0.293250  -0.246519
  0.173778   0.080132   0.218386
 -0.307729   0.265648   0.054994
 -0.353579   0.285509  -0.054294
 -0.345954   0.282011  -0.156985
 -0.261029   0.260058  -0.247939
  0.049577   0.011353   0.290974
 -0.421413   0.221115   0.059823
 -0.463387   0.239954  -0.055636
 -0.461215   0.228559  -0.160098
 -0.342263   0.216783  -0.248965
