 -0.456381   0.596255  -0.034330
 -0.300847   0.420576   0.093529
  0.118079   0.380669   0.169241
  0.116349   0.384444   0.022517
  0.119652   0.383829  -0.115189
  0.061597   0.432754  -0.238391
 -0.176420   0.280034   0.195817
  0.223429   0.321034   0.163946
  0.243153   0.328556   0.029552
  0.245647   0.314388  -0.116652
  0.177888   0.357196  -0.245998
 -0.052619   0.138308   0.230345
  0.326940   0.225150   0.158470
  0.369182   0.222863   0.039511
  0.352917   0.214394  -0.117135
  0.270382   0.271080  -0.252442
  0.058010   0.056259   0.216473
  0.407101   0.152643   0.154206
  0.475784   0.150146   0.047251
  0.453728   0.142473  -0.117938
  0.341780   0.188721  -0.257660
