0 1
0 5
0 107
0 113
0 93
1 0
1 2
1 107
1 113
1 94
1 95
2 1
2 3
2 113
2 26
2 30
2 95
3 2
3 4
3 113
3 26
3 27
3 28
4 113
4 3
4 28
4 5
5 0
5 4
5 80
5 113
5 28
5 93
6 7
6 8
6 9
6 15
6 16
6 20
7 8
7 16
7 6
7 17
8 6
8 7
8 9
8 10
8 17
9 6
9 8
9 10
9 11
9 20
9 21
9 91
10 8
10 9
10 11
10 12
10 17
11 9
11 10
11 12
11 13
11 18
11 19
11 91
12 10
12 11
12 13
12 14
12 17
13 11
13 12
13 14
13 15
13 19
14 12
14 13
14 15
14 16
14 17
15 6
15 13
15 110
15 14
15 16
15 19
15 20
16 6
16 7
16 14
16 15
16 17
17 7
17 8
17 10
17 12
17 14
17 16
18 102
18 11
18 110
18 19
18 91
18 92
19 11
19 13
19 110
19 15
19 18
20 6
20 9
20 110
20 15
20 21
20 22
20 29
20 94
21 101
21 9
21 20
21 22
21 91
22 101
22 20
22 21
22 23
22 24
22 29
23 98
23 100
23 101
23 104
23 112
23 22
23 24
23 25
24 22
24 23
24 25
24 26
24 29
24 30
25 98
25 90
25 88
25 23
25 24
25 26
25 27
26 2
26 3
26 24
26 25
26 27
26 30
27 3
27 90
27 25
27 26
27 28
28 3
28 4
28 5
28 80
28 81
28 90
28 27
29 20
29 22
29 30
29 24
29 94
29 95
30 2
30 24
30 26
30 29
30 95
31 32
31 33
31 34
31 71
31 72
31 104
31 112
32 72
32 33
32 73
32 31
33 32
33 34
33 35
33 73
33 31
34 33
34 35
34 36
34 104
34 105
34 31
35 33
35 34
35 36
35 37
35 73
36 34
36 35
36 37
36 38
36 105
36 83
36 84
37 35
37 36
37 38
37 39
37 73
38 36
38 37
38 71
38 39
38 84
39 37
39 38
39 71
39 72
39 73
40 103
40 41
40 42
40 75
40 43
40 74
40 88
41 40
41 42
41 75
41 76
42 40
42 41
42 43
42 44
42 76
43 40
43 42
43 44
43 45
43 88
43 89
44 42
44 43
44 76
44 45
44 46
45 43
45 44
45 46
45 47
45 85
45 86
45 89
46 76
46 44
46 45
46 47
46 48
47 74
47 45
47 46
47 48
47 86
48 74
48 75
48 76
48 46
48 47
49 100
49 101
49 77
49 78
49 50
49 51
49 52
50 49
50 51
50 78
50 79
51 79
51 49
51 50
51 52
51 53
52 100
52 111
52 49
52 51
52 53
52 54
53 79
53 51
53 52
53 54
53 55
54 106
54 111
54 52
54 53
54 87
54 55
54 56
55 79
55 53
55 54
55 56
55 57
56 77
56 55
56 54
56 87
56 57
57 77
57 78
57 79
57 55
57 56
58 96
58 59
58 60
58 61
59 96
59 68
59 69
59 70
59 58
59 60
60 70
60 58
60 59
60 61
60 62
61 96
61 97
61 108
61 58
61 60
61 62
61 63
62 64
62 70
62 60
62 61
62 63
63 64
63 65
63 102
63 108
63 61
63 62
64 65
64 66
64 67
64 68
64 69
64 70
64 62
64 63
65 64
65 67
65 99
65 102
65 92
65 63
66 64
66 97
66 67
66 68
67 64
67 97
67 66
67 99
67 65
67 109
68 64
68 97
68 96
68 66
68 69
68 59
69 64
69 59
69 68
69 70
70 64
70 69
70 59
70 60
70 62
71 38
71 39
71 72
71 111
71 112
71 84
71 31
72 32
72 39
72 71
72 73
72 31
73 32
73 33
73 35
73 37
73 39
73 72
74 103
74 40
74 105
74 75
74 47
74 48
74 86
75 40
75 41
75 74
75 76
75 48
76 41
76 42
76 75
76 44
76 46
76 48
77 101
77 78
77 49
77 87
77 56
77 57
77 91
78 77
78 79
78 49
78 50
78 57
79 78
79 50
79 51
79 53
79 55
79 57
80 99
80 5
80 92
80 81
80 82
80 28
80 93
81 105
81 80
81 82
81 85
81 88
81 89
81 90
81 28
82 105
82 111
82 80
82 81
82 83
82 92
83 36
83 105
83 111
83 82
83 84
84 36
84 38
84 71
84 111
84 83
85 105
85 45
85 81
85 86
85 89
86 105
86 74
86 45
86 47
86 85
87 106
87 77
87 54
87 56
87 91
88 98
88 103
88 40
88 43
88 81
88 89
88 90
88 25
89 43
89 45
89 81
89 85
89 88
90 81
90 88
90 25
90 27
90 28
91 101
91 9
91 106
91 11
91 77
91 18
91 21
91 87
91 92
92 65
92 99
92 102
92 106
92 111
92 80
92 18
92 82
92 91
93 0
93 99
93 5
93 107
93 108
93 109
93 80
94 1
94 102
94 107
94 110
94 20
94 29
94 95
95 1
95 2
95 30
95 29
95 94
96 97
96 68
96 58
96 59
96 61
97 96
97 66
97 67
97 68
97 108
97 109
97 61
98 103
98 104
98 23
98 88
98 25
99 65
99 67
99 109
99 80
99 92
99 93
100 101
100 111
100 112
100 49
100 52
100 23
101 100
101 77
101 49
101 21
101 22
101 23
101 91
102 65
102 107
102 108
102 110
102 18
102 92
102 94
102 63
103 98
103 104
103 105
103 40
103 74
103 88
104 34
104 98
104 103
104 105
104 112
104 23
104 31
105 34
105 36
105 103
105 104
105 74
105 81
105 82
105 83
105 85
105 86
106 111
106 54
106 87
106 91
106 92
107 0
107 1
107 102
107 108
107 93
107 94
108 97
108 102
108 107
108 109
108 61
108 93
108 63
109 97
109 67
109 99
109 108
109 93
110 102
110 15
110 18
110 19
110 20
110 94
111 100
111 71
111 106
111 112
111 82
111 83
111 84
111 52
111 54
111 92
112 100
112 71
112 104
112 111
112 23
112 31
113 0
113 1
113 2
113 3
113 4
113 5
