7 8
7 16
7 17
8 7
8 10
8 17
10 8
10 12
12 10
12 14
14 12
14 17
16 7
17 7
17 8
17 14
21 101
32 33
32 72
32 73
33 32
33 35
33 73
35 33
35 73
37 39
37 73
39 37
40 74
41 42
41 75
41 76
42 41
42 44
42 76
44 42
44 76
46 47
46 48
46 76
47 46
47 48
48 46
48 47
48 75
48 76
50 51
50 78
51 50
51 53
53 51
53 55
55 53
55 79
57 78
57 79
58 60
59 68
59 96
60 58
60 70
63 102
68 59
68 96
70 60
72 32
73 32
73 33
73 35
73 37
74 40
75 41
75 48
75 76
76 41
76 42
76 44
76 46
76 48
76 75
78 50
78 57
79 55
79 57
85 105
96 59
96 68
101 21
102 63
103 104
104 103
105 85
