-0.458454 0.514793 0.159265 -0.939666 0.051307 0.338225
-0.395381 0.657201 0.158949 -0.439662 0.611689 0.657673
-0.375242 0.703345 -0.031853 -0.137798 0.989733 -0.037941
-0.398647 0.651762 -0.233260 -0.486431 0.638341 -0.596578
-0.444704 0.509354 -0.218013 -0.840185 -0.093031 -0.534261
-0.500000 0.460327 -0.040536 -0.651761 -0.711335 -0.263078
0.288425 0.360787 0.232277 0.600698 0.500420 0.623491
0.417377 0.157294 0.223015 0.537021 0.013993 0.843453
0.434383 0.151003 0.180770 0.892816 0.450320 0.009531
0.289102 0.361311 0.128696 0.616872 0.571793 -0.540853
0.418350 0.157360 0.137488 0.375163 0.006741 -0.926934
0.235892 0.285613 0.113231 -0.210678 -0.437329 -0.874276
0.356413 0.155263 0.137815 -0.371634 -0.591065 -0.715912
0.274937 0.203034 0.179154 -0.634428 -0.761106 -0.134977
0.328377 0.141305 0.179492 -0.652616 -0.732434 0.193993
0.241036 0.282402 0.245077 -0.156281 -0.281874 0.946638
0.360705 0.146482 0.227755 -0.066381 -0.277721 0.958366
0.375930 0.124977 0.180475 0.099734 -0.993278 -0.058756
0.045188 0.340003 0.179154 -0.260660 -0.963386 -0.062793
0.151304 0.286465 0.185215 -0.476129 -0.873001 0.105691
0.105979 0.492317 0.240599 0.357520 0.491817 0.793911
0.138951 0.491072 0.126031 0.792943 0.488403 -0.364286
0.115491 0.558764 0.134528 0.505084 0.847144 0.165038
0.123136 0.555815 -0.036582 0.553176 0.825485 -0.112115
-0.015962 0.604843 -0.026294 0.310373 0.947445 -0.077568
-0.031285 0.577844 -0.224457 0.307661 0.897749 -0.315264
-0.218898 0.630989 -0.214278 0.223517 0.935319 -0.274261
-0.240545 0.588788 -0.285629 0.013639 0.546610 -0.837276
-0.279196 0.471216 -0.291199 -0.303678 -0.694125 -0.652663
-0.017513 0.593899 0.178182 0.309184 0.888495 0.339091
-0.194269 0.668997 -0.026338 0.282637 0.957520 -0.057206
0.313709 0.344983 -0.078183 0.642293 0.577435 0.504012
0.447794 0.140322 -0.086014 0.537055 0.058385 0.841524
0.463609 0.134359 -0.122350 0.882479 0.470226 0.010880
0.314331 0.345638 -0.167479 0.531837 0.458169 -0.712201
0.448745 0.140322 -0.159604 0.383410 0.049443 -0.922254
0.264714 0.274735 -0.185958 -0.213449 -0.414347 -0.884735
0.390750 0.138225 -0.162760 -0.368488 -0.572196 -0.732672
0.308346 0.190452 -0.123704 -0.637407 -0.759171 -0.131797
0.364451 0.125315 -0.123683 -0.660805 -0.724612 0.195638
0.254644 0.358428 -0.215905 0.651227 0.581098 0.488087
0.355386 0.204083 -0.222098 0.552001 0.059940 0.831687
0.367640 0.199626 -0.250549 0.882786 0.469582 0.013474
0.255201 0.359083 -0.286328 0.538780 0.469228 -0.699672
0.356216 0.204410 -0.280016 0.395860 0.049342 -0.916984
0.217653 0.305468 -0.300526 -0.232760 -0.428421 -0.873085
0.312639 0.202575 -0.282451 -0.348192 -0.577309 -0.738564
0.270153 0.223283 -0.251728 -0.643735 -0.754022 -0.130599
0.292881 0.192746 -0.251543 -0.657044 -0.727247 0.198507
0.339604 0.350553 0.076151 0.627918 0.580350 0.518568
0.483039 0.130885 0.068353 0.529946 0.050078 0.846552
0.500000 0.124387 0.027539 0.883176 0.468937 0.009940
0.340183 0.350946 -0.021805 0.534662 0.453026 -0.713375
0.484098 0.131148 -0.014531 0.367664 0.036778 -0.929231
0.287115 0.275063 -0.038777 -0.212247 -0.413282 -0.885522
0.421986 0.129051 -0.014608 -0.386386 -0.574393 -0.721650
0.323790 0.195301 0.025846 -0.641860 -0.755650 -0.130415
0.394114 0.114885 0.026054 -0.664342 -0.722995 0.189545
0.008371 0.000000 0.247447 -0.341401 -0.904734 0.254757
0.036637 0.035528 0.186897 0.623538 -0.502004 -0.599327
0.053380 0.018032 0.257757 0.269548 -0.223280 0.936744
-0.138066 0.133310 0.300035 -0.183771 -0.381841 0.905774
-0.037172 0.218630 0.287977 0.467671 0.159450 0.869402
-0.108108 0.342559 0.299150 0.469823 0.173695 0.865504
-0.032366 0.229377 0.216440 0.739336 0.449745 -0.501111
-0.098180 0.309597 0.179471 0.868656 -0.025389 -0.494765
-0.084255 0.162209 0.173966 0.082888 -0.049233 -0.995342
-0.192577 0.279846 0.132114 0.195294 -0.377822 -0.905048
-0.000115 0.072618 0.158392 0.021027 0.017684 -0.999622
0.042196 0.102369 0.194597 0.754690 0.352931 -0.553067
0.070975 0.063772 0.249752 0.921926 0.345485 0.175191
0.269498 0.272179 -0.061811 -0.126875 -0.239300 0.962620
0.394704 0.130165 -0.078085 -0.035893 -0.239138 0.970322
0.409022 0.110036 -0.122711 0.104035 -0.992806 -0.059267
0.221180 0.303503 -0.203247 -0.115191 -0.223822 0.967799
0.315555 0.196481 -0.215752 -0.037824 -0.248420 0.967914
0.326564 0.181344 -0.250876 0.105489 -0.992662 -0.059116
0.292215 0.272179 0.090830 -0.146358 -0.272039 0.951091
0.426300 0.120193 0.073923 -0.060652 -0.251097 0.966060
0.441744 0.098830 0.027102 0.099010 -0.993172 -0.061689
-0.240031 0.399122 -0.015951 -0.147466 -0.927231 -0.344233
-0.087270 0.418126 -0.309406 -0.184583 -0.851868 -0.490153
-0.111276 0.396370 -0.059703 -0.134799 -0.986980 -0.087750
0.071739 0.340330 -0.123890 -0.390860 -0.917175 -0.077574
0.179241 0.277815 -0.113722 -0.513637 -0.836381 0.191424
0.072056 0.355020 -0.251892 -0.418185 -0.896782 -0.144579
0.158872 0.305272 -0.243745 -0.519517 -0.847129 0.111691
0.187258 0.287841 0.031318 -0.484277 -0.870353 0.089227
0.129340 0.457771 -0.288371 0.395443 0.537676 -0.744667
0.081339 0.380642 -0.305015 -0.034225 -0.201340 -0.978923
-0.046193 0.534256 -0.307200 0.090880 0.342558 -0.935091
0.084867 0.366226 0.101391 -0.049019 -0.994843 -0.088797
-0.144707 0.374286 0.095374 0.073323 -0.971409 -0.225805
-0.408891 0.324341 0.115164 -0.682794 -0.718873 -0.130439
-0.144259 0.524754 0.265927 -0.002152 0.359560 0.933119
-0.196519 0.660216 0.180038 0.139582 0.913289 0.382648
-0.017218 0.025568 0.189912 -0.563105 -0.775794 -0.284702
-0.132737 0.118686 0.213557 -0.549323 -0.729147 -0.408154
0.094336 0.530324 -0.197797 0.543916 0.784925 -0.296730
-0.222338 0.312153 0.072908 0.126550 -0.697980 -0.704847
0.161668 0.491661 -0.028216 0.667556 0.611506 -0.424770
0.157824 0.492644 0.082519 0.576828 0.417123 0.702337
-0.080902 0.394076 0.287639 0.077636 -0.139265 0.987207
0.131590 0.468988 -0.215730 0.647934 0.430864 0.628122
0.147579 0.476655 -0.171891 0.682681 0.588792 -0.432746
0.083895 0.374548 -0.194291 -0.208469 -0.895265 -0.393753
0.079745 0.345442 0.025879 -0.312893 -0.927753 -0.203404
-0.382352 0.414259 0.254677 -0.414672 0.111617 0.903099
-0.265861 0.251996 0.309406 -0.517546 -0.356832 0.777700
-0.289539 0.236651 0.164748 -0.434906 -0.831657 -0.345259
0.048061 0.366226 0.247633 0.004874 -0.226645 0.973965
0.092862 0.381953 -0.049644 -0.125071 -0.956264 -0.264417
0.148868 0.486878 -0.073323 0.607950 0.414040 0.677471
-0.456381 0.596255 -0.034330 -0.906825 0.421101 -0.018474
