  0.456308   0.596209  -0.028478
  0.308121   0.441736   0.097062
 -0.095283   0.406895   0.170870
 -0.092493   0.409435   0.022362
 -0.105806   0.416729  -0.124461
 -0.078632   0.414046  -0.244436
  0.189572   0.318158   0.197495
 -0.228667   0.324326   0.169953
 -0.228041   0.335145   0.028044
 -0.237790   0.316861  -0.120833
 -0.195560   0.345562  -0.243527
  0.070009   0.161196   0.234326
 -0.324508   0.222750   0.169697
 -0.362768   0.227084   0.035113
 -0.350910   0.217986  -0.117363
 -0.277543   0.264943  -0.242286
 -0.059275   0.077473   0.230822
 -0.400258   0.140753   0.169485
 -0.475499   0.127655   0.041449
 -0.448266   0.131252  -0.114330
 -0.349556   0.200401  -0.241311
