0.265857 0.251846 0.309535 0.475892 -0.315333 0.821031
0.108160 0.342663 0.299269 -0.269825 0.305632 0.913118
0.057793 0.242869 0.302972 -0.420028 0.155234 0.894136
0.138214 0.133169 0.300187 0.359693 -0.567498 0.740653
-0.053261 0.017899 0.257836 -0.252284 -0.247750 0.935400
-0.008507 0.000000 0.247483 0.445817 -0.872755 0.198860
-0.036476 0.035394 0.186708 -0.625823 -0.500257 -0.598405
0.017233 0.025435 0.189810 0.455824 -0.600542 -0.656943
0.000197 0.072351 0.158543 -0.092145 -0.011754 -0.995676
0.084364 0.162131 0.174029 -0.123778 -0.031821 -0.991800
0.098255 0.309573 0.179348 -0.811698 0.081422 -0.578375
0.192742 0.279956 0.132017 -0.199901 -0.458630 -0.865851
0.032249 0.229360 0.216478 -0.804883 0.477765 -0.352001
-0.041914 0.102427 0.194375 -0.757399 0.480922 -0.441657
-0.070811 0.063963 0.249918 -0.928298 0.294776 0.226650
-0.340392 0.350854 -0.021716 -0.633946 0.581696 -0.509649
-0.483946 0.131072 -0.014508 -0.477501 0.021560 -0.878366
-0.500000 0.124519 0.027657 -0.883246 0.468785 0.010797
-0.339387 0.350461 0.076244 -0.511365 0.435681 0.740735
-0.483095 0.130810 0.068425 -0.386771 0.057152 0.920403
-0.292133 0.272158 0.090900 0.216150 -0.415663 0.883461
-0.426110 0.120118 0.073994 0.375171 -0.565191 0.734715
-0.327057 0.184868 0.026226 0.660842 -0.738522 0.133688
-0.393980 0.114942 0.026106 0.613735 -0.736492 -0.284446
-0.254925 0.358925 -0.286033 -0.636872 0.563265 -0.526428
-0.356129 0.204329 -0.279896 -0.502295 0.029922 -0.864179
-0.367508 0.199742 -0.250420 -0.882650 0.469880 0.011909
-0.254368 0.358466 -0.215922 -0.536385 0.447503 0.715564
-0.355375 0.204067 -0.221939 -0.414869 0.073578 0.906901
-0.221103 0.303479 -0.203155 0.202311 -0.393860 0.896630
-0.315449 0.196400 -0.215638 0.376528 -0.576971 0.724797
-0.246276 0.241624 -0.251556 0.642308 -0.755760 0.127542
-0.292755 0.192862 -0.251502 0.617826 -0.739670 -0.266794
-0.314247 0.345678 -0.167313 -0.632400 0.566181 -0.528686
-0.448312 0.140311 -0.159635 -0.487406 0.029734 -0.872669
-0.463459 0.134217 -0.122264 -0.882657 0.469919 0.009682
-0.313636 0.344957 -0.078024 -0.542883 0.446627 0.711198
-0.447700 0.140049 -0.086007 -0.402291 0.071112 0.912746
-0.269417 0.272158 -0.061730 0.199370 -0.372715 0.906275
-0.394581 0.130155 -0.077926 0.368980 -0.565453 0.737642
-0.302507 0.190372 -0.123673 0.666417 -0.733354 0.134460
-0.364396 0.125360 -0.123597 0.615448 -0.738059 -0.276573
-0.287033 0.275041 -0.038698 0.133102 -0.261500 -0.955982
-0.421840 0.128844 -0.014727 0.043102 -0.240368 -0.969724
-0.441715 0.098692 0.027177 -0.099677 -0.993171 -0.060628
-0.217576 0.305445 -0.300427 0.139632 -0.263630 -0.954464
-0.312402 0.202560 -0.282353 0.019168 -0.239493 -0.970709
-0.326249 0.181330 -0.250726 -0.105265 -0.992675 -0.059299
-0.264634 0.274714 -0.185867 0.143547 -0.264569 -0.953623
-0.390595 0.138214 -0.162824 0.016981 -0.229662 -0.973122
-0.408931 0.110290 -0.122450 -0.102124 -0.992924 -0.060604
0.289632 0.236578 0.164790 0.480271 -0.829815 -0.284159
0.132819 0.118415 0.213661 0.500115 -0.718988 -0.482640
-0.081273 0.380613 -0.304915 0.052282 -0.246658 -0.967691
-0.071990 0.354993 -0.251796 0.420244 -0.902252 0.096623
-0.155032 0.302955 -0.248444 0.518445 -0.842943 -0.143745
-0.197427 0.283363 0.025953 0.513332 -0.844769 -0.151178
-0.083828 0.374519 -0.194200 0.242833 -0.957005 -0.158662
-0.071674 0.340304 -0.123804 0.376168 -0.908811 0.180443
-0.187260 0.280218 -0.117776 0.515735 -0.843880 -0.147932
0.144537 0.374323 0.095475 -0.092433 -0.965412 -0.243796
0.222381 0.312129 0.072979 -0.063277 -0.714581 -0.696685
0.239997 0.398960 -0.015786 0.145311 -0.908234 -0.392424
0.408920 0.324316 0.115231 0.618723 -0.757244 -0.209195
0.500000 0.460423 -0.040478 0.802383 -0.569529 -0.178379
0.382382 0.414228 0.254734 0.514623 0.053921 0.855719
0.458457 0.514492 0.159461 0.929040 0.149375 0.338484
-0.289118 0.361349 0.128544 -0.659030 0.595973 -0.458798
-0.418247 0.157348 0.137728 -0.483252 -0.015489 -0.875344
-0.434322 0.150795 0.181008 -0.893062 0.449823 0.009969
-0.288507 0.360825 0.232128 -0.512507 0.442466 0.735908
-0.417231 0.157020 0.223031 -0.393527 0.028191 0.918881
-0.240958 0.282380 0.245135 0.212578 -0.411316 0.886358
-0.360617 0.146536 0.227858 0.381211 -0.586815 0.714372
-0.262723 0.209637 0.179315 0.669333 -0.729443 0.141092
-0.328117 0.141228 0.179304 0.612071 -0.744799 -0.265787
-0.235814 0.285591 0.113298 0.126071 -0.262450 -0.956674
-0.356282 0.155054 0.137848 0.045930 -0.267982 -0.962328
0.087159 0.418094 -0.309535 0.233304 -0.773635 -0.589116
0.111546 0.396339 -0.059677 0.173965 -0.977433 -0.119837
0.017572 0.593723 0.178245 -0.304992 0.882691 0.357541
0.144286 0.524910 0.266026 0.026857 0.392742 0.919257
-0.045125 0.339977 0.179217 0.255480 -0.963816 0.076086
0.080956 0.394046 0.287693 -0.137491 -0.224168 0.964803
-0.170070 0.281266 0.179642 0.486783 -0.860344 -0.151165
-0.092794 0.381924 -0.049564 0.136107 -0.989195 0.054480
0.395739 0.656954 0.158958 0.351649 0.724716 0.592562
-0.375863 0.125033 0.180614 -0.098754 -0.993384 -0.058613
-0.105910 0.492279 0.240657 -0.387600 0.511230 0.767079
-0.138880 0.491034 0.126098 -0.684370 0.428687 -0.589801
-0.047997 0.366198 0.247690 -0.025285 -0.257881 0.965846
-0.123165 0.555707 -0.036448 -0.479509 0.874897 -0.068020
-0.115390 0.558918 0.134692 -0.621801 0.757898 0.197370
0.015879 0.604731 -0.026379 -0.343662 0.937852 -0.048274
0.196521 0.660231 0.180232 -0.182517 0.923388 0.337702
0.194457 0.669142 -0.026347 -0.203512 0.976252 -0.074267
0.375251 0.703160 -0.031862 0.268213 0.963293 -0.011299
-0.094367 0.530218 -0.197585 -0.513979 0.823880 -0.238844
0.031299 0.577669 -0.224320 -0.326628 0.901085 -0.285237
0.218843 0.630941 -0.214229 -0.193188 0.917436 -0.347835
0.398753 0.651516 -0.233144 0.342466 0.825122 -0.449323
0.240488 0.588743 -0.285586 0.132425 0.282114 -0.950197
0.444850 0.509184 -0.218095 0.645295 -0.509992 -0.568772
0.279290 0.471245 -0.290904 0.286044 -0.838126 -0.464460
0.046031 0.534281 -0.307056 -0.146238 0.463616 -0.873885
-0.129270 0.457736 -0.288272 -0.380537 0.548009 -0.744901
-0.147508 0.476618 -0.171801 -0.490805 0.432937 -0.756092
-0.131520 0.468952 -0.215638 -0.741254 0.588407 0.322985
-0.161596 0.491624 -0.028138 -0.610890 0.456259 -0.647024
-0.157752 0.492607 0.082589 -0.648039 0.573207 0.501477
-0.148797 0.486840 -0.073241 -0.743738 0.617430 0.256191
-0.084800 0.366198 0.101460 0.047162 -0.934879 0.351819
-0.079678 0.345415 0.025953 0.305806 -0.952069 0.006943
0.456308 0.596209 -0.028478 0.906843 0.421063 -0.018490
