0 65
0 1
0 2
0 3
0 51
0 63
1 0
1 65
1 2
1 10
1 12
1 83
2 0
2 1
2 3
2 4
2 12
2 13
2 14
3 0
3 2
3 4
3 5
3 51
3 52
4 2
4 3
4 5
4 6
4 14
5 3
5 4
5 6
5 7
5 52
6 4
6 5
6 7
6 8
6 13
6 14
7 5
7 6
7 8
7 9
7 52
8 9
8 13
8 6
8 7
9 7
9 8
9 10
9 11
9 12
9 13
9 52
10 1
10 9
10 11
10 12
10 83
10 60
11 9
11 10
11 51
11 52
11 60
11 61
12 1
12 2
12 9
12 10
12 13
13 2
13 6
13 8
13 9
13 12
13 14
14 2
14 4
14 13
14 6
15 42
15 43
15 108
15 109
15 16
15 17
15 18
16 17
16 43
16 44
16 15
17 44
17 15
17 16
17 18
17 19
18 109
18 15
18 111
18 17
18 19
18 20
19 44
19 17
19 18
19 20
19 21
20 111
20 112
20 18
20 19
20 21
20 22
20 56
21 44
21 19
21 20
21 22
21 23
22 42
22 20
22 21
22 23
22 56
23 42
23 43
23 44
23 21
23 22
24 105
24 107
24 45
24 46
24 25
24 26
24 27
25 24
25 26
25 46
25 47
26 47
26 24
26 25
26 27
26 28
27 107
27 24
27 57
27 26
27 28
27 29
28 47
28 26
28 27
28 29
28 30
29 54
29 55
29 57
29 27
29 28
29 30
29 31
30 32
30 47
30 28
30 29
30 31
31 32
31 45
31 55
31 29
31 30
32 45
32 46
32 47
32 30
32 31
33 34
33 35
33 36
33 106
33 110
33 48
33 49
34 33
34 50
34 35
34 49
35 33
35 34
35 36
35 37
35 50
36 33
36 35
36 37
36 38
36 110
36 85
37 35
37 36
37 38
37 39
37 50
38 36
38 37
38 39
38 40
38 85
38 58
38 59
39 37
39 38
39 40
39 41
39 50
40 38
40 39
40 41
40 48
40 59
41 39
41 40
41 48
41 49
41 50
42 43
42 108
42 15
42 85
42 22
42 23
42 56
43 42
43 44
43 15
43 16
43 23
44 43
44 16
44 17
44 19
44 21
44 23
45 32
45 105
45 46
45 53
45 55
45 24
45 31
46 32
46 45
46 47
46 24
46 25
47 32
47 46
47 25
47 26
47 28
47 30
48 33
48 40
48 41
48 106
48 49
48 57
48 59
49 33
49 34
49 41
49 48
49 50
50 34
50 35
50 37
50 39
50 41
50 49
51 0
51 3
51 11
51 52
51 61
51 63
52 3
52 5
52 7
52 9
52 11
52 51
53 104
53 105
53 45
53 78
53 54
53 55
54 78
54 53
54 55
54 57
54 29
55 45
55 53
55 54
55 29
55 31
56 42
56 112
56 20
56 85
56 22
57 27
57 106
57 107
57 78
57 79
57 48
57 54
57 58
57 59
57 29
58 38
58 79
58 85
58 57
58 59
59 38
59 40
59 48
59 57
59 58
60 10
60 11
60 111
60 79
60 112
60 82
60 83
60 85
60 61
60 62
61 11
61 51
61 60
61 62
61 63
62 64
62 102
62 103
62 79
62 60
62 61
62 63
63 64
63 65
63 0
63 51
63 61
63 62
64 65
64 66
64 102
64 113
64 62
64 63
65 64
65 0
65 66
65 1
65 81
65 83
65 86
65 63
66 64
66 65
66 86
66 113
67 68
67 69
67 70
67 76
67 77
67 88
67 89
68 67
68 77
68 69
68 87
69 67
69 68
69 70
69 71
69 87
70 67
70 69
70 71
70 72
70 88
70 90
71 69
71 70
71 72
71 73
71 87
72 70
72 71
72 73
72 74
72 82
72 84
72 90
73 71
73 72
73 74
73 75
73 87
74 72
74 73
74 75
74 76
74 84
75 73
75 74
75 76
75 77
75 87
76 67
76 74
76 75
76 77
76 111
76 84
76 89
77 67
77 68
77 75
77 76
77 87
78 101
78 103
78 104
78 79
78 53
78 54
78 57
79 103
79 78
79 85
79 57
79 58
79 60
79 62
80 81
80 88
80 91
80 92
80 93
80 94
81 65
81 80
81 83
81 86
81 88
81 94
82 72
82 111
82 83
82 84
82 90
82 60
83 65
83 1
83 10
83 81
83 82
83 88
83 90
83 60
84 72
84 74
84 76
84 111
84 82
85 36
85 38
85 42
85 108
85 110
85 79
85 112
85 56
85 58
85 60
86 96
86 65
86 66
86 81
86 113
86 94
86 95
87 68
87 69
87 71
87 73
87 75
87 77
88 67
88 70
88 80
88 81
88 83
88 89
88 90
88 92
89 67
89 76
89 109
89 111
89 88
89 92
90 70
90 72
90 82
90 83
90 88
91 97
91 108
91 110
91 80
91 92
91 93
92 108
92 109
92 80
92 88
92 89
92 91
93 97
93 98
93 80
93 91
93 94
93 95
94 80
94 81
94 86
94 93
94 95
95 96
95 98
95 99
95 100
95 86
95 93
95 94
96 113
96 100
96 86
96 95
97 98
97 105
97 106
97 107
97 110
97 91
97 93
98 97
98 99
98 104
98 105
98 93
98 95
99 98
99 100
99 101
99 104
99 95
100 96
100 99
100 101
100 102
100 113
100 95
101 99
101 100
101 102
101 103
101 104
101 78
102 64
102 100
102 101
102 103
102 113
102 62
103 101
103 102
103 78
103 79
103 62
104 98
104 99
104 101
104 105
104 78
104 53
105 97
105 98
105 104
105 107
105 45
105 53
105 24
106 97
106 33
106 107
106 110
106 48
106 57
107 97
107 105
107 106
107 24
107 57
107 27
108 42
108 109
108 110
108 15
108 85
108 91
108 92
109 108
109 15
109 111
109 18
109 89
109 92
110 97
110 33
110 36
110 106
110 108
110 85
110 91
111 76
111 109
111 112
111 82
111 18
111 84
111 20
111 89
111 60
112 111
112 20
112 85
112 56
112 60
113 96
113 64
113 66
113 100
113 102
113 86
