  0.275600   0.925749  -0.076067
  0.215813   0.731708   0.042676
 -0.159057   0.364762   0.096660
 -0.231975   0.319836  -0.007707
 -0.215364   0.430837  -0.098713
  0.167984   0.576474   0.137671
 -0.182091   0.233648   0.095057
 -0.238042   0.197870  -0.028054
 -0.283346   0.300056  -0.173484
  0.128222   0.427880   0.204565
 -0.147341   0.117025   0.071376
 -0.246034   0.087282  -0.045487
 -0.273466   0.266779  -0.202218
  0.099272   0.327847   0.259714
 -0.154498   0.034027   0.067594
 -0.253011   0.010358  -0.057041
 -0.305724   0.186621  -0.251401
