 -0.275399   0.925789  -0.077921
 -0.217821   0.729067   0.045195
  0.182486   0.344425   0.108218
  0.238707   0.255066  -0.017810
  0.286449   0.326968  -0.202917
 -0.171759   0.571690   0.143689
  0.187240   0.218105   0.093375
  0.252707   0.160923  -0.028717
  0.275783   0.270632  -0.219801
 -0.123323   0.423944   0.205595
  0.149293   0.114628   0.065620
  0.248120   0.066871  -0.046441
  0.287564   0.220306  -0.225671
 -0.087160   0.335537   0.255955
  0.155981   0.030415   0.056645
  0.250425   0.013203  -0.054744
  0.308053   0.194441  -0.223079
