0 1
0 2
0 3
0 4
0 84
0 89
1 0
1 2
1 3
1 55
1 27
1 28
1 29
2 0
2 1
2 84
2 29
3 0
3 1
3 4
3 5
3 81
3 55
4 0
4 3
4 5
4 6
4 88
4 89
5 3
5 4
5 6
5 7
5 81
5 23
6 4
6 5
6 7
6 8
6 88
6 90
6 91
7 67
7 5
7 6
7 8
7 9
7 22
7 23
7 31
8 6
8 7
8 9
8 10
8 56
8 91
9 32
9 7
9 8
9 10
9 11
9 31
10 8
10 9
10 11
10 12
10 79
10 56
10 57
11 32
11 9
11 10
11 12
11 78
11 47
11 58
11 28
12 10
12 11
12 79
12 58
12 59
12 60
13 14
13 15
13 16
13 17
13 80
14 16
14 13
14 15
15 13
15 14
15 80
15 16
15 18
15 21
15 24
15 25
16 13
16 14
16 15
16 17
16 18
17 13
17 16
17 80
17 18
17 19
18 15
18 16
18 17
18 19
18 20
18 24
19 80
19 17
19 18
19 20
19 21
20 18
20 19
20 21
20 22
20 24
20 26
21 15
21 80
21 19
21 20
21 22
21 23
21 25
21 27
22 67
22 70
22 7
22 20
22 21
22 23
22 26
23 5
23 7
23 76
23 81
23 21
23 22
23 53
23 27
24 15
24 18
24 20
24 25
24 26
25 15
25 21
25 24
25 26
25 27
26 65
26 70
26 47
26 20
26 22
26 24
26 25
26 27
26 28
27 1
27 76
27 77
27 23
27 21
27 54
27 55
27 25
27 26
27 28
28 1
28 11
28 78
28 47
28 26
28 27
28 29
29 1
29 2
29 78
29 84
29 85
29 86
29 28
30 32
30 33
30 34
30 37
30 47
30 63
30 61
30 31
31 32
31 33
31 67
31 7
31 9
31 30
32 9
32 11
32 47
32 30
32 31
33 34
33 35
33 66
33 67
33 30
33 31
34 33
34 35
34 36
34 68
34 61
34 30
35 33
35 34
35 66
35 36
35 37
35 63
36 34
36 35
36 68
36 37
36 38
37 35
37 36
37 38
37 61
37 30
37 63
38 36
38 37
38 68
38 61
38 62
39 40
39 41
39 42
39 43
40 41
40 42
40 69
40 39
41 64
41 65
41 69
41 39
41 40
41 43
41 46
42 64
42 69
42 39
42 40
42 43
42 44
43 65
43 70
43 39
43 41
43 42
43 44
43 45
44 64
44 42
44 43
44 45
44 46
45 67
45 70
45 43
45 44
45 46
45 47
46 64
46 65
46 41
46 44
46 45
46 47
47 32
47 65
47 66
47 67
47 11
47 45
47 46
47 26
47 28
47 30
47 63
48 72
48 49
48 50
48 51
48 52
49 71
49 76
49 77
49 48
49 50
49 51
49 54
50 71
50 72
50 48
50 49
50 82
51 76
51 48
51 49
51 52
51 53
52 71
52 72
52 48
52 51
52 53
52 54
53 76
53 81
53 51
53 52
53 23
53 54
53 55
54 71
54 77
54 49
54 52
54 53
54 55
54 27
55 1
55 3
55 81
55 53
55 54
55 27
56 8
56 10
56 86
56 57
56 58
56 91
57 73
57 10
57 75
57 79
57 56
57 58
57 59
58 11
58 12
58 78
58 86
58 56
58 57
58 59
59 74
59 75
59 12
59 83
59 57
59 58
59 60
60 73
60 74
60 12
60 79
60 59
61 34
61 68
61 37
61 38
61 30
61 62
62 68
62 61
62 38
63 66
63 35
63 37
63 47
63 30
64 69
64 41
64 42
64 44
64 46
65 70
65 41
65 43
65 46
65 47
65 26
66 33
66 67
66 35
66 47
66 63
67 33
67 66
67 70
67 7
67 45
67 47
67 22
67 31
68 34
68 36
68 38
68 61
68 62
69 64
69 41
69 42
69 40
70 65
70 67
70 43
70 45
70 22
70 26
71 72
71 49
71 82
71 50
71 52
71 54
72 71
72 48
72 50
72 82
72 52
73 74
73 75
73 79
73 57
73 60
74 73
74 75
74 83
74 59
74 60
75 73
75 74
75 83
75 57
75 59
76 77
76 49
76 51
76 53
76 23
76 27
77 49
77 27
77 76
77 54
78 11
78 86
78 58
78 28
78 29
79 73
79 10
79 12
79 57
79 60
80 13
80 15
80 17
80 19
80 21
81 3
81 5
81 23
81 53
81 55
82 72
82 50
82 71
83 59
83 74
83 75
84 0
84 2
84 85
84 89
84 92
84 29
85 84
85 86
85 87
85 92
85 29
86 78
86 85
86 87
86 56
86 58
86 91
86 29
87 85
87 86
87 88
87 89
87 90
87 91
87 92
88 4
88 6
88 87
88 89
88 90
89 0
89 4
89 84
89 87
89 88
89 92
90 88
90 91
90 6
90 87
91 6
91 8
91 86
91 87
91 56
91 90
92 89
92 84
92 85
92 87
