0 1
0 2
0 3
0 4
0 82
1 0
1 33
1 2
1 3
1 68
1 6
1 8
1 82
2 0
2 1
2 82
3 0
3 1
3 4
3 5
3 68
4 0
4 3
4 5
4 6
4 82
5 3
5 4
5 68
5 6
5 7
6 1
6 4
6 5
6 7
6 8
6 82
7 67
7 68
7 5
7 6
7 8
7 9
8 33
8 1
8 6
8 7
8 9
9 33
9 34
9 67
9 7
9 8
9 20
9 58
9 59
9 60
10 66
10 11
10 12
10 13
10 14
11 10
11 12
11 13
12 66
12 10
12 11
12 13
12 15
12 54
13 10
13 11
13 12
13 14
13 15
14 66
14 10
14 13
14 15
14 16
15 12
15 13
15 14
15 16
15 17
15 54
16 66
16 14
16 15
16 17
16 18
16 56
17 15
17 16
17 18
17 54
17 58
18 16
18 17
18 56
18 57
18 58
19 20
19 21
19 22
19 23
19 92
20 34
20 35
20 9
20 19
20 21
20 22
20 58
21 35
21 36
21 19
21 20
21 84
21 90
21 92
22 71
22 72
22 19
22 20
22 55
22 23
22 24
22 58
23 19
23 83
23 22
23 24
23 25
23 92
23 30
24 32
24 72
24 22
24 23
24 25
24 26
25 23
25 24
25 26
25 27
25 28
25 29
25 30
26 32
26 24
26 25
26 27
26 31
27 25
27 26
27 28
27 29
27 31
28 25
28 27
28 29
29 25
29 27
29 28
29 30
29 31
30 32
30 72
30 83
30 23
30 25
30 29
30 31
31 32
31 26
31 27
31 29
31 30
32 72
32 24
32 26
32 30
32 31
33 1
33 34
33 68
33 8
33 9
34 64
34 65
34 33
34 35
34 68
34 9
34 41
34 43
34 75
34 20
35 34
35 36
35 73
35 74
35 75
35 20
35 21
36 73
36 35
36 84
36 21
37 64
37 65
37 38
37 39
37 40
37 41
37 62
38 69
38 37
38 70
38 40
38 39
39 37
39 70
39 38
39 62
39 63
40 69
40 37
40 38
40 41
40 42
41 65
41 34
41 37
41 40
41 42
41 43
42 64
42 69
42 40
42 41
42 75
42 43
42 44
43 34
43 67
43 68
43 41
43 42
43 44
43 77
43 79
44 42
44 75
44 43
44 77
44 74
45 48
45 49
45 46
45 47
46 45
46 47
46 48
46 81
46 51
46 52
46 59
47 81
47 45
47 46
47 49
48 45
48 46
48 49
48 50
48 59
48 60
48 61
49 45
49 47
49 48
49 81
49 50
49 51
50 48
50 49
50 51
50 52
50 61
51 46
51 81
51 49
51 50
51 52
52 46
52 50
52 51
52 58
52 59
52 61
53 71
53 79
53 54
53 55
53 56
53 57
54 66
54 12
54 15
54 17
54 53
54 55
54 56
54 58
55 71
55 53
55 54
55 22
55 58
56 66
56 16
56 18
56 53
56 54
56 57
57 67
57 79
57 18
57 53
57 56
57 58
57 60
57 61
58 9
58 17
58 18
58 52
58 20
58 54
58 55
58 22
58 57
58 59
58 61
59 9
59 46
59 48
59 52
59 58
59 60
60 67
60 9
60 48
60 57
60 59
60 61
61 48
61 50
61 52
61 57
61 58
61 60
62 64
62 37
62 70
62 39
62 69
62 63
63 70
63 62
63 39
64 65
64 34
64 37
64 69
64 42
64 75
64 62
65 64
65 41
65 34
65 37
66 10
66 12
66 14
66 16
66 54
66 56
67 68
67 7
67 9
67 43
67 79
67 57
67 60
68 1
68 34
68 67
68 3
68 5
68 33
68 7
68 43
69 64
69 70
69 38
69 40
69 42
69 62
70 69
70 38
70 39
70 62
70 63
71 72
71 79
71 80
71 53
71 22
71 55
72 32
72 71
72 80
72 83
72 22
72 24
72 30
73 35
73 36
73 74
73 76
73 84
73 85
74 35
74 73
74 75
74 44
74 76
74 77
75 64
75 34
75 35
75 74
75 42
75 44
76 73
76 74
76 77
76 78
76 85
76 86
77 74
77 43
77 76
77 44
77 78
77 79
78 76
78 77
78 79
78 80
78 86
78 87
78 88
79 67
79 71
79 43
79 77
79 78
79 80
79 53
79 57
80 71
80 72
80 78
80 79
80 83
80 88
81 49
81 51
81 46
81 47
82 0
82 1
82 2
82 4
82 6
83 72
83 80
83 23
83 88
83 92
83 30
84 36
84 73
84 21
84 85
84 90
84 91
85 73
85 76
85 84
85 86
85 89
85 91
86 76
86 78
86 85
86 87
86 89
87 88
87 78
87 86
87 89
88 78
88 80
88 83
88 87
88 89
88 92
89 85
89 86
89 87
89 88
89 90
89 91
89 92
90 84
90 21
90 89
90 91
90 92
91 89
91 90
91 84
91 85
92 83
92 19
92 21
92 23
92 88
92 89
92 90
