0.007379 0.846816 -0.238144 0.333943 0.490925 -0.804658
-0.003281 0.641391 -0.292651 -0.306634 -0.530876 -0.790030
-0.100471 0.738196 -0.290436 -0.383979 -0.239009 -0.891872
0.103768 0.746901 -0.241035 0.604915 0.450950 -0.656294
0.000525 0.844153 -0.141089 0.708480 0.696213 0.115515
0.109738 0.737250 -0.130626 0.719032 0.654673 0.233231
-0.045818 0.820150 0.005429 0.643451 0.622813 0.445057
0.068730 0.697562 0.025990 0.639220 0.629672 0.441487
-0.109322 0.779276 0.138250 0.466717 0.516538 0.717889
-0.010873 0.640590 0.172092 0.200500 0.117931 0.972570
-0.079338 0.591054 0.165831 0.732781 0.209008 0.647570
-0.158015 0.502382 0.085479 -0.428249 -0.846180 -0.317148
-0.153481 0.474925 0.095661 -0.175032 -0.393592 -0.902469
0.302682 0.113060 -0.180256 0.471759 -0.291902 -0.832008
0.228414 0.153632 -0.198217 -0.510890 -0.087266 -0.855206
0.254852 0.279537 -0.168670 -0.319868 0.094127 -0.942775
0.215154 0.136056 -0.130314 -0.953650 -0.276573 0.118573
0.288683 0.095786 -0.112405 0.370377 -0.571672 0.732128
0.238347 0.263500 -0.083586 -0.616459 -0.245127 0.748259
0.334153 0.257696 -0.049245 0.638195 -0.104239 0.762785
0.283858 0.424276 -0.021206 0.153736 -0.075854 0.985196
0.305168 0.435092 -0.123336 0.909098 0.364701 -0.201331
0.216142 0.574736 -0.007457 0.807613 0.543531 0.228771
0.206543 0.601277 -0.114205 0.787343 0.604678 -0.120233
0.193699 0.369165 -0.067476 -0.818777 -0.436900 0.372454
0.213719 0.378817 -0.170033 -0.861946 -0.505465 -0.039431
0.125796 0.488882 -0.061112 -0.592919 -0.661009 -0.459906
0.126368 0.524462 -0.161650 -0.596880 -0.740644 -0.308514
-0.047492 0.589484 -0.104522 -0.441505 -0.765275 -0.468430
-0.163527 0.701203 -0.125541 -0.625003 -0.629501 -0.461627
0.104694 0.305225 0.131095 -0.806624 -0.368280 0.462307
0.096436 0.535756 0.167630 0.152937 0.203876 0.966977
-0.005756 0.439180 0.106623 -0.490730 -0.572940 0.656449
0.196059 0.361397 0.178311 0.480407 0.126593 0.867861
0.218503 0.195524 0.158509 0.321873 -0.328789 0.887860
0.259709 0.210916 0.079218 0.934632 -0.033557 -0.354029
0.175280 0.025158 0.025761 0.784392 -0.394687 -0.478489
0.162280 0.217967 0.038491 -0.195306 0.138398 -0.970928
0.105307 0.089993 0.003567 -0.656155 0.026396 -0.754164
0.297680 0.009787 -0.082619 0.617095 -0.116319 -0.778244
0.219013 0.037108 -0.105926 -0.370881 -0.305976 -0.876827
0.232096 0.200370 -0.074476 -0.397896 0.138937 -0.906849
0.264971 0.000000 -0.018460 0.247948 -0.567649 0.785045
0.333997 0.193995 -0.038200 0.966158 0.038097 -0.255122
0.291804 0.178593 0.042693 0.187619 -0.253985 0.948836
0.261019 0.363622 0.079822 0.282578 -0.038356 0.958477
0.169653 0.307451 0.032594 -0.836558 -0.324361 0.441544
0.082884 0.461208 0.028694 -0.492283 -0.709924 -0.503652
0.290327 0.172789 -0.211810 0.285230 -0.595104 0.751329
0.234613 0.332027 -0.184718 -0.628359 -0.275249 0.727601
0.208488 0.216886 -0.230812 -0.918334 -0.347845 0.188854
0.338584 0.325381 -0.148775 0.554539 -0.136229 0.820932
0.356358 0.340149 -0.228690 0.802536 0.045602 -0.594858
0.309931 0.482133 -0.215555 0.755930 0.420519 -0.501731
0.214104 0.416955 -0.256354 -0.396039 -0.188037 -0.898774
0.118464 0.555527 -0.249189 0.082710 -0.086270 -0.992833
-0.206002 0.687245 0.216948 -0.206685 0.302870 0.930350
-0.128115 0.480843 0.266776 0.111697 0.201166 0.973168
-0.309370 0.588391 0.166486 -0.918588 -0.282922 0.275956
-0.205326 0.404079 0.218955 -0.908218 -0.380597 0.174029
-0.127480 0.375250 0.131781 0.033094 -0.372425 -0.927472
0.121656 0.202887 0.117356 -0.858518 0.047940 0.510537
0.072411 0.083535 0.070607 -0.945082 -0.153803 0.288383
0.150652 0.331964 0.042360 -0.037119 -0.051343 -0.997991
0.190142 0.184458 0.006344 -0.773974 -0.203156 0.599743
0.213896 0.332911 -0.057191 -0.249234 -0.085045 -0.964702
0.241238 0.387189 0.089307 0.815724 0.217153 -0.536134
0.173231 0.547061 0.082338 0.694008 0.441163 0.568971
0.144329 0.019459 0.093831 -0.246396 -0.605556 0.756698
0.186065 0.027831 -0.041705 -0.984978 -0.170030 -0.030135
0.306000 0.388791 -0.009911 0.864974 0.336448 -0.372321
0.247831 0.338069 -0.261097 -0.283647 0.213255 -0.934915
0.305563 0.189949 -0.273712 0.404847 -0.279021 -0.870773
-0.040098 0.360180 0.206735 0.995377 -0.095732 0.007739
-0.116893 0.311184 0.162274 -0.025726 -0.876445 -0.480815
-0.079369 0.341512 0.292651 0.189338 -0.327045 0.925847
0.289287 0.475352 -0.124168 0.514777 0.137548 0.846218
0.198545 0.419929 -0.170012 -0.676015 -0.450192 0.583379
-0.261165 0.632728 0.028569 -0.633879 -0.545974 -0.547823
-0.051559 0.446980 0.176200 0.951543 0.091120 -0.293704
0.350669 0.273723 -0.134329 0.906527 0.004336 -0.422125
0.198077 0.636867 -0.214171 0.728185 0.508928 -0.459062
0.219470 0.224915 -0.289760 -0.422989 -0.088054 -0.901846
-0.156351 0.288387 0.248565 -0.569891 -0.748886 0.338221
-0.240614 0.883663 -0.255398 -0.260139 -0.218184 -0.940597
-0.326998 0.825485 -0.132270 -0.844777 -0.377196 -0.379571
-0.356358 0.814190 0.032625 -0.994950 -0.062304 0.078699
-0.275402 0.925784 -0.077918 -0.709778 0.703129 -0.042719
-0.138993 1.000000 -0.096139 0.471354 0.866669 0.163437
-0.174001 0.994914 -0.198914 0.171461 0.884643 -0.433600
-0.192627 0.988705 0.007779 0.244171 0.869480 0.429401
-0.265460 0.939565 0.098147 -0.140985 0.671935 0.727067
-0.271575 0.913190 -0.286276 -0.764391 0.577418 -0.286870
