-0.303023 0.112518 -0.180088 -0.474325 -0.291096 -0.830830
-0.255177 0.279084 -0.168496 0.316991 0.095159 -0.943643
-0.228798 0.153205 -0.198611 0.507038 -0.085961 -0.857626
-0.351036 0.273267 -0.134136 -0.905885 0.005375 -0.423489
-0.289017 0.095234 -0.112201 -0.367119 -0.570852 0.734406
-0.334594 0.257326 -0.049558 -0.636322 -0.102878 0.764533
-0.238736 0.263142 -0.083918 0.615943 -0.244100 0.749019
-0.284272 0.423996 -0.021483 -0.152907 -0.077524 0.985195
-0.194063 0.368855 -0.067799 0.817598 -0.437822 0.373959
-0.125926 0.488606 -0.061046 0.592542 -0.661245 -0.460053
-0.144584 0.018866 0.094147 0.249018 -0.605987 0.755493
-0.072711 0.083059 0.070369 0.945816 -0.153612 0.286070
-0.121899 0.202393 0.117695 0.860063 0.047654 0.507958
-0.105624 0.089532 0.003283 0.656242 0.026075 -0.754100
-0.175552 0.024558 0.026041 -0.785293 -0.395297 -0.476503
-0.162627 0.217576 0.038226 0.194375 0.138325 -0.971125
-0.260026 0.210427 0.079527 -0.934745 -0.033032 -0.353781
-0.150682 0.332050 0.042721 0.036179 -0.050455 -0.998071
-0.241545 0.386795 0.089641 -0.815824 0.216870 -0.536095
0.260713 0.632580 0.028361 0.632999 -0.545588 -0.549224
0.047008 0.589220 -0.104251 0.441621 -0.764743 -0.469190
0.163023 0.701093 -0.125843 0.624714 -0.629820 -0.461583
0.157997 0.501686 0.085728 0.427753 -0.845763 -0.318923
0.309350 0.587846 0.166228 0.918922 -0.282418 0.275359
0.153845 0.474630 0.095926 0.172984 -0.394382 -0.902518
0.205718 0.403736 0.219266 0.907860 -0.381266 0.174434
0.127039 0.374859 0.132170 -0.031865 -0.374841 -0.926542
0.116832 0.311176 0.162700 0.026729 -0.876722 -0.480254
0.156322 0.288366 0.249038 0.569035 -0.751066 0.334812
0.079693 0.341134 0.293023 -0.188402 -0.326157 0.926351
0.128059 0.480926 0.267258 -0.109975 0.200247 0.973554
0.040401 0.359812 0.207050 -0.995190 -0.097240 0.011919
0.051483 0.446254 0.176488 -0.951629 0.089680 -0.293872
-0.213783 0.378928 -0.169787 0.546397 -0.274469 -0.791275
-0.126488 0.524204 -0.161639 0.463833 -0.629094 -0.623779
0.003085 0.641654 -0.293023 0.306313 -0.531187 -0.789945
0.099943 0.738106 -0.290827 0.383987 -0.238530 -0.891996
-0.234917 0.331592 -0.184553 0.629042 -0.275960 0.726740
-0.290661 0.172279 -0.211649 -0.286377 -0.595716 0.750407
-0.208861 0.216493 -0.231223 0.917994 -0.349080 0.188229
-0.338517 0.324828 -0.149235 -0.555591 -0.135969 0.820263
-0.289631 0.474995 -0.123970 -0.518409 0.134175 0.844541
-0.310047 0.482300 -0.215333 -0.757553 0.419126 -0.500447
-0.207279 0.601061 -0.114168 -0.787893 0.603981 -0.120130
-0.198798 0.636670 -0.214761 -0.727742 0.509533 -0.459094
-0.298101 0.009282 -0.082950 -0.616929 -0.117574 -0.778187
-0.232482 0.199969 -0.074802 0.400819 0.139041 -0.905545
-0.219308 0.036514 -0.105718 0.374154 -0.306681 -0.875189
-0.334199 0.194100 -0.038444 -0.966358 0.038231 -0.254343
-0.265146 0.000000 -0.018694 -0.252531 -0.567753 0.783508
-0.292139 0.178075 0.042981 -0.192008 -0.253811 0.948005
-0.190421 0.183954 0.006623 0.775124 -0.204077 0.597943
-0.169922 0.307003 0.032867 0.836502 -0.322932 0.442696
-0.096551 0.535505 0.167820 -0.153052 0.203995 0.966934
-0.104698 0.305286 0.131493 0.806836 -0.368008 0.462153
0.005708 0.438876 0.106779 0.489613 -0.573820 0.656513
-0.196343 0.360978 0.178684 -0.480208 0.127163 0.867888
-0.173377 0.546816 0.082482 -0.694553 0.440338 0.568944
-0.082992 0.460916 0.028809 0.491259 -0.710675 -0.503592
-0.214188 0.332477 -0.056956 0.251760 -0.085610 -0.963996
-0.306426 0.388491 -0.010193 -0.864285 0.336712 -0.373679
-0.261420 0.363309 0.079568 -0.284848 -0.037287 0.957847
-0.248143 0.337648 -0.260973 0.283491 0.213280 -0.934957
-0.219766 0.224422 -0.289651 0.422292 -0.084693 -0.902495
-0.214480 0.416670 -0.256790 0.395429 -0.187842 -0.899084
-0.198829 0.419542 -0.169839 0.677586 -0.450586 0.581248
-0.218798 0.195016 0.158871 -0.321306 -0.328766 0.888074
-0.216311 0.574506 -0.007362 -0.808409 0.542141 0.229255
-0.305000 0.434495 -0.123262 -0.798249 0.361274 -0.481953
-0.356499 0.340239 -0.228476 -0.803606 0.046236 -0.593363
-0.305978 0.189542 -0.274136 -0.406870 -0.277381 -0.870354
0.010775 0.639969 0.172378 -0.200547 0.117597 0.972601
0.078871 0.590791 0.166249 -0.734003 0.208765 0.646264
-0.007497 0.846306 -0.238080 -0.334684 0.492472 -0.803404
-0.103939 0.747117 -0.240827 -0.603801 0.451597 -0.656875
-0.119152 0.555286 -0.249225 -0.082132 -0.086236 -0.992884
-0.001035 0.844027 -0.140848 -0.708624 0.696230 0.114526
-0.109984 0.736785 -0.131056 -0.719016 0.654794 0.232939
0.045333 0.820011 0.005739 -0.643450 0.622749 0.445146
-0.068881 0.697773 0.026342 -0.638997 0.629538 0.442002
0.109277 0.778730 0.138517 -0.466877 0.516037 0.718145
-0.186342 0.027232 -0.041462 0.985043 -0.169539 -0.030779
-0.215520 0.135619 -0.130671 0.953637 -0.276623 0.118556
0.205999 0.687430 0.217393 0.208241 0.302858 0.930007
0.240692 0.883600 -0.255437 0.259610 -0.218083 -0.940767
0.174032 0.994922 -0.198923 -0.170222 0.884721 -0.433927
0.139006 1.000000 -0.096093 -0.470759 0.867000 0.163393
0.192680 0.988699 0.007882 -0.246215 0.868715 0.429782
0.264979 0.939532 0.098299 0.138026 0.671146 0.728362
0.275604 0.925744 -0.076061 0.710507 0.702369 -0.043100
0.326551 0.825401 -0.132242 0.845479 -0.375610 -0.379582
0.271150 0.913091 -0.286717 0.765637 0.576912 -0.284558
0.356499 0.814089 0.032763 0.994930 -0.063445 0.078034
