-0.195591 0.313897 0.270694 -0.569663 -0.750316 0.335424
-0.249237 0.439828 0.238307 -0.907975 -0.380341 0.175848
-0.152328 0.338713 0.176705 -0.025821 -0.875905 -0.481793
-0.111745 0.371413 0.318776 0.187396 -0.326533 0.926423
-0.069155 0.391951 0.225232 0.995312 -0.096444 0.007283
-0.164009 0.408415 0.143573 0.033296 -0.372203 -0.927554
-0.081400 0.486468 0.191871 0.950819 0.089884 -0.296417
-0.192634 0.517185 0.104384 -0.173293 -0.394756 -0.902296
-0.111468 0.643441 0.180587 0.733026 0.209640 0.647089
-0.197526 0.546423 0.092955 -0.427586 -0.846127 -0.318183
-0.036791 0.697351 0.187269 0.199647 0.117217 0.972832
-0.031432 0.477647 0.115873 -0.489553 -0.573297 0.657015
0.079177 0.584363 0.182378 0.151908 0.203732 0.967170
0.111673 0.532303 -0.066325 -0.593370 -0.661905 -0.458033
0.307353 0.423605 -0.011140 0.864425 0.336611 -0.373446
0.207716 0.362496 -0.062082 -0.250581 -0.085333 -0.964328
0.209555 0.626773 -0.008544 0.808126 0.541929 0.230749
0.284256 0.461929 -0.023578 0.155042 -0.075000 0.985057
0.306933 0.473465 -0.134344 0.798716 0.361058 -0.481341
0.338719 0.280417 -0.053838 0.639378 -0.103493 0.761896
0.356060 0.298190 -0.146253 0.905514 0.005711 -0.424279
0.289592 0.104216 -0.122266 0.370198 -0.570821 0.732883
0.304493 0.123071 -0.196138 0.472760 -0.291754 -0.831491
0.208738 0.147972 -0.142155 -0.952620 -0.278585 0.122092
0.223375 0.167415 -0.215954 -0.506400 -0.087654 -0.857832
0.185424 0.401793 -0.073571 -0.818289 -0.436722 0.373734
0.252109 0.303983 -0.183699 -0.319680 0.094434 -0.942808
0.234491 0.286797 -0.091237 -0.614190 -0.244459 0.750340
0.207885 0.412609 -0.185166 -0.546777 -0.273326 -0.791409
0.112322 0.571348 -0.176309 -0.463106 -0.627889 -0.625531
-0.076702 0.641794 -0.113770 -0.441046 -0.764948 -0.469397
-0.028439 0.698529 -0.318776 -0.310470 -0.522748 -0.793941
-0.202873 0.763231 -0.136867 -0.766259 -0.417531 -0.488380
-0.134542 0.803983 -0.316457 -0.620282 0.145799 -0.770709
-0.282093 1.000000 -0.057600 -0.672197 0.737845 -0.061128
0.138423 0.361655 0.045859 -0.037003 -0.052271 -0.997947
0.257661 0.229522 0.086694 0.934617 -0.033517 -0.354073
0.151571 0.237333 0.041941 -0.193412 0.138717 -0.971262
0.237075 0.421562 0.097089 0.815453 0.217530 -0.536392
0.064841 0.502380 0.031282 -0.490475 -0.710405 -0.504736
0.162783 0.596596 0.089326 0.695435 0.440880 0.567447
0.259067 0.396169 0.086346 0.284944 -0.036091 0.957864
0.338286 0.211292 -0.041725 0.966532 0.038937 -0.253575
0.227906 0.217985 -0.081298 -0.399373 0.139915 -0.906049
-0.024498 0.919411 -0.153884 0.521651 0.837402 0.163212
-0.075223 0.892876 0.006165 0.509573 0.777325 0.368920
-0.023284 0.919074 -0.251923 0.099150 0.708601 -0.698609
0.088924 0.332296 0.142816 -0.806262 -0.367451 0.463595
0.188464 0.393297 0.194395 0.480764 0.127915 0.867470
0.212463 0.212733 0.172535 0.320023 -0.329104 0.888412
0.165679 0.026944 0.027953 0.785115 -0.393618 -0.478184
0.089380 0.097715 0.003617 -0.655338 0.026853 -0.754858
0.290637 0.188230 -0.230411 0.285325 -0.595659 0.750853
0.229937 0.361282 -0.201269 -0.627852 -0.275228 0.728046
0.201660 0.236300 -0.251358 -0.918833 -0.347684 0.186714
0.343562 0.353940 -0.161996 0.555065 -0.135372 0.820718
0.362454 0.370379 -0.249075 0.801646 0.044199 -0.596162
0.312137 0.525453 -0.235002 0.755903 0.419034 -0.503012
0.207452 0.454093 -0.279202 -0.396784 -0.189132 -0.898216
0.103861 0.604540 -0.271307 0.082014 -0.085137 -0.992988
-0.144276 0.848327 0.150219 0.316190 0.650795 0.690282
-0.249681 0.748258 0.236168 -0.227986 0.496190 0.837746
0.049326 0.759938 0.028265 0.638533 0.630740 0.440956
0.093706 0.802504 -0.142467 0.718255 0.655554 0.233150
0.199773 0.655446 -0.124285 0.786795 0.605094 -0.121720
0.190339 0.694143 -0.233488 0.725971 0.510621 -0.460686
-0.164225 0.523662 0.290691 0.109938 0.200930 0.973417
-0.309216 0.688867 0.031053 -0.738749 -0.396870 -0.544743
-0.362454 0.640400 0.180731 -0.970254 -0.056721 0.235352
0.159430 0.335060 0.035428 -0.836522 -0.323689 0.442104
0.292440 0.194623 0.046736 0.189925 -0.252604 0.948746
0.182059 0.201329 0.007150 -0.776571 -0.202699 0.596533
0.263165 0.000000 -0.020141 0.248868 -0.568811 0.783912
0.177300 0.029923 -0.045919 -0.985208 -0.168342 -0.032026
0.213485 0.040739 -0.115464 -0.369873 -0.305948 -0.877263
0.106950 0.220798 0.127938 -0.859229 0.048557 0.509282
0.053556 0.090984 0.076636 -0.944699 -0.156329 0.288279
0.132114 0.021103 0.102113 -0.247419 -0.605782 0.756182
0.087650 0.813188 -0.262270 0.584489 0.460242 -0.668243
0.244742 0.368168 -0.283973 -0.282546 0.212391 -0.935445
0.307317 0.206461 -0.298130 0.405390 -0.279568 -0.870345
0.298857 0.010671 -0.090456 0.619359 -0.117600 -0.776250
0.190808 0.457253 -0.184913 -0.676069 -0.448036 0.584974
0.289724 0.517497 -0.135557 0.517198 0.140840 0.844198
0.213761 0.244857 -0.315495 -0.423261 -0.084819 -0.902029
