0 1
0 2
0 3
0 4
0 7
0 14
0 81
1 0
1 2
1 3
1 4
1 5
2 0
2 1
2 5
2 6
2 7
3 0
3 1
3 4
4 0
4 1
4 3
4 5
4 81
5 1
5 2
5 4
5 6
5 81
6 2
6 5
6 7
6 8
6 81
7 0
7 2
7 6
7 8
7 9
7 14
8 6
8 7
8 9
8 10
8 16
8 17
8 81
9 7
9 8
9 10
9 11
9 14
9 15
9 56
9 28
10 8
10 9
10 11
10 12
10 17
10 19
11 9
11 10
11 12
11 53
11 56
12 10
12 11
12 19
12 53
12 54
12 55
13 76
13 77
13 14
13 15
13 16
13 17
13 18
13 30
13 31
14 0
14 7
14 9
14 13
14 15
14 16
14 81
15 9
15 13
15 14
15 28
15 30
16 8
16 13
16 14
16 17
16 81
17 8
17 10
17 13
17 16
17 18
17 19
18 76
18 13
18 17
18 19
18 20
19 39
19 10
19 12
19 17
19 18
19 20
19 21
19 55
20 75
20 76
20 18
20 19
20 21
20 22
21 39
21 40
21 41
21 19
21 20
21 22
21 27
21 60
22 75
22 20
22 21
22 84
22 60
23 40
23 24
23 25
23 26
23 27
24 37
24 38
24 23
24 25
24 26
25 32
25 33
25 34
25 37
25 40
25 82
25 23
25 24
26 38
26 39
26 72
26 73
26 23
26 24
26 56
26 27
26 28
27 71
27 40
27 41
27 42
27 84
27 21
27 23
27 26
27 28
27 29
28 9
28 15
28 56
28 26
28 27
28 29
28 30
29 75
29 77
29 84
29 27
29 28
29 30
29 31
30 13
30 15
30 28
30 29
30 31
31 13
31 77
31 29
31 30
32 33
32 34
32 35
32 82
32 25
33 32
33 25
33 82
34 32
34 35
34 36
34 40
34 25
35 32
35 34
35 36
35 37
35 82
36 34
36 35
36 37
36 38
36 40
37 35
37 36
37 38
37 82
37 24
37 25
38 36
38 37
38 39
38 40
38 24
38 26
39 38
39 40
39 73
39 19
39 21
39 55
39 26
40 34
40 36
40 38
40 39
40 21
40 23
40 25
40 27
41 59
41 42
41 43
41 21
41 27
41 60
42 41
42 27
42 43
42 71
43 69
43 71
43 41
43 42
43 57
43 58
43 59
44 45
44 78
44 46
44 48
44 47
45 44
45 46
45 47
46 44
46 45
46 78
46 47
46 49
46 53
47 44
47 45
47 46
47 48
47 49
48 44
48 78
48 47
48 49
48 50
49 46
49 47
49 48
49 50
49 51
49 53
50 78
50 48
50 49
50 51
50 52
50 54
51 49
51 50
51 52
51 53
51 56
52 50
52 51
52 54
52 55
52 56
53 11
53 12
53 46
53 78
53 49
53 51
53 54
53 56
54 12
54 78
54 50
54 52
54 53
54 55
55 39
55 73
55 74
55 12
55 19
55 52
55 54
55 56
56 68
56 72
56 9
56 74
56 11
56 51
56 52
56 53
56 55
56 26
56 28
57 43
57 79
57 80
57 58
57 59
58 69
58 70
58 43
58 80
58 57
59 41
59 43
59 79
59 57
59 60
60 71
60 41
60 79
60 84
60 21
60 22
60 59
61 64
61 65
61 62
61 63
62 64
62 67
62 68
62 72
62 83
62 61
62 63
63 65
63 83
63 61
63 62
64 65
64 66
64 72
64 73
64 74
64 61
64 62
65 64
65 66
65 67
65 83
65 61
65 63
66 64
66 65
66 67
66 68
66 74
67 65
67 66
67 68
67 83
67 62
68 66
68 67
68 72
68 74
68 56
68 62
69 70
69 71
69 43
69 79
69 80
69 58
70 80
70 58
70 69
71 69
71 42
71 43
71 79
71 84
71 27
71 60
72 64
72 68
72 73
72 56
72 26
72 62
73 64
73 39
73 72
73 74
73 55
73 26
74 64
74 66
74 68
74 73
74 55
74 56
75 76
75 77
75 20
75 84
75 22
75 29
76 75
76 77
76 13
76 18
76 20
77 75
77 76
77 13
77 29
77 31
78 44
78 46
78 48
78 50
78 53
78 54
79 69
79 71
79 80
79 57
79 59
79 60
80 69
80 70
80 79
80 57
80 58
81 0
81 4
81 5
81 6
81 8
81 14
81 16
82 32
82 33
82 35
82 37
82 25
83 65
83 67
83 62
83 63
84 71
84 75
84 22
84 27
84 60
84 29
