 -0.282092   0.999994  -0.057603
 -0.237042   0.785900   0.058747
  0.176591   0.333293   0.116593
  0.225130   0.313234  -0.007826
  0.299737   0.386709  -0.206555
 -0.201001   0.614626   0.151828
  0.173052   0.217803   0.099639
  0.244460   0.195347  -0.026698
  0.278195   0.317620  -0.237084
 -0.165801   0.453651   0.222569
  0.140360   0.110697   0.073690
  0.249375   0.086142  -0.049175
  0.271633   0.249047  -0.261844
 -0.152578   0.342449   0.275971
  0.159919   0.040197   0.070884
  0.281185   0.016271  -0.053414
  0.285224   0.201607  -0.272210
