0 1
0 2
0 3
1 0
1 2
1 3
1 68
1 5
1 66
1 7
2 0
2 1
2 3
2 4
2 5
3 0
3 1
3 2
3 66
3 4
4 66
4 2
4 3
4 5
4 6
5 1
5 2
5 4
5 6
5 7
6 66
6 4
6 5
6 7
6 8
7 1
7 68
7 5
7 6
7 8
7 9
8 66
8 6
8 7
8 9
8 10
8 60
8 61
9 67
9 68
9 7
9 8
9 39
9 10
9 11
9 30
10 8
10 9
10 11
10 12
10 60
10 62
11 39
11 9
11 10
11 12
11 47
12 40
12 10
12 11
12 47
12 48
12 62
13 39
13 14
13 15
13 16
13 17
13 25
13 28
13 29
13 30
14 40
14 41
14 42
14 13
14 15
14 16
15 69
15 39
15 42
15 43
15 13
15 14
16 64
16 40
16 13
16 14
16 17
16 18
16 62
17 13
17 16
17 18
17 19
17 25
17 27
18 64
18 16
18 17
18 19
18 20
18 26
18 28
18 29
19 17
19 18
19 20
19 21
19 27
20 18
20 19
20 21
20 22
20 26
21 19
21 20
21 22
21 23
21 27
22 20
22 21
22 23
22 24
22 26
23 21
23 22
23 24
23 26
23 27
24 26
24 22
24 23
25 13
25 17
25 26
25 27
25 28
26 18
26 20
26 22
26 23
26 24
26 25
26 27
26 28
27 17
27 19
27 21
27 23
27 25
27 26
28 13
28 18
28 25
28 26
28 29
29 64
29 13
29 82
29 83
29 18
29 58
29 59
29 28
29 30
29 31
30 32
30 67
30 39
30 9
30 13
30 29
30 31
31 32
31 33
31 46
31 78
31 59
31 29
31 30
32 33
32 34
32 67
32 30
32 31
33 32
33 34
33 46
33 31
34 32
34 33
34 67
34 68
34 44
34 45
34 46
34 60
34 61
35 36
35 37
35 38
35 39
35 47
36 35
36 37
36 38
36 48
36 49
36 50
37 35
37 36
37 75
37 47
37 50
37 51
38 35
38 36
38 39
38 40
38 48
39 35
39 69
39 38
39 40
39 41
39 9
39 11
39 13
39 15
39 47
39 30
40 38
40 39
40 41
40 12
40 14
40 48
40 16
40 62
41 69
41 70
41 39
41 40
41 42
41 14
42 70
42 72
42 41
42 43
42 14
42 15
42 81
43 69
43 71
43 73
43 42
43 74
43 15
43 81
44 34
44 45
44 78
44 46
44 63
45 34
45 44
45 60
45 62
45 63
46 33
46 34
46 44
46 78
46 31
47 35
47 37
47 39
47 11
47 12
47 75
47 48
47 49
48 36
48 38
48 40
48 12
48 47
48 49
49 36
49 75
49 77
49 47
49 48
49 50
50 36
50 37
50 77
50 49
50 51
51 37
51 75
51 76
51 77
51 50
52 80
52 53
52 54
52 55
52 56
53 79
53 82
53 83
53 52
53 54
53 55
53 58
54 79
54 80
54 84
54 52
54 53
55 83
55 52
55 53
55 56
55 57
56 79
56 80
56 52
56 55
56 57
56 58
57 64
57 65
57 83
57 55
57 56
57 58
57 59
58 79
58 82
58 53
58 56
58 57
58 59
58 29
59 65
59 78
59 57
59 58
59 29
59 31
60 34
60 8
60 10
60 45
60 61
60 62
61 34
61 66
61 68
61 8
61 60
62 64
62 40
62 10
62 12
62 45
62 16
62 60
62 63
63 64
63 65
63 44
63 45
63 78
63 62
64 65
64 16
64 18
64 83
64 57
64 29
64 62
64 63
65 64
65 78
65 57
65 59
65 63
66 1
66 3
66 4
66 68
66 6
66 8
66 61
67 32
67 34
67 68
67 9
67 30
68 1
68 34
68 67
68 66
68 7
68 9
68 61
69 70
69 71
69 39
69 41
69 43
69 15
70 69
70 71
70 72
70 41
70 42
71 69
71 70
71 72
71 73
71 43
72 70
72 71
72 73
72 74
72 42
72 81
73 72
73 74
73 43
73 71
74 72
74 73
74 43
74 81
75 37
75 76
75 77
75 47
75 49
75 51
76 51
76 75
76 77
77 75
77 76
77 49
77 50
77 51
78 65
78 44
78 46
78 59
78 31
78 63
79 80
79 84
79 53
79 54
79 56
79 58
80 79
80 52
80 84
80 54
80 56
81 72
81 74
81 43
81 42
82 83
82 58
82 53
82 29
83 64
83 82
83 53
83 55
83 57
83 29
84 80
84 54
84 79
