0.249237 0.439840 0.238331 0.907976 -0.380347 0.175827
0.152328 0.338725 0.176705 0.025973 -0.875921 -0.481754
0.164009 0.408415 0.143573 -0.033168 -0.372229 -0.927548
0.195591 0.313909 0.270706 0.569653 -0.750350 0.335365
0.111745 0.371413 0.318776 -0.187513 -0.326534 0.926399
0.069155 0.391951 0.225232 -0.995311 -0.096448 0.007298
0.081400 0.486468 0.191871 -0.950819 0.089880 -0.296420
0.192634 0.517197 0.104384 0.173345 -0.394815 -0.902260
0.111468 0.643452 0.180587 -0.733035 0.209619 0.647085
0.197526 0.546423 0.092955 0.427606 -0.846118 -0.318178
0.036804 0.697363 0.187269 -0.199649 0.117197 0.972834
0.031432 0.477647 0.115873 0.489522 -0.573288 0.657046
-0.079177 0.584375 0.182378 -0.151910 0.203731 0.967170
0.282093 1.000000 -0.069053 0.672194 0.737848 -0.061119
0.362454 0.640400 0.180731 0.970694 -0.052540 0.234504
0.309216 0.688879 0.031053 0.732842 -0.406570 -0.545567
0.249681 0.748269 0.236168 0.239435 0.505444 0.828974
0.144276 0.848339 0.150231 -0.305518 0.659101 0.687201
0.075223 0.892876 0.006165 -0.502818 0.782392 0.367472
-0.049326 0.759950 0.028265 -0.638529 0.630751 0.440948
-0.093706 0.802504 -0.142467 -0.718246 0.655561 0.233158
-0.199773 0.655458 -0.124285 -0.786784 0.605102 -0.121747
-0.190339 0.694155 -0.233488 -0.725958 0.510624 -0.460704
-0.207885 0.412621 -0.185166 0.546761 -0.273329 -0.791419
-0.185424 0.401805 -0.073571 0.818275 -0.436737 0.373746
-0.252109 0.303983 -0.183699 0.319696 0.094392 -0.942807
-0.111673 0.532303 -0.066325 0.593342 -0.661911 -0.458059
-0.112322 0.571348 -0.176309 0.462615 -0.628286 -0.625495
0.076702 0.641794 -0.113770 0.441062 -0.764929 -0.469412
0.028439 0.698541 -0.318776 0.310481 -0.522729 -0.793950
0.202873 0.763243 -0.136867 0.760253 -0.427914 -0.488779
0.134542 0.803994 -0.316457 0.612576 0.130364 -0.779587
-0.304493 0.123071 -0.196138 -0.472706 -0.291758 -0.831521
-0.223375 0.167415 -0.215930 0.506409 -0.087657 -0.857826
-0.356060 0.298202 -0.146253 -0.905511 0.005711 -0.424284
-0.289592 0.104228 -0.122266 -0.370233 -0.570813 0.732871
-0.338719 0.280428 -0.053838 -0.639423 -0.103479 0.761859
-0.234503 0.286797 -0.091237 0.614183 -0.244460 0.750346
-0.284256 0.461940 -0.023578 -0.155049 -0.075003 0.985056
-0.209555 0.626784 -0.008544 -0.808127 0.541929 0.230748
-0.306933 0.473478 -0.134344 -0.798711 0.361057 -0.481352
-0.289724 0.517509 -0.135557 -0.515197 0.139415 0.845657
-0.190892 0.457374 -0.185550 0.676052 -0.448029 0.584999
-0.229937 0.361282 -0.201269 0.628393 -0.274329 0.727918
-0.132114 0.021115 0.102137 0.247408 -0.605790 0.756180
-0.053556 0.090984 0.076636 0.944716 -0.156300 0.288239
-0.106950 0.220798 0.127938 0.859210 0.048621 0.509308
-0.089380 0.097726 0.003617 0.655303 0.026824 -0.754890
-0.165679 0.026944 0.027953 -0.785125 -0.393617 -0.478168
-0.151571 0.237333 0.041965 0.193417 0.138713 -0.971261
-0.257661 0.229534 0.086694 -0.934600 -0.033528 -0.354117
-0.138423 0.361666 0.045859 0.037042 -0.052331 -0.997943
-0.237075 0.421574 0.097089 -0.815459 0.217533 -0.536383
-0.088924 0.332308 0.142816 0.806246 -0.367466 0.463611
-0.188464 0.393297 0.194395 -0.480764 0.127915 0.867470
-0.162783 0.596609 0.089326 -0.695430 0.440888 0.567446
-0.064841 0.502380 0.031282 0.490479 -0.710413 -0.504721
-0.290637 0.188230 -0.230411 -0.285319 -0.595674 0.750843
-0.201660 0.236312 -0.251358 0.918834 -0.347692 0.186693
-0.343562 0.353951 -0.161996 -0.555071 -0.135366 0.820714
-0.312137 0.525465 -0.235002 -0.755890 0.419021 -0.503043
-0.298869 0.010684 -0.090456 -0.619311 -0.117544 -0.776298
-0.227906 0.217985 -0.081286 0.399441 0.139914 -0.906019
-0.213485 0.040739 -0.115464 0.369840 -0.305921 -0.877286
-0.338286 0.211292 -0.041725 -0.966532 0.038949 -0.253574
-0.263177 0.000000 -0.020141 -0.248914 -0.568828 0.783886
-0.292440 0.194635 0.046736 -0.189997 -0.252580 0.948738
-0.182059 0.201329 0.007174 0.776518 -0.202716 0.596595
-0.159430 0.335072 0.035428 0.836511 -0.323701 0.442117
-0.244742 0.368168 -0.283973 0.282555 0.212354 -0.935451
-0.213761 0.244869 -0.315471 0.423262 -0.084826 -0.902027
-0.207452 0.454093 -0.279202 0.395287 -0.188306 -0.899049
-0.207716 0.362496 -0.062082 0.250577 -0.085355 -0.964327
-0.307353 0.423617 -0.011140 -0.864424 0.336608 -0.373451
-0.259067 0.396180 0.086358 -0.284954 -0.036091 0.957861
-0.087650 0.813200 -0.262270 -0.584502 0.460238 -0.668236
0.024498 0.919422 -0.153884 -0.517878 0.839818 0.162816
0.023284 0.919086 -0.251923 -0.110332 0.702768 -0.702811
-0.212463 0.212746 0.172535 -0.320074 -0.329083 0.888401
-0.362454 0.370379 -0.249075 -0.801645 0.044199 -0.596165
-0.307317 0.206472 -0.298130 -0.405298 -0.279560 -0.870391
0.164225 0.523662 0.290691 -0.110001 0.200970 0.973402
-0.208738 0.147984 -0.142155 0.952610 -0.278572 0.122199
-0.177300 0.029936 -0.045919 0.985204 -0.168379 -0.031971
-0.103861 0.604540 -0.271307 -0.082008 -0.085132 -0.992989
