  0.282092   0.999994  -0.069053
  0.241892   0.788262   0.056054
 -0.150757   0.376052   0.097485
 -0.236419   0.306099  -0.009078
 -0.197644   0.443831  -0.118693
  0.209732   0.618877   0.156139
 -0.170389   0.243541   0.101708
 -0.242170   0.188025  -0.038997
 -0.278271   0.322984  -0.178518
  0.165066   0.457362   0.224240
 -0.133100   0.124936   0.083639
 -0.253214   0.082735  -0.063422
 -0.271249   0.274877  -0.217845
  0.144832   0.347374   0.284989
 -0.121581   0.039536   0.078011
 -0.278077   0.013905  -0.072573
 -0.303614   0.205189  -0.257611
