  0.135253   0.963465  -0.052688
  0.158775   0.794440   0.093486
 -0.142632   0.470770   0.130692
 -0.188302   0.314944   0.082542
 -0.224695   0.300783  -0.005146
 -0.062168   0.677725  -0.012209
  0.177593   0.659220   0.210425
 -0.179521   0.308753   0.145723
 -0.192740   0.384503   0.087462
 -0.225567   0.185278  -0.004711
 -0.235599   0.375023  -0.086116
  0.152240   0.502548   0.289519
 -0.135375   0.162911   0.137799
 -0.183180   0.453335   0.088703
 -0.216153   0.080820  -0.007179
 -0.248044   0.304142  -0.110292
  0.144380   0.398419   0.315502
 -0.093270   0.056407   0.131309
 -0.175113   0.515619   0.089978
 -0.219774   0.009468  -0.005786
 -0.294325   0.149622  -0.156680
