0 1
0 2
0 3
0 4
0 81
0 51
1 0
1 2
1 35
1 3
1 50
2 0
2 1
2 35
2 36
2 75
2 81
3 0
3 1
3 4
3 5
3 77
3 78
3 50
3 19
4 0
4 3
4 5
4 6
4 51
4 53
4 54
5 3
5 4
5 6
5 7
5 12
5 78
6 4
6 5
6 7
6 8
6 54
7 5
7 6
7 8
7 9
7 12
8 6
8 7
8 9
8 10
8 54
9 7
9 8
9 10
9 11
9 12
10 8
10 9
10 11
10 12
10 54
11 9
11 10
11 12
12 5
12 7
12 9
12 10
12 11
12 78
12 54
13 14
13 15
13 16
13 17
13 29
14 13
14 15
14 16
14 24
14 25
14 26
14 88
14 30
15 13
15 14
15 26
15 27
15 28
15 29
16 13
16 14
16 17
16 18
16 30
17 68
17 13
17 79
17 16
17 18
17 19
17 50
17 29
17 31
18 32
18 66
18 16
18 17
18 19
18 20
18 85
18 86
18 57
18 30
19 3
19 77
19 17
19 18
19 50
19 20
19 21
20 80
20 18
20 19
20 21
20 22
20 55
20 57
21 77
21 19
21 20
21 22
21 23
22 80
22 20
22 21
22 23
23 33
23 34
23 90
23 77
23 78
23 80
23 51
23 52
23 21
23 22
23 53
23 83
23 84
23 87
23 59
24 14
24 88
24 25
24 26
24 27
25 24
25 26
25 14
26 14
26 15
26 24
26 25
26 27
27 15
27 24
27 26
27 88
27 28
28 15
28 88
28 27
28 29
28 30
29 13
29 15
29 17
29 28
29 30
29 31
30 32
30 14
30 16
30 18
30 88
30 28
30 29
30 31
31 32
31 75
31 79
31 17
31 81
31 29
31 30
32 65
32 81
32 18
32 85
32 56
32 58
32 30
32 31
33 34
33 23
34 33
34 83
34 23
35 1
35 2
35 36
35 37
35 69
35 71
35 40
35 50
36 2
36 35
36 37
36 38
36 74
36 75
37 35
37 36
37 69
37 38
37 39
37 76
38 36
38 37
38 71
38 40
38 39
38 74
39 37
39 38
39 40
39 41
39 76
40 35
40 69
40 38
40 39
40 71
40 41
41 69
41 70
41 39
41 40
41 76
42 43
42 44
42 45
42 46
43 42
43 82
43 44
43 45
44 67
44 68
44 42
44 43
44 46
44 49
44 82
45 67
45 42
45 43
45 46
45 47
45 82
46 68
46 42
46 44
46 45
46 79
46 48
46 47
47 67
47 45
47 46
47 48
47 49
48 75
48 46
48 47
48 79
48 49
48 50
49 67
49 68
49 44
49 47
49 48
49 50
50 1
50 35
50 68
50 3
50 71
50 74
50 75
50 48
50 49
50 17
50 19
51 0
51 4
51 81
51 52
51 53
51 23
52 81
52 51
52 23
52 58
52 59
53 4
53 78
53 51
53 54
53 23
54 4
54 6
54 8
54 10
54 12
54 78
54 53
55 80
55 20
55 56
55 57
55 58
55 59
56 32
56 65
56 55
56 57
56 58
57 65
57 66
57 18
57 20
57 55
57 56
58 32
58 81
58 52
58 55
58 56
58 59
59 80
59 52
59 55
59 23
59 58
60 64
60 73
60 61
60 62
60 63
61 66
61 72
61 85
61 86
61 60
61 62
61 63
62 72
62 73
62 89
62 60
62 61
63 64
63 65
63 85
63 60
63 61
64 65
64 66
64 72
64 73
64 60
64 63
65 64
65 32
65 66
65 85
65 56
65 57
65 63
66 64
66 65
66 72
66 18
66 86
66 57
66 61
67 44
67 45
67 47
67 49
67 82
68 44
68 46
68 79
68 49
68 50
68 17
69 35
69 37
69 70
69 40
69 41
69 76
70 41
70 76
70 69
71 35
71 38
71 40
71 74
71 50
72 64
72 66
72 73
72 89
72 61
72 62
73 64
73 72
73 89
73 60
73 62
74 36
74 38
74 71
74 75
74 50
75 2
75 36
75 74
75 79
75 48
75 81
75 50
75 31
76 69
76 37
76 70
76 39
76 41
77 3
77 78
77 19
77 21
77 23
78 3
78 5
78 12
78 77
78 53
78 54
78 23
79 68
79 75
79 46
79 48
79 17
79 31
80 20
80 55
80 22
80 23
80 59
81 0
81 32
81 2
81 75
81 51
81 52
81 58
81 31
82 43
82 67
82 44
82 45
83 34
83 84
83 23
84 83
84 87
84 23
85 32
85 65
85 18
85 86
85 61
85 63
86 66
86 18
86 85
86 61
87 90
87 84
87 23
88 14
88 24
88 27
88 28
88 30
89 72
89 73
89 62
90 87
90 23
