 -0.162174   0.978037  -0.077233
 -0.158751   0.808883   0.085069
  0.182614   0.411529   0.141282
  0.189903   0.429085   0.013060
  0.203115   0.425836  -0.130888
  0.251025   0.435158  -0.251540
 -0.156012   0.673560   0.214911
  0.184483   0.287342   0.137327
  0.215748   0.295428   0.006114
  0.233853   0.307832  -0.121393
  0.234470   0.308855  -0.251271
 -0.126210   0.529963   0.303900
  0.149975   0.155532   0.126776
  0.217291   0.126668  -0.005054
  0.250704   0.192929  -0.114125
  0.218856   0.226685  -0.251746
 -0.104322   0.430727   0.330211
  0.172693   0.102356   0.127975
  0.253096   0.024968  -0.007610
  0.286681   0.149517  -0.104101
  0.225738   0.176739  -0.249604
