0.024524 0.779628 0.204322 0.391583 0.228729 0.891261
-0.007526 0.542759 0.163362 -0.391916 -0.438314 0.808878
0.136166 0.650895 0.194746 0.348860 0.322361 0.879989
-0.183104 0.626267 0.160296 -0.523851 -0.844718 -0.109690
-0.062008 0.730097 0.221054 0.859923 0.210382 0.465051
-0.178664 0.596248 0.176639 -0.365757 -0.502749 -0.783241
-0.044025 0.565561 0.252930 0.878311 -0.068322 -0.473183
-0.150602 0.486605 0.230753 -0.169326 -0.508750 -0.844098
-0.033178 0.470764 0.301640 0.961111 -0.223740 -0.161883
-0.138463 0.417430 0.275824 -0.168514 -0.929593 -0.327811
-0.060471 0.466274 0.413990 0.341944 -0.233131 0.910343
-0.166740 0.408018 0.388737 -0.540207 -0.649848 0.534673
-0.217778 0.539181 0.343666 -0.884769 -0.251939 0.392059
0.174430 0.419060 -0.070400 -0.761715 -0.294780 0.576970
0.211319 0.297186 -0.185036 -0.490918 0.009469 -0.871154
0.210837 0.292295 -0.079320 -0.477241 -0.070126 0.875970
0.174911 0.413329 -0.195258 -0.708304 -0.320144 -0.629137
0.110781 0.561778 -0.069078 -0.555128 -0.552393 -0.621849
0.091167 0.587943 -0.193331 -0.674430 -0.728575 -0.119678
-0.089824 0.686821 -0.100584 -0.562910 -0.783571 -0.262962
-0.077531 0.714226 -0.338858 -0.481723 -0.609863 -0.629293
-0.217307 0.821746 -0.120485 -0.913911 -0.309598 -0.262517
-0.179238 0.833281 -0.332717 -0.777988 0.298591 -0.552791
-0.162178 0.978039 -0.077229 -0.430859 0.901177 -0.047338
0.245881 0.102743 -0.177911 0.279461 -0.466889 -0.838997
0.159963 0.153288 -0.190849 -0.667998 -0.145480 -0.729804
0.157810 0.144584 -0.105639 -0.932485 -0.147366 0.329780
0.243830 0.093956 -0.093274 0.460716 -0.528464 0.713068
0.329748 0.281161 -0.059040 0.768121 -0.084376 0.634721
0.297237 0.478187 -0.046030 0.768482 0.142108 0.623892
0.298006 0.473748 -0.171031 0.716310 0.205213 -0.666924
0.237771 0.657374 -0.042369 0.813750 0.447725 -0.370612
0.204880 0.673779 -0.169360 0.842341 0.531083 -0.091725
-0.163039 0.897924 0.299908 -0.246397 0.948129 0.200849
-0.059261 0.941252 0.222684 -0.262944 0.942596 0.205849
0.111129 0.383524 0.192203 -0.728589 -0.213016 0.650986
0.235146 0.444425 0.217742 0.649216 0.188782 0.736804
0.238130 0.252392 0.219373 0.464107 -0.258894 0.847100
0.268550 0.253735 0.115369 0.838301 -0.200515 -0.506996
0.136607 0.045061 0.105342 0.634744 -0.556888 -0.535701
0.146706 0.265812 0.087686 -0.369757 0.034229 -0.928498
0.057344 0.122038 0.082273 -0.788029 0.008890 -0.615574
0.251489 0.000000 -0.045240 0.444155 -0.302745 -0.843251
0.157400 0.035762 -0.059850 -0.552408 -0.385906 -0.738865
0.199139 0.222956 -0.056262 -0.560157 0.071374 -0.825306
0.227477 0.001774 0.038074 0.356998 -0.505465 0.785530
0.324847 0.211258 -0.034659 0.895901 -0.117959 -0.428307
0.293710 0.208971 0.071795 0.354765 -0.158118 0.921488
0.288194 0.426288 0.087861 0.464190 0.057394 0.883874
0.163828 0.366125 0.063367 -0.758256 -0.166818 0.630254
0.079274 0.547506 0.049823 -0.617785 -0.728645 -0.295665
-0.082586 0.941016 0.160932 0.407383 0.761027 0.504853
-0.035300 0.962311 -0.014461 0.561473 0.815256 0.141794
-0.186907 0.858800 0.289901 -0.128116 0.738077 0.662441
-0.107192 0.624566 0.368652 0.308250 0.325231 0.893984
0.071113 0.830113 -0.320700 0.496749 0.299807 -0.814467
0.175188 0.700549 -0.290619 0.659708 0.369918 -0.654176
0.065013 0.611124 -0.299159 -0.114766 -0.234020 -0.965434
0.103142 0.833475 -0.191967 0.789133 0.614220 0.001784
-0.014087 0.963849 -0.200159 0.532043 0.844915 -0.055213
0.230276 0.167314 -0.222930 0.383120 -0.540219 0.749255
0.189993 0.355811 -0.208823 -0.495142 -0.103928 0.862574
0.135592 0.222597 -0.235736 -0.888532 -0.217057 0.404224
0.318706 0.342759 -0.188286 0.695098 -0.099002 0.712065
0.322202 0.347106 -0.287861 0.672030 -0.135582 -0.728006
0.286820 0.513477 -0.287810 0.675717 0.267767 -0.686809
0.158651 0.444220 -0.303066 -0.575713 -0.265235 -0.773437
0.167755 0.221326 0.050654 -0.659636 -0.029288 0.751014
0.196873 0.376993 -0.055647 -0.438621 -0.187201 -0.878958
0.116389 0.264377 0.191106 -0.734758 0.227539 0.639028
0.034285 0.127780 0.168816 -0.880583 0.002954 0.473883
0.146388 0.397037 0.074419 -0.232985 -0.184368 -0.954844
0.187604 0.350746 -0.301323 -0.444305 0.127391 -0.886772
0.235444 0.175465 -0.302010 0.207593 -0.452195 -0.867424
0.269760 0.456329 0.098862 0.711597 0.045336 -0.701124
0.206285 0.643636 0.076121 0.820368 0.443957 0.360414
0.116245 0.052156 0.192162 -0.135255 -0.486816 0.862969
-0.301882 0.775886 0.092116 -0.889648 -0.308782 -0.336423
-0.330364 0.750059 0.271620 -0.907992 0.230506 0.349881
0.320992 0.437822 -0.030681 0.799300 0.186596 -0.571228
-0.029148 0.952305 -0.314774 -0.095243 0.655845 -0.748863
0.088635 0.815718 0.006567 0.748789 0.624654 0.221635
0.133388 0.037535 0.023453 -0.982934 -0.050489 0.176895
0.036172 1.000000 0.086959 -0.159441 0.985332 0.060822
0.065894 0.984683 -0.152812 -0.074040 0.987857 -0.136588
0.284647 0.520634 -0.175696 0.298908 0.041227 0.953391
0.161306 0.460870 -0.199452 -0.582873 -0.298582 0.755717
0.023550 0.938217 -0.353037 -0.201685 0.941017 -0.271679
0.330364 0.285487 -0.164633 0.801496 -0.166592 -0.574327
0.135295 0.222074 -0.307782 -0.597172 -0.159906 -0.786012
-0.111888 0.871175 -0.413990 -0.295966 0.896829 -0.328788
