0.194370 0.604797 0.144693 0.497534 -0.838074 -0.223810
-0.003689 0.755134 0.219852 -0.294953 0.165580 0.941056
0.020771 0.523784 0.159692 0.465303 -0.498852 0.731190
0.082770 0.704283 0.223866 -0.805323 0.181633 0.564327
0.190935 0.574574 0.158971 0.277053 -0.449332 -0.849319
0.065373 0.539759 0.245907 -0.923048 -0.028160 -0.383654
0.167430 0.462324 0.207505 0.073608 -0.449417 -0.890285
0.058656 0.442945 0.288425 -0.975620 -0.205485 -0.077086
0.158945 0.391027 0.248316 0.118283 -0.904765 -0.409156
0.096652 0.429897 0.395452 -0.252120 -0.294723 0.921723
0.197907 0.373101 0.355902 0.581419 -0.691426 0.428815
0.245536 0.505594 0.315639 0.915996 -0.286548 0.280787
-0.270738 0.115614 -0.181693 -0.371668 -0.402831 -0.836415
-0.234490 0.307586 -0.177506 0.400682 0.070203 -0.913524
-0.186281 0.165581 -0.199212 0.591508 -0.094224 -0.800775
-0.349779 0.295646 -0.146217 -0.857159 -0.118168 -0.501313
-0.260098 0.100361 -0.098374 -0.394370 -0.576649 0.715505
-0.339210 0.283624 -0.043417 -0.701124 -0.123455 0.702271
-0.223820 0.295646 -0.074117 0.560550 -0.136841 0.816737
-0.302190 0.477405 -0.019659 -0.239853 -0.029467 0.970362
-0.184950 0.419775 -0.060093 0.811526 -0.343038 0.473023
-0.119455 0.560317 -0.055388 0.668068 -0.650342 -0.361580
-0.197663 0.423312 -0.183624 0.635303 -0.279870 -0.719765
-0.112392 0.595082 -0.177364 0.647779 -0.723203 -0.239501
0.076673 0.684691 -0.098364 0.520670 -0.766626 -0.375749
0.041014 0.729200 -0.329226 0.405917 -0.566552 -0.717112
0.202510 0.817997 -0.120954 0.894611 -0.247421 -0.372095
0.143448 0.845597 -0.325019 0.728860 0.379490 -0.569869
0.135257 0.963467 -0.052685 0.750840 0.655325 -0.082393
-0.106367 0.037478 0.165881 0.214580 -0.550037 0.807102
-0.027072 0.113592 0.139896 0.923654 -0.039480 0.381189
-0.103226 0.247528 0.180026 0.798610 0.172855 0.576492
-0.058117 0.114781 0.056974 0.722342 0.046486 -0.689972
-0.135410 0.037407 0.082196 -0.693439 -0.509985 -0.508976
-0.143478 0.257101 0.081170 0.274454 0.099573 -0.956431
-0.261023 0.244165 0.120273 -0.888745 -0.155297 -0.431294
-0.143031 0.387185 0.077674 0.131332 -0.116091 -0.984518
-0.260586 0.445617 0.118637 -0.779224 0.102729 -0.618268
-0.116335 0.629562 0.212830 -0.251206 0.260009 0.932358
-0.096265 0.365560 0.189274 0.787671 -0.266398 0.555524
-0.214837 0.424389 0.230979 -0.567663 0.139767 0.811310
-0.197754 0.631198 0.103364 -0.771824 0.422115 0.475507
-0.076449 0.537330 0.057167 0.572348 -0.710657 -0.409127
-0.003486 0.966312 -0.168127 -0.535479 0.842486 0.058987
0.036289 0.950897 0.011580 -0.547916 0.795550 0.258627
-0.000325 0.962979 -0.283832 0.048967 0.715577 -0.696815
-0.215020 0.367685 -0.199263 0.580501 -0.169731 0.796373
-0.259011 0.181922 -0.222362 -0.311985 -0.590904 0.743974
-0.166495 0.237122 -0.240918 0.922348 -0.253366 0.291684
-0.339820 0.354037 -0.166592 -0.620991 -0.144580 0.770368
-0.302231 0.528631 -0.145485 -0.200754 -0.024895 0.979325
-0.316214 0.530024 -0.256344 -0.737996 0.322224 -0.592902
-0.220304 0.678970 -0.136462 -0.839031 0.543094 0.032797
-0.203140 0.713744 -0.256852 -0.717613 0.422077 -0.553970
-0.264356 0.004573 -0.057035 -0.534581 -0.236246 -0.811425
-0.210446 0.225283 -0.057380 0.471371 0.126795 -0.872773
-0.172745 0.040161 -0.079107 0.467780 -0.335422 -0.817725
-0.332381 0.212876 -0.024221 -0.936621 -0.079941 -0.341102
-0.232234 0.000000 0.022565 -0.280422 -0.557867 0.781120
-0.290717 0.202784 0.076881 -0.258468 -0.220981 0.940405
-0.168650 0.215761 0.043600 0.732331 -0.088348 0.675193
-0.161404 0.357329 0.066181 0.815147 -0.218400 0.536504
-0.086439 0.805467 0.034841 -0.712645 0.612970 0.341183
0.099802 0.917280 0.178197 -0.356041 0.714338 0.602459
0.084000 0.912626 0.241111 -0.363103 -0.905397 -0.220028
0.193354 0.863594 0.303689 0.295802 0.931254 0.212760
-0.222062 0.368721 -0.290742 0.354900 0.187133 -0.915984
-0.173406 0.241563 -0.311768 0.511388 -0.106903 -0.852675
-0.191748 0.461023 -0.289106 0.489926 -0.215187 -0.844788
-0.184574 0.470281 -0.185870 0.650897 -0.358218 0.669338
0.306905 0.757096 0.076241 0.861402 -0.247202 -0.443710
0.214247 0.825700 0.288608 0.206253 0.693388 0.690415
0.140409 0.589624 0.357212 -0.210396 0.261874 0.941889
0.352929 0.718490 0.248021 0.939573 0.219511 0.262711
-0.205609 0.377532 -0.046283 0.343113 -0.127361 -0.930620
-0.324851 0.436431 -0.005076 -0.850256 0.233147 -0.471918
-0.280514 0.416778 0.107276 -0.368809 -0.004560 0.929494
-0.101743 0.842914 -0.288293 -0.572780 0.361848 -0.735520
-0.120329 0.838027 -0.158229 -0.775534 0.618517 0.126428
-0.097078 0.625141 -0.282826 0.014358 -0.165007 -0.986188
-0.240760 0.654174 -0.009100 -0.861730 0.492500 0.121927
-0.315787 0.481896 -0.142579 -0.776748 0.258932 -0.574122
-0.220771 0.234592 0.219110 -0.380434 -0.316042 0.869130
-0.352929 0.365266 -0.263975 -0.744883 -0.078133 -0.662604
-0.271978 0.196565 -0.299095 -0.303737 -0.385174 -0.871427
-0.176058 0.151039 -0.115924 0.958621 -0.178198 0.222019
-0.140511 0.035679 0.001052 0.995020 -0.071636 0.069307
0.070291 0.888765 -0.395452 0.299235 0.918922 -0.256983
-0.056349 0.951821 -0.317438 0.408325 -0.875917 -0.256982
-0.135176 1.000000 -0.112743 -0.153857 -0.983563 0.094508
-0.081663 0.997998 0.121920 -0.231250 -0.968164 -0.095824
