0 1
0 2
0 3
0 4
0 70
0 73
0 42
0 24
1 0
1 2
1 3
1 38
1 62
1 63
2 0
2 1
2 38
2 39
2 42
3 0
3 1
3 4
3 5
3 71
3 72
3 63
4 0
4 3
4 5
4 6
4 73
4 11
5 3
5 4
5 6
5 7
5 72
6 4
6 5
6 7
6 8
6 11
7 5
7 6
7 8
7 9
7 72
8 6
8 7
8 9
8 10
8 11
9 7
9 8
9 72
9 10
9 11
10 8
10 9
10 11
11 4
11 6
11 72
11 73
11 9
11 10
11 8
12 13
12 14
12 15
12 16
12 85
13 12
13 14
13 15
13 81
13 18
13 20
13 85
13 22
14 85
14 12
14 13
15 12
15 13
15 16
15 17
15 81
16 12
16 15
16 17
16 18
16 85
17 15
17 16
17 81
17 18
17 19
18 13
18 16
18 17
18 19
18 20
18 85
19 80
19 17
19 18
19 81
19 20
19 21
20 13
20 18
20 19
20 21
20 22
21 42
21 74
21 75
21 80
21 19
21 20
21 22
21 23
21 24
22 13
22 81
22 20
22 21
22 23
23 68
23 69
23 79
23 81
23 50
23 52
23 21
23 22
23 24
23 25
24 0
24 70
24 42
24 21
24 23
24 25
24 26
25 45
25 77
25 79
25 23
25 24
25 26
25 27
26 70
26 24
26 25
26 27
26 28
27 25
27 26
27 28
27 45
28 64
28 65
28 90
28 70
28 71
28 73
28 43
28 44
28 45
28 87
28 88
28 89
28 26
28 27
28 63
29 32
29 33
29 82
29 30
29 31
30 32
30 29
30 31
31 32
31 34
31 39
31 82
31 29
31 30
32 33
32 34
32 29
32 30
32 31
33 32
33 34
33 35
33 82
33 29
34 32
34 33
34 35
34 36
34 39
34 31
35 33
35 34
35 36
35 37
35 40
35 82
36 34
36 35
36 37
36 39
36 42
37 35
37 36
37 40
37 41
37 42
38 1
38 2
38 39
38 40
38 41
38 62
39 2
39 34
39 36
39 38
39 40
39 42
39 82
39 31
40 35
40 37
40 38
40 39
40 41
40 82
41 37
41 38
41 40
41 42
41 75
41 76
41 80
41 62
42 0
42 2
42 36
42 37
42 39
42 41
42 74
42 76
42 21
42 24
42 61
43 44
43 77
43 45
43 78
43 28
44 43
44 78
44 28
44 62
44 63
45 43
45 77
45 25
45 27
45 28
46 66
46 68
46 69
46 47
46 48
46 49
46 50
47 46
47 48
47 49
47 83
47 84
48 66
48 67
48 46
48 47
48 84
49 46
49 47
49 50
49 83
49 51
50 69
50 46
50 49
50 51
50 52
50 23
51 68
51 79
51 49
51 50
51 83
51 52
51 53
52 78
52 80
52 81
52 50
52 51
52 53
52 23
52 62
53 77
53 78
53 79
53 51
53 52
54 56
54 57
54 58
54 55
55 74
55 54
55 86
55 56
55 57
55 60
55 61
56 86
56 58
56 54
56 55
57 74
57 75
57 76
57 54
57 55
57 58
57 59
58 54
58 86
58 56
58 57
58 59
58 60
59 76
59 57
59 58
59 60
59 61
60 86
60 55
60 58
60 59
60 61
61 74
61 42
61 76
61 55
61 59
61 60
62 1
62 38
62 41
62 44
62 78
62 80
62 52
62 63
63 1
63 3
63 71
63 44
63 28
63 62
64 65
64 90
64 28
65 64
65 28
66 67
66 68
66 46
66 48
66 83
66 84
67 48
67 66
67 84
68 66
68 69
68 46
68 79
68 51
68 83
68 23
69 50
69 68
69 46
69 23
70 0
70 73
70 24
70 26
70 28
71 3
71 72
71 73
71 28
71 63
72 3
72 5
72 71
72 7
72 73
72 9
72 11
73 0
73 4
73 70
73 71
73 72
73 11
73 28
74 42
74 75
74 21
74 55
74 57
74 61
75 41
75 74
75 76
75 80
75 21
75 57
76 41
76 42
76 75
76 57
76 59
76 61
77 43
77 45
77 78
77 79
77 53
77 25
78 43
78 44
78 77
78 52
78 53
78 62
79 68
79 77
79 51
79 53
79 23
79 25
80 41
80 75
80 81
80 19
80 52
80 21
80 62
81 13
81 15
81 80
81 17
81 19
81 52
81 22
81 23
82 33
82 35
82 39
82 40
82 29
82 31
83 66
83 68
83 47
83 49
83 51
83 84
84 66
84 67
84 47
84 48
84 83
85 12
85 13
85 14
85 16
85 18
86 56
86 58
86 60
86 55
87 88
87 28
88 89
88 28
88 87
89 88
89 90
89 28
90 64
90 89
90 28
