  0.500000   0.181678  -0.080575
  0.283847   0.125412   0.067985
 -0.019414   0.208627   0.091415
 -0.079595   0.177807  -0.025398
 -0.081966   0.165117  -0.150414
 -0.077443   0.143129  -0.255526
  0.110925   0.080399   0.186834
 -0.175961   0.157143   0.075960
 -0.234750   0.139339  -0.039692
 -0.220841   0.129992  -0.148971
 -0.199068   0.120254  -0.254363
 -0.051899   0.049939   0.245215
 -0.328279   0.113752   0.060145
 -0.378937   0.102957  -0.052897
 -0.352480   0.098197  -0.147805
 -0.300490   0.078268  -0.250354
 -0.181465   0.044576   0.246674
 -0.453881   0.098351   0.045053
 -0.497659   0.097805  -0.066686
 -0.465093   0.066323  -0.146177
 -0.377829   0.074762  -0.251069
