 -0.500000   0.181680  -0.079776
 -0.280059   0.130646   0.070153
  0.028148   0.190772   0.088875
  0.043359   0.167142  -0.031738
  0.077639   0.166111  -0.153344
  0.080769   0.143677  -0.255459
 -0.104105   0.089819   0.190095
  0.175711   0.150459   0.077273
  0.214039   0.141904  -0.034828
  0.217375   0.139028  -0.152587
  0.199029   0.118292  -0.253632
  0.059564   0.049867   0.245543
  0.327384   0.113078   0.064973
  0.371440   0.108418  -0.036582
  0.350594   0.102383  -0.150666
  0.299497   0.078459  -0.249960
  0.180468   0.071618   0.255616
  0.446721   0.058284   0.057562
  0.494957   0.082170  -0.037961
  0.465330   0.086134  -0.150710
  0.375779   0.069028  -0.249409
