0 1
0 2
0 8
0 9
0 51
1 0
1 3
1 5
1 9
1 51
2 0
2 4
2 8
2 12
2 17
2 51
3 1
3 5
3 6
3 7
3 51
4 2
4 7
4 11
4 17
4 51
5 1
5 3
5 6
5 9
5 14
5 15
5 16
6 3
6 5
6 7
6 10
6 16
6 21
7 3
7 4
7 6
7 10
7 11
7 51
8 0
8 2
8 34
8 9
8 12
8 13
8 19
8 25
9 0
9 1
9 5
9 8
9 13
9 14
10 6
10 7
10 11
10 18
10 21
10 30
10 31
11 4
11 7
11 10
11 17
11 18
11 23
11 24
12 33
12 2
12 8
12 40
12 17
12 23
12 25
13 35
13 36
13 8
13 9
13 14
13 16
13 19
13 20
13 28
13 29
14 5
14 9
14 13
14 15
14 20
14 22
15 16
15 5
15 14
15 22
16 36
16 5
16 6
16 13
16 15
16 21
16 22
16 28
17 2
17 4
17 11
17 12
17 23
18 10
18 11
18 24
18 25
18 31
19 34
19 35
19 8
19 41
19 13
19 46
19 47
19 21
19 26
19 27
20 29
20 13
20 14
20 22
21 36
21 6
21 38
21 41
21 10
21 16
21 19
21 26
21 30
22 14
22 15
22 16
22 20
22 28
22 29
23 32
23 33
23 37
23 11
23 12
23 17
23 24
24 37
24 11
24 18
24 23
24 25
25 34
25 37
25 39
25 8
25 40
25 12
25 18
25 24
25 31
26 27
26 19
26 36
26 21
27 35
27 26
27 19
27 36
28 16
28 29
28 13
28 22
29 20
29 28
29 13
29 22
30 34
30 38
30 10
30 44
30 50
30 21
30 31
31 39
31 10
31 44
31 18
31 25
31 30
32 33
32 37
32 42
32 43
32 48
32 23
33 32
33 40
33 43
33 12
33 45
33 23
34 38
34 39
34 8
34 46
34 49
34 50
34 19
34 25
34 30
35 19
35 27
35 36
35 13
36 35
36 13
36 16
36 21
36 26
36 27
37 32
37 40
37 45
37 48
37 23
37 24
37 25
38 34
38 41
38 46
38 47
38 21
38 30
39 34
39 44
39 49
39 25
39 31
40 33
40 37
40 12
40 45
40 25
41 19
41 21
41 38
41 47
42 32
42 48
42 43
43 32
43 33
43 42
43 45
43 48
44 39
44 49
44 50
44 30
44 31
45 33
45 37
45 40
45 43
45 48
46 34
46 19
46 38
46 47
47 46
47 41
47 19
47 38
48 32
48 37
48 42
48 43
48 45
49 34
49 44
49 50
49 39
50 49
50 34
50 44
50 30
51 0
51 1
51 2
51 3
51 4
51 7
