0.445772 0.103306 -0.234881 0.312951 -0.876100 -0.366756
0.443209 0.193927 -0.240087 0.463893 0.162647 -0.870833
0.450432 0.030548 -0.012771 0.289070 -0.945733 -0.148419
0.445047 0.296002 -0.164656 0.406354 0.818163 -0.406799
0.443696 0.161939 0.095821 0.805007 -0.059329 0.590292
0.185048 0.237320 -0.296116 0.137178 0.468269 -0.872873
0.177060 0.317231 -0.187554 -0.011428 0.983960 -0.178021
0.449706 0.294700 0.008380 0.352491 0.873049 0.336951
0.174954 0.084223 -0.081098 -0.220647 -0.956961 -0.188524
0.203307 0.085286 -0.276486 0.068114 -0.783865 -0.617184
0.171934 0.320370 0.054902 0.073051 0.937264 0.340882
0.312762 0.144713 0.179358 0.388752 0.397347 0.831256
0.071240 0.006378 0.169831 -0.244658 -0.894834 -0.373382
0.011406 0.121705 -0.216264 0.016742 -0.998911 -0.043552
0.044368 0.115665 -0.310242 0.067665 -0.439918 -0.895485
-0.001906 0.237876 -0.310411 -0.146619 0.480940 -0.864407
-0.022549 0.266924 -0.214734 -0.320229 0.890562 -0.323035
0.317044 0.005702 0.151036 0.463219 -0.750646 0.471125
0.166311 0.172002 0.184465 0.093207 0.643319 0.759904
-0.002214 0.131073 -0.089562 0.060066 -0.997886 0.024822
-0.365520 0.018180 -0.285605 0.164652 -0.940821 -0.296220
-0.036149 0.286703 -0.091559 -0.315963 0.944792 -0.086804
-0.378832 0.076593 -0.289897 -0.338816 0.471805 -0.814005
0.147426 0.000000 0.260839 0.316453 -0.606697 0.729230
0.154281 0.135275 0.293563 0.133603 0.589986 0.796283
0.046951 0.121506 0.164079 -0.536606 -0.469924 0.700874
-0.468657 0.095796 -0.120508 -0.219848 0.235381 0.946712
-0.459577 0.033101 -0.126836 -0.099424 -0.692255 0.714771
-0.378703 0.076832 -0.225324 -0.205556 0.222681 0.952974
-0.365520 0.018905 -0.230758 -0.047080 -0.721058 0.691274
-0.036149 0.292833 0.032758 -0.342263 0.939434 0.017868
-0.023801 0.294750 0.163165 -0.167426 0.480626 0.860795
-0.057945 0.001957 0.310411 -0.077875 -0.811349 0.579351
-0.018347 0.007411 0.190604 -0.063943 -0.843203 -0.533778
-0.002214 0.144116 0.033632 0.022870 -0.999544 0.019711
-0.459647 0.031512 -0.181514 0.129531 -0.955615 -0.264615
-0.468081 0.095429 -0.188885 -0.329256 0.541964 -0.773218
-0.056206 0.090452 0.309169 -0.095051 0.701578 0.706225
-0.499950 0.113688 -0.009403 -0.357122 0.580697 0.731611
-0.447577 0.045102 0.091380 -0.020236 -0.655024 0.755337
-0.018158 0.089995 0.192670 -0.258050 0.597044 -0.759571
-0.500000 0.113708 -0.079251 -0.162576 0.225704 -0.960535
-0.187140 0.005722 0.265528 -0.597444 -0.643140 0.478990
-0.169735 0.017723 0.192144 -0.324947 -0.848881 -0.416906
-0.456458 0.112694 0.096159 -0.483772 0.811536 0.327679
-0.169735 0.075560 0.192432 -0.156171 0.746746 -0.646515
-0.490264 0.042181 -0.012492 0.098476 -0.904321 0.415340
-0.489668 0.042429 -0.072197 -0.092256 -0.686091 -0.721643
-0.185501 0.084322 0.261902 -0.639882 0.387597 0.663566
-0.447627 0.043611 0.036156 -0.053610 -0.680036 -0.731216
-0.456508 0.112675 0.029192 -0.148370 0.231861 -0.961367
0.500000 0.181678 -0.080575 0.999958 0.006558 -0.006454
