-0.445772 0.103306 -0.234876 -0.313809 -0.875835 -0.366656
-0.450432 0.030548 -0.012775 -0.288872 -0.945788 -0.148454
-0.174954 0.084223 -0.081093 0.220644 -0.956959 -0.188536
-0.443696 0.161939 0.095816 -0.804366 -0.059431 0.591155
-0.443209 0.193927 -0.240091 -0.464965 0.162544 -0.870280
-0.449706 0.294700 0.008375 -0.352027 0.873214 0.337008
-0.203307 0.085286 -0.276491 -0.068114 -0.783873 -0.617173
-0.071240 0.006368 0.169836 0.244671 -0.894821 -0.373404
-0.445047 0.296002 -0.164661 -0.406875 0.817944 -0.406719
-0.312762 0.144713 0.179363 -0.388763 0.397338 0.831255
-0.185047 0.237320 -0.296111 -0.137178 0.468269 -0.872873
-0.317044 0.005692 0.151031 -0.463241 -0.750624 0.471138
-0.011406 0.121705 -0.216269 -0.016743 -0.998911 -0.043550
-0.171934 0.320370 0.054897 -0.073050 0.937266 0.340874
-0.177060 0.317231 -0.187559 0.011427 0.983960 -0.178024
0.018347 0.007411 0.190599 0.063967 -0.843220 -0.533749
-0.147426 0.000000 0.260834 -0.316442 -0.606660 0.729266
0.002214 0.131073 -0.089567 -0.060073 -0.997886 0.024792
-0.044368 0.115665 -0.310247 -0.067677 -0.439910 -0.895488
-0.166311 0.172002 0.184469 -0.093190 0.643321 0.759904
0.022549 0.266924 -0.214739 0.320229 0.890559 -0.323047
0.169735 0.017723 0.192149 0.324926 -0.848887 -0.416909
0.057945 0.001957 0.310416 0.077878 -0.811346 0.579355
0.018158 0.089995 0.192665 0.258048 0.597010 -0.759598
-0.046951 0.121506 0.164074 0.536613 -0.469882 0.700897
0.459577 0.033101 -0.126831 0.099424 -0.692255 0.714771
0.468657 0.095796 -0.120503 0.219849 0.235421 0.946701
0.365520 0.018905 -0.230753 0.047081 -0.721058 0.691274
0.378703 0.076832 -0.225329 0.205564 0.222732 0.952961
0.001906 0.237876 -0.310416 0.146608 0.480944 -0.864407
0.023801 0.294750 0.163160 0.167418 0.480592 0.860815
0.036149 0.292832 0.032763 0.342270 0.939432 0.017870
-0.154281 0.135275 0.293558 -0.133584 0.589968 0.796300
0.036149 0.286703 -0.091564 0.315959 0.944794 -0.086801
0.187140 0.005722 0.265523 0.597466 -0.643101 0.479016
0.169735 0.075560 0.192437 0.156198 0.746715 -0.646544
0.002214 0.144107 0.033637 -0.022859 -0.999544 0.019711
0.459647 0.031512 -0.181509 -0.129529 -0.955619 -0.264602
0.365520 0.018180 -0.285610 -0.164652 -0.940829 -0.296193
0.378822 0.076593 -0.289902 0.338821 0.471803 -0.814004
0.447577 0.045102 0.091375 0.020232 -0.655004 0.755354
0.456458 0.112694 0.096164 0.483772 0.811524 0.327709
0.056216 0.090452 0.309164 0.095038 0.701589 0.706216
0.185501 0.084322 0.261897 0.639891 0.387572 0.663571
0.468081 0.095429 -0.188890 0.329271 0.541958 -0.773215
0.456508 0.112674 0.029197 0.148366 0.231893 -0.961360
0.490264 0.042181 -0.012497 -0.098467 -0.904348 0.415281
0.499950 0.113688 -0.009408 0.357134 0.580696 0.731606
0.447627 0.043611 0.036151 0.053636 -0.679979 -0.731267
0.500000 0.113708 -0.079256 0.162576 0.225704 -0.960535
0.489668 0.042429 -0.072202 0.092256 -0.686091 -0.721643
-0.500000 0.181680 -0.079776 -0.999958 0.006558 -0.006454
