0 1
0 2
0 4
0 6
0 51
1 0
1 2
1 3
1 7
1 11
1 51
2 0
2 1
2 36
2 6
2 7
2 12
2 17
2 24
3 1
3 5
3 9
3 11
3 51
4 0
4 6
4 8
4 10
4 51
5 3
5 8
5 9
5 13
5 14
5 51
6 0
6 2
6 4
6 10
6 12
6 18
7 1
7 2
7 11
7 15
7 16
7 23
7 24
8 4
8 5
8 10
8 14
8 51
9 32
9 3
9 5
9 11
9 13
9 16
9 19
10 4
10 6
10 8
10 14
10 18
10 20
10 29
11 1
11 3
11 7
11 9
11 16
12 2
12 37
12 6
12 38
12 44
12 17
12 18
12 20
12 27
12 28
13 33
13 5
13 9
13 14
13 19
13 30
13 31
14 33
14 5
14 8
14 10
14 13
14 20
15 35
15 7
15 16
15 21
15 22
15 23
16 32
16 7
16 9
16 42
16 11
16 15
16 22
17 33
17 2
17 36
17 37
17 12
17 46
17 49
17 50
17 25
17 26
18 38
18 6
18 39
18 10
18 12
18 29
19 32
19 9
19 13
19 24
19 30
20 33
20 39
20 10
20 12
20 44
20 14
20 28
20 29
21 34
21 35
21 43
21 15
21 22
22 34
22 42
22 43
22 15
22 16
22 21
23 35
23 7
23 42
23 15
23 24
24 32
24 2
24 36
24 7
24 40
24 42
24 19
24 23
24 30
25 17
25 26
25 44
25 37
26 17
26 44
26 25
26 33
27 12
27 28
27 38
27 39
28 27
28 12
28 20
28 39
29 18
29 10
29 20
29 39
30 40
30 41
30 13
30 19
30 24
30 31
31 33
31 36
31 41
31 45
31 13
31 47
31 30
32 9
32 42
32 16
32 19
32 24
33 44
33 13
33 14
33 47
33 17
33 49
33 20
33 26
33 31
34 43
34 21
34 22
35 42
35 43
35 15
35 21
35 23
36 2
36 40
36 45
36 46
36 47
36 48
36 17
36 24
36 31
37 25
37 44
37 12
37 17
38 18
38 27
38 12
38 39
39 38
39 18
39 20
39 27
39 28
39 29
40 36
40 41
40 48
40 24
40 30
41 40
41 45
41 48
41 30
41 31
42 32
42 35
42 43
42 16
42 22
42 23
42 24
43 34
43 35
43 42
43 21
43 22
44 33
44 37
44 12
44 20
44 25
44 26
45 48
45 41
45 36
45 31
46 17
46 50
46 36
46 47
47 33
47 36
47 46
47 49
47 50
47 31
48 40
48 41
48 36
48 45
49 33
49 50
49 17
49 47
50 17
50 49
50 46
50 47
51 0
51 1
51 3
51 4
51 5
51 8
