0 1
0 2
0 90
0 55
1 0
1 2
1 3
1 4
1 17
1 54
1 55
2 0
2 1
2 3
2 58
2 21
2 90
3 1
3 2
3 4
3 5
3 49
3 20
3 21
4 1
4 3
4 5
4 6
4 15
4 16
4 17
5 3
5 4
5 6
5 7
5 49
6 4
6 5
6 7
6 8
6 14
6 15
7 68
7 5
7 6
7 8
7 9
7 49
7 59
7 60
8 6
8 7
8 9
8 10
8 13
8 14
9 69
9 7
9 8
9 10
9 11
9 60
10 64
10 8
10 9
10 11
10 12
10 13
11 98
11 69
11 70
11 9
11 10
11 12
12 64
12 98
12 10
12 11
12 82
13 64
13 8
13 10
13 14
13 62
13 63
14 6
14 8
14 13
14 15
14 53
14 62
15 4
15 6
15 45
15 14
15 16
15 53
16 4
16 45
16 15
16 17
16 18
17 1
17 4
17 16
17 18
17 19
17 54
18 45
18 16
18 17
18 19
18 20
19 17
19 18
19 20
19 21
19 54
19 56
20 3
20 45
20 48
20 49
20 18
20 19
20 21
21 2
21 3
21 19
21 20
21 56
21 57
21 58
22 65
22 66
22 35
22 23
22 24
23 66
23 67
23 22
23 24
23 25
23 26
24 35
24 38
24 50
24 22
24 23
24 25
25 50
25 51
25 52
25 23
25 24
25 26
25 27
26 67
26 37
26 39
26 23
26 25
26 27
26 28
27 79
27 61
27 52
27 25
27 26
27 28
27 29
28 68
28 39
28 85
28 26
28 27
28 29
28 30
29 79
29 88
29 27
29 28
29 30
29 31
30 32
30 84
30 85
30 28
30 29
30 31
31 32
31 33
31 87
31 88
31 29
31 30
32 33
32 84
32 30
32 94
32 31
33 32
33 94
33 87
33 31
34 65
34 35
34 36
34 95
35 65
35 34
35 36
35 37
35 38
35 22
35 24
36 34
36 35
36 67
36 37
36 91
36 95
37 67
37 35
37 36
37 38
37 39
37 26
38 35
38 37
38 39
38 40
38 50
38 24
39 68
39 37
39 38
39 40
39 41
39 46
39 49
39 26
39 28
40 100
40 38
40 71
40 39
40 41
40 42
40 72
40 50
41 39
41 40
41 42
41 43
41 46
41 47
42 96
42 100
42 40
42 41
42 43
42 44
43 73
43 41
43 42
43 44
43 74
43 47
44 96
44 42
44 75
44 43
44 74
44 81
45 46
45 47
45 48
45 16
45 18
45 51
45 52
45 53
45 15
45 86
45 20
46 39
46 41
46 45
46 47
46 48
46 49
47 73
47 41
47 43
47 45
47 46
47 86
48 49
48 20
48 45
48 46
49 3
49 68
49 5
49 39
49 7
49 46
49 48
49 20
50 38
50 40
50 72
50 51
50 24
50 25
51 72
51 73
51 45
51 50
51 52
51 86
51 25
52 45
52 51
52 53
52 25
52 27
52 61
53 45
53 14
53 15
53 52
53 61
53 62
54 1
54 17
54 19
54 55
54 56
55 0
55 1
55 54
55 56
55 57
55 90
56 19
56 21
56 54
56 55
56 57
57 90
57 21
57 55
57 56
57 58
58 57
58 2
58 90
58 21
59 68
59 7
59 79
59 80
59 85
59 60
59 61
60 69
60 7
60 9
60 59
60 61
60 62
60 63
61 59
61 79
61 52
61 53
61 27
61 60
61 62
62 13
62 14
62 53
62 60
62 61
62 63
63 64
63 69
63 13
63 83
63 60
63 62
64 10
64 12
64 13
64 82
64 83
64 63
65 34
65 35
65 66
65 22
65 92
65 95
66 65
66 67
66 22
66 23
66 91
66 92
67 66
67 36
67 37
67 23
67 26
67 91
68 39
68 7
68 49
68 85
68 59
68 28
69 70
69 9
69 11
69 83
69 60
69 63
70 98
70 69
70 11
70 83
70 93
71 100
71 40
71 72
71 74
71 75
71 76
72 71
72 40
72 73
72 74
72 50
72 51
73 72
73 74
73 43
73 47
73 51
73 86
74 71
74 72
74 73
74 75
74 44
74 43
75 71
75 74
75 76
75 77
75 44
75 81
76 99
76 100
76 71
76 75
76 77
76 78
77 97
77 75
77 76
77 78
77 81
78 97
78 99
78 76
78 77
79 27
79 80
79 29
79 88
79 59
79 61
80 79
80 84
80 85
80 88
80 89
80 59
81 96
81 97
81 75
81 44
81 77
82 64
82 98
82 12
82 83
82 93
83 64
83 69
83 70
83 82
83 93
83 63
84 32
84 80
84 85
84 94
84 89
84 30
85 68
85 80
85 84
85 59
85 28
85 30
86 73
86 51
86 45
86 47
87 33
87 88
87 89
87 94
87 31
88 79
88 80
88 87
88 89
88 29
88 31
89 80
89 84
89 87
89 88
89 94
90 0
90 2
90 55
90 57
90 58
91 66
91 67
91 36
91 92
91 95
92 65
92 66
92 91
92 95
93 82
93 83
93 70
93 98
94 32
94 33
94 84
94 87
94 89
95 65
95 34
95 36
95 91
95 92
96 97
96 99
96 100
96 42
96 44
96 81
97 96
97 99
97 77
97 78
97 81
98 70
98 11
98 12
98 82
98 93
99 96
99 97
99 100
99 76
99 78
100 96
100 99
100 71
100 40
100 42
100 76
