  0.384754   0.679121  -0.111439
  0.334026   0.533433   0.041281
  0.004261   0.483239   0.104994
 -0.013447   0.473770  -0.083747
 -0.035209   0.445890  -0.242289
 -0.004303   0.477434  -0.378167
  0.293443   0.416883   0.163457
 -0.158331   0.319587   0.103037
 -0.170875   0.303402  -0.085425
 -0.196066   0.270008  -0.235842
 -0.147320   0.325883  -0.371982
  0.234226   0.239084   0.309439
 -0.291761   0.158438   0.101546
 -0.330507   0.136635  -0.087196
 -0.319792   0.144363  -0.231137
 -0.274109   0.180395  -0.366146
  0.135802   0.128562   0.425697
 -0.438770   0.052512   0.099578
 -0.492495   0.023691  -0.089324
 -0.451900   0.051308  -0.227305
 -0.402041   0.091399  -0.362059
