0.464053 0.058738 0.087764 0.698430 0.182017 -0.692146
0.306696 0.237026 0.083632 0.658406 0.549384 -0.514469
0.464061 0.058738 0.138494 0.779840 0.364668 0.508790
0.307185 0.236646 0.146619 0.671414 0.534378 0.513462
0.162201 0.413926 0.080121 0.696685 0.511253 -0.503240
0.163238 0.413101 0.153605 0.636089 0.535412 0.555630
0.069904 0.539849 0.050372 0.720269 0.693657 0.007173
0.057311 0.524759 0.153591 0.337756 0.481592 0.808697
-0.200250 0.718611 0.125879 0.213935 0.915466 0.340814
-0.308521 0.653339 0.175827 -0.049176 0.592389 0.804150
-0.384758 0.679123 -0.105876 -0.783796 0.604054 -0.144163
-0.375632 0.572466 0.260846 -0.205074 0.725539 0.656915
-0.500000 0.503924 0.209496 -0.917290 0.239430 0.318201
-0.286817 0.393055 0.337521 0.030563 0.434670 0.900071
-0.382947 0.326096 0.305663 -0.819909 -0.287964 0.494798
-0.233474 0.255875 0.396303 -0.145698 0.370714 0.917248
-0.303075 0.209306 0.363992 -0.777468 -0.075102 0.624422
-0.173174 0.136924 0.466408 -0.032738 0.353912 0.934706
-0.250951 0.088531 0.436703 -0.812007 -0.257892 0.523580
-0.175853 0.066403 0.439842 0.504276 -0.860780 0.069019
-0.259010 0.069528 0.365883 -0.325315 -0.851910 -0.410389
-0.174313 0.127244 0.295588 0.568628 -0.539096 -0.621319
0.382495 0.075777 -0.292187 -0.160222 -0.389682 -0.906905
0.222838 0.255225 -0.302538 -0.116829 -0.137788 -0.983547
0.472602 0.058439 -0.269067 0.692359 0.361977 -0.624189
0.316106 0.239048 -0.276046 0.709872 0.580213 -0.399292
0.159099 0.431162 -0.280017 0.667166 0.489157 -0.561795
0.160347 0.430060 -0.198706 0.670397 0.504328 0.544261
0.075328 0.550135 -0.179185 0.664610 0.746990 0.017310
0.069948 0.419511 -0.169600 -0.093783 -0.308187 0.946692
0.075328 0.550135 -0.140961 0.736483 0.669592 -0.096118
0.070072 0.419387 -0.158956 -0.110679 -0.558069 -0.822380
0.163749 0.425891 -0.122068 0.695556 0.530919 -0.484072
0.222655 0.254094 -0.154839 -0.228207 -0.240121 -0.943538
0.318800 0.236544 -0.120579 0.683010 0.560030 -0.468896
0.413550 0.043327 -0.138837 -0.047654 -0.256729 -0.965308
0.500000 0.025427 -0.111563 0.744690 0.226453 -0.627818
0.370960 0.075638 0.168564 0.009932 -0.244929 0.969490
0.213413 0.255065 0.186909 -0.180177 -0.194830 0.964146
0.267807 0.071441 0.113987 -0.684563 -0.728953 -0.001178
0.092206 0.287215 0.112826 -0.712736 -0.701330 -0.011996
0.057910 0.421694 0.187727 -0.171383 -0.226644 0.958781
-0.063969 0.404647 0.111293 -0.193396 -0.966898 0.166454
-0.118108 0.481636 0.177338 0.052071 -0.109094 0.992667
-0.173203 0.420234 0.113410 0.579479 -0.773267 0.257412
-0.183431 0.460706 0.195253 0.724295 0.333077 0.603702
-0.214698 0.298822 0.144947 0.466865 -0.653140 -0.596192
-0.156003 0.315445 0.321928 0.930114 0.312847 0.192389
-0.116867 0.157124 0.422978 0.996758 -0.080434 -0.002088
-0.186300 0.751980 -0.093371 0.334647 0.941753 0.033372
-0.196410 0.733861 -0.318833 0.306784 0.931433 -0.195744
0.072605 0.546412 0.003278 0.662955 0.729004 0.170423
0.067356 0.421664 0.030435 0.021226 -0.314380 -0.949060
0.212325 0.256247 0.039881 -0.162050 -0.174385 -0.971252
0.370960 0.075638 0.048992 0.017151 -0.203591 -0.978906
0.210055 0.255225 -0.446872 -0.164896 -0.185118 -0.968783
0.088067 0.287018 -0.383681 -0.715359 -0.698404 0.022212
0.055062 0.421445 -0.454589 -0.119540 -0.227993 -0.966297
-0.063969 0.404647 -0.391018 -0.360368 -0.876851 -0.318225
0.066809 0.421803 -0.318088 -0.084181 -0.521810 0.848898
-0.051390 0.404647 -0.248524 -0.207783 -0.976352 -0.059690
0.068101 0.421723 -0.308152 -0.117639 -0.258418 -0.958844
0.101901 0.287164 -0.243632 -0.710463 -0.703720 -0.004485
0.279305 0.071587 -0.240566 -0.683090 -0.730334 -0.000319
0.101499 0.287033 -0.076383 -0.707860 -0.706272 0.010686
-0.051390 0.404647 -0.074477 -0.110124 -0.993909 0.004087
0.070816 0.420876 0.008008 -0.080889 -0.605407 0.791795
0.500000 0.025427 -0.042750 0.812889 0.451805 0.367536
0.319041 0.236493 -0.031566 0.696597 0.560548 0.447816
0.164260 0.425796 -0.027726 0.708470 0.513613 0.484017
-0.334590 0.227258 0.231762 -0.553003 -0.737263 -0.388111
-0.468529 0.393515 0.040356 -0.702524 -0.575678 -0.418396
-0.209602 0.404560 -0.012995 -0.174432 -0.942816 -0.284028
-0.412411 0.542666 -0.133135 -0.660734 -0.581907 -0.474146
-0.246118 0.478278 -0.373607 -0.618501 -0.715971 -0.323792
0.382495 0.075784 -0.182814 -0.057012 -0.250568 0.966419
0.222494 0.255393 -0.173477 -0.208539 -0.205419 0.956198
-0.224363 0.562845 -0.466408 -0.521899 -0.092761 -0.847948
0.061925 0.520627 -0.424460 0.416744 0.597787 -0.684817
0.145235 0.432410 -0.422986 0.631000 0.511946 -0.582881
0.068838 0.543265 -0.324133 0.702529 0.710847 -0.033921
0.144608 0.432279 -0.341646 0.674690 0.512605 0.531064
0.210011 0.255393 -0.319526 -0.193540 -0.169057 0.966417
0.224195 0.254802 0.002467 -0.231108 -0.248178 0.940743
0.413550 0.043327 -0.014944 -0.044438 -0.260279 0.964510
0.332466 0.113906 -0.436345 -0.060383 -0.304199 -0.950693
0.228860 0.109636 -0.379403 -0.677727 -0.735314 0.000530
-0.215347 0.679386 -0.429330 -0.271687 0.653809 -0.706201
0.316894 0.040166 -0.076463 -0.684607 -0.728889 0.005844
0.304112 0.239822 -0.418649 0.680191 0.547751 -0.487143
0.303798 0.239763 -0.343654 0.645902 0.535580 0.544026
0.332466 0.113906 -0.323775 -0.067278 -0.283405 0.956638
0.316690 0.238529 -0.201634 0.655063 0.539524 0.528967
0.472602 0.058439 -0.207445 0.698587 0.148757 0.699891
0.072605 0.546412 -0.297830 0.684028 0.696003 -0.218370
0.427559 0.000000 -0.076894 -0.106185 -0.994346 0.000000
0.396504 0.032457 -0.237500 -0.093492 -0.995620 0.000052
0.426712 0.097189 -0.347574 0.685252 0.016143 0.728128
0.346468 0.070572 -0.380060 -0.087130 -0.996197 -0.000000
0.426712 0.097189 -0.412101 0.814899 0.303570 -0.493746
0.384969 0.032311 0.108782 -0.083999 -0.996466 0.000004
