0 1
0 2
0 100
0 54
1 0
1 2
1 3
1 4
1 53
1 54
2 0
2 1
2 3
2 100
2 37
3 1
3 2
3 4
3 5
3 38
3 37
4 1
4 3
4 5
4 6
4 52
4 53
5 3
5 4
5 6
5 7
5 38
5 41
6 4
6 5
6 7
6 8
6 51
6 52
7 5
7 6
7 8
7 9
7 41
7 43
8 6
8 7
8 9
8 10
8 49
8 51
9 7
9 8
9 10
9 11
9 43
9 45
10 71
10 8
10 9
10 73
10 11
10 12
10 74
10 77
10 49
10 50
10 87
11 9
11 10
11 12
11 45
11 13
12 71
12 10
12 11
12 13
12 14
13 11
13 12
13 45
13 14
13 47
13 15
14 70
14 71
14 12
14 13
14 15
14 16
15 13
15 14
15 47
15 16
15 17
16 70
16 14
16 15
16 17
16 18
17 15
17 16
17 48
17 18
17 19
17 47
18 70
18 16
18 17
18 19
18 20
19 48
19 17
19 18
19 20
19 21
20 18
20 19
20 21
20 70
21 70
21 46
21 47
21 48
21 19
21 20
22 24
22 96
22 63
22 23
23 22
23 24
23 25
23 26
23 61
23 62
23 63
24 96
24 22
24 23
24 25
24 92
24 93
25 23
25 24
25 26
25 27
25 92
26 23
26 25
26 27
26 28
26 61
26 94
27 76
27 92
27 25
27 26
27 28
27 29
28 49
28 50
28 30
28 26
28 27
28 29
28 94
29 76
29 60
29 62
29 27
29 28
29 30
29 31
30 32
30 69
30 49
30 51
30 28
30 29
30 31
31 32
31 33
31 64
31 65
31 60
31 29
31 30
32 33
32 34
32 68
32 69
32 30
32 31
33 32
33 64
33 34
33 35
33 88
33 31
34 32
34 33
34 67
34 35
34 36
34 68
35 33
35 34
35 36
35 88
35 95
36 67
36 34
36 35
36 95
37 2
37 3
37 100
37 38
37 39
38 3
38 5
38 37
38 39
38 40
38 41
39 100
39 37
39 38
39 40
39 53
39 54
40 38
40 39
40 41
40 42
40 52
40 53
41 5
41 38
41 7
41 40
41 42
41 43
42 65
42 66
42 40
42 41
42 72
42 43
42 44
42 52
43 7
43 41
43 42
43 9
43 44
43 45
44 72
44 42
44 43
44 45
44 46
45 9
45 43
45 44
45 13
45 46
45 47
45 11
46 70
46 71
46 72
46 44
46 45
46 47
46 21
47 45
47 46
47 15
47 48
47 17
47 13
47 21
48 17
48 19
48 21
48 47
49 8
49 10
49 50
49 51
49 28
49 30
50 10
50 78
50 80
50 49
50 87
50 28
50 94
51 66
51 69
51 6
51 8
51 49
51 52
51 30
52 66
52 4
52 6
52 40
52 42
52 51
52 53
53 1
53 4
53 39
53 40
53 52
53 54
54 0
54 1
54 100
54 39
54 53
55 89
55 79
55 85
55 86
55 56
55 57
56 82
56 86
56 55
56 57
56 58
56 59
57 77
57 78
57 79
57 55
57 56
57 58
58 74
58 77
58 56
58 57
58 59
58 60
59 80
59 81
59 82
59 56
59 58
59 60
59 61
59 94
60 65
60 72
60 74
60 61
60 58
60 59
60 29
60 62
60 31
61 23
61 94
61 26
61 59
61 60
61 62
62 76
62 29
62 23
62 60
62 61
62 63
63 96
63 75
63 76
63 22
63 23
63 62
64 65
64 33
64 66
64 83
64 88
64 31
65 64
65 66
65 72
65 42
65 60
65 31
66 64
66 65
66 69
66 42
66 51
66 52
66 83
67 34
67 36
67 68
67 84
67 95
68 32
68 34
68 67
68 69
68 83
68 84
69 32
69 66
69 68
69 51
69 83
69 30
70 71
70 14
70 46
70 16
70 18
70 20
70 21
71 70
71 72
71 73
71 10
71 12
71 46
71 14
72 65
72 71
72 73
72 74
72 42
72 44
72 46
72 60
73 72
73 74
73 10
73 71
74 72
74 73
74 10
74 77
74 58
74 60
75 96
75 76
75 92
75 93
75 63
76 75
76 27
76 92
76 29
76 62
76 63
77 74
77 10
77 78
77 87
77 57
77 58
78 77
78 79
78 80
78 50
78 87
78 57
79 89
79 78
79 80
79 81
79 55
79 57
80 78
80 79
80 81
80 50
80 59
80 94
81 79
81 80
81 82
81 89
81 90
81 59
82 91
82 81
82 86
82 56
82 90
82 59
83 64
83 66
83 68
83 69
83 84
83 88
84 67
84 68
84 83
84 88
84 95
85 98
85 99
85 86
85 55
85 89
86 98
86 82
86 85
86 55
86 56
86 91
87 50
87 10
87 77
87 78
88 64
88 33
88 35
88 83
88 84
88 95
89 99
89 79
89 81
89 85
89 55
89 90
90 97
90 99
90 81
90 82
90 89
90 91
91 97
91 98
91 82
91 86
91 90
92 75
92 76
92 24
92 25
92 27
92 93
93 96
93 24
93 75
93 92
94 80
94 50
94 26
94 59
94 28
94 61
95 35
95 67
95 36
95 84
95 88
96 75
96 22
96 24
96 93
96 63
97 91
97 98
97 99
97 90
98 97
98 99
98 85
98 86
98 91
99 97
99 98
99 85
99 89
99 90
100 0
100 2
100 37
100 39
100 54
