0.116407 0.156905 0.422573 -0.996894 -0.078723 -0.002437
0.156003 0.315445 0.322304 -0.929811 0.313854 0.192216
0.173882 0.127025 0.295191 -0.568295 -0.537056 -0.623387
0.214690 0.298822 0.145330 -0.466825 -0.652465 -0.596962
0.183431 0.460706 0.195629 -0.724276 0.333086 0.603721
0.173203 0.420234 0.113786 -0.579456 -0.773277 0.257437
0.118108 0.481636 0.177714 -0.052052 -0.109086 0.992669
0.063969 0.404633 0.111669 0.193331 -0.966905 0.166487
-0.057910 0.421679 0.188103 0.171293 -0.226594 0.958809
-0.092126 0.287288 0.113202 0.712718 -0.701347 -0.012044
-0.213340 0.255130 0.187278 0.180176 -0.194859 0.964140
-0.267815 0.071441 0.114363 0.684556 -0.728959 -0.001202
-0.370960 0.075638 0.168940 -0.010008 -0.244783 0.969526
-0.163238 0.413101 0.153974 -0.636112 0.535379 0.555636
-0.057311 0.524759 0.153967 -0.337760 0.481580 0.808702
0.308521 0.653346 0.176203 0.054333 0.596377 0.800863
0.375632 0.572466 0.261215 0.209628 0.728229 0.652486
0.286817 0.393055 0.337897 -0.030565 0.434692 0.900060
0.500000 0.503924 0.209872 0.917550 0.241047 0.316224
0.382947 0.326096 0.306039 0.819900 -0.287972 0.494809
0.468529 0.393515 0.040732 0.701196 -0.577461 -0.418166
0.334590 0.227265 0.232138 0.553630 -0.736703 -0.388281
-0.316099 0.239048 -0.275670 -0.709860 0.580210 -0.399317
-0.160347 0.430060 -0.198330 -0.670414 0.504334 0.544235
-0.159099 0.431155 -0.279641 -0.667174 0.489143 -0.561800
-0.075328 0.550135 -0.178809 -0.664610 0.746990 0.017298
-0.069948 0.419503 -0.169217 0.093769 -0.308176 0.946697
-0.075328 0.550135 -0.140585 -0.736477 0.669598 -0.096124
-0.070072 0.419379 -0.158588 0.110666 -0.558083 -0.822373
-0.163749 0.425891 -0.121692 -0.695562 0.530912 -0.484073
-0.222655 0.254094 -0.154463 0.228194 -0.240108 -0.943544
-0.318800 0.236544 -0.120195 -0.683011 0.560038 -0.468885
-0.413550 0.043327 -0.138468 0.047599 -0.256677 -0.965324
-0.500000 0.025427 -0.111187 -0.744710 0.226488 -0.627782
-0.382495 0.075777 -0.291811 0.160262 -0.389681 -0.906898
-0.222838 0.255225 -0.302155 0.116850 -0.137814 -0.983541
-0.279313 0.071587 -0.240183 0.683093 -0.730331 -0.000319
-0.101901 0.287164 -0.243256 0.710434 -0.703749 -0.004507
-0.068101 0.421723 -0.307776 0.117606 -0.258428 -0.958845
0.051390 0.404633 -0.248148 0.207805 -0.976346 -0.059718
-0.066809 0.421803 -0.317712 0.084165 -0.521824 0.848891
0.063969 0.404647 -0.390642 0.360354 -0.876837 -0.318280
-0.088067 0.287018 -0.383305 0.715356 -0.698408 0.022199
-0.055070 0.421445 -0.454213 0.119538 -0.227981 -0.966300
-0.210055 0.255225 -0.446496 0.164896 -0.185124 -0.968782
0.384758 0.679123 -0.111442 0.783798 0.604049 -0.144174
0.246118 0.478278 -0.373231 0.616169 -0.718413 -0.322829
0.224356 0.562845 -0.466032 0.516428 -0.094272 -0.851125
0.412404 0.542666 -0.132759 0.655784 -0.588530 -0.472842
0.209602 0.404560 -0.012626 0.174471 -0.942810 -0.284024
-0.072605 0.546412 -0.297454 -0.684026 0.696005 -0.218371
0.196410 0.733854 -0.318449 -0.308594 0.930827 -0.195782
0.186300 0.751980 -0.092995 -0.334321 0.941869 0.033361
0.200250 0.718611 0.126255 -0.210597 0.916571 0.339921
0.233459 0.255875 0.396686 0.144405 0.369316 0.918016
0.172699 0.136712 0.466032 0.030020 0.350387 0.936124
0.303068 0.209314 0.364368 0.776557 -0.078415 0.625148
0.250498 0.088319 0.436356 0.810755 -0.261444 0.523758
0.258565 0.069323 0.365521 0.326568 -0.851300 -0.410660
-0.070816 0.420876 0.008384 0.080838 -0.605382 0.791819
-0.067356 0.421664 0.030811 -0.021369 -0.314354 -0.949065
-0.072605 0.546412 0.003654 -0.662955 0.729004 0.170423
-0.069904 0.539849 0.050748 -0.720269 0.693657 0.007166
-0.162209 0.413919 0.080497 -0.696697 0.511212 -0.503266
-0.307105 0.236719 0.146980 -0.671371 0.534344 0.513553
-0.472602 0.058439 -0.268691 -0.692375 0.361993 -0.624162
-0.316690 0.238529 -0.201258 -0.655074 0.539533 0.528945
-0.222494 0.255393 -0.173101 0.208517 -0.205414 0.956204
0.051390 0.404633 -0.074102 0.110121 -0.993910 0.004096
-0.212252 0.256320 0.040250 0.162152 -0.174488 -0.971216
-0.370960 0.075638 0.049368 -0.017166 -0.203513 -0.978922
-0.144608 0.432279 -0.341270 -0.674673 0.512583 0.531108
-0.068838 0.543265 -0.323757 -0.702505 0.710869 -0.033934
-0.061917 0.520627 -0.424084 -0.416746 0.597814 -0.684793
-0.145250 0.432410 -0.422610 -0.631002 0.511958 -0.582868
-0.304112 0.239822 -0.418273 -0.680213 0.547735 -0.487131
-0.303805 0.239763 -0.343278 -0.645919 0.535566 0.544019
-0.426712 0.097174 -0.411718 -0.814903 0.303548 -0.493752
-0.426712 0.097174 -0.347198 -0.685219 0.016098 0.728159
-0.164260 0.425796 -0.027350 -0.708464 0.513616 0.484022
-0.224195 0.254794 0.002851 0.231100 -0.248182 0.940744
-0.332466 0.113906 -0.435969 0.060372 -0.304196 -0.950694
-0.464061 0.058738 0.138862 -0.779758 0.364834 0.508796
-0.306623 0.237099 0.084001 -0.658396 0.549393 -0.514472
-0.316894 0.040166 -0.076094 0.684605 -0.728891 0.005821
-0.101499 0.287033 -0.076000 0.707850 -0.706282 0.010688
0.215347 0.679379 -0.428961 0.263666 0.654563 -0.708539
-0.500000 0.025427 -0.042374 -0.812889 0.451796 0.367550
-0.319041 0.236493 -0.031190 -0.696592 0.560540 0.447832
-0.413550 0.043327 -0.014568 0.044440 -0.260301 0.964504
0.175400 0.066192 0.439451 -0.504225 -0.860818 0.068917
-0.382495 0.075784 -0.182438 0.057022 -0.250561 0.966420
-0.472602 0.058424 -0.207062 -0.698587 0.148757 0.699891
-0.464061 0.058738 0.088140 -0.698395 0.182215 -0.692129
-0.427559 0.000000 -0.076518 0.106184 -0.994346 -0.000000
-0.396504 0.032457 -0.237124 0.093544 -0.995615 0.000003
-0.228868 0.109636 -0.379027 0.677727 -0.735314 0.000530
-0.346468 0.070572 -0.379684 0.087220 -0.996189 -0.000000
-0.384977 0.032311 0.109150 0.083997 -0.996466 -0.000000
-0.332466 0.113906 -0.323399 0.067290 -0.283405 0.956637
-0.210011 0.255393 -0.319150 0.193538 -0.169059 0.966417
