 -0.384754   0.679121  -0.105880
 -0.339968   0.527900   0.045352
 -0.008246   0.487395   0.101087
  0.010668   0.474342  -0.086865
  0.023435   0.452373  -0.237263
  0.009976   0.457885  -0.375832
 -0.304139   0.406924   0.166338
  0.155308   0.323397   0.099610
  0.162811   0.313531  -0.075518
  0.185055   0.292235  -0.232129
  0.171492   0.297813  -0.372373
 -0.236047   0.238473   0.312316
  0.293562   0.156874   0.098213
  0.315916   0.147236  -0.063940
  0.316323   0.146947  -0.227710
  0.287760   0.162754  -0.369654
 -0.167951   0.084032   0.443521
  0.449339   0.059838   0.097097
  0.453703   0.016118  -0.054150
  0.454754   0.056629  -0.223986
  0.417388   0.094475  -0.367420
