0 1
0 2
0 3
0 4
0 74
0 14
1 0
1 2
1 3
1 13
1 120
2 0
2 1
2 96
2 74
2 12
2 13
3 0
3 1
3 4
3 5
3 120
4 0
4 3
4 5
4 6
4 38
4 14
4 15
5 3
5 4
5 6
5 7
5 120
6 4
6 5
6 36
6 7
6 8
6 38
7 5
7 6
7 8
7 9
7 120
8 34
8 36
8 6
8 7
8 9
8 10
9 7
9 8
9 10
9 11
9 120
10 32
10 34
10 8
10 9
10 11
10 12
11 9
11 10
11 12
11 13
11 120
12 96
12 32
12 2
12 10
12 11
12 13
13 1
13 2
13 11
13 12
13 120
14 0
14 4
14 74
14 75
14 15
14 16
15 4
15 38
15 14
15 16
15 17
15 50
15 117
16 75
16 76
16 77
16 14
16 15
16 17
16 18
17 15
17 16
17 18
17 19
17 21
17 117
18 77
18 16
18 17
18 19
18 20
19 17
19 18
19 20
19 21
20 77
20 18
20 19
20 21
20 22
21 17
21 19
21 20
21 117
21 22
21 23
22 76
22 77
22 20
22 21
22 23
23 75
23 76
23 50
23 117
23 21
23 22
24 86
24 87
24 120
24 25
24 26
25 24
25 120
25 78
25 87
26 120
26 24
26 27
26 86
27 120
27 26
27 86
28 32
28 96
28 88
28 90
28 29
28 30
28 31
29 83
29 84
29 85
29 28
29 30
29 31
30 79
30 82
30 83
30 88
30 28
30 29
31 32
31 33
31 85
31 28
31 29
32 96
32 33
32 34
32 10
32 12
32 28
32 31
33 32
33 34
33 35
33 52
33 85
33 31
34 32
34 33
34 35
34 36
34 8
34 10
35 33
35 34
35 36
35 37
35 52
36 34
36 35
36 37
36 38
36 6
36 8
37 35
37 36
37 38
37 49
37 51
37 52
38 36
38 37
38 6
38 4
38 15
38 49
38 50
39 40
39 41
39 42
39 43
39 56
40 39
40 41
40 42
40 116
40 119
41 39
41 40
41 114
41 116
41 56
42 39
42 40
42 43
42 44
42 119
43 39
43 42
43 44
43 45
43 55
43 56
44 42
44 43
44 45
44 46
44 115
44 119
45 43
45 44
45 108
45 46
45 47
45 53
45 55
46 44
46 45
46 47
46 48
46 113
46 115
47 97
47 98
47 108
47 45
47 46
47 48
48 98
48 99
48 100
48 109
48 46
48 47
48 113
48 52
48 85
48 54
49 67
49 68
49 37
49 38
49 50
49 51
50 67
50 38
50 75
50 15
50 49
50 117
50 23
51 68
51 37
51 73
51 110
51 49
51 52
51 53
52 33
52 35
52 37
52 48
52 51
52 53
52 54
52 85
53 71
53 72
53 73
53 108
53 45
53 51
53 52
53 54
53 55
54 48
54 113
54 114
54 52
54 53
54 55
54 56
55 43
55 45
55 53
55 54
55 56
56 39
56 41
56 43
56 114
56 54
56 55
57 101
57 102
57 58
57 59
57 60
57 61
58 109
58 89
58 59
58 60
58 57
59 89
59 99
59 101
59 84
59 85
59 57
59 58
60 109
60 118
60 57
60 58
60 61
60 62
61 102
61 57
61 60
61 62
61 63
62 64
62 118
62 60
62 61
62 63
63 64
63 65
63 102
63 61
63 62
64 65
64 66
64 118
64 62
64 63
65 64
65 66
65 101
65 102
65 63
66 64
66 65
66 99
66 100
66 101
66 118
67 97
67 68
67 69
67 71
67 74
67 75
67 49
67 50
68 67
68 69
68 70
68 103
68 110
68 49
68 51
69 67
69 68
69 70
69 71
70 68
70 69
70 103
70 72
70 71
70 104
70 105
71 97
71 67
71 69
71 70
71 72
71 108
71 53
72 70
72 71
72 73
72 105
72 107
72 53
73 72
73 107
73 110
73 51
73 53
74 0
74 96
74 2
74 97
74 67
74 75
74 14
74 90
75 67
75 74
75 76
75 14
75 16
75 50
75 23
76 75
76 77
76 16
76 22
76 23
77 76
77 16
77 18
77 20
77 22
78 120
78 25
79 80
79 81
79 82
79 88
79 91
79 30
80 79
80 81
80 82
80 94
80 95
81 79
81 80
81 91
81 93
81 95
82 79
82 80
82 83
82 30
82 92
82 94
83 82
83 84
83 92
83 29
83 30
84 59
84 83
84 85
84 88
84 89
84 91
84 92
84 29
85 33
85 99
85 48
85 84
85 52
85 59
85 29
85 31
86 87
86 120
86 24
86 26
86 27
87 120
87 24
87 86
87 25
88 79
88 84
88 89
88 90
88 91
88 28
88 30
89 97
89 98
89 58
89 109
89 84
89 88
89 90
89 59
90 96
90 97
90 74
90 88
90 89
90 28
91 79
91 81
91 84
91 88
91 92
91 93
92 82
92 83
92 84
92 91
92 93
92 94
93 81
93 91
93 92
93 94
93 95
94 80
94 82
94 92
94 93
94 95
95 80
95 81
95 93
95 94
96 32
96 2
96 74
96 12
96 90
96 28
97 98
97 67
97 71
97 74
97 108
97 47
97 89
97 90
98 97
98 109
98 47
98 48
98 89
99 66
99 100
99 101
99 48
99 85
99 59
100 66
100 99
100 109
100 48
100 118
101 65
101 66
101 99
101 102
101 57
101 59
102 65
102 101
102 57
102 61
102 63
103 68
103 70
103 104
103 110
103 111
104 70
104 103
104 105
104 106
104 111
105 70
105 104
105 72
105 106
105 107
106 104
106 105
106 107
106 111
106 112
107 72
107 73
107 105
107 106
107 110
107 112
108 97
108 71
108 45
108 47
108 53
109 98
109 100
109 48
109 118
109 89
109 58
109 60
110 68
110 103
110 73
110 107
110 111
110 112
110 51
111 103
111 104
111 106
111 110
111 112
112 106
112 107
112 110
112 111
113 46
113 48
113 114
113 115
113 54
114 41
114 113
114 115
114 116
114 54
114 56
115 44
115 46
115 113
115 114
115 116
115 119
116 40
116 41
116 114
116 115
116 119
117 15
117 17
117 50
117 21
117 23
118 64
118 66
118 100
118 109
118 60
118 62
119 40
119 42
119 44
119 115
119 116
120 1
120 3
120 5
120 7
120 9
120 11
120 13
120 78
120 86
120 87
120 24
120 25
120 26
120 27
