-0.454191 0.247378 0.097990 0.079900 -0.996350 -0.030041
-0.467141 0.191609 -0.117519 -0.967593 -0.237521 -0.085721
-0.447417 0.267700 -0.106167 0.305387 -0.943585 -0.128007
-0.475503 0.211931 0.114321 -0.985158 -0.144460 0.092709
-0.446025 0.406519 0.213909 -0.424548 0.253620 0.869158
-0.469534 0.400343 0.247780 -0.976714 0.056720 0.206911
-0.441045 0.553710 0.104166 0.076198 0.887213 0.455023
-0.457572 0.584786 0.136242 -0.913824 0.348951 0.207748
-0.437066 0.613263 -0.081451 0.186862 0.977440 -0.098461
-0.455790 0.658877 -0.081670 -0.863748 0.499671 -0.065328
-0.433282 0.522634 -0.306735 0.134411 0.709821 -0.691439
-0.450810 0.556494 -0.337397 -0.953204 0.155909 -0.259027
-0.438055 0.336212 -0.294187 -0.051944 -0.361420 -0.930955
-0.457975 0.308725 -0.326851 -0.970031 -0.112778 -0.215222
-0.327575 0.183846 0.235037 -0.253547 -0.966143 0.047773
-0.303480 0.342584 0.345172 -0.342335 0.264291 0.901641
-0.035584 0.146996 0.371452 -0.235573 -0.969238 0.071300
-0.036378 0.224467 0.447348 -0.287944 -0.230428 0.929511
0.187491 0.090629 0.413880 -0.100224 -0.963304 0.249001
0.197244 0.141015 0.473835 0.003136 -0.246542 0.969127
0.245848 0.160740 0.430223 0.970763 -0.237532 0.034619
0.213185 0.215508 0.445565 0.255209 0.681055 0.686318
0.225928 0.234830 0.382217 0.597313 0.577839 -0.556165
0.026959 0.309127 0.321077 0.546176 0.789520 -0.279909
-0.476699 0.779776 -0.075896 -0.987577 0.157112 0.002837
-0.481679 0.644937 0.278040 -0.996482 0.050428 0.066934
-0.475307 0.619244 -0.448751 -0.988051 0.116310 -0.101125
-0.488246 0.639348 -0.473835 -0.999143 -0.001400 -0.041370
0.054837 0.331428 -0.370256 -0.116780 -0.345483 -0.931130
0.111009 0.441172 -0.366288 0.368773 0.532472 -0.761892
0.171758 0.284825 -0.383402 -0.201024 -0.297627 -0.933278
-0.008304 0.498539 -0.356121 0.142701 0.623205 -0.768929
-0.198107 0.520449 -0.340387 -0.098263 0.373138 -0.922557
0.007234 0.551721 -0.236613 0.229329 0.900900 -0.368494
-0.201902 0.571629 -0.222087 -0.003463 0.943324 -0.331855
0.024969 0.616851 -0.065936 0.167011 0.981370 -0.094970
-0.206480 0.605695 -0.074481 -0.025151 0.994627 0.100419
0.038701 0.571042 0.137036 0.154412 0.906250 0.393533
-0.210068 0.568846 0.140613 -0.060182 0.797543 0.600253
0.420320 0.030478 0.005774 -0.589029 -0.512793 0.624570
0.478286 0.000000 -0.030282 0.307899 -0.948517 0.074254
0.477090 0.060944 0.036850 0.665945 0.027136 0.745507
0.421321 0.023313 -0.068110 -0.765437 -0.537975 -0.353114
0.378295 0.145604 0.011363 -0.821021 -0.405781 0.401580
0.381285 0.142809 -0.082452 -0.760543 -0.457421 -0.460803
0.305401 0.239407 0.005981 -0.535570 -0.719546 0.442061
0.311382 0.246182 -0.080071 -0.424717 -0.560966 -0.710586
0.189286 0.289207 -0.093999 -0.262483 -0.908154 -0.326127
0.203420 0.395570 -0.115115 0.763318 0.583118 -0.278064
-0.043750 0.461092 0.201557 0.126959 0.293784 0.947403
-0.111078 0.398560 0.254152 0.370025 0.689494 0.622639
0.180315 0.500932 0.133850 0.578217 0.748908 0.323732
0.169170 0.535987 -0.048592 0.644640 0.762277 -0.058083
0.213978 0.385012 0.040024 0.781580 0.420031 0.461202
0.381688 0.354936 -0.041232 0.726297 0.686871 0.026471
0.345241 0.288816 0.034860 0.146298 0.164767 0.975422
0.413155 0.178659 0.041036 0.352163 0.214011 0.911143
0.355396 0.218303 -0.268091 0.312902 0.125954 -0.941397
0.271737 0.262122 -0.216509 -0.608380 -0.693583 -0.385768
0.292060 0.291197 -0.257522 0.242771 0.172251 -0.954669
0.321330 0.185628 -0.225468 -0.812260 -0.494532 -0.309307
0.410372 0.128870 -0.258534 0.104798 -0.348267 -0.931519
0.362170 0.090629 -0.219890 -0.757117 -0.625602 -0.188138
0.418135 0.078277 -0.189803 0.465896 -0.884834 0.003223
0.376903 0.099991 -0.146202 -0.414994 -0.530743 0.738980
0.427301 0.138232 -0.126466 0.787446 0.052113 0.614176
0.373913 0.226469 -0.124477 0.455001 0.256356 0.852793
0.027557 0.339398 0.131665 0.162765 -0.954881 0.248415
0.163788 0.406116 0.210540 0.048957 0.058410 0.997092
0.161395 0.318489 0.161740 -0.301033 -0.774069 0.556952
0.272933 0.267896 0.164915 -0.609868 -0.686222 0.396434
0.190873 0.288816 0.062152 -0.223022 -0.972321 -0.069661
0.277315 0.273474 0.083050 -0.424985 -0.516919 -0.743090
0.309978 0.321272 0.060956 0.373447 0.371769 -0.849897
-0.209666 0.314107 -0.072296 0.171507 -0.972890 -0.155144
-0.066856 0.257533 0.173276 0.411579 -0.792884 -0.449375
0.024762 0.220293 0.261329 0.393518 -0.226419 -0.890998
0.202029 0.154368 0.340778 0.275819 -0.578333 -0.767760
-0.481081 0.320881 0.356121 0.000000 0.000000 0.000000
0.272542 0.200568 -0.385989 -0.549822 -0.568343 -0.612112
0.379100 0.162534 -0.387599 0.546333 0.200056 -0.813325
0.324723 0.130273 -0.374845 -0.528311 -0.800369 -0.283366
0.316350 0.256947 -0.365080 0.606172 0.577645 -0.546701
0.229114 0.364298 -0.376432 0.678897 0.654102 -0.333542
0.186295 0.377041 -0.269276 0.853401 0.520360 -0.030536
0.148054 0.499333 -0.217302 0.581616 0.728407 -0.362141
-0.491236 0.816431 -0.070709 -0.997033 0.072075 -0.027035
-0.500000 0.671827 0.311508 -0.997401 0.049966 0.051904
0.171551 0.276660 -0.283020 -0.360168 -0.921345 0.146297
0.178923 0.296580 -0.220097 -0.230543 -0.972963 -0.013865
0.021174 0.322871 -0.265688 -0.006587 -0.997519 0.070083
0.271944 0.199775 -0.287402 -0.531507 -0.602094 0.595804
0.291657 0.237027 -0.284814 0.620823 0.492173 0.610200
0.338467 0.133057 -0.294578 -0.138182 -0.649225 0.747939
0.393833 0.165915 -0.305941 0.789403 0.436538 0.431599
0.392246 0.121107 -0.345160 0.500536 -0.863958 -0.055135
-0.209067 0.315499 -0.359111 -0.029290 -0.851359 -0.523764
0.009028 0.360905 -0.087846 -0.093743 -0.995204 0.027963
0.187089 0.303952 -0.127858 -0.214569 -0.942869 0.254868
0.347024 0.373453 -0.203351 0.689753 0.724044 0.000996
0.323331 0.309518 -0.128859 0.279504 0.246228 0.928035
0.397421 0.269690 -0.198578 0.872130 0.404157 -0.275764
0.439044 0.124891 -0.197382 0.939613 0.175997 -0.293518
0.304998 0.309921 0.204743 0.057429 0.073290 0.995656
0.400803 0.096000 0.173092 -0.521698 -0.602751 0.603757
0.397226 0.088237 0.097208 -0.640165 -0.687398 -0.343034
0.467130 0.097794 0.134632 0.712416 -0.700649 0.039430
0.434662 0.144408 0.062348 0.411635 0.090654 -0.906829
0.194657 0.286217 0.007959 -0.258249 -0.932080 0.254037
0.278914 0.259523 -0.140613 -0.433242 -0.644981 0.629525
0.348622 0.382815 0.131665 0.742814 0.642775 0.187264
0.426496 0.146398 0.204559 0.536310 0.194677 0.821263
0.474893 0.157749 0.132861 0.922144 0.383910 0.047578
0.339663 0.275659 -0.107961 0.354821 0.245712 -0.902069
0.450994 0.228067 -0.038230 0.906491 0.408253 -0.107719
0.419722 0.174875 -0.108548 0.472568 0.157106 -0.867178
0.500000 0.046419 -0.031870 0.970092 0.185161 -0.156960
0.004646 0.298167 0.424035 0.096079 0.780808 0.617340
0.336672 0.191804 -0.137634 -0.702245 -0.393371 0.593390
0.481069 0.052986 -0.095195 0.244823 -0.251256 -0.936446
-0.490969 0.484587 -0.065943 -0.999778 0.013206 -0.016420
