 -0.490969   0.484587  -0.065943
 -0.304493   0.376501   0.100589
  0.198976   0.370898   0.115903
  0.234384   0.350449  -0.033043
  0.207627   0.362631  -0.179684
  0.154781   0.351770  -0.318105
 -0.155312   0.290032   0.233815
  0.317350   0.291028   0.120070
  0.352627   0.244069  -0.040360
  0.308913   0.285392  -0.187569
  0.240399   0.274591  -0.325396
  0.040648   0.217076   0.361420
  0.392051   0.184177   0.128894
  0.427534   0.119563  -0.042381
  0.370875   0.171649  -0.189775
  0.317560   0.191672  -0.330267
  0.231358   0.153198   0.417576
  0.464222   0.131460   0.131394
  0.482268   0.020383  -0.043526
  0.431649   0.113016  -0.194033
  0.387884   0.164274  -0.335091
