0.500000 0.671827 0.311548 0.997480 0.048920 0.051388
0.481679 0.644937 0.277896 0.999218 0.016347 0.036009
0.476699 0.779776 -0.076051 0.987515 0.157502 0.002839
0.475307 0.619244 -0.448699 0.987653 0.118596 -0.102353
0.488246 0.639348 -0.473795 0.999127 -0.000659 -0.041778
0.066856 0.257533 0.173236 -0.411591 -0.792966 -0.449220
0.327575 0.183846 0.234974 0.253500 -0.966155 0.047767
0.035584 0.146996 0.371412 0.235658 -0.969217 0.071304
0.209666 0.314107 -0.072543 -0.171480 -0.972903 -0.155097
-0.027557 0.339398 0.131613 -0.163040 -0.954816 0.248484
-0.009028 0.360905 -0.087874 0.093770 -0.995201 0.027953
-0.190873 0.288805 0.062089 0.223066 -0.972311 -0.069665
-0.194657 0.286217 0.007723 0.257846 -0.932207 0.253980
-0.213978 0.385012 0.039984 -0.789860 0.429907 0.437380
-0.305401 0.239407 0.005722 0.535777 -0.719430 0.441999
-0.345241 0.288805 0.034808 -0.146096 0.163937 0.975592
-0.378295 0.145604 0.011300 0.820940 -0.405795 0.401731
-0.413155 0.178659 0.040789 -0.352892 0.213806 0.910909
-0.420320 0.030478 0.005722 0.588193 -0.512471 0.625622
-0.477090 0.060944 0.036591 -0.665266 0.027388 0.746104
-0.478286 0.000000 -0.030323 -0.308077 -0.948450 0.074377
-0.148054 0.499333 -0.217343 -0.581519 0.728513 -0.362083
-0.007234 0.551721 -0.236664 -0.229573 0.900784 -0.368626
0.008304 0.498539 -0.356184 -0.143286 0.623590 -0.768508
-0.169170 0.535987 -0.048644 -0.644641 0.762275 -0.058098
-0.203420 0.395570 -0.115178 -0.763387 0.582973 -0.278178
-0.381688 0.354936 -0.041272 -0.726270 0.686899 0.026484
-0.339663 0.275659 -0.108197 -0.354799 0.245727 -0.902073
-0.450994 0.228067 -0.038293 -0.906512 0.408182 -0.107809
-0.419722 0.174875 -0.108611 -0.472515 0.156459 -0.867324
-0.500000 0.046419 -0.031910 -0.970051 0.185226 -0.157138
-0.481069 0.052986 -0.095247 -0.244882 -0.251306 -0.936418
0.441045 0.553710 0.104010 -0.075995 0.887304 0.454882
0.210068 0.568846 0.140561 0.060213 0.797641 0.600119
0.446025 0.406519 0.213754 0.424921 0.253842 0.868911
0.206480 0.605695 -0.074740 0.025165 0.994632 0.100367
0.437066 0.613263 -0.081618 -0.186763 0.977454 -0.098504
0.201902 0.571629 -0.222323 0.003537 0.943276 -0.331992
0.433282 0.522634 -0.306683 -0.133608 0.709684 -0.691735
0.198107 0.520449 -0.340646 0.098595 0.373358 -0.922433
0.438055 0.336212 -0.294136 0.052581 -0.361012 -0.931078
0.209067 0.315499 -0.359370 0.029617 -0.851355 -0.523753
-0.418135 0.078277 -0.189866 -0.465897 -0.884833 0.003239
-0.376903 0.099991 -0.146243 0.413859 -0.530755 0.739608
-0.427301 0.138232 -0.126714 -0.787420 0.052109 0.614210
-0.362170 0.090629 -0.219930 0.757139 -0.625582 -0.188118
-0.410372 0.128870 -0.258586 -0.104794 -0.348193 -0.931547
-0.321330 0.185628 -0.225520 0.812285 -0.494404 -0.309448
-0.355396 0.218303 -0.268132 -0.313018 0.125076 -0.941475
-0.271737 0.262122 -0.216549 0.608096 -0.693861 -0.385715
-0.292060 0.291197 -0.257792 -0.242740 0.172179 -0.954689
-0.178923 0.296580 -0.220137 0.230633 -0.972942 -0.013873
-0.225928 0.234830 0.381958 -0.597182 0.578257 -0.555871
-0.202029 0.154368 0.340543 -0.275599 -0.578356 -0.767821
-0.245848 0.160740 0.430159 -0.970765 -0.237530 0.034556
-0.024762 0.220293 0.261265 -0.392960 -0.226361 -0.891259
-0.026959 0.309127 0.321025 -0.546034 0.789584 -0.280008
0.111078 0.398560 0.254089 -0.370245 0.689381 0.622634
0.043750 0.461092 0.201321 -0.127195 0.293940 0.947323
-0.163788 0.406116 0.210488 -0.048676 0.058989 0.997071
-0.038701 0.571042 0.136984 -0.154441 0.906251 0.393519
-0.180315 0.500932 0.133591 -0.577678 0.752105 0.317216
-0.400803 0.096000 0.173029 0.652144 -0.624253 0.430136
-0.426496 0.146398 0.204300 -0.536353 0.194688 0.821232
-0.467130 0.097794 0.134592 -0.712559 -0.700502 0.039448
-0.304998 0.309921 0.204703 -0.058434 0.073477 0.995584
-0.272933 0.267896 0.164874 0.532516 -0.707133 0.465177
-0.161395 0.318489 0.161482 0.301056 -0.774058 0.556956
-0.171551 0.276660 -0.283071 0.360105 -0.921381 0.146222
-0.171758 0.284825 -0.383465 0.200537 -0.297450 -0.933439
-0.054837 0.331428 -0.370503 0.116186 -0.345467 -0.931211
-0.272542 0.200568 -0.386053 0.549795 -0.568379 -0.612104
-0.271944 0.199775 -0.287453 0.531552 -0.602064 0.595794
-0.324723 0.130262 -0.374885 0.528320 -0.800368 -0.283354
-0.338467 0.133057 -0.294619 0.138080 -0.649183 0.747994
-0.392246 0.121107 -0.345224 -0.500607 -0.863920 -0.055092
-0.393833 0.165915 -0.305993 -0.789407 0.436531 0.431599
-0.021174 0.322871 -0.265751 0.006660 -0.997522 0.070046
-0.187089 0.303952 -0.128117 0.214029 -0.942981 0.254909
-0.189286 0.289207 -0.094062 0.261993 -0.908200 -0.326393
-0.311382 0.246182 -0.080111 0.424883 -0.560932 -0.710514
-0.381285 0.142809 -0.082503 0.760461 -0.457328 -0.461032
-0.421321 0.023301 -0.068161 0.765413 -0.538001 -0.353126
0.303480 0.342584 0.345120 0.342355 0.264392 0.901604
0.036378 0.224467 0.447296 0.287783 -0.229969 0.929675
-0.004646 0.298167 0.423799 -0.096088 0.780816 0.617327
-0.213185 0.215508 0.445502 -0.255282 0.681446 0.685902
0.491236 0.816419 -0.070864 0.997006 0.072439 -0.027057
-0.111009 0.441172 -0.366328 -0.369144 0.532711 -0.761546
-0.186295 0.377041 -0.269339 -0.853233 0.520635 -0.030558
-0.347024 0.373453 -0.203415 -0.689738 0.724059 0.000995
-0.397421 0.269690 -0.198630 -0.872274 0.403844 -0.275768
-0.439044 0.124879 -0.197423 -0.939498 0.176073 -0.293841
-0.277315 0.273474 0.082802 0.542477 -0.571060 -0.616124
-0.397226 0.088237 0.096949 0.526784 -0.707880 -0.470536
-0.434662 0.144408 0.062296 -0.228549 -0.089063 -0.969450
-0.024969 0.616851 -0.066183 -0.167076 0.981359 -0.094974
-0.348622 0.382815 0.131613 -0.704791 0.631053 0.324100
-0.320743 0.316891 0.060904 -0.476226 0.392722 -0.786752
-0.474893 0.157749 0.132798 -0.890984 0.419915 -0.172682
-0.197244 0.141015 0.473795 -0.002883 -0.247750 0.968820
-0.187491 0.090629 0.413644 0.100095 -0.963373 0.248784
-0.229114 0.364298 -0.376495 -0.678878 0.654119 -0.333546
-0.316350 0.256947 -0.365132 -0.606206 0.577628 -0.546682
-0.291657 0.237027 -0.284866 -0.620807 0.492210 0.610187
0.454191 0.247378 0.098041 -0.079666 -0.996369 -0.030036
0.481081 0.320881 0.355954 0.999687 0.004096 0.024663
0.469534 0.400343 0.247602 0.977641 0.056568 0.202531
0.457572 0.584786 0.136064 0.917266 0.342539 0.203201
0.467141 0.191609 -0.117478 0.966932 -0.240022 -0.086205
0.457975 0.308725 -0.327017 0.968631 -0.116071 -0.219731
0.447417 0.267700 -0.106311 -0.305406 -0.943580 -0.128003
0.450810 0.556494 -0.337357 0.950962 0.159399 -0.265071
0.455790 0.658877 -0.081813 0.862752 0.501368 -0.065496
-0.379100 0.162534 -0.387640 -0.546327 0.200022 -0.813338
-0.373913 0.226469 -0.124540 -0.455775 0.256206 0.852425
-0.336672 0.191804 -0.137674 0.702592 -0.393124 0.593142
-0.323331 0.309518 -0.128922 -0.278658 0.245745 0.928418
-0.278914 0.259523 -0.140860 0.433640 -0.644724 0.629513
0.475503 0.211931 0.114166 0.985463 -0.142981 0.091751
0.490969 0.484587 -0.072029 0.999910 0.011257 -0.007334
