0 120
0 1
0 2
0 87
1 120
1 0
1 2
1 106
2 0
2 1
2 3
2 87
2 120
3 120
3 2
3 4
3 87
4 120
4 3
4 87
5 6
5 7
5 8
5 9
5 55
5 56
5 57
6 34
6 5
6 7
6 8
6 105
6 83
7 101
7 5
7 6
7 83
7 84
7 53
7 55
8 5
8 6
8 9
8 10
8 41
8 105
8 77
8 111
9 67
9 5
9 8
9 10
9 11
9 57
9 58
9 59
10 8
10 9
10 11
10 12
10 77
10 78
10 79
10 51
11 66
11 67
11 9
11 10
11 12
11 13
11 93
12 10
12 11
12 13
12 14
12 79
13 98
13 11
13 12
13 14
13 15
13 93
13 24
13 26
13 61
14 12
14 13
14 15
14 16
14 80
14 79
14 81
15 13
15 14
15 16
15 17
15 26
16 14
16 15
16 81
16 17
16 18
16 82
17 15
17 16
17 18
17 19
17 26
17 28
18 16
18 17
18 82
18 19
18 20
19 17
19 18
19 20
19 28
19 30
20 18
20 19
20 82
20 30
20 31
21 89
21 50
21 22
21 23
21 24
21 25
21 90
21 88
22 96
22 37
22 39
22 21
22 23
22 24
23 70
23 39
23 21
23 22
23 88
24 96
24 13
24 21
24 22
24 25
24 26
24 60
24 61
25 90
25 78
25 79
25 80
25 21
25 117
25 118
25 24
25 26
25 27
26 13
26 15
26 17
26 24
26 25
26 27
26 28
27 80
27 25
27 26
27 28
27 29
28 17
28 19
28 26
28 27
28 29
28 30
29 80
29 81
29 27
29 28
29 30
29 31
30 19
30 20
30 28
30 29
30 31
31 81
31 82
31 20
31 29
31 30
32 33
32 34
32 35
32 36
32 107
32 108
33 32
33 34
33 35
33 83
33 57
33 58
33 60
34 32
34 33
34 6
34 105
34 107
34 83
34 119
35 32
35 33
35 96
35 36
35 37
35 60
36 32
36 35
36 37
36 38
36 108
36 113
37 96
37 35
37 36
37 38
37 39
37 22
38 36
38 37
38 39
38 40
38 112
38 113
39 37
39 38
39 70
39 40
39 41
39 22
39 23
40 38
40 39
40 41
40 110
40 111
40 112
41 70
41 39
41 40
41 8
41 77
41 111
42 43
42 44
42 45
42 46
42 92
43 42
43 44
43 45
43 115
43 116
44 42
44 43
44 115
44 91
44 92
45 42
45 43
45 46
45 47
45 116
46 42
46 45
46 47
46 48
46 92
47 45
47 46
47 48
47 49
47 116
47 118
48 46
48 47
48 49
48 50
48 91
48 92
49 47
49 48
49 50
49 51
49 118
50 48
50 49
50 51
50 21
50 89
50 90
50 91
51 68
51 10
51 77
51 78
51 49
51 50
51 118
51 89
52 53
52 86
52 54
52 56
52 55
53 101
53 7
53 52
53 54
53 55
54 100
54 101
54 52
54 53
54 86
55 5
55 7
55 52
55 53
55 56
56 5
56 52
56 85
56 86
56 55
56 57
57 33
57 5
57 9
57 83
57 85
57 56
57 58
58 33
58 9
58 57
58 59
58 60
58 61
59 65
59 66
59 67
59 97
59 9
59 58
59 61
60 96
60 33
60 35
60 24
60 58
60 61
61 97
61 98
61 13
61 24
61 58
61 59
61 60
62 64
62 65
62 66
62 93
62 94
62 63
63 64
63 65
63 97
63 99
63 62
64 99
64 62
64 63
64 94
64 95
65 97
65 66
65 59
65 62
65 63
66 65
66 67
66 11
66 59
66 93
66 62
67 11
67 9
67 66
67 59
68 69
68 70
68 71
68 72
68 77
68 51
68 89
69 68
69 102
69 70
69 71
69 103
69 88
70 68
70 69
70 39
70 41
70 77
70 23
70 88
71 68
71 69
71 103
71 72
71 73
71 114
72 68
72 71
72 104
72 73
72 74
72 89
73 71
73 72
73 74
73 75
73 114
74 72
74 73
74 104
74 75
74 76
75 73
75 74
75 76
75 114
76 103
76 104
76 74
76 75
76 114
77 68
77 70
77 8
77 41
77 10
77 51
78 10
78 79
78 51
78 118
78 25
79 10
79 12
79 78
79 14
79 80
79 25
80 14
80 79
80 81
80 25
80 27
80 29
81 14
81 80
81 16
81 82
81 29
81 31
82 16
82 81
82 18
82 20
82 31
83 33
83 34
83 6
83 7
83 84
83 85
83 57
84 100
84 101
84 7
84 83
84 85
84 86
85 83
85 84
85 86
85 56
85 57
86 100
86 84
86 85
86 54
86 52
86 56
87 0
87 2
87 3
87 4
87 120
88 69
88 70
88 102
88 21
88 23
88 89
89 68
89 102
89 104
89 72
89 50
89 51
89 21
89 88
90 50
90 115
90 21
90 117
90 25
90 91
91 44
91 48
91 50
91 115
91 90
91 92
92 42
92 44
92 46
92 48
92 91
93 66
93 98
93 11
93 13
93 62
93 94
93 95
94 64
94 93
94 62
94 95
95 64
95 98
95 99
95 93
95 94
96 35
96 37
96 22
96 24
96 60
97 65
97 98
97 99
97 59
97 61
97 63
98 97
98 99
98 13
98 93
98 61
98 95
99 64
99 97
99 98
99 95
99 63
100 54
100 84
100 101
100 86
101 100
101 7
101 84
101 53
101 54
102 69
102 103
102 104
102 88
102 89
103 69
103 102
103 71
103 104
103 76
103 114
104 102
104 103
104 72
104 74
104 76
104 89
105 34
105 6
105 8
105 109
105 111
105 119
106 120
106 1
107 32
107 34
107 108
107 119
107 120
108 32
108 36
108 107
108 113
108 120
109 105
109 110
109 111
109 119
109 120
110 40
110 109
110 111
110 112
110 120
111 40
111 41
111 8
111 105
111 109
111 110
112 38
112 40
112 110
112 113
112 120
113 36
113 38
113 108
113 112
113 120
114 71
114 103
114 73
114 75
114 76
115 43
115 44
115 116
115 117
115 90
115 91
116 43
116 45
116 47
116 115
116 117
116 118
117 115
117 116
117 118
117 25
117 90
118 78
118 47
118 49
118 51
118 116
118 117
118 25
119 34
119 105
119 107
119 109
119 120
120 0
120 1
120 2
120 3
120 4
120 106
120 107
120 108
120 109
120 110
120 112
120 113
120 119
120 87
