  0.490969   0.484587  -0.072029
  0.300990   0.379534   0.101712
 -0.215602   0.375712   0.123310
 -0.207937   0.347720  -0.044868
 -0.227728   0.327183  -0.173035
 -0.145693   0.344613  -0.309467
  0.149008   0.295492   0.240704
 -0.322025   0.286882   0.123132
 -0.338241   0.275856  -0.042658
 -0.323021   0.276166  -0.180864
 -0.242176   0.269447  -0.317251
 -0.048410   0.217640   0.363600
 -0.393652   0.183031   0.126744
 -0.422516   0.135892  -0.030067
 -0.382904   0.167653  -0.182092
 -0.321514   0.194012  -0.322186
 -0.235188   0.183645   0.422589
 -0.459318   0.109072   0.128227
 -0.496670   0.062220  -0.024890
 -0.435578   0.141407  -0.186219
 -0.368022   0.132456  -0.323347
