0.115611 0.391927 0.113155 -0.174230 -0.971644 -0.159847
0.055781 0.468816 0.166678 -0.317663 -0.092967 0.943635
-0.013223 0.403713 0.139122 0.192607 -0.687282 0.700390
-0.156943 0.451537 0.109177 -0.500907 0.385905 0.774706
0.083424 0.610808 0.154128 -0.425985 0.603283 0.674230
0.019149 0.666742 0.020270 -0.642118 0.762952 0.074761
0.262251 0.778009 0.018912 0.059557 0.829513 0.555303
0.244891 0.809583 -0.074811 -0.308645 0.948973 -0.064720
0.352048 0.705288 -0.088014 0.780766 0.592400 -0.198662
0.278645 0.783270 -0.194784 0.209204 0.787944 -0.579118
0.399300 0.624728 -0.197033 0.847764 0.074361 -0.525135
0.235411 0.558481 -0.376275 0.485039 0.146872 -0.862071
0.290478 0.482013 -0.219028 0.502341 -0.832686 -0.232997
0.057851 0.429010 -0.367437 0.476201 -0.700196 -0.531938
0.040780 0.424651 -0.247643 0.424339 -0.905499 0.002651
0.390889 0.445930 0.055804 0.862878 -0.505412 -0.000484
0.284298 0.413188 -0.025461 0.204317 -0.862746 -0.462519
0.416081 0.566128 -0.083523 0.839993 -0.476187 -0.260109
0.182656 0.451451 -0.097379 0.224770 -0.955925 -0.188908
0.010356 0.408488 -0.006558 0.360368 -0.932578 -0.020802
-0.122768 0.293834 0.064961 0.782458 -0.617209 0.082545
-0.170823 0.289862 0.117473 0.035567 -0.034836 0.998760
-0.213600 0.118458 0.113027 0.580276 -0.428964 0.692293
-0.361153 0.100110 0.134503 -0.265820 -0.013735 0.963925
-0.300837 0.036945 0.068822 0.222860 -0.969434 0.102623
-0.416081 0.059322 0.059012 -0.968056 0.249311 -0.026680
-0.360506 0.083364 -0.016871 -0.107032 -0.177216 -0.978335
0.125219 0.639648 -0.319150 -0.247886 0.671849 -0.697977
-0.064984 0.454890 -0.388831 -0.211683 0.440223 -0.872579
0.059637 0.647741 -0.227931 -0.622908 0.746921 -0.232584
-0.129173 0.430478 -0.356372 -0.749939 0.602209 -0.273744
-0.108796 0.443676 -0.289900 -0.818824 0.448098 -0.358797
-0.200016 0.412795 -0.108068 -0.815059 0.566297 -0.122418
-0.149371 0.448098 -0.030357 -0.920951 0.377901 -0.095080
-0.206473 0.420547 0.039179 -0.822878 0.565494 -0.055563
-0.264667 0.264739 0.015790 -0.692282 0.377695 -0.614891
-0.264783 0.270381 0.087055 -0.753563 0.470648 0.458947
0.358633 0.683957 0.076800 0.685831 0.619781 0.381454
0.348094 0.515206 0.227936 0.754447 0.299214 0.584192
0.402375 0.616843 0.028837 0.965445 0.188502 0.179953
-0.162019 0.284041 0.004038 0.244758 -0.241262 -0.939088
-0.208981 0.110972 0.024340 0.664354 -0.510308 -0.546095
0.213595 0.568308 0.266372 -0.074335 0.637375 0.766959
-0.177101 0.409425 -0.241122 -0.797424 0.587981 -0.135619
-0.133034 0.442467 -0.163112 -0.797181 0.584377 -0.151676
0.032884 0.413917 -0.136006 0.496294 -0.867873 0.022107
0.298270 0.360433 0.240972 0.926942 -0.374385 0.024775
0.262239 0.394031 0.355332 0.446919 0.464912 0.764278
0.121623 0.397586 0.321492 -0.831756 0.383940 0.400963
0.089985 0.475354 0.212097 -0.864373 0.040390 0.501226
0.149903 0.330067 0.188795 -0.755441 -0.430788 -0.493690
0.243556 0.344675 0.162522 0.250335 -0.852786 -0.458355
0.220514 0.184087 0.268523 0.284121 -0.681325 -0.674590
0.083598 0.196995 0.337256 -0.884670 -0.292777 -0.362824
0.181876 0.112354 0.367818 0.031166 -0.997299 0.066501
0.096148 0.282688 0.443418 -0.590504 0.595248 0.544963
0.221023 0.284261 0.469813 0.325202 0.454658 0.829174
0.280703 0.208666 0.388502 0.942352 -0.281744 0.180538
0.197189 0.201903 0.500000 0.371947 -0.534839 0.758685
0.087662 0.200290 0.477236 -0.644606 -0.395435 0.654304
-0.130676 0.303447 -0.329521 -0.087341 -0.292240 0.952348
-0.190362 0.289365 -0.366176 -0.912493 0.312179 0.264387
-0.241851 0.100741 -0.370766 -0.454898 -0.210355 0.865343
-0.268743 0.099931 -0.448378 -0.930507 0.228087 -0.286590
-0.160383 0.293880 -0.429458 -0.489865 0.441645 -0.751653
-0.205611 0.120187 -0.500000 0.124959 0.006907 -0.992138
-0.087818 0.297926 -0.414151 0.466255 0.009787 -0.884596
-0.121687 0.138159 -0.435268 0.826107 -0.411158 -0.385352
-0.068597 0.293608 -0.365552 0.744295 -0.614672 0.261159
-0.137942 0.133904 -0.372847 0.488112 -0.489146 0.722829
-0.161395 0.291354 -0.037184 0.016086 -0.146354 0.989102
-0.112045 0.292036 -0.087240 0.760217 -0.644070 0.085107
-0.223433 0.093804 -0.066053 0.551400 -0.467156 0.691176
-0.364991 0.055229 -0.052469 -0.312598 -0.061333 0.947903
-0.315173 0.000000 -0.111727 0.329169 -0.942423 0.059044
-0.415451 0.020296 -0.132341 -0.946838 0.293936 -0.130764
-0.345921 0.050807 -0.199166 0.002016 -0.126374 -0.991981
-0.150024 0.288539 -0.156839 0.341068 -0.196568 -0.919257
-0.215277 0.094960 -0.137474 0.731602 -0.486663 -0.477408
-0.125282 0.289319 -0.293981 0.438413 -0.136893 -0.888287
-0.192327 0.106700 -0.292351 0.792695 -0.461323 -0.398517
-0.280992 0.078317 -0.360847 0.075231 -0.052632 -0.995776
-0.271870 0.027557 -0.284720 0.278467 -0.960155 0.023615
-0.204218 0.104573 -0.235764 0.560781 -0.550051 0.618844
-0.315913 0.071762 -0.217716 -0.380325 -0.142052 0.913879
-0.136439 0.282064 -0.180621 -0.028258 -0.236095 0.971319
-0.233521 0.260780 -0.230538 -0.805276 0.342434 0.484014
-0.221306 0.268433 -0.296033 -0.560149 0.425312 -0.710875
-0.261152 0.253987 -0.074927 -0.799662 0.414575 0.434359
-0.249857 0.256172 -0.147330 -0.654601 0.413152 -0.633091
-0.210167 0.076594 -0.428967 0.269127 -0.961749 -0.051082
-0.094252 0.282284 -0.227671 0.772375 -0.634023 0.038114
-0.364662 0.056720 -0.305595 -0.948871 0.245568 -0.198343
