0 1
0 2
0 14
0 17
0 82
0 86
1 0
1 2
1 3
1 4
1 14
1 15
2 0
2 1
2 3
2 6
2 72
2 81
2 82
3 1
3 2
3 4
3 5
3 6
3 7
3 8
4 1
4 3
4 5
4 15
4 16
4 91
5 3
5 4
5 8
5 91
5 92
6 2
6 3
6 7
6 72
6 11
6 18
7 3
7 6
7 8
7 9
7 10
7 11
8 3
8 5
8 7
8 9
8 92
9 7
9 8
9 10
9 15
9 16
9 92
10 7
10 9
10 11
10 12
10 14
10 15
11 6
11 7
11 10
11 12
11 13
11 18
12 10
12 11
12 13
12 14
12 17
12 87
12 62
12 63
13 11
13 12
13 78
13 18
13 63
14 0
14 1
14 10
14 12
14 15
14 17
15 1
15 4
15 9
15 10
15 14
15 16
16 4
16 9
16 15
16 91
16 92
17 0
17 12
17 14
17 86
17 87
18 6
18 71
18 72
18 11
18 13
18 78
19 48
19 50
19 20
19 21
19 27
19 28
20 50
20 19
20 51
20 21
20 22
20 23
21 74
21 45
21 46
21 19
21 20
21 22
21 28
21 29
22 74
22 20
22 21
22 23
22 24
23 51
23 20
23 22
23 24
23 25
23 60
24 74
24 76
24 77
24 22
24 23
24 25
24 26
25 47
25 23
25 24
25 26
25 27
25 60
26 88
26 77
26 24
26 25
26 27
26 28
27 47
27 48
27 19
27 25
27 26
27 28
28 19
28 21
28 87
28 88
28 57
28 26
28 27
28 29
28 30
29 32
29 46
29 21
29 28
29 30
29 31
30 43
30 57
30 58
30 28
30 29
30 31
31 32
31 33
31 58
31 29
31 30
32 33
32 34
32 46
32 29
32 31
33 32
33 34
33 35
33 58
33 31
34 32
34 33
34 35
34 44
34 46
35 33
35 34
35 43
35 44
35 58
36 37
36 38
36 52
36 53
36 59
36 62
37 36
37 38
37 39
37 40
37 53
37 61
38 65
38 36
38 37
38 39
38 71
38 79
38 80
38 62
39 37
39 38
39 71
39 40
39 41
40 37
40 39
40 41
40 42
40 56
40 61
41 39
41 40
41 71
41 42
41 43
41 44
41 45
41 74
41 57
42 40
42 41
42 55
42 56
42 57
42 59
43 35
43 41
43 44
43 57
43 58
43 30
44 34
44 35
44 41
44 43
44 45
44 46
45 41
45 74
45 44
45 46
45 21
46 32
46 34
46 44
46 45
46 21
46 29
47 48
47 49
47 25
47 27
47 60
48 47
48 49
48 50
48 19
48 27
49 47
49 48
49 50
49 51
49 60
50 48
50 49
50 51
50 20
50 19
51 49
51 50
51 20
51 23
51 60
52 36
52 53
52 54
52 55
52 59
53 36
53 37
53 52
53 54
53 61
54 52
54 53
54 55
54 56
54 61
55 42
55 52
55 54
55 56
55 59
56 40
56 42
56 54
56 55
56 61
57 41
57 42
57 43
57 87
57 62
57 59
57 28
57 30
58 33
58 35
58 43
58 30
58 31
59 36
59 42
59 52
59 55
59 57
59 62
60 47
60 49
60 51
60 23
60 25
61 37
61 40
61 53
61 54
61 56
62 64
62 65
62 36
62 38
62 12
62 87
62 57
62 59
62 63
63 64
63 12
63 13
63 78
63 84
63 62
64 65
64 66
64 84
64 90
64 62
64 63
65 64
65 66
65 67
65 38
65 80
65 62
66 64
66 65
66 67
66 68
66 90
67 65
67 66
67 68
67 69
67 80
68 66
68 67
68 69
68 70
68 90
69 67
69 68
69 70
69 80
69 85
70 68
70 69
70 84
70 85
70 90
71 38
71 39
71 72
71 73
71 74
71 41
71 78
71 79
71 18
72 2
72 6
72 71
72 73
72 81
72 18
72 83
73 71
73 72
73 74
73 75
73 83
74 71
74 73
74 41
74 75
74 76
74 45
74 21
74 22
74 24
75 73
75 74
75 76
75 77
75 83
76 24
76 74
76 75
76 77
77 75
77 76
77 83
77 24
77 89
77 26
77 88
78 71
78 13
78 79
78 18
78 84
78 85
78 63
79 38
79 71
79 78
79 80
79 85
80 65
80 67
80 69
80 38
80 79
80 85
81 72
81 2
81 83
81 82
82 0
82 2
82 81
82 83
82 86
83 72
83 73
83 75
83 77
83 81
83 82
83 86
83 89
84 64
84 70
84 78
84 85
84 90
84 63
85 69
85 70
85 78
85 79
85 80
85 84
86 0
86 17
86 82
86 83
86 87
86 88
86 89
87 12
87 17
87 86
87 88
87 57
87 28
87 62
88 77
88 86
88 87
88 89
88 26
88 28
89 88
89 83
89 77
89 86
90 64
90 66
90 68
90 70
90 84
91 16
91 4
91 5
91 92
92 5
92 8
92 9
92 16
92 91
