0 1
0 2
0 16
0 49
0 18
0 19
0 50
0 51
1 0
1 2
1 3
1 4
1 49
2 0
2 1
2 3
2 19
2 20
2 21
3 1
3 2
3 34
3 4
3 5
3 36
3 21
4 1
4 3
4 5
4 6
4 42
4 49
5 32
5 33
5 34
5 3
5 4
5 6
5 7
5 44
5 29
6 4
6 37
6 5
6 7
6 8
6 38
6 42
7 5
7 6
7 8
7 9
7 29
8 37
8 6
8 7
8 39
8 9
8 10
8 11
8 17
9 7
9 8
9 11
9 27
9 29
10 8
10 17
10 11
10 12
11 8
11 9
11 10
11 12
11 13
11 27
11 28
12 10
12 11
12 13
12 14
12 17
12 18
13 66
13 68
13 11
13 12
13 14
13 28
14 68
14 12
14 45
14 13
14 79
14 18
14 91
14 60
14 31
15 38
15 39
15 46
15 16
15 17
15 51
16 0
16 15
16 17
16 18
16 51
17 39
17 8
17 10
17 12
17 15
17 16
17 18
18 0
18 12
18 45
18 14
18 16
18 17
18 19
19 0
19 33
19 2
19 70
19 71
19 40
19 45
19 18
19 20
20 2
20 40
20 41
20 19
20 21
20 22
21 2
21 3
21 36
21 20
21 22
21 23
22 41
22 20
22 21
22 23
22 24
23 36
23 21
23 22
23 24
23 25
24 41
24 22
24 23
24 25
24 26
25 35
25 36
25 23
25 24
25 26
26 35
26 40
26 41
26 24
26 25
27 9
27 11
27 28
27 29
28 64
28 66
28 11
28 13
28 27
28 29
28 30
29 5
29 7
29 9
29 43
29 44
29 27
29 28
29 30
29 31
30 64
30 29
30 28
30 61
30 31
31 43
31 14
31 79
31 61
31 87
31 60
31 29
31 30
32 33
32 5
32 44
32 88
32 89
33 32
33 34
33 35
33 5
33 70
33 40
33 19
33 88
34 33
34 3
34 35
34 36
34 5
35 33
35 34
35 36
35 40
35 25
35 26
36 34
36 35
36 3
36 21
36 23
36 25
37 8
37 38
37 6
37 39
38 37
38 6
38 39
38 42
38 46
38 15
38 47
39 37
39 38
39 8
39 15
39 17
40 33
40 35
40 41
40 19
40 20
40 26
41 40
41 20
41 22
41 24
41 26
42 4
42 38
42 6
42 47
42 48
42 49
43 44
43 86
43 87
43 29
43 31
44 32
44 5
44 43
44 77
44 45
44 85
44 86
44 89
44 29
45 71
45 44
45 77
45 14
45 18
45 19
45 85
45 91
46 38
46 47
46 15
46 51
46 52
46 57
47 38
47 42
47 46
47 48
47 55
47 56
47 57
48 42
48 47
48 49
48 50
48 53
48 55
49 0
49 1
49 4
49 42
49 48
49 50
50 0
50 48
50 49
50 51
50 52
50 53
51 0
51 46
51 15
51 16
51 50
51 52
52 46
52 50
52 51
52 53
52 54
52 57
53 48
53 50
53 52
53 54
53 55
53 59
54 52
54 53
54 57
54 58
54 59
55 47
55 48
55 53
55 56
55 59
56 47
56 55
56 57
56 58
56 59
57 46
57 47
57 52
57 54
57 56
57 58
58 56
58 57
58 59
58 54
59 53
59 54
59 55
59 56
59 58
60 68
60 69
60 14
60 61
60 62
60 31
61 64
61 30
61 60
61 63
61 62
61 31
62 69
62 90
62 60
62 61
62 63
63 64
63 65
63 90
63 61
63 62
64 65
64 66
64 28
64 61
64 30
64 63
65 64
65 66
65 67
65 90
65 63
66 64
66 65
66 67
66 68
66 13
66 28
67 65
67 66
67 68
67 69
67 90
68 66
68 67
68 69
68 13
68 14
68 60
69 67
69 68
69 90
69 60
69 62
70 33
70 71
70 72
70 73
70 19
70 88
71 70
71 72
71 77
71 45
71 78
71 19
72 70
72 71
72 73
72 74
72 78
73 70
73 72
73 74
73 75
73 88
74 72
74 73
74 75
74 76
74 78
75 73
75 74
75 76
75 88
75 89
76 74
76 75
76 77
76 78
76 89
77 71
77 44
77 76
77 45
77 78
77 89
78 71
78 72
78 74
78 76
78 77
79 14
79 80
79 81
79 87
79 91
79 31
80 79
80 81
80 82
80 83
80 91
81 79
81 80
81 82
81 87
81 92
82 80
82 81
82 83
82 84
82 92
83 80
83 82
83 84
83 85
83 91
84 82
84 83
84 85
84 86
84 92
85 44
85 45
85 83
85 84
85 86
85 91
86 43
86 44
86 84
86 85
86 87
86 92
87 43
87 79
87 81
87 86
87 92
87 31
88 32
88 33
88 70
88 73
88 75
88 89
89 32
89 75
89 44
89 77
89 76
89 88
90 65
90 67
90 69
90 62
90 63
91 45
91 14
91 79
91 80
91 83
91 85
92 81
92 82
92 84
92 86
92 87
