 -0.352051   0.705290  -0.087896
 -0.274932   0.555923   0.067018
  0.089867   0.444639   0.043594
  0.079406   0.440672  -0.088575
  0.067179   0.443309  -0.213085
  0.019228   0.480732  -0.308731
 -0.213237   0.436429   0.190950
  0.185953   0.296929   0.051412
  0.176177   0.281626  -0.098915
  0.147057   0.286798  -0.236829
  0.109423   0.330620  -0.359623
 -0.185774   0.276973   0.337758
  0.273206   0.146898   0.060305
  0.275621   0.124937  -0.109716
  0.236129   0.147683  -0.261530
  0.169108   0.182613  -0.401733
 -0.122385   0.166890   0.422119
  0.371924   0.052012   0.061889
  0.384054   0.014585  -0.123002
  0.325568   0.045404  -0.284384
  0.253878   0.094177  -0.440442
