-0.390889 0.445930 0.055798 -0.862873 -0.505421 -0.000489
-0.298270 0.360433 0.240972 -0.926939 -0.374394 0.024774
-0.348094 0.515206 0.227936 -0.754447 0.299214 0.584193
-0.262239 0.394031 0.355326 -0.446901 0.464897 0.764297
-0.280703 0.208666 0.388502 -0.942349 -0.281730 0.180573
-0.221011 0.284255 0.469802 -0.325180 0.454674 0.829174
-0.213595 0.568308 0.266372 0.074342 0.637374 0.766960
-0.121623 0.397586 0.321492 0.831764 0.383935 0.400951
-0.096136 0.282683 0.443418 0.590495 0.595238 0.544984
-0.083598 0.196995 0.337256 0.884662 -0.292800 -0.362825
-0.149897 0.330067 0.188784 0.755448 -0.430790 -0.493678
-0.089985 0.475354 0.212086 0.864377 0.040402 0.501219
-0.115611 0.391927 0.113155 0.174224 -0.971641 -0.159872
-0.055781 0.468816 0.166672 0.317627 -0.092962 0.943648
-0.243556 0.344675 0.162510 -0.250352 -0.852777 -0.458362
-0.220514 0.184087 0.268523 -0.284130 -0.681342 -0.674569
-0.181876 0.112354 0.367818 -0.031181 -0.997300 0.066492
-0.284298 0.413188 -0.025461 -0.204300 -0.862734 -0.462549
-0.083424 0.610808 0.154128 0.425985 0.603284 0.674230
0.130688 0.303447 -0.329521 0.087326 -0.292250 0.952347
0.190362 0.289365 -0.366176 0.912508 0.312209 0.264301
0.108796 0.443670 -0.289900 0.818798 0.448090 -0.358866
0.129173 0.430472 -0.356367 0.749941 0.602203 -0.273750
0.160383 0.293868 -0.429458 0.489867 0.441652 -0.751648
0.064984 0.454890 -0.388825 0.211709 0.440228 -0.872570
0.087818 0.297926 -0.414151 -0.466254 0.009785 -0.884597
-0.057845 0.429004 -0.367437 -0.476201 -0.700182 -0.531957
0.068597 0.293608 -0.365552 -0.744261 -0.614685 0.261226
-0.040780 0.424651 -0.247649 -0.424340 -0.905499 0.002677
0.125282 0.289319 -0.293975 -0.438419 -0.136908 -0.888282
0.094252 0.282284 -0.227671 -0.772370 -0.634029 0.038114
0.192327 0.106700 -0.292345 -0.792687 -0.461337 -0.398517
0.280992 0.078317 -0.360847 -0.075276 -0.052648 -0.995772
0.271881 0.027557 -0.284720 -0.278467 -0.960156 0.023615
0.364662 0.056720 -0.305595 0.948863 0.245600 -0.198340
0.315913 0.071762 -0.217716 0.380343 -0.142042 0.913873
0.161395 0.291354 -0.037184 -0.016077 -0.146356 0.989101
0.261152 0.253987 -0.074927 0.799663 0.414567 0.434366
0.149371 0.448092 -0.030357 0.920946 0.377916 -0.095071
0.200021 0.412783 -0.108068 0.815063 0.566295 -0.122403
0.249857 0.256172 -0.147330 0.654586 0.413147 -0.633109
0.133034 0.442467 -0.163106 0.797180 0.584377 -0.151680
0.150024 0.288533 -0.156839 -0.341056 -0.196550 -0.919265
0.136439 0.282064 -0.180616 0.028248 -0.236111 0.971315
0.233521 0.260780 -0.230538 0.805285 0.342433 0.484000
0.177101 0.409425 -0.241122 0.797420 0.587983 -0.135636
0.221306 0.268433 -0.296033 0.560132 0.425310 -0.710889
0.121693 0.138159 -0.435262 -0.826121 -0.411181 -0.385298
0.137954 0.133904 -0.372847 -0.488091 -0.489127 0.722857
0.210167 0.076594 -0.428967 -0.269165 -0.961742 -0.051010
0.241851 0.100741 -0.370766 0.454936 -0.210347 0.865325
0.268743 0.099925 -0.448378 0.930505 0.228096 -0.286589
0.223433 0.093804 -0.066053 -0.551378 -0.467153 0.691195
0.364991 0.055229 -0.052474 0.312597 -0.061333 0.947904
0.315173 0.000000 -0.111727 -0.329186 -0.942415 0.059075
0.215277 0.094960 -0.137474 -0.731605 -0.486673 -0.477393
0.345921 0.050801 -0.199166 -0.002018 -0.126375 -0.991980
-0.032884 0.413917 -0.136006 -0.496321 -0.867858 0.022098
0.204218 0.104573 -0.235764 -0.560774 -0.550069 0.618835
0.112045 0.292030 -0.087240 -0.760216 -0.644070 0.085123
0.205617 0.120175 -0.500000 -0.124991 0.006889 -0.992134
0.415451 0.020290 -0.132341 0.946836 0.293937 -0.130774
-0.010356 0.408488 -0.006558 -0.360389 -0.932570 -0.020811
0.013223 0.403713 0.139122 -0.192615 -0.687270 0.700400
0.122768 0.293834 0.064961 -0.782458 -0.617211 0.082528
0.162031 0.284035 0.004032 -0.244755 -0.241255 -0.939090
0.208981 0.110972 0.024334 -0.664367 -0.510313 -0.546075
0.360506 0.083358 -0.016871 0.107055 -0.177199 -0.978335
0.300843 0.036945 0.068817 -0.222865 -0.969430 0.102650
0.416081 0.059322 0.059007 0.968050 0.249336 -0.026675
0.361153 0.100110 0.134503 0.265843 -0.013742 0.963918
-0.019149 0.666742 0.020264 0.642122 0.762949 0.074760
-0.262251 0.778009 0.018906 -0.059481 0.829497 0.555334
-0.244891 0.809583 -0.074811 0.308647 0.948972 -0.064719
-0.059637 0.647741 -0.227931 0.622913 0.746916 -0.232586
-0.278639 0.783270 -0.194784 -0.209440 0.787900 -0.579092
-0.125219 0.639648 -0.319150 0.247893 0.671842 -0.697981
-0.235411 0.558481 -0.376275 -0.485107 0.146941 -0.862021
0.156943 0.451537 0.109177 0.500915 0.385912 0.774697
0.206473 0.420541 0.039179 0.822885 0.565484 -0.055574
0.264667 0.264734 0.015790 0.692307 0.377717 -0.614850
-0.358633 0.683957 0.076800 -0.685808 0.619738 0.381567
-0.402375 0.616831 0.028837 -0.965448 0.188460 0.179981
-0.352048 0.705288 -0.087899 -0.780770 0.592393 -0.198666
0.170823 0.289862 0.117473 -0.035566 -0.034842 0.998760
0.264783 0.270370 0.087055 0.753571 0.470656 0.458927
-0.416081 0.566128 -0.083517 -0.839982 -0.476195 -0.260133
-0.182656 0.451456 -0.097379 -0.224776 -0.955922 -0.188915
-0.290466 0.482013 -0.219034 -0.502346 -0.832686 -0.232984
-0.399294 0.624728 -0.197033 -0.847751 0.074599 -0.525122
0.213606 0.118458 0.113027 -0.580283 -0.428990 0.692272
-0.197183 0.201903 0.500000 -0.371969 -0.534797 0.758703
-0.087662 0.200284 0.477236 0.644599 -0.395467 0.654292
