  0.352051   0.705290  -0.088015
  0.272772   0.564750   0.060969
 -0.049720   0.474700   0.049995
 -0.066715   0.457301  -0.085301
 -0.060395   0.447935  -0.212106
 -0.082180   0.402416  -0.347843
  0.209349   0.452318   0.180157
 -0.175852   0.319790   0.051319
 -0.164097   0.294564  -0.098625
 -0.140569   0.289362  -0.240021
 -0.136645   0.262105  -0.385127
  0.185869   0.285072   0.333232
 -0.266833   0.154479   0.057289
 -0.272979   0.131311  -0.113819
 -0.237982   0.149469  -0.270459
 -0.190633   0.154368  -0.417178
  0.114472   0.173850   0.436757
 -0.378839   0.054150   0.054972
 -0.392041   0.020131  -0.131389
 -0.310810   0.040358  -0.293511
 -0.255453   0.096790  -0.444438
