0 29
2 78
8 13
8 18
9 76
11 28
12 13
13 8
13 12
14 15
15 14
17 86
18 8
19 40
20 21
21 20
24 41
24 93
27 156
28 11
29 0
29 30
30 29
31 95
36 37
36 55
36 56
37 36
37 56
40 19
41 24
45 46
46 45
47 48
48 47
50 51
50 58
51 50
51 55
52 54
54 52
55 36
55 51
55 57
56 36
56 37
57 55
57 58
58 50
58 57
59 65
59 71
61 64
64 61
65 59
65 73
66 68
68 66
68 69
69 68
70 72
70 74
71 59
71 72
72 70
72 71
72 74
73 65
74 70
74 72
75 77
76 9
77 75
77 78
78 2
78 77
79 104
86 17
87 105
89 90
90 89
91 106
93 24
95 31
103 107
104 79
105 87
106 91
107 103
109 134
113 114
114 113
134 109
141 143
142 144
143 141
144 142
145 147
146 148
147 145
148 146
156 27
158 160
159 172
160 158
161 184
172 159
172 184
184 161
184 172
