-0.468171 0.063299 -0.112422 -0.617796 -0.467348 -0.632387
-0.500000 0.051837 -0.049232 -0.857385 -0.507189 0.087468
-0.485895 0.144453 -0.125328 -0.679820 0.322382 -0.658721
-0.498795 0.169316 -0.055500 -0.891803 0.451853 0.022729
-0.477403 0.154187 0.014334 -0.647112 0.361886 0.671033
-0.353793 0.340922 -0.059604 -0.748893 0.662648 0.007588
-0.333212 0.323290 -0.004747 -0.389696 0.421654 0.818746
-0.460251 0.072564 0.013963 -0.569186 -0.383577 0.727252
-0.406910 0.033028 0.005603 -0.041743 -0.916023 0.398949
-0.413167 0.025709 -0.108623 0.059132 -0.974292 -0.217391
-0.424983 0.081710 -0.144594 -0.007338 -0.054115 -0.998508
-0.412459 0.096343 0.042757 -0.033079 0.017566 0.999298
-0.337900 0.061675 0.001695 0.604404 -0.550682 0.575713
-0.340080 0.318543 -0.117817 -0.360820 0.341724 -0.867775
-0.453384 0.077311 -0.231721 -0.840345 -0.540241 0.044269
-0.357924 0.065969 -0.181067 0.046420 -0.910523 0.410844
-0.430379 0.089007 -0.178451 -0.561852 -0.342581 0.752968
-0.377795 0.117959 -0.156824 -0.098114 0.028754 0.994760
-0.424117 0.167845 -0.184108 -0.719182 0.356606 0.596329
-0.225500 0.233809 -0.107756 0.693744 -0.538831 -0.477892
-0.219592 0.234708 -0.011037 0.784603 -0.538297 0.307627
-0.341960 0.058432 -0.108405 0.667914 -0.531724 -0.520731
-0.373212 0.095913 -0.317982 -0.008657 -0.051226 -0.998650
-0.259580 0.286545 -0.304967 0.115399 -0.031861 -0.992808
-0.285267 0.091253 -0.287090 0.731921 -0.462055 -0.500797
-0.224737 0.222865 -0.278669 0.770783 -0.501531 -0.392887
-0.190837 0.247903 -0.280310 0.440493 -0.737339 -0.512150
-0.197622 0.251882 -0.192142 0.349078 -0.637496 0.686836
-0.088770 0.312434 -0.181754 0.410792 -0.823890 0.390455
-0.120720 0.375018 -0.158056 -0.262436 -0.097669 0.959994
-0.093430 0.376544 -0.320162 -0.249329 -0.087114 0.964493
-0.098483 0.374168 -0.304427 -0.038088 -0.090919 -0.995130
-0.106353 0.491811 -0.309283 -0.555616 0.811307 -0.181857
-0.140133 0.433074 -0.292884 -0.385727 0.343429 -0.856313
-0.293758 0.339025 -0.286142 -0.305066 0.453949 -0.837177
-0.160348 0.454428 -0.244371 -0.622391 0.767664 -0.152716
-0.272328 0.295107 -0.162907 0.040815 -0.007953 0.999135
-0.227337 0.229089 -0.192485 0.820489 -0.425628 0.381627
-0.287861 0.100426 -0.184839 0.583359 -0.492204 0.646086
0.120518 0.599905 -0.377095 -0.327011 0.840842 -0.431334
0.075488 0.627614 -0.132925 -0.453845 0.890142 -0.040899
-0.123837 0.501229 -0.148562 -0.614063 0.783422 -0.095791
-0.243437 0.282452 -0.323950 -0.003319 -0.049188 0.998784
-0.267091 0.327612 -0.350661 -0.477471 0.542942 0.690822
-0.142035 0.439298 -0.345816 -0.566067 0.368281 0.737521
-0.078382 0.311442 -0.270358 0.466024 -0.791056 -0.396298
-0.265935 0.304280 0.024646 0.129427 -0.038249 0.990851
-0.298353 0.354776 -0.009107 -0.397512 0.538128 0.743238
-0.128748 0.379188 0.027093 -0.299379 -0.088294 0.950040
-0.174066 0.457851 -0.014181 -0.525616 0.379482 0.761394
-0.130617 0.507736 0.030450 -0.539792 0.837990 0.079986
-0.190422 0.475891 -0.063680 -0.618647 0.785214 -0.026719
-0.172469 0.453910 -0.119856 -0.421581 0.354101 -0.834795
-0.120774 0.375111 -0.141602 -0.115188 -0.092387 -0.989038
-0.302811 0.352907 -0.121093 -0.366328 0.447452 -0.815838
-0.267794 0.296639 -0.134364 0.116436 -0.092834 -0.988850
-0.190880 0.261883 -0.107680 0.410188 -0.742349 -0.529777
-0.187942 0.263125 -0.011020 0.426349 -0.673962 0.603325
-0.093686 0.314886 -0.010999 0.440432 -0.838386 0.321136
-0.081909 0.319448 -0.011004 -0.032137 -0.999477 0.003661
-0.329032 0.315208 -0.195063 -0.507908 0.381715 0.772219
-0.341660 0.327002 -0.242137 -0.819010 0.567367 -0.085539
-0.309760 0.361785 -0.240229 -0.600143 0.791798 -0.113510
-0.325936 0.303991 -0.290644 -0.360979 0.313073 -0.878453
-0.297192 0.349828 -0.192594 -0.418720 0.573145 0.704400
-0.317728 0.373847 -0.062323 -0.643103 0.765731 0.008656
-0.093806 0.312030 -0.107538 0.395216 -0.814880 -0.423999
-0.077935 0.317410 -0.107500 0.014295 -0.999788 0.014817
-0.159650 0.442901 -0.183683 -0.571607 0.456125 0.682067
-0.421359 0.156067 -0.298846 -0.676706 0.283575 -0.679451
-0.427283 0.074864 -0.288256 -0.594232 -0.468964 -0.653423
-0.440064 0.177753 -0.241194 -0.911932 0.405394 -0.063532
-0.357079 0.054159 -0.284163 0.149595 -0.982260 -0.113076
-0.073357 0.318990 -0.178402 -0.044865 -0.998567 0.029167
-0.062239 0.318565 -0.267366 -0.041789 -0.992984 -0.110621
-0.215357 0.209468 -0.350640 0.450092 -0.650138 0.612158
-0.182045 0.233618 -0.347179 0.392798 -0.578511 0.714867
-0.211313 0.205119 -0.426534 0.687634 -0.628169 -0.364092
-0.172883 0.231351 -0.421950 0.533694 -0.692113 -0.485952
-0.233147 0.275230 -0.459502 0.193657 -0.106830 -0.975236
-0.299503 0.298939 -0.352863 -0.579592 0.499618 0.643782
-0.271729 0.336681 -0.400509 -0.633043 0.753753 -0.176389
0.207405 0.485865 -0.427210 0.111149 0.161602 -0.980577
0.195916 0.341325 -0.375427 0.236617 -0.800198 -0.551086
-0.064686 0.377509 -0.447735 0.130528 -0.165785 -0.977485
-0.041986 0.318788 -0.408314 0.162827 -0.888560 -0.428893
-0.051229 0.328087 -0.340235 0.019184 -0.999812 -0.002927
-0.059999 0.314652 -0.417323 0.532120 -0.781236 -0.326372
-0.071319 0.321835 -0.340720 0.518356 -0.742030 0.425087
-0.141447 0.447141 -0.392268 -0.624691 0.750895 -0.214284
-0.250702 0.319862 -0.442874 -0.312862 0.451551 -0.835595
-0.128045 0.422768 -0.436916 -0.278260 0.391812 -0.876958
-0.086078 0.465955 -0.429837 -0.212968 0.564581 -0.797429
-0.304997 0.307490 -0.403354 -0.760251 0.631786 -0.151209
-0.284842 0.290159 -0.446362 -0.380998 0.433270 -0.816773
0.092645 0.327754 -0.200568 0.064589 -0.997899 -0.005024
-0.246472 0.147946 -0.429613 0.597569 -0.687758 -0.412189
-0.342870 0.215638 -0.452711 -0.728596 0.289766 -0.620631
-0.362502 0.232566 -0.407654 -0.942364 0.311744 -0.121516
-0.314409 0.179792 -0.470942 0.071463 -0.114511 -0.990848
-0.302599 0.128265 -0.434126 0.266444 -0.946532 -0.181891
-0.277735 0.178396 -0.357867 0.422298 -0.596969 0.682124
-0.306964 0.133743 -0.357540 0.261449 -0.847171 0.462542
-0.331774 0.185999 -0.322113 -0.122990 -0.062233 0.990455
-0.354970 0.150540 -0.355327 -0.713833 -0.422583 0.558450
-0.345950 0.150371 -0.451621 -0.589468 -0.418649 -0.690840
-0.362807 0.133438 -0.401555 -0.891804 -0.446364 -0.073791
-0.354321 0.219954 -0.352836 -0.877522 0.313321 0.363022
0.077788 0.328730 0.109266 -0.213506 -0.974989 0.061736
0.113585 0.275688 0.180408 -0.835939 -0.371458 -0.404012
0.096499 0.396672 0.240899 -0.212408 0.376073 0.901915
0.088841 0.299577 0.291527 -0.803958 0.561461 0.195993
0.073652 0.211779 0.223066 -0.779951 0.184238 -0.598108
0.005524 0.190131 0.409518 -0.736890 0.640231 0.217021
-0.009388 0.128941 0.287788 -0.886605 0.035607 -0.461155
-0.023673 0.088604 0.368380 -0.964141 -0.245174 0.101595
0.041620 0.000000 0.342611 -0.546831 -0.826542 -0.133436
0.037113 0.044577 0.446465 -0.296293 -0.512695 0.805825
0.094542 0.008748 0.414620 0.148812 -0.884607 0.441957
0.162948 0.268914 0.372179 -0.084806 0.748707 0.657454
0.188193 0.294039 0.351490 -0.062084 0.482706 0.873579
0.213008 0.201652 0.385009 0.612177 0.212299 0.761688
0.253677 0.242137 0.351670 0.484748 0.068783 0.871945
0.287425 0.190474 0.304493 0.715119 -0.538167 0.446074
0.344140 0.334937 0.301593 0.656881 0.172639 0.733964
0.394391 0.259556 0.215556 0.864448 -0.376018 0.333676
0.360006 0.194894 0.102677 0.498873 -0.839818 -0.214084
0.248691 0.132751 0.215829 0.492931 -0.836156 -0.240545
0.262180 0.165349 0.325182 0.839302 -0.486404 0.242867
0.144406 0.011478 0.344088 0.519727 -0.830351 -0.201000
0.178012 0.066765 0.430322 0.678111 -0.443137 0.586340
0.143987 0.123082 0.467323 0.370302 -0.051792 0.927466
0.091784 0.177666 0.470942 0.006728 0.432057 0.901821
0.010233 0.117190 0.454341 -0.679983 0.038290 0.732227
0.206729 0.279438 -0.009102 -0.191336 -0.890007 -0.413856
0.205628 0.185863 0.141934 -0.317280 -0.733581 -0.600993
0.057088 0.036189 0.263992 -0.334441 -0.541786 -0.771114
0.152075 0.124101 0.187367 -0.140462 -0.566252 -0.812175
0.230808 0.384823 0.301364 -0.026493 0.644766 0.763921
-0.128688 0.379221 0.041454 -0.252000 -0.062784 -0.965688
-0.171363 0.246153 0.085350 0.415812 -0.738936 -0.530164
-0.256762 0.278353 0.061239 -0.022969 -0.085320 -0.996089
-0.210392 0.220145 0.099259 0.603763 -0.689790 -0.399575
-0.173799 0.250208 0.192338 0.461704 -0.581531 0.669814
-0.208512 0.228157 0.196954 0.720403 -0.600721 0.346633
-0.253024 0.294388 0.226293 0.201309 -0.000712 0.979528
-0.303743 0.112912 0.215856 0.548734 -0.619575 0.561264
-0.376841 0.160171 0.261916 0.094316 -0.006951 0.995518
-0.379796 0.087857 0.220848 -0.075720 -0.898709 0.431958
-0.428760 0.130604 0.239057 -0.616258 -0.326600 0.716630
-0.455177 0.115108 0.174014 -0.930176 -0.352517 0.102486
-0.167935 0.454259 0.070815 -0.628346 0.344725 -0.697385
-0.291780 0.349795 0.097586 -0.510118 0.460836 -0.726229
-0.178535 0.470299 0.131388 -0.598340 0.800539 0.033555
-0.306414 0.367475 0.154748 -0.656617 0.753239 -0.038546
-0.289022 0.357698 0.204339 -0.271414 0.530509 0.803053
-0.326918 0.320216 0.213142 -0.284438 0.484837 0.827060
-0.074354 0.311518 0.076505 0.004903 -0.998617 -0.052344
-0.088705 0.302847 0.078723 0.443764 -0.742488 -0.501782
-0.069864 0.314270 0.175753 0.536329 -0.752578 0.382070
-0.090536 0.399980 0.205904 0.001305 0.070356 0.997521
-0.331163 0.311327 0.099161 -0.433164 0.437924 -0.787776
-0.345056 0.329509 0.158939 -0.701215 0.712611 -0.021976
-0.437061 0.204716 0.090457 -0.766603 0.389207 -0.510722
-0.448196 0.224456 0.171889 -0.888712 0.457967 0.021373
-0.427305 0.216728 0.238725 -0.671578 0.414395 0.614215
0.438554 0.574714 -0.125110 0.898693 0.438470 -0.009722
0.313831 0.734019 -0.117272 -0.105033 0.994441 -0.007492
0.334379 0.696554 0.054415 0.390339 0.815215 0.427854
0.403248 0.552608 -0.384082 0.630499 0.191432 -0.752213
0.330259 0.699704 -0.300786 0.344827 0.772236 -0.533616
0.471043 0.412816 -0.311273 0.698089 -0.564135 -0.440936
0.411625 0.550875 0.142463 0.442401 0.558411 0.701754
0.475163 0.409676 0.065141 0.966347 -0.010976 0.257006
0.500000 0.350678 -0.115566 0.663966 -0.695405 -0.274884
0.228427 0.335395 -0.172238 0.098574 -0.975637 -0.195998
0.068534 0.338486 -0.052213 -0.046633 -0.997029 -0.061302
-0.055284 0.321911 0.173840 0.113884 -0.851846 0.511262
-0.157105 0.458886 0.176881 -0.217820 0.568263 0.793493
-0.105394 0.491075 0.159228 -0.267040 0.669094 0.693544
-0.403068 0.143095 0.070875 -0.119553 -0.069378 -0.990401
-0.440413 0.122488 0.108988 -0.797386 -0.343600 -0.496100
0.094984 0.603813 0.132893 -0.246554 0.807549 0.535795
-0.311711 0.103941 0.104453 0.554663 -0.651891 -0.517095
-0.393001 0.079230 0.106552 -0.047296 -0.976874 -0.208521
