0.259580 0.286545 -0.304967 -0.115438 -0.031857 -0.992804
0.098494 0.374168 -0.304416 0.038075 -0.090992 -0.995124
0.293758 0.339025 -0.286142 0.305048 0.453933 -0.837192
0.140133 0.433080 -0.292884 0.385696 0.343386 -0.856344
0.106353 0.491811 -0.309283 0.555621 0.811304 -0.181853
0.160354 0.454428 -0.244371 0.622372 0.767675 -0.152736
0.123837 0.501229 -0.148562 0.614052 0.783430 -0.095801
0.159661 0.442901 -0.183683 0.571550 0.456139 0.682105
0.120720 0.375007 -0.158051 0.262379 -0.097696 0.960007
0.297203 0.349828 -0.192583 0.418723 0.573128 0.704411
0.272328 0.295107 -0.162907 -0.040823 -0.007992 0.999134
0.197622 0.251882 -0.192142 -0.349134 -0.637509 0.686795
0.088781 0.312444 -0.181754 -0.410782 -0.823918 0.390406
0.073357 0.318985 -0.178402 0.044903 -0.998566 0.029166
0.078388 0.311442 -0.270347 -0.465901 -0.791132 -0.396291
0.062239 0.318565 -0.267366 0.041838 -0.992977 -0.110659
0.267794 0.296639 -0.134364 -0.116397 -0.092830 -0.988855
0.190886 0.261883 -0.107680 -0.410189 -0.742377 -0.529737
0.120785 0.375111 -0.141613 0.115159 -0.092405 -0.989040
0.093812 0.312019 -0.107527 -0.395119 -0.814940 -0.423974
0.093686 0.314897 -0.010999 -0.440357 -0.838412 0.321170
0.081909 0.319437 -0.011004 0.032149 -0.999476 0.003648
0.128748 0.379188 0.027093 0.299397 -0.088297 0.950034
0.265941 0.304280 0.024646 -0.129442 -0.038247 0.990849
0.298353 0.354776 -0.009107 0.397507 0.538137 0.743234
0.174066 0.457851 -0.014181 0.525625 0.379474 0.761392
0.190422 0.475891 -0.063680 0.618646 0.785217 -0.026677
0.130623 0.507736 0.030450 0.539798 0.837986 0.079987
0.227337 0.229089 -0.192485 -0.820498 -0.425619 0.381617
0.224737 0.222865 -0.278669 -0.770822 -0.501473 -0.392884
0.190847 0.247903 -0.280299 -0.440558 -0.737304 -0.512144
0.302822 0.352907 -0.121093 0.366376 0.447468 -0.815807
0.172480 0.453910 -0.119856 0.421611 0.354178 -0.834746
0.187942 0.263125 -0.011020 -0.426380 -0.673968 0.603297
0.142035 0.439298 -0.345816 0.566024 0.368267 0.737561
0.093430 0.376539 -0.320162 0.249385 -0.087084 0.964481
0.267101 0.327612 -0.350661 0.477465 0.542925 0.690840
0.243437 0.282452 -0.323950 0.003323 -0.049197 0.998784
-0.075483 0.627614 -0.132925 0.453850 0.890139 -0.040901
-0.120518 0.599905 -0.377095 0.327012 0.840840 -0.431336
0.077935 0.317410 -0.107500 -0.014338 -0.999788 0.014804
0.317728 0.373847 -0.062323 0.643099 0.765733 0.008710
-0.207405 0.485865 -0.427210 -0.111157 0.161588 -0.980578
0.064686 0.377509 -0.447735 -0.130534 -0.165799 -0.977482
-0.195905 0.341325 -0.375422 -0.236630 -0.800200 -0.551077
0.041991 0.318788 -0.408314 -0.162838 -0.888564 -0.428880
0.060004 0.314652 -0.417323 -0.532146 -0.781212 -0.326387
0.051240 0.328087 -0.340235 -0.019205 -0.999811 -0.002940
0.071324 0.321824 -0.340709 -0.518361 -0.742048 0.425048
0.182056 0.233618 -0.347179 -0.392762 -0.578518 0.714881
0.233157 0.275230 -0.459502 -0.193662 -0.106830 -0.975235
0.250713 0.319862 -0.442874 0.312872 0.451582 -0.835575
0.128050 0.422757 -0.436916 0.278285 0.391838 -0.876938
0.086089 0.465955 -0.429837 0.212975 0.564578 -0.797429
0.141447 0.447141 -0.392263 0.624693 0.750891 -0.214296
0.271729 0.336681 -0.400509 0.633069 0.753733 -0.176380
0.299503 0.298933 -0.352863 0.579616 0.499609 0.643768
0.304997 0.307490 -0.403354 0.760249 0.631794 -0.151191
0.284842 0.290159 -0.446362 0.381038 0.433271 -0.816754
0.342870 0.215638 -0.452711 0.728588 0.289806 -0.620622
0.215357 0.209468 -0.350640 -0.450096 -0.650123 0.612171
0.211318 0.205119 -0.426534 -0.687685 -0.628090 -0.364132
0.246472 0.147946 -0.429613 -0.597561 -0.687791 -0.412146
-0.092645 0.327749 -0.200568 -0.064595 -0.997899 -0.005026
0.172894 0.231351 -0.421950 -0.533670 -0.692127 -0.485960
0.362502 0.232566 -0.407654 0.942355 0.311770 -0.121516
0.277746 0.178396 -0.357867 -0.422298 -0.596985 0.682110
0.331779 0.185999 -0.322113 0.122991 -0.062223 0.990455
0.306975 0.133732 -0.357540 -0.261478 -0.847169 0.462530
0.354970 0.150540 -0.355327 0.713917 -0.422484 0.558417
0.362813 0.133438 -0.401555 0.891854 -0.446265 -0.073776
0.314409 0.179792 -0.470942 -0.071464 -0.114523 -0.990847
0.345961 0.150371 -0.451621 0.589488 -0.418589 -0.690860
0.354321 0.219954 -0.352836 0.877517 0.313338 0.363019
0.302610 0.128265 -0.434126 -0.266453 -0.946523 -0.181929
0.329038 0.315202 -0.195058 0.507935 0.381690 0.772214
0.309760 0.361785 -0.240229 0.600159 0.791780 -0.113548
0.341660 0.327002 -0.242137 0.819003 0.567380 -0.085522
0.325942 0.303991 -0.290644 0.360979 0.313073 -0.878453
0.460251 0.072564 0.013963 0.569217 -0.383634 0.727198
0.406910 0.033028 0.005603 0.041744 -0.916027 0.398938
0.500000 0.051837 -0.049232 0.857371 -0.507214 0.087459
0.413167 0.025709 -0.108623 -0.059145 -0.974277 -0.217456
0.337900 0.061675 0.001695 -0.604429 -0.550674 0.575694
0.341966 0.058443 -0.108410 -0.667919 -0.531712 -0.520737
0.219592 0.234708 -0.011037 -0.784614 -0.538309 0.307578
0.225511 0.233809 -0.107756 -0.693736 -0.538838 -0.477895
0.373212 0.095913 -0.317982 0.008660 -0.051227 -0.998649
0.421359 0.156067 -0.298846 0.676685 0.283568 -0.679475
0.440075 0.177753 -0.241194 0.911924 0.405410 -0.063534
0.424117 0.167845 -0.184108 0.719166 0.356594 0.596356
0.453390 0.077311 -0.231721 0.840325 -0.540273 0.044250
0.430379 0.089007 -0.178451 0.561868 -0.342511 0.752987
0.333212 0.323296 -0.004747 0.389723 0.421685 0.818717
0.353793 0.340922 -0.059604 0.748894 0.662646 0.007642
0.340091 0.318543 -0.117812 0.360815 0.341722 -0.867778
0.485906 0.144453 -0.125328 0.679835 0.322387 -0.658704
0.424983 0.081715 -0.144594 0.007369 -0.054087 -0.998509
0.468171 0.063310 -0.112422 0.617760 -0.467384 -0.632396
0.477409 0.154181 0.014334 0.647149 0.361898 0.670990
0.498795 0.169316 -0.055500 0.891801 0.451854 0.022781
0.285267 0.091253 -0.287090 -0.731920 -0.462070 -0.500784
0.287861 0.100426 -0.184833 -0.583367 -0.492206 0.646077
0.377795 0.117959 -0.156824 0.098125 0.028774 0.994758
0.412470 0.096343 0.042762 0.033081 0.017567 0.999298
0.357085 0.054159 -0.284163 -0.149567 -0.982262 -0.113094
0.427283 0.074875 -0.288256 0.594227 -0.468933 -0.653449
0.357924 0.065969 -0.181056 -0.046407 -0.910525 0.410840
-0.394391 0.259556 0.215556 -0.864455 -0.376013 0.333663
-0.287425 0.190474 0.304493 -0.715128 -0.538167 0.446058
-0.344135 0.334932 0.301593 -0.656884 0.172644 0.733961
-0.253677 0.242137 0.351675 -0.484736 0.068820 0.871949
-0.213008 0.201652 0.385009 -0.612180 0.212319 0.761680
-0.188182 0.294039 0.351490 0.062089 0.482715 0.873574
-0.162937 0.268914 0.372179 0.084815 0.748729 0.657427
-0.088841 0.299577 0.291527 0.803980 0.561432 0.195985
-0.005524 0.190131 0.409518 0.736904 0.640219 0.217005
-0.010233 0.117190 0.454341 0.679985 0.038291 0.732225
0.023673 0.088604 0.368380 0.964135 -0.245185 0.101624
0.009393 0.128941 0.287788 0.886612 0.035592 -0.461143
-0.041620 0.000000 0.342611 0.546830 -0.826545 -0.133415
-0.057088 0.036189 0.263992 0.334446 -0.541792 -0.771107
-0.144406 0.011478 0.344088 -0.519722 -0.830351 -0.201011
-0.152064 0.124101 0.187367 0.140459 -0.566253 -0.812175
-0.077783 0.328730 0.109266 0.213506 -0.974990 0.061724
-0.113580 0.275688 0.180408 0.835928 -0.371475 -0.404017
-0.206729 0.279438 -0.009102 0.191336 -0.890007 -0.413857
-0.205628 0.185863 0.141934 0.317276 -0.733573 -0.601005
-0.248691 0.132751 0.215829 -0.492927 -0.836154 -0.240562
-0.091784 0.177677 0.470942 -0.006698 0.432093 0.901804
-0.143987 0.123082 0.467334 -0.370306 -0.051799 0.927465
-0.178007 0.066760 0.430322 -0.678105 -0.443156 0.586333
-0.037113 0.044583 0.446465 0.296315 -0.512691 0.805820
-0.094542 0.008748 0.414620 -0.148777 -0.884608 0.441967
-0.262180 0.165349 0.325187 -0.839299 -0.486404 0.242877
-0.230808 0.384823 0.301364 0.026481 0.644760 0.763926
-0.096488 0.396672 0.240899 0.212408 0.376079 0.901913
-0.073646 0.211779 0.223066 0.779964 0.184255 -0.598085
-0.360000 0.194894 0.102677 -0.498875 -0.839816 -0.214086
-0.228427 0.335395 -0.172238 -0.098582 -0.975635 -0.196005
-0.068534 0.338486 -0.052213 0.046616 -0.997031 -0.061292
0.074360 0.311518 0.076505 -0.004928 -0.998618 -0.052315
0.055284 0.321911 0.173840 -0.113877 -0.851847 0.511261
0.088705 0.302847 0.078723 -0.443808 -0.742497 -0.501730
0.069864 0.314276 0.175753 -0.536339 -0.752566 0.382078
0.171363 0.246148 0.085350 -0.415809 -0.738945 -0.530154
0.173799 0.250208 0.192338 -0.461685 -0.581539 0.669821
0.210392 0.220145 0.099259 -0.603724 -0.689812 -0.399596
0.208512 0.228168 0.196954 -0.720403 -0.600721 0.346633
0.311711 0.103941 0.104453 -0.554662 -0.651887 -0.517101
0.303743 0.112912 0.215856 -0.548742 -0.619583 0.561248
0.393001 0.079241 0.106552 0.047291 -0.976874 -0.208519
0.379796 0.087857 0.220848 0.075712 -0.898730 0.431917
0.455177 0.115108 0.174014 0.930176 -0.352521 0.102474
0.428760 0.130609 0.239063 0.616272 -0.326575 0.716630
0.128688 0.379210 0.041454 0.251983 -0.062792 -0.965692
0.167935 0.454259 0.070815 0.628335 0.344708 -0.697404
0.178535 0.470299 0.131388 0.598343 0.800537 0.033557
0.291780 0.349795 0.097581 0.510121 0.460867 -0.726208
0.306414 0.367475 0.154753 0.656603 0.753251 -0.038535
0.331163 0.311333 0.099161 0.433180 0.437935 -0.787761
0.345061 0.329509 0.158939 0.701207 0.712620 -0.021948
0.437061 0.204721 0.090457 0.766604 0.389197 -0.510729
0.448196 0.224462 0.171889 0.888720 0.457951 0.021392
0.427305 0.216728 0.238719 0.671566 0.414397 0.614227
0.376841 0.160171 0.261916 -0.094308 -0.006936 0.995519
-0.403237 0.552608 -0.384082 -0.636092 0.195014 -0.746563
-0.330253 0.699704 -0.300786 -0.349722 0.771790 -0.531070
-0.313821 0.734019 -0.117267 0.105113 0.994432 -0.007493
-0.094984 0.603813 0.132893 0.246553 0.807545 0.535801
0.105394 0.491075 0.159228 0.267036 0.669102 0.693537
0.157105 0.458886 0.176892 0.217820 0.568263 0.793493
0.289022 0.357698 0.204339 0.271419 0.530484 0.803068
0.090536 0.399980 0.205904 -0.001320 0.070335 0.997523
0.253024 0.294388 0.226293 -0.201309 -0.000712 0.979528
-0.438554 0.574714 -0.119441 -0.898694 0.438468 -0.009733
-0.471032 0.412816 -0.311262 -0.702852 -0.559190 -0.439665
-0.411625 0.550875 0.142463 -0.438372 0.557856 0.704718
-0.334379 0.696554 0.054415 -0.385289 0.816240 0.430471
0.256768 0.278364 0.061239 0.022965 -0.085335 -0.996088
0.403068 0.143095 0.070875 0.119544 -0.069374 -0.990402
0.440413 0.122488 0.108982 0.797380 -0.343613 -0.496100
-0.500000 0.350678 -0.115566 -0.664073 -0.695301 -0.274888
-0.475152 0.409671 0.065146 -0.965974 -0.013334 0.258296
0.326918 0.320216 0.213142 0.284450 0.484832 0.827058
