0 9
0 10
5 6
5 13
6 5
6 47
8 12
9 0
10 0
12 8
13 5
13 54
14 16
14 70
16 14
18 71
19 56
20 57
23 34
25 26
26 25
27 37
28 73
29 53
31 45
34 23
34 62
34 63
37 27
42 43
43 42
43 80
43 81
44 89
45 31
45 74
47 6
53 29
54 13
56 19
57 20
58 59
59 58
60 64
61 62
61 63
62 34
62 61
63 34
63 61
64 60
66 67
67 66
70 14
71 18
73 28
74 45
75 76
76 75
77 78
78 77
79 90
79 94
80 43
81 43
81 90
85 87
86 88
87 85
88 86
89 44
89 91
90 79
90 81
90 94
91 89
91 92
92 91
93 94
94 79
94 90
94 93
96 100
97 98
97 99
98 97
98 107
99 97
99 105
100 96
102 104
103 104
103 107
104 102
104 103
104 106
105 99
106 104
107 98
107 103
119 120
120 119
121 122
122 121
123 128
128 123
131 132
132 131
140 142
142 140
143 144
144 143
147 149
148 149
149 147
149 148
151 153
152 161
153 151
154 162
155 156
156 155
156 162
157 158
158 157
159 177
161 152
162 154
162 156
177 159
