0 1
0 2
0 10
0 9
1 0
1 2
1 3
1 4
1 7
1 8
1 9
2 0
2 1
2 3
2 5
2 10
2 13
3 1
3 2
3 4
3 5
4 1
4 3
4 5
4 6
4 7
4 11
5 65
5 2
5 3
5 4
5 6
5 13
6 65
6 4
6 5
6 11
6 46
6 47
7 8
7 1
7 11
7 4
8 1
8 7
8 9
8 11
8 12
9 0
9 1
9 8
9 10
9 12
9 21
10 0
10 2
10 9
10 13
10 21
10 55
11 4
11 6
11 7
11 8
11 12
11 46
12 8
12 9
12 11
12 46
12 20
12 21
13 65
13 2
13 5
13 10
13 54
13 55
14 69
14 70
14 71
14 72
14 15
14 16
14 18
15 38
15 72
15 14
15 16
15 17
16 17
16 18
16 14
16 15
17 36
17 38
17 15
17 16
17 18
17 60
18 71
18 14
18 16
18 17
18 60
18 61
19 20
19 21
19 55
19 56
19 57
20 12
20 46
20 19
20 21
20 57
21 9
21 10
21 12
21 19
21 20
21 55
22 69
22 70
22 72
22 23
22 24
22 63
23 34
23 22
23 24
23 25
23 26
23 63
23 31
24 37
24 38
24 72
24 22
24 23
24 25
25 37
25 23
25 24
25 26
25 27
26 45
26 23
26 25
26 27
26 28
26 31
27 36
27 37
27 25
27 26
27 28
27 29
28 73
28 45
28 26
28 27
28 29
29 64
29 67
29 36
29 68
29 41
29 73
29 53
29 27
29 28
30 32
30 42
30 43
30 44
30 74
30 76
30 86
30 88
30 31
31 32
31 33
31 34
31 74
31 45
31 23
31 26
31 30
32 33
32 35
32 39
32 40
32 41
32 44
32 89
32 92
32 30
32 31
33 32
33 34
33 35
33 31
34 33
34 35
34 23
34 63
34 62
34 31
35 32
35 33
35 34
35 64
35 68
35 41
35 62
36 64
36 37
36 38
36 17
36 27
36 60
36 29
37 36
37 38
37 24
37 25
37 27
38 36
38 37
38 72
38 15
38 17
38 24
39 32
39 167
39 40
39 170
39 82
39 92
40 32
40 39
40 167
40 41
40 50
40 182
41 32
41 35
41 68
41 40
41 50
41 51
41 52
41 53
41 29
42 101
42 103
42 75
42 43
42 76
42 80
42 30
43 42
43 44
43 80
43 81
43 89
43 30
44 32
44 89
44 43
44 30
45 73
45 74
45 26
45 28
45 31
46 6
46 11
46 12
46 47
46 48
46 20
46 57
47 65
47 6
47 46
47 48
47 49
47 51
48 139
48 46
48 47
48 49
48 50
48 57
48 58
48 59
48 157
49 48
49 50
49 51
49 47
50 40
50 41
50 139
50 48
50 49
50 51
50 179
50 182
50 151
50 153
51 65
51 41
51 47
51 49
51 50
51 52
51 54
52 41
52 51
52 53
52 54
53 66
53 67
53 41
53 52
53 54
53 55
53 56
53 29
54 65
54 13
54 51
54 52
54 53
54 55
55 10
55 13
55 19
55 21
55 53
55 54
55 56
56 66
56 19
56 53
56 55
56 57
56 58
57 46
57 48
57 19
57 20
57 56
57 58
58 66
58 48
58 56
58 57
58 59
59 66
59 67
59 48
59 176
59 58
59 157
60 64
60 36
60 17
60 18
60 61
60 62
61 69
61 71
61 18
61 60
61 62
61 63
62 64
62 34
62 35
62 60
62 61
62 63
63 34
63 69
63 22
63 23
63 61
63 62
64 35
64 36
64 68
64 60
64 29
64 62
65 5
65 6
65 13
65 47
65 51
65 54
66 67
66 53
66 56
66 58
66 59
67 66
67 73
67 176
67 53
67 59
67 29
67 95
68 64
68 41
68 35
68 29
69 70
69 71
69 14
69 22
69 61
69 63
70 72
70 69
70 22
70 14
71 18
71 61
71 69
71 14
72 38
72 70
72 14
72 15
72 22
72 24
73 67
73 74
73 45
73 28
73 29
73 95
74 73
74 45
74 86
74 95
74 30
74 31
75 96
75 101
75 42
75 76
75 77
76 42
76 75
76 77
76 78
76 88
76 30
77 96
77 75
77 76
77 78
77 79
78 76
78 77
78 79
78 84
78 87
78 88
79 96
79 99
79 77
79 78
79 84
79 90
79 94
80 103
80 42
80 107
80 43
80 81
80 93
81 43
81 80
81 89
81 90
81 93
81 94
82 39
82 169
82 170
82 83
82 84
82 92
83 169
83 171
83 175
83 82
83 84
83 85
83 86
83 95
84 78
84 79
84 82
84 83
84 85
84 87
84 90
84 91
84 92
85 83
85 84
85 86
85 87
86 74
86 83
86 85
86 87
86 88
86 30
86 95
87 78
87 84
87 85
87 86
87 88
88 76
88 78
88 86
88 87
88 30
89 32
89 43
89 44
89 81
89 90
89 91
89 92
90 79
90 81
90 84
90 89
90 91
90 94
91 89
91 90
91 84
91 92
92 32
92 39
92 82
92 84
92 89
92 91
93 97
93 98
93 107
93 80
93 81
93 94
94 97
94 99
94 79
94 81
94 90
94 93
95 67
95 73
95 74
95 175
95 176
95 83
95 86
96 99
96 100
96 101
96 75
96 77
96 79
97 98
97 99
97 105
97 106
97 93
97 94
98 97
98 106
98 107
98 93
99 96
99 97
99 100
99 105
99 79
99 94
100 96
100 99
100 101
100 102
100 105
100 106
101 96
101 100
101 102
101 103
101 42
101 75
102 100
102 101
102 103
102 104
102 106
103 101
103 102
103 104
103 42
103 107
103 80
104 106
104 107
104 102
104 103
105 97
105 106
105 99
105 100
106 97
106 98
106 100
106 102
106 104
106 105
106 107
107 98
107 103
107 104
107 106
107 80
107 93
108 134
108 109
108 110
108 176
108 177
108 157
109 134
109 135
109 137
109 108
109 110
109 111
109 112
110 160
110 138
110 108
110 109
110 172
110 111
110 177
110 179
110 182
110 120
111 109
111 110
111 112
111 113
111 119
111 120
112 136
112 137
112 109
112 111
112 113
112 114
113 132
113 133
113 111
113 112
113 114
113 115
113 119
114 136
114 112
114 113
114 115
114 116
115 133
115 113
115 114
115 116
115 117
116 129
116 136
116 114
116 115
116 117
116 118
117 130
117 131
117 132
117 133
117 115
117 116
117 118
118 129
118 130
118 116
118 117
119 132
119 111
119 113
119 120
119 121
120 138
120 110
120 111
120 119
120 121
120 122
120 124
121 128
121 130
121 131
121 132
121 119
121 120
121 122
121 123
122 120
122 121
122 123
122 124
123 128
123 121
123 122
123 124
123 125
123 126
123 127
124 138
124 172
124 173
124 120
124 122
124 123
124 125
125 123
125 124
125 173
125 126
126 134
126 135
126 173
126 174
126 123
126 125
126 127
127 128
127 129
127 135
127 137
127 123
127 126
128 129
128 130
128 121
128 123
128 127
129 128
129 130
129 136
129 137
129 116
129 118
129 127
130 128
130 129
130 131
130 117
130 118
130 121
131 121
131 130
131 132
131 117
132 131
132 133
132 113
132 117
132 119
132 121
133 113
133 115
133 132
133 117
134 135
134 108
134 109
134 174
134 175
134 176
134 126
135 134
135 137
135 109
135 126
135 127
136 129
136 137
136 112
136 114
136 116
137 129
137 135
137 136
137 109
137 112
137 127
138 120
138 172
138 124
138 110
139 140
139 141
139 48
139 50
139 151
139 152
139 157
139 158
140 139
140 141
140 142
140 143
140 158
140 159
141 161
141 139
141 140
141 142
141 180
141 183
141 152
142 140
142 141
142 143
142 144
142 183
143 160
143 140
143 142
143 144
143 145
143 159
144 142
144 143
144 145
144 146
144 183
145 160
145 143
145 144
145 146
145 147
145 155
145 156
146 144
146 145
146 147
146 148
146 183
146 184
147 165
147 145
147 146
147 148
147 149
147 156
148 146
148 147
148 149
148 150
148 184
149 147
149 148
149 165
149 150
150 163
150 164
150 165
150 148
150 149
150 181
150 184
151 152
151 153
151 50
151 139
152 161
152 139
152 141
152 151
152 153
152 154
153 178
153 179
153 50
153 151
153 152
153 154
153 155
154 161
154 162
154 152
154 153
154 155
154 156
155 160
155 145
155 178
155 153
155 154
155 156
156 162
156 165
156 145
156 147
156 154
156 155
157 139
157 108
157 48
157 176
157 177
157 59
157 158
158 139
158 140
158 177
158 157
158 159
159 160
159 140
159 143
159 177
159 158
160 110
160 143
160 145
160 177
160 178
160 179
160 155
160 159
161 162
161 163
161 141
161 180
161 152
161 154
162 161
162 163
162 164
162 165
162 154
162 156
163 161
163 162
163 164
163 180
163 181
163 150
164 162
164 163
164 165
164 150
165 162
165 164
165 147
165 149
165 150
165 156
166 167
166 168
166 169
166 170
166 171
166 172
166 173
166 174
167 166
167 39
167 168
167 40
167 170
167 182
168 172
168 182
168 166
168 167
169 166
169 170
169 171
169 82
169 83
170 166
170 167
170 39
170 169
170 82
171 166
171 169
171 174
171 175
171 83
172 166
172 168
172 138
172 173
172 110
172 182
172 124
173 166
173 172
173 174
173 124
173 125
173 126
174 134
174 166
174 171
174 173
174 175
174 126
175 134
175 171
175 174
175 176
175 83
175 95
176 67
176 134
176 108
176 175
176 59
176 157
176 95
177 160
177 108
177 110
177 157
177 158
177 159
178 160
178 153
178 155
178 179
179 160
179 110
179 178
179 50
179 182
179 153
180 161
180 163
180 141
180 181
180 183
180 184
181 184
181 163
181 180
181 150
182 167
182 40
182 168
182 172
182 110
182 50
182 179
183 141
183 142
183 144
183 146
183 180
183 184
184 146
184 148
184 180
184 181
184 183
184 150
