  0.438554   0.574713  -0.125108
  0.318468   0.433504   0.039631
 -0.053184   0.418741   0.104071
 -0.060837   0.433100  -0.061443
 -0.047543   0.404588  -0.225161
 -0.027815   0.413318  -0.371321
  0.222399   0.320537   0.171422
 -0.203749   0.328549   0.118352
 -0.241306   0.317272  -0.059222
 -0.222822   0.312719  -0.227533
 -0.166711   0.326408  -0.378051
  0.121744   0.156013   0.318543
 -0.347979   0.194402   0.136631
 -0.374819   0.155521  -0.053710
 -0.335455   0.165696  -0.225740
 -0.281328   0.227871  -0.383138
  0.012673   0.049465   0.394606
 -0.433753   0.109736   0.147600
 -0.492499   0.050542  -0.050760
 -0.442313   0.077861  -0.225934
 -0.359314   0.147998  -0.386165
