 -0.438554   0.574713  -0.119443
 -0.314922   0.425551   0.048684
  0.058642   0.421589   0.109303
  0.057678   0.413447  -0.056057
  0.048870   0.407160  -0.226128
  0.002742   0.424016  -0.363655
 -0.216016   0.306222   0.183185
  0.215407   0.321170   0.129339
  0.241431   0.314642  -0.057865
  0.214323   0.319118  -0.227528
  0.160506   0.333485  -0.381711
 -0.113747   0.150786   0.322997
  0.348450   0.192942   0.151271
  0.376990   0.157738  -0.056072
  0.334960   0.170903  -0.225336
  0.278631   0.230331  -0.396151
 -0.001088   0.060273   0.382553
  0.445547   0.111554   0.165835
  0.491209   0.050931  -0.055507
  0.437975   0.076153  -0.224676
  0.359961   0.141039  -0.406615
