0 1
0 2
0 101
0 78
0 87
0 29
0 30
1 0
1 2
1 3
1 4
1 35
1 14
1 15
1 30
2 0
2 1
2 3
2 5
2 76
2 78
3 1
3 2
3 4
3 5
4 1
4 34
4 3
4 35
4 5
4 38
4 6
4 39
4 53
4 54
5 2
5 3
5 4
5 6
5 7
5 9
5 76
6 32
6 4
6 5
6 38
6 7
6 8
6 18
6 26
6 27
7 8
7 9
7 5
7 6
8 6
8 7
8 40
8 9
8 10
8 11
8 12
8 13
8 18
9 5
9 7
9 8
9 10
9 75
9 76
10 102
10 103
10 8
10 9
10 75
10 11
10 28
11 8
11 10
11 12
11 28
11 29
11 30
12 8
12 11
12 13
12 14
12 30
13 8
13 40
13 12
13 14
13 15
13 63
14 1
14 12
14 13
14 15
14 30
15 1
15 35
15 13
15 14
15 47
15 63
16 97
16 17
16 18
16 84
16 86
16 95
16 31
17 33
17 16
17 18
17 19
17 20
17 86
18 32
18 6
18 40
18 8
18 16
18 17
18 19
18 31
19 40
19 17
19 18
19 20
19 21
20 33
20 17
20 19
20 21
20 22
21 40
21 140
21 141
21 19
21 20
21 22
22 33
22 155
22 141
22 20
22 21
22 23
22 24
22 25
22 27
23 33
23 104
23 83
23 85
23 22
23 24
23 93
24 41
24 22
24 23
24 25
24 26
24 93
25 24
25 26
25 27
25 22
26 32
26 6
26 41
26 24
26 25
26 27
26 31
27 6
27 38
27 169
27 170
27 22
27 25
27 26
27 155
27 156
27 157
28 101
28 102
28 10
28 11
28 29
29 0
29 101
29 11
29 28
29 30
30 0
30 1
30 11
30 12
30 14
30 29
31 32
31 41
31 16
31 18
31 26
31 95
32 18
32 26
32 6
32 31
33 17
33 20
33 85
33 22
33 23
33 86
34 35
34 36
34 4
34 54
35 1
35 34
35 4
35 36
35 37
35 47
35 48
35 49
35 15
36 34
36 35
36 37
36 54
36 55
36 56
37 66
37 35
37 36
37 67
37 49
37 56
37 60
38 4
38 6
38 39
38 168
38 169
38 27
39 4
39 38
39 167
39 168
39 42
39 53
40 8
40 140
40 13
40 18
40 19
40 21
40 63
41 95
41 24
41 26
41 93
41 94
41 31
42 166
42 39
42 167
42 43
42 44
42 53
43 64
43 42
43 44
43 45
43 46
43 50
43 51
43 52
43 53
44 166
44 42
44 43
44 139
44 45
44 47
44 176
44 63
45 43
45 44
45 46
45 47
46 64
46 43
46 45
46 47
46 48
47 35
47 44
47 45
47 46
47 15
47 48
47 63
48 64
48 35
48 46
48 47
48 49
49 64
49 35
49 37
49 48
49 60
49 61
50 64
50 71
50 43
50 51
50 58
50 61
50 62
51 43
51 50
51 52
51 54
51 55
51 58
52 51
52 43
52 53
52 54
53 4
53 39
53 42
53 43
53 52
53 54
54 34
54 4
54 36
54 51
54 52
54 53
54 55
55 36
55 51
55 54
55 56
55 57
55 58
56 67
56 36
56 37
56 73
56 55
56 57
57 65
57 73
57 55
57 56
57 58
57 59
58 71
58 50
58 51
58 55
58 57
58 59
59 65
59 70
59 71
59 72
59 57
59 58
60 66
60 37
60 49
60 61
60 62
61 64
61 49
61 50
61 60
61 62
62 66
62 71
62 74
62 50
62 60
62 61
63 40
63 139
63 44
63 13
63 140
63 47
63 15
64 43
64 46
64 48
64 49
64 50
64 61
65 73
65 57
65 59
65 70
66 67
66 68
66 37
66 74
66 60
66 62
67 66
67 68
67 69
67 37
67 73
67 56
68 66
68 67
68 69
68 70
68 74
69 73
69 67
69 68
69 70
70 65
70 68
70 69
70 72
70 73
70 74
70 59
71 72
71 74
71 50
71 58
71 59
71 62
72 74
72 59
72 70
72 71
73 65
73 67
73 69
73 70
73 56
73 57
74 66
74 68
74 70
74 71
74 72
74 62
75 103
75 9
75 10
75 76
75 77
75 90
76 2
76 5
76 9
76 75
76 77
76 78
77 75
77 76
77 78
77 88
77 89
77 90
78 0
78 2
78 76
78 77
78 87
78 88
79 80
79 81
79 99
79 104
80 104
80 79
80 81
80 82
80 83
81 96
81 98
81 99
81 100
81 79
81 80
81 82
82 97
82 98
82 80
82 81
82 83
82 84
83 104
83 80
83 82
83 84
83 85
83 23
84 97
84 16
84 82
84 83
84 85
84 86
85 33
85 83
85 84
85 86
85 23
86 33
86 16
86 17
86 84
86 85
87 0
87 101
87 105
87 106
87 78
87 88
88 106
88 77
88 78
88 87
88 89
88 91
89 88
89 90
89 91
89 77
90 103
90 75
90 77
90 89
90 91
90 92
91 105
91 106
91 107
91 88
91 89
91 90
91 92
92 107
92 90
92 91
92 103
93 99
93 104
93 41
93 23
93 24
93 94
94 96
94 99
94 100
94 41
94 93
94 95
95 96
95 97
95 41
95 16
95 94
95 31
96 97
96 98
96 100
96 81
96 94
96 95
97 96
97 98
97 16
97 82
97 84
97 95
98 96
98 97
98 82
98 81
99 100
99 104
99 79
99 81
99 93
99 94
100 96
100 81
100 99
100 94
101 0
101 102
101 105
101 87
101 28
101 29
102 101
102 103
102 105
102 10
102 107
102 28
103 102
103 10
103 75
103 107
103 90
103 92
104 99
104 79
104 80
104 83
104 23
104 93
105 101
105 102
105 106
105 107
105 87
105 91
106 88
106 105
106 91
106 87
107 102
107 103
107 105
107 91
107 92
108 138
108 109
108 110
108 183
109 128
109 134
109 138
109 108
109 110
109 111
109 112
110 135
110 108
110 109
110 111
110 113
110 177
110 183
111 112
111 113
111 109
111 110
112 129
112 130
112 131
112 134
112 109
112 111
112 113
112 114
113 135
113 136
113 110
113 111
113 112
113 114
113 115
114 129
114 112
114 113
114 115
114 116
115 136
115 137
115 113
115 114
115 116
115 125
116 129
116 137
116 114
116 115
116 117
116 118
116 119
117 132
117 129
117 116
117 118
118 132
118 116
118 117
118 119
118 120
119 137
119 116
119 118
119 120
119 121
120 132
120 133
120 118
120 119
120 121
120 122
121 137
121 119
121 120
121 122
121 123
122 128
122 131
122 133
122 134
122 120
122 121
122 123
123 128
123 137
123 121
123 122
123 125
123 127
124 136
124 140
124 141
124 142
124 125
124 126
125 136
125 137
125 115
125 123
125 124
125 126
125 127
126 138
126 139
126 140
126 182
126 124
126 125
126 127
127 128
127 138
127 123
127 125
127 126
128 134
128 138
128 109
128 122
128 123
128 127
129 130
129 132
129 112
129 114
129 116
129 117
130 112
130 129
130 131
130 132
131 130
131 132
131 133
131 134
131 112
131 122
132 129
132 130
132 131
132 133
132 117
132 118
132 120
133 120
133 122
133 131
133 132
134 128
134 131
134 109
134 112
134 122
135 136
135 113
135 177
135 110
136 135
136 169
136 170
136 173
136 142
136 113
136 177
136 115
136 124
136 125
137 115
137 116
137 119
137 121
137 123
137 125
138 128
138 108
138 109
138 182
138 183
138 126
138 127
139 140
139 44
139 176
139 182
139 126
139 63
140 40
140 139
140 141
140 21
140 124
140 126
140 63
141 140
141 142
141 143
141 21
141 22
141 155
141 124
142 136
142 141
142 173
142 143
142 144
142 124
143 141
143 142
143 144
143 145
143 155
144 173
144 142
144 143
144 145
144 146
145 143
145 144
145 146
145 147
145 179
145 155
146 173
146 174
146 144
146 145
146 147
146 148
147 145
147 146
147 179
147 148
147 149
148 174
148 146
148 147
148 149
148 150
149 147
149 148
149 179
149 150
149 151
149 180
150 165
150 174
150 148
150 149
150 151
150 152
151 180
151 149
151 150
151 181
151 152
151 153
152 165
152 150
152 151
152 153
152 154
153 162
153 163
153 164
153 181
153 151
153 152
153 154
154 152
154 153
154 164
154 165
155 141
155 143
155 145
155 179
155 22
155 27
155 156
155 158
156 27
156 155
156 157
156 158
157 170
157 171
157 172
157 27
157 156
157 158
157 159
158 160
158 179
158 155
158 156
158 157
158 159
159 160
159 161
159 172
159 184
159 157
159 158
160 161
160 162
160 179
160 180
160 158
160 159
161 160
161 162
161 163
161 164
161 184
161 159
162 160
162 161
162 163
162 180
162 181
162 153
163 161
163 162
163 153
163 164
164 161
164 163
164 165
164 184
164 153
164 154
165 164
165 174
165 150
165 184
165 154
165 152
166 167
166 42
166 44
166 175
166 176
167 166
167 39
167 168
167 42
167 175
168 38
168 39
168 167
168 169
168 175
168 178
169 38
169 168
169 136
169 170
169 177
169 178
169 27
170 136
170 169
170 171
170 173
170 27
170 157
171 170
171 172
171 157
171 173
172 171
172 173
172 174
172 184
172 157
172 159
173 136
173 170
173 171
173 172
173 174
173 142
173 144
173 146
174 165
174 172
174 173
174 146
174 148
174 150
174 184
175 166
175 167
175 168
175 176
175 177
175 178
175 182
175 183
176 166
176 139
176 44
176 175
176 182
177 135
177 136
177 169
177 110
177 175
177 178
177 183
178 168
178 177
178 169
178 175
179 160
179 145
179 147
179 180
179 149
179 155
179 158
180 160
180 162
180 179
180 181
180 149
180 151
181 153
181 162
181 180
181 151
182 138
182 139
182 175
182 176
182 183
182 126
183 138
183 108
183 110
183 175
183 177
183 182
184 161
184 164
184 165
184 172
184 174
184 159
