0.471657 0.081474 0.001746 0.625277 -0.412576 0.662427
0.417289 0.094111 0.036624 0.073700 -0.034131 0.996696
0.409872 0.031700 -0.004846 0.136060 -0.906910 0.398749
0.340748 0.060509 -0.005224 -0.594893 -0.548073 0.587979
0.278425 0.302822 0.029939 -0.126603 -0.094596 0.987433
0.231692 0.233998 -0.007431 -0.789938 -0.521343 0.322801
0.200021 0.262531 -0.005457 -0.383502 -0.703148 0.598757
0.233584 0.235264 -0.104370 -0.742556 -0.525106 -0.415782
0.199007 0.263409 -0.102216 -0.422814 -0.758051 -0.496575
0.265507 0.298713 -0.131331 -0.115401 -0.042636 -0.992404
0.121350 0.375438 -0.129211 0.097156 -0.053777 -0.993815
0.298279 0.353896 -0.188202 0.441655 0.559271 0.701539
0.329756 0.319421 -0.192194 0.538057 0.353991 0.764974
0.304139 0.367425 -0.236181 0.576361 0.807281 -0.126910
0.339215 0.332771 -0.239771 0.811923 0.569939 -0.126296
0.428727 0.166140 -0.195415 0.755605 0.332776 0.564199
0.440204 0.178306 -0.246538 0.903272 0.410989 -0.123241
0.454281 0.077327 -0.248279 0.828047 -0.559260 -0.039583
0.417211 0.158704 -0.304617 0.613120 0.309014 -0.727045
0.424002 0.076924 -0.302254 0.516806 -0.366506 -0.773682
0.365482 0.100509 -0.318577 -0.024241 0.006608 -0.999684
0.301199 0.354691 -0.110599 0.366367 0.499179 -0.785236
0.338439 0.320231 -0.109657 0.384173 0.373993 -0.844121
0.315106 0.374308 -0.051986 0.623958 0.781457 -0.000645
0.354621 0.341303 -0.051535 0.753484 0.656028 -0.043463
0.336285 0.322443 0.003769 0.442104 0.393458 0.806061
0.480970 0.152670 0.003386 0.679449 0.354060 0.642644
0.391992 0.107033 -0.366726 0.769087 -0.445034 0.458748
0.365172 0.143065 -0.334958 0.209261 -0.018338 0.977688
0.335606 0.087581 -0.360338 -0.062097 -0.911151 0.407366
0.268393 0.123798 -0.352193 -0.463847 -0.487951 0.739425
0.245745 0.308298 -0.327066 0.026934 -0.047484 0.998509
0.209912 0.234925 -0.355361 -0.735533 -0.450440 0.506059
0.178391 0.262531 -0.348366 -0.265426 -0.634694 0.725750
0.196101 0.234372 -0.424698 -0.802104 -0.501947 -0.323541
0.167423 0.260042 -0.417733 -0.448712 -0.725553 -0.521756
0.222732 0.305359 -0.465707 -0.258682 -0.074012 -0.963123
0.421460 0.083958 -0.145161 0.018543 -0.017835 -0.999669
0.470104 0.146072 -0.124952 0.621406 0.346860 -0.702526
0.499476 0.169371 -0.064618 0.881220 0.462357 -0.098376
0.500000 0.062129 -0.061368 0.869516 -0.493893 -0.003247
0.309256 0.313566 -0.357820 0.646452 0.404083 0.647160
0.280986 0.345038 -0.353246 0.462001 0.585357 0.666267
0.277973 0.357616 -0.402472 0.567613 0.802584 -0.183505
0.306831 0.325596 -0.406838 0.798278 0.572145 -0.188156
0.287117 0.308691 -0.447153 0.396613 0.398463 -0.826998
0.374058 0.176434 -0.465528 0.644086 0.313711 -0.697667
0.331725 0.151273 -0.483810 -0.110425 -0.042161 -0.992990
0.373467 0.108707 -0.469040 0.429019 -0.428925 -0.794963
0.121282 0.375336 -0.145675 0.307601 -0.085722 0.947646
0.266104 0.304452 -0.160897 0.041904 -0.003886 0.999114
0.385075 0.114887 -0.163996 0.183174 0.026028 0.982736
0.435290 0.087067 -0.192165 0.647444 -0.338854 0.682638
0.388524 0.093635 -0.422060 0.807108 -0.570067 -0.153627
0.316266 0.089400 -0.449758 -0.284116 -0.911470 -0.297491
0.252196 0.122532 -0.434158 -0.740787 -0.469374 -0.480544
0.411366 0.026951 -0.108464 -0.024384 -0.969743 -0.242906
0.340224 0.059752 -0.111840 -0.695266 -0.512747 -0.503682
0.390997 0.177016 -0.366440 0.883797 0.313615 0.347202
0.401543 0.188944 -0.421584 0.927629 0.337231 -0.160559
0.467786 0.068751 -0.119291 0.615470 -0.397673 -0.680480
0.249325 0.297656 -0.302405 -0.171771 -0.031195 -0.984643
0.283183 0.093009 -0.290569 -0.771004 -0.450605 -0.450009
0.354175 0.055983 -0.298063 -0.164070 -0.976284 -0.141247
0.292827 0.098564 -0.180766 -0.541781 -0.510417 0.667793
0.362897 0.063822 -0.183768 -0.005626 -0.931864 0.362765
0.320229 0.311340 -0.287692 0.320583 0.320267 -0.891434
0.259007 0.340440 -0.441477 0.259439 0.582137 -0.770589
0.089335 0.312698 -0.169390 -0.396860 -0.829166 0.393681
0.196844 0.256433 -0.176856 -0.294174 -0.636554 0.712924
0.288543 0.346159 -0.281663 0.280820 0.511996 -0.811788
0.301398 0.354046 0.001596 0.432156 0.527807 0.731205
0.094249 0.315153 0.001504 -0.393102 -0.860630 0.323708
0.094375 0.312286 -0.095105 -0.389594 -0.816913 -0.425288
0.220550 0.229409 -0.269851 -0.811796 -0.484437 -0.326049
0.187632 0.253930 -0.263782 -0.451144 -0.749915 -0.483835
0.099027 0.374488 -0.292145 -0.001372 -0.100151 -0.994971
0.078940 0.311703 -0.258054 -0.439208 -0.804762 -0.399316
0.228941 0.232805 -0.183841 -0.799019 -0.445495 0.403861
0.129325 0.379503 0.039612 0.281419 -0.148939 0.947956
0.060201 0.388400 -0.440308 -0.147527 -0.153899 -0.977011
0.093972 0.376869 -0.307896 0.314916 -0.146122 0.937804
-0.206579 0.279843 0.003362 0.191371 -0.890051 -0.413747
-0.228185 0.335686 -0.159859 -0.098606 -0.975682 -0.195759
-0.068142 0.338776 -0.039752 0.046197 -0.997078 -0.060840
-0.092265 0.328036 -0.188216 -0.069506 -0.997558 0.006883
-0.195636 0.341628 -0.363205 -0.244522 -0.791827 -0.559660
0.044363 0.322152 -0.329618 -0.017118 -0.999611 -0.022015
0.022874 0.323695 -0.399081 -0.177309 -0.833081 -0.523963
0.040895 0.319538 -0.408123 -0.393620 -0.780034 -0.486426
0.140724 0.433440 -0.280605 0.363093 0.419897 -0.831775
0.093482 0.480662 -0.298912 0.565050 0.801534 -0.195608
0.155796 0.454793 -0.226824 0.567061 0.807524 -0.162318
0.116165 0.501652 -0.136177 0.607658 0.782295 -0.136987
0.160268 0.443282 -0.171316 0.566012 0.455746 0.686969
0.078464 0.317680 -0.095076 -0.014308 -0.999789 0.014744
0.073880 0.319271 -0.166034 0.044821 -0.998569 0.029173
0.062757 0.318844 -0.255061 0.064915 -0.994426 -0.083080
0.059124 0.318747 -0.336370 -0.325733 -0.843309 0.427467
0.082447 0.319722 0.001489 0.032035 -0.999480 0.003724
0.074894 0.311791 0.089061 -0.005428 -0.998621 -0.052208
-0.077543 0.329142 0.121765 0.213020 -0.975095 0.061748
-0.005042 0.190288 0.422341 0.736852 0.640235 0.217134
-0.091392 0.177806 0.483810 -0.006743 0.432030 0.901834
-0.009753 0.117288 0.467196 0.679913 0.038378 0.732288
-0.036646 0.044608 0.459319 0.296357 -0.512623 0.805847
-0.143630 0.123162 0.480197 -0.370244 -0.051806 0.927489
-0.177678 0.066801 0.443165 -0.678048 -0.443191 0.586373
-0.212725 0.201813 0.397810 -0.612136 0.212237 0.761738
-0.261942 0.165476 0.337937 -0.839249 -0.486461 0.242936
0.130067 0.439736 -0.333489 0.535666 0.455784 0.710860
0.126371 0.449287 -0.378742 0.512707 0.840969 -0.172923
0.173089 0.454293 -0.107441 0.425549 0.394008 -0.814657
0.180642 0.476277 -0.049469 0.609914 0.791021 -0.047862
-0.094132 0.008736 0.427449 -0.148710 -0.884628 0.441949
-0.041162 0.000000 0.355390 0.546893 -0.826481 -0.133559
0.024184 0.088683 0.381172 0.964166 -0.245100 0.101536
0.009879 0.129066 0.300518 0.886564 0.035674 -0.461229
-0.073250 0.211976 0.235740 0.779865 0.184117 -0.598258
0.075171 0.463039 -0.424029 0.233154 0.602237 -0.763512
0.118333 0.427701 -0.424005 0.271572 0.522268 -0.808384
-0.075122 0.628146 -0.120518 0.466754 0.882795 -0.053041
0.131178 0.508171 0.042969 0.540210 0.838303 0.073622
-0.094637 0.604319 0.145486 0.246546 0.807525 0.535834
0.105939 0.491494 0.171845 0.266840 0.669065 0.693649
0.179929 0.458242 0.005307 0.539857 0.396983 0.742266
-0.144043 0.011477 0.356865 -0.519583 -0.830429 -0.201053
-0.056645 0.036226 0.276710 0.334453 -0.541713 -0.771160
-0.151736 0.124215 0.200018 0.140671 -0.566115 -0.812235
-0.162621 0.269138 0.384970 0.084728 0.748626 0.657556
-0.120201 0.600414 -0.364873 0.345654 0.836686 -0.424829
-0.207152 0.486280 -0.415031 -0.120707 0.164908 -0.978895
0.055801 0.322186 0.186465 -0.114704 -0.851885 0.511013
-0.500000 0.350971 -0.103153 -0.657459 -0.697469 -0.285105
-0.475140 0.410025 0.077695 -0.969434 0.002058 0.245343
-0.425036 0.557790 -0.105418 -0.898715 0.438425 -0.009711
-0.330139 0.700293 -0.288512 -0.388249 0.764043 -0.515268
-0.403183 0.553080 -0.371868 -0.657709 0.200873 -0.725995
-0.096194 0.397073 0.253479 0.212337 0.376075 0.901931
0.091135 0.400299 0.218578 -0.001486 0.070399 0.997518
0.070407 0.314532 0.188386 -0.536291 -0.752566 0.382147
0.174447 0.250413 0.204986 -0.461618 -0.581586 0.669825
0.171998 0.246353 0.097919 -0.415738 -0.738979 -0.530162
0.211071 0.220334 0.111836 -0.603671 -0.689819 -0.399664
0.257474 0.278602 0.073786 0.003999 -0.083606 -0.996491
0.312497 0.104021 0.117036 -0.563940 -0.652514 -0.506160
0.403930 0.143220 0.076328 0.119513 -0.069367 -0.990406
0.393864 0.079306 0.119136 0.049908 -0.977857 -0.203236
0.441305 0.122595 0.121566 0.811532 -0.345287 -0.471373
0.456091 0.115207 0.186650 0.930213 -0.352431 0.102452
-0.411555 0.551343 0.155066 -0.445043 0.566160 0.693830
0.157717 0.459270 0.189516 0.217851 0.568320 0.793444
0.289751 0.358004 0.216991 0.271438 0.530528 0.803033
0.179162 0.470694 0.143987 0.598265 0.800596 0.033553
0.307166 0.367789 0.167363 0.656578 0.753274 -0.038513
0.292511 0.350103 0.110152 0.510085 0.460901 -0.726212
0.331939 0.311597 0.111738 0.437016 0.458405 -0.773874
-0.248393 0.132786 0.228522 -0.492974 -0.836081 -0.240716
-0.205352 0.186038 0.154542 0.317012 -0.733209 -0.601588
-0.359938 0.195226 0.115178 -0.498771 -0.839835 -0.214252
-0.471016 0.413173 -0.298994 -0.706766 -0.560476 -0.431681
-0.394354 0.259911 0.228100 -0.864407 -0.376080 0.333713
-0.287209 0.190622 0.317229 -0.715431 -0.537931 0.445857
-0.344066 0.335322 0.314173 -0.656772 0.172676 0.734052
-0.253433 0.242327 0.364451 -0.484959 0.069066 0.871805
-0.187894 0.294289 0.364262 0.061801 0.483259 0.873293
-0.088370 0.299795 0.304296 0.803820 0.561663 0.195980
-0.230654 0.385242 0.313950 0.026442 0.644729 0.763954
0.327689 0.320493 0.225801 0.299969 0.525314 0.796281
0.345841 0.329783 0.171554 0.701151 0.712674 -0.021992
0.428174 0.216919 0.251398 0.694231 0.423874 0.581699
0.449096 0.224651 0.184515 0.888648 0.458091 0.021356
0.437939 0.204893 0.103022 0.773546 0.394940 -0.495630
0.129325 0.379513 0.053990 0.251935 -0.062774 -0.965706
0.168544 0.454642 0.083366 0.628300 0.344882 -0.697349
0.253724 0.294638 0.238961 -0.235724 0.003268 0.971814
0.377483 0.160475 0.288323 -0.094269 -0.006941 0.995523
0.429654 0.130715 0.251738 0.665955 -0.337645 0.665206
-0.313690 0.734636 -0.104860 0.082174 0.996585 -0.008124
0.380641 0.087931 0.233513 0.079729 -0.908552 0.410093
0.304517 0.112995 0.228522 -0.570805 -0.621123 0.537017
0.209189 0.228342 0.209599 -0.720379 -0.600766 0.346604
-0.113235 0.275948 0.193043 0.835914 -0.370752 -0.404711
0.089262 0.303098 0.091278 -0.443774 -0.742457 -0.501818
-0.334262 0.697144 0.066956 -0.424677 0.807444 0.409492
