1 2
2 1
2 3
3 2
3 4
4 3
4 5
5 4
5 28
6 8
7 9
8 6
9 7
10 37
14 15
15 14
18 156
20 21
21 20
22 23
22 24
22 38
23 22
23 24
23 25
24 22
24 23
24 25
25 23
25 24
25 26
26 25
27 40
28 5
32 33
32 34
33 32
34 32
34 35
35 34
35 36
36 35
36 43
37 10
37 38
38 22
38 37
39 72
40 27
42 45
43 36
45 42
53 78
54 55
54 78
55 54
55 78
56 66
57 58
58 57
59 79
60 75
61 62
61 63
62 61
63 61
63 65
65 63
66 56
67 77
69 70
70 69
72 39
75 60
77 67
78 53
78 54
78 55
79 59
84 130
85 130
97 117
98 140
101 133
104 116
115 139
116 104
117 97
122 141
128 129
129 128
130 84
130 85
133 101
139 115
140 98
141 122
145 146
145 173
145 174
146 145
146 147
147 146
148 184
149 150
150 149
156 18
158 160
159 161
160 158
161 159
165 178
166 167
166 179
167 166
173 145
173 174
174 145
174 173
178 165
179 166
184 148
