0 1
1 0
5 6
6 5
8 9
9 8
10 49
11 13
11 14
12 14
13 11
13 14
13 70
14 11
14 12
14 13
15 16
16 15
17 19
17 52
19 17
21 23
23 21
23 24
24 23
25 71
27 28
27 29
28 27
29 27
34 35
35 34
38 39
39 38
41 42
41 43
41 44
42 41
42 43
42 44
43 41
43 42
43 44
43 67
44 41
44 42
44 43
45 67
49 10
51 65
52 17
58 59
59 58
64 65
65 51
65 64
67 43
67 45
68 96
69 78
70 13
71 25
72 99
73 95
74 75
75 74
77 97
78 69
79 173
87 98
88 89
89 88
95 73
96 68
97 77
98 87
99 72
100 183
106 107
107 106
109 162
110 111
111 110
111 120
119 120
120 111
120 119
129 165
132 140
140 132
141 181
142 143
143 142
149 177
152 154
152 168
153 174
154 152
154 169
155 156
156 155
156 169
162 109
165 129
168 152
168 169
169 154
169 156
169 168
173 79
174 153
177 149
181 141
183 100
