0 1
0 2
0 68
0 166
0 40
0 75
0 60
1 0
1 2
1 3
1 4
1 166
1 157
2 0
2 1
2 3
2 39
2 40
2 72
3 1
3 2
3 4
3 5
3 72
3 28
4 160
4 1
4 3
4 5
4 157
4 158
5 160
5 3
5 4
5 28
5 29
5 30
6 7
6 8
6 175
6 177
6 26
7 6
7 8
7 9
7 10
7 177
8 6
8 7
8 9
8 78
8 26
8 27
9 7
9 8
9 10
9 11
9 78
9 55
10 37
10 38
10 7
10 9
10 11
10 177
10 184
11 37
11 9
11 10
11 76
11 52
11 54
11 55
11 61
11 62
12 32
12 67
12 104
12 77
12 13
12 14
12 80
12 81
12 31
13 32
13 33
13 12
13 14
13 15
13 16
13 151
14 12
14 13
14 77
14 15
14 20
14 21
15 13
15 14
15 16
15 17
15 20
16 13
16 15
16 17
16 180
16 151
16 183
17 15
17 16
17 18
17 19
17 20
17 183
18 36
18 17
18 19
18 183
18 154
18 156
19 36
19 42
19 43
19 17
19 18
19 20
19 21
20 14
20 15
20 17
20 19
20 21
21 66
21 42
21 77
21 14
21 19
21 20
22 38
22 146
22 147
22 148
22 23
22 24
23 145
23 146
23 22
23 24
23 25
23 26
24 37
24 38
24 22
24 23
24 25
24 63
25 65
25 23
25 24
25 26
25 27
25 63
26 6
26 8
26 175
26 145
26 23
26 25
26 27
27 64
27 65
27 8
27 40
27 78
27 79
27 53
27 25
27 26
28 3
28 5
28 72
28 44
28 45
28 29
29 5
29 69
29 70
29 45
29 46
29 28
29 30
30 160
30 161
30 5
30 168
30 46
30 29
31 32
31 80
31 12
31 103
32 33
32 34
32 103
32 12
32 13
32 31
33 32
33 34
33 35
33 13
33 151
33 152
34 32
34 33
34 35
34 36
34 103
34 43
35 33
35 34
35 36
35 152
35 153
35 154
36 34
36 35
36 43
36 18
36 19
36 154
37 38
37 10
37 11
37 24
37 61
37 63
38 37
38 10
38 148
38 22
38 24
38 184
39 40
39 64
39 2
39 72
40 0
40 64
40 2
40 39
40 27
40 79
40 59
40 60
41 42
41 43
41 103
41 71
42 66
42 71
42 41
42 43
42 45
42 19
42 21
42 56
43 34
43 36
43 103
43 41
43 42
43 19
44 72
44 28
44 45
44 71
45 70
45 71
45 42
45 44
45 56
45 57
45 58
45 28
45 29
46 68
46 69
46 167
46 168
46 29
46 30
47 104
47 48
47 49
47 114
47 115
47 113
48 67
48 104
48 47
48 49
48 50
48 51
48 56
49 105
49 138
49 47
49 48
49 113
49 50
49 119
50 105
50 106
50 48
50 49
50 51
50 52
51 79
51 48
51 50
51 52
51 53
51 56
51 57
52 106
52 11
52 76
52 144
52 50
52 51
52 53
52 54
53 78
53 79
53 51
53 52
53 54
53 55
53 27
54 11
54 52
54 53
54 55
55 9
55 11
55 78
55 53
55 54
56 66
56 67
56 42
56 45
56 48
56 51
56 57
57 45
57 79
57 51
57 56
57 58
57 59
58 70
58 45
58 57
58 59
58 60
59 40
59 79
59 57
59 58
59 60
60 0
60 70
60 40
60 75
60 58
60 59
61 11
61 37
61 62
61 63
62 64
62 74
62 11
62 76
62 61
62 63
63 64
63 65
63 37
63 24
63 25
63 61
63 62
64 65
64 71
64 72
64 73
64 74
64 39
64 40
64 27
64 62
64 63
65 64
65 25
65 27
65 63
66 67
66 42
66 77
66 21
66 56
67 66
67 104
67 12
67 77
67 48
67 56
68 0
68 69
68 166
68 167
68 75
68 46
69 68
69 70
69 75
69 46
69 29
70 69
70 75
70 45
70 58
70 60
70 29
71 64
71 103
71 72
71 73
71 41
71 42
71 44
71 45
71 80
72 64
72 2
72 3
72 39
72 71
72 44
72 28
73 64
73 71
73 74
73 142
73 80
73 83
74 64
74 73
74 76
74 142
74 143
74 62
75 0
75 68
75 69
75 70
75 60
76 74
76 11
76 143
76 144
76 52
76 62
77 66
77 67
77 12
77 14
77 21
78 8
78 9
78 53
78 55
78 27
79 40
79 27
79 51
79 53
79 57
79 59
80 129
80 134
80 71
80 103
80 73
80 12
80 81
80 82
80 83
80 31
81 133
81 102
81 134
81 104
81 12
81 80
81 116
81 117
82 128
82 129
82 80
82 114
82 83
82 127
83 73
83 108
83 109
83 142
83 80
83 82
83 114
84 98
84 130
84 100
84 140
84 85
84 86
84 127
85 130
85 131
85 84
85 86
85 87
85 88
86 96
86 100
86 84
86 85
86 87
86 95
87 96
87 85
87 86
87 88
87 89
87 91
88 131
88 101
88 85
88 87
88 89
88 90
89 88
89 90
89 91
89 87
90 101
90 88
90 89
90 91
90 92
90 93
91 96
91 87
91 89
91 90
91 92
91 94
91 95
92 90
92 91
92 93
92 94
93 99
93 101
93 102
93 90
93 92
93 94
94 99
94 100
94 91
94 92
94 93
94 95
95 96
95 100
95 86
95 91
95 94
96 91
96 87
96 86
96 95
97 98
97 99
97 102
97 140
97 117
98 97
98 99
98 100
98 140
98 84
99 97
99 98
99 100
99 102
99 93
99 94
100 98
100 99
100 84
100 86
100 94
100 95
101 131
101 133
101 102
101 88
101 90
101 93
102 97
102 99
102 101
102 133
102 81
102 117
102 93
103 32
103 34
103 71
103 41
103 43
103 80
103 31
104 67
104 12
104 47
104 48
104 81
104 115
104 116
105 106
105 107
105 49
105 50
105 118
105 119
106 105
106 107
106 144
106 50
106 52
107 105
107 106
107 108
107 109
107 142
107 143
107 144
107 118
108 83
108 107
108 109
108 142
109 132
109 107
109 108
109 114
109 83
109 118
109 121
110 162
110 163
110 164
110 171
110 111
110 112
110 126
111 110
111 112
111 113
111 114
111 125
111 126
112 164
112 165
112 136
112 110
112 111
112 113
113 136
113 138
113 47
113 112
113 111
113 114
113 49
114 132
114 109
114 47
114 111
114 113
114 82
114 115
114 83
114 125
114 127
115 104
115 139
115 47
115 114
115 116
115 127
116 104
116 139
116 81
116 115
116 117
117 97
117 102
117 139
117 140
117 81
117 116
118 105
118 107
118 109
118 119
118 120
118 121
119 105
119 137
119 138
119 49
119 118
119 120
119 122
120 121
120 122
120 118
120 119
121 132
121 109
121 118
121 120
121 122
121 123
121 125
122 137
122 141
122 119
122 120
122 121
122 123
122 124
123 121
123 122
123 124
123 125
124 169
124 170
124 171
124 141
124 122
124 123
124 125
124 126
125 132
125 111
125 114
125 121
125 123
125 124
125 126
126 171
126 110
126 111
126 124
126 125
127 128
127 130
127 139
127 140
127 114
127 115
127 82
127 84
128 129
128 82
128 130
128 127
129 128
129 130
129 131
129 133
129 134
129 80
129 82
130 128
130 129
130 131
130 84
130 85
130 127
131 129
131 130
131 101
131 133
131 85
131 88
132 121
132 109
132 125
132 114
133 129
133 131
133 101
133 102
133 134
133 81
134 80
134 129
134 133
134 81
135 165
135 136
135 137
135 169
135 141
135 178
135 182
136 165
136 135
136 137
136 138
136 112
136 113
137 135
137 136
137 138
137 141
137 119
137 122
138 136
138 137
138 113
138 49
138 119
139 140
139 115
139 116
139 117
139 127
140 97
140 98
140 139
140 84
140 117
140 127
141 135
141 137
141 169
141 122
141 124
142 73
142 74
142 107
142 108
142 143
142 83
143 74
143 107
143 76
143 142
143 144
144 106
144 107
144 76
144 143
144 52
145 173
145 174
145 175
145 146
145 23
145 26
146 174
146 145
146 147
146 149
146 22
146 23
147 146
147 148
147 149
147 22
148 38
148 147
148 149
148 150
148 22
148 184
149 173
149 174
149 176
149 146
149 147
149 148
149 150
150 184
150 148
150 149
150 176
151 33
151 13
151 16
151 180
151 181
151 152
152 33
152 35
152 181
152 151
152 153
152 155
153 152
153 154
153 35
153 155
154 35
154 36
154 18
154 153
154 155
154 156
155 180
155 181
155 183
155 152
155 153
155 154
155 156
156 18
156 154
156 155
156 183
157 1
157 4
157 166
157 179
157 158
157 159
158 160
158 4
158 157
158 159
159 160
159 161
159 167
159 168
159 179
159 157
159 158
160 161
160 4
160 5
160 158
160 30
160 159
161 160
161 168
161 30
161 159
162 163
162 172
162 171
162 110
163 162
163 164
163 172
163 110
163 178
164 163
164 165
164 110
164 112
164 178
165 164
165 135
165 136
165 112
165 178
166 0
166 1
166 68
166 167
166 179
166 157
167 68
167 166
167 168
167 46
167 179
167 159
168 161
168 167
168 46
168 30
168 159
169 135
169 170
169 172
169 141
169 182
169 124
170 169
170 172
170 171
170 124
171 162
171 170
171 172
171 110
171 124
171 126
172 162
172 163
172 169
172 170
172 171
172 178
172 182
173 174
173 175
173 176
173 145
173 149
174 145
174 146
174 149
174 173
175 6
175 173
175 176
175 145
175 177
175 26
176 173
176 175
176 177
176 149
176 150
176 184
177 6
177 7
177 10
177 175
177 176
177 184
178 163
178 164
178 165
178 135
178 172
178 182
179 167
179 157
179 166
179 159
180 16
180 181
180 183
180 151
180 155
181 152
181 155
181 180
181 151
182 169
182 178
182 172
182 135
183 16
183 17
183 18
183 180
183 155
183 156
184 38
184 10
184 176
184 177
184 148
184 150
