0 40
0 1
0 2
0 26
1 0
1 2
1 3
1 4
1 25
1 26
2 0
2 1
2 3
2 40
2 56
3 1
3 2
3 4
3 5
3 56
3 57
4 1
4 3
4 5
4 6
4 71
4 79
4 25
5 3
5 4
5 6
5 7
5 57
6 4
6 5
6 7
6 8
6 72
6 79
7 5
7 6
7 8
7 9
7 57
8 6
8 7
8 72
8 9
8 10
8 73
9 37
9 7
9 8
9 10
9 21
9 22
9 57
10 8
10 9
10 73
10 112
10 49
10 21
10 93
10 95
11 12
11 13
11 49
11 50
11 92
11 94
12 11
12 13
12 14
12 15
12 50
12 51
13 66
13 70
13 11
13 12
13 14
13 92
14 66
14 12
14 13
14 15
14 16
14 18
15 12
15 14
15 16
15 17
15 51
15 52
16 17
16 18
16 14
16 15
17 65
17 15
17 16
17 18
17 19
17 52
17 63
18 66
18 14
18 16
18 17
18 19
18 20
19 17
19 18
19 20
19 63
20 66
20 18
20 19
20 61
20 62
20 63
21 9
21 10
21 112
21 113
21 22
21 23
22 37
22 38
22 9
22 21
22 23
22 24
23 71
23 113
23 21
23 22
23 24
23 25
24 38
24 39
24 22
24 23
24 25
24 26
25 1
25 4
25 71
25 23
25 24
25 26
26 0
26 1
26 39
26 40
26 24
26 25
27 58
27 53
27 28
27 29
28 41
28 58
28 27
28 29
28 30
28 31
29 53
29 54
29 27
29 28
29 30
30 32
30 54
30 55
30 28
30 29
30 31
31 32
31 33
31 41
31 42
31 81
31 28
31 30
32 33
32 34
32 55
32 30
32 31
33 32
33 34
33 35
33 98
33 81
33 31
34 32
34 33
34 35
34 36
34 55
35 33
35 34
35 98
35 36
35 80
35 89
36 34
36 67
36 35
36 45
36 47
36 80
36 55
37 38
37 9
37 22
37 56
37 57
37 60
38 37
38 39
38 40
38 22
38 24
38 60
39 24
39 26
39 40
39 38
40 0
40 2
40 38
40 39
40 56
40 26
40 60
41 42
41 43
41 44
41 58
41 28
41 31
42 41
42 43
42 110
42 111
42 81
42 31
43 67
43 41
43 42
43 44
43 45
43 111
44 41
44 43
44 45
44 46
44 58
44 59
45 67
45 36
45 43
45 44
45 46
45 47
46 44
46 45
46 47
46 48
46 53
46 59
47 36
47 45
47 46
47 48
47 54
47 55
48 54
48 53
48 46
48 47
49 96
49 68
49 69
49 10
49 11
49 50
49 93
49 94
49 95
50 64
50 69
50 11
50 12
50 78
50 49
50 51
51 64
51 65
51 12
51 15
51 50
51 52
52 65
52 17
52 51
52 15
53 27
53 46
53 48
53 54
53 58
53 59
53 29
54 47
54 48
54 53
54 55
54 29
54 30
55 32
55 34
55 36
55 47
55 54
55 30
56 2
56 3
56 37
56 40
56 57
56 60
57 3
57 37
57 5
57 7
57 9
57 56
58 27
58 41
58 44
58 53
58 59
58 28
59 58
59 44
59 53
59 46
60 40
60 56
60 37
60 38
61 66
61 70
61 74
61 75
61 76
61 20
61 62
62 64
62 74
62 78
62 20
62 61
62 63
63 64
63 65
63 17
63 19
63 20
63 62
64 65
64 78
64 50
64 51
64 62
64 63
65 64
65 17
65 51
65 52
65 63
66 70
66 13
66 14
66 18
66 20
66 61
67 36
67 43
67 45
67 111
67 80
67 120
68 96
68 69
68 75
68 77
68 49
69 68
69 74
69 75
69 78
69 49
69 50
70 66
70 76
70 13
70 90
70 92
70 61
71 4
71 79
71 113
71 23
71 25
71 125
72 99
72 6
72 8
72 73
72 79
73 99
73 72
73 8
73 10
73 95
74 69
74 75
74 78
74 61
74 62
75 68
75 69
75 74
75 76
75 77
75 61
76 97
76 70
76 75
76 77
76 81
76 90
76 91
76 61
77 96
77 97
77 68
77 75
77 76
78 64
78 69
78 74
78 50
78 62
79 99
79 4
79 100
79 6
79 71
79 72
79 173
79 122
79 125
80 67
80 35
80 36
80 131
80 86
80 119
80 88
80 89
80 120
81 33
81 97
81 98
81 42
81 76
81 110
81 87
81 91
81 31
82 101
82 133
82 83
82 84
82 182
82 158
82 159
83 160
83 133
83 82
83 84
83 85
83 86
84 99
84 100
84 101
84 82
84 83
84 85
84 95
85 96
85 97
85 83
85 84
85 86
85 87
85 95
86 160
86 131
86 137
86 80
86 83
86 85
86 87
86 88
87 97
87 98
87 81
87 85
87 86
87 88
87 89
88 80
88 89
88 86
88 87
89 98
89 35
89 80
89 87
89 88
90 91
90 76
90 70
90 92
91 130
91 76
91 110
91 111
91 81
91 119
91 121
91 90
91 92
91 93
92 70
92 11
92 13
92 90
92 91
92 93
92 94
93 10
93 112
93 49
93 113
93 121
93 122
93 91
93 92
93 94
94 49
94 11
94 92
94 93
95 96
95 99
95 73
95 10
95 49
95 84
95 85
96 97
96 68
96 77
96 49
96 85
96 95
97 96
97 76
97 77
97 81
97 85
97 87
98 33
98 35
98 81
98 87
98 89
99 100
99 72
99 73
99 79
99 84
99 95
100 99
100 132
100 101
100 173
100 79
100 84
100 183
101 132
101 100
101 138
101 82
101 84
101 182
102 129
102 166
102 103
102 104
102 116
102 117
102 118
103 129
103 102
103 104
103 105
103 106
103 108
104 105
104 116
104 102
104 103
105 103
105 104
105 106
105 107
105 114
105 115
105 116
106 105
106 107
106 108
106 103
107 105
107 106
107 108
107 109
107 114
107 126
108 129
108 162
108 164
108 165
108 103
108 106
108 107
108 109
109 162
109 107
109 108
109 157
109 126
110 81
110 42
110 91
110 111
111 67
111 42
111 43
111 110
111 119
111 120
111 91
112 113
112 10
112 21
112 93
113 71
113 112
113 21
113 125
113 23
113 122
113 93
114 107
114 105
114 115
114 126
115 105
115 114
115 116
115 117
115 126
115 127
116 102
116 104
116 105
116 115
116 117
117 102
117 115
117 116
117 118
117 127
118 128
118 166
118 102
118 117
118 182
118 127
119 130
119 131
119 111
119 80
119 120
119 91
120 80
120 67
120 119
120 111
121 130
121 91
121 178
121 122
121 123
121 93
122 153
122 173
122 174
122 79
122 113
122 125
122 121
122 123
122 124
122 93
123 138
123 178
123 150
123 184
123 121
123 122
123 124
124 138
124 139
124 151
124 153
124 122
124 123
125 113
125 122
125 71
125 79
126 128
126 107
126 109
126 114
126 115
126 157
126 127
127 128
127 115
127 117
127 118
127 126
128 118
128 182
128 126
128 157
128 158
128 127
129 165
129 166
129 102
129 103
129 108
130 131
130 136
130 178
130 119
130 121
130 91
131 130
131 136
131 137
131 80
131 86
131 119
132 100
132 101
132 138
132 139
132 140
132 183
133 160
133 134
133 135
133 82
133 83
133 159
134 161
134 163
134 133
134 135
134 150
134 159
135 160
135 133
135 134
135 136
135 137
135 178
135 150
135 184
136 130
136 131
136 135
136 137
136 178
137 160
137 131
137 135
137 136
137 86
138 132
138 101
138 166
138 165
138 167
138 139
138 150
138 182
138 123
138 124
139 132
139 138
139 140
139 141
139 175
139 151
139 152
139 124
140 132
140 139
140 141
140 142
140 183
141 139
141 140
141 142
141 175
141 143
141 181
142 140
142 173
142 141
142 143
142 144
142 183
143 141
143 142
143 144
143 145
143 181
144 173
144 142
144 143
144 145
144 146
144 155
144 156
145 143
145 144
145 146
145 147
145 180
145 181
146 172
146 144
146 145
146 147
146 148
146 156
147 145
147 146
147 179
147 148
147 149
147 180
148 146
148 147
148 172
148 149
149 170
149 171
149 172
149 177
149 147
149 148
149 179
150 163
150 134
150 167
150 135
150 138
150 184
150 123
151 152
151 153
151 139
151 124
152 168
152 139
152 175
152 151
152 153
152 154
153 122
153 174
153 151
153 152
153 154
153 155
153 124
154 168
154 169
154 152
154 153
154 155
154 156
155 173
155 174
155 144
155 153
155 154
155 156
156 169
156 172
156 144
156 146
156 154
156 155
157 128
157 162
157 109
157 126
157 158
157 159
158 128
158 82
158 182
158 157
158 159
159 161
159 162
159 133
159 134
159 82
159 157
159 158
160 133
160 135
160 137
160 83
160 86
161 162
161 163
161 134
161 159
162 161
162 163
162 164
162 108
162 109
162 157
162 159
163 161
163 162
163 164
163 165
163 134
163 167
163 150
164 162
164 163
164 108
164 165
165 129
165 163
165 164
165 166
165 167
165 138
165 108
166 129
166 165
166 102
166 138
166 118
166 182
167 138
167 163
167 165
167 150
168 169
168 170
168 175
168 176
168 152
168 154
169 168
169 170
169 171
169 172
169 154
169 156
170 168
170 169
170 171
170 176
170 177
170 149
171 169
171 170
171 172
171 149
172 169
172 171
172 146
172 148
172 149
172 156
173 100
173 142
173 174
173 144
173 79
173 183
173 122
173 155
174 153
174 122
174 155
174 173
175 168
175 139
175 141
175 176
175 180
175 181
175 152
176 168
176 170
176 175
176 177
176 179
176 180
177 176
177 170
177 179
177 149
178 130
178 135
178 136
178 184
178 121
178 123
179 176
179 177
179 147
179 180
179 149
180 175
180 176
180 145
180 179
180 147
180 181
181 141
181 143
181 175
181 145
181 180
182 128
182 101
182 166
182 138
182 82
182 118
182 158
183 100
183 132
183 140
183 173
183 142
184 178
184 123
184 150
184 135
