  0.425029   0.557783  -0.106473
  0.310329   0.420620   0.054560
 -0.044478   0.430329   0.117414
 -0.063599   0.413806  -0.047010
 -0.057781   0.391203  -0.207556
  0.002321   0.401298  -0.356006
  0.218569   0.310890   0.183386
 -0.214440   0.324806   0.142799
 -0.247944   0.312006  -0.050912
 -0.230348   0.315835  -0.219866
 -0.193447   0.327232  -0.379421
  0.117224   0.152012   0.331853
 -0.348033   0.194409   0.169172
 -0.378856   0.156697  -0.050672
 -0.336992   0.165205  -0.227042
 -0.302984   0.191080  -0.395434
  0.000065   0.055733   0.384513
 -0.453640   0.116958   0.186391
 -0.465316   0.048737  -0.050317
 -0.415839   0.070746  -0.232393
 -0.376385   0.092256  -0.406398
