 -0.425037   0.557790  -0.105419
 -0.302937   0.427991   0.047981
  0.066236   0.421245   0.132489
  0.055522   0.414585  -0.042232
  0.036284   0.403087  -0.210594
 -0.006770   0.422097  -0.360388
 -0.205256   0.324153   0.170702
  0.227972   0.311931   0.149943
  0.240903   0.320014  -0.050647
  0.223874   0.321603  -0.232151
  0.186140   0.336627  -0.384495
 -0.121974   0.162657   0.325672
  0.355487   0.187841   0.167816
  0.374755   0.160822  -0.054816
  0.333543   0.167069  -0.247692
  0.301369   0.196844  -0.401861
  0.006206   0.064176   0.384460
  0.450562   0.116587   0.178604
  0.471788   0.050229  -0.057939
  0.414438   0.068717  -0.258725
  0.399033   0.122266  -0.415090
