-0.249230 0.297691 -0.302377 0.171766 -0.031199 -0.984644
-0.320221 0.311337 -0.287689 -0.320345 0.320176 -0.891553
-0.288536 0.346156 -0.281660 -0.280852 0.511958 -0.811801
-0.304131 0.367421 -0.236179 -0.576349 0.807291 -0.126898
-0.339217 0.332767 -0.239769 -0.811908 0.569955 -0.126319
-0.329758 0.319408 -0.192192 -0.538012 0.353963 0.765019
-0.209905 0.234923 -0.355362 0.735541 -0.450430 0.506056
-0.196095 0.234370 -0.424694 0.802101 -0.501942 -0.323555
-0.178385 0.262528 -0.348367 0.265415 -0.634700 0.725749
-0.167417 0.260040 -0.417729 0.448722 -0.725544 -0.521762
-0.222725 0.305356 -0.465703 0.258682 -0.074012 -0.963123
-0.060196 0.388396 -0.440304 0.147526 -0.153854 -0.977018
-0.129319 0.379509 0.039607 -0.281429 -0.148825 0.947971
-0.278427 0.302819 0.029934 0.126576 -0.094563 0.987439
-0.200014 0.262523 -0.005452 0.383479 -0.703106 0.598820
-0.231685 0.233996 -0.007431 0.789910 -0.521351 0.322854
-0.340745 0.060508 -0.005224 0.594896 -0.548051 0.587995
-0.340216 0.059752 -0.111839 0.695271 -0.512751 -0.503671
-0.421452 0.083957 -0.145159 -0.018539 -0.017835 -0.999669
-0.265499 0.298710 -0.131330 0.115391 -0.042637 -0.992405
-0.233577 0.235262 -0.104369 0.742549 -0.525111 -0.415787
-0.199000 0.263406 -0.102215 0.422787 -0.758071 -0.496568
-0.306823 0.325593 -0.406834 -0.798260 0.572189 -0.188096
-0.309249 0.313553 -0.357822 -0.646460 0.404112 0.647134
-0.277966 0.357603 -0.402473 -0.567608 0.802591 -0.183491
-0.280978 0.345035 -0.353242 -0.462051 0.585398 0.666197
-0.245737 0.308295 -0.327063 -0.026930 -0.047491 0.998509
-0.093967 0.376866 -0.307893 -0.314944 -0.146135 0.937793
-0.298271 0.353892 -0.188200 -0.441647 0.559287 0.701532
-0.266096 0.304449 -0.160895 -0.041930 -0.003892 0.999113
-0.385066 0.114876 -0.164000 -0.183171 0.026015 0.982737
-0.179922 0.458237 0.005307 -0.539887 0.396961 0.742256
-0.301390 0.354043 0.001591 -0.432161 0.527805 0.731204
-0.336282 0.322440 0.003764 -0.442099 0.393467 0.806060
-0.315098 0.374304 -0.051986 -0.623945 0.781468 -0.000643
-0.354613 0.341300 -0.051535 -0.753500 0.656010 -0.043447
-0.338440 0.320228 -0.109656 -0.384173 0.373993 -0.844121
-0.258999 0.340436 -0.441473 -0.259452 0.582145 -0.770579
-0.287110 0.308688 -0.447148 -0.396587 0.398466 -0.827009
-0.140723 0.433435 -0.280602 -0.363150 0.419957 -0.831720
-0.099031 0.374494 -0.292147 0.001274 -0.100202 -0.994966
-0.173092 0.454289 -0.107440 -0.425555 0.394017 -0.814649
-0.121340 0.375435 -0.129215 -0.097142 -0.053760 -0.993818
-0.301191 0.354688 -0.110597 -0.366376 0.499181 -0.785231
-0.160262 0.443268 -0.171319 -0.566021 0.455764 0.686949
-0.121276 0.375333 -0.145669 -0.307645 -0.085706 0.947633
-0.292819 0.098563 -0.180764 0.541789 -0.510428 0.667778
0.077547 0.329149 0.121764 -0.212968 -0.975106 0.061746
0.068136 0.338773 -0.039757 -0.046140 -0.997082 -0.060815
0.206582 0.279841 0.003366 -0.191381 -0.890051 -0.413743
0.228187 0.335683 -0.159857 0.098606 -0.975683 -0.195756
0.092269 0.328033 -0.188215 0.069574 -0.997553 0.006917
0.195639 0.341625 -0.363201 0.244548 -0.791812 -0.559669
-0.044358 0.322125 -0.329634 0.017152 -0.999610 -0.022020
-0.022869 0.323682 -0.399102 0.177320 -0.832953 -0.524163
-0.040894 0.319534 -0.408114 0.393442 -0.780078 -0.486499
-0.078459 0.317662 -0.095065 0.014393 -0.999787 0.014765
-0.073875 0.319248 -0.166027 -0.044843 -0.998568 0.029176
-0.089339 0.312695 -0.169389 0.396765 -0.829206 0.393694
-0.078939 0.311691 -0.258051 0.439013 -0.804841 -0.399374
-0.187625 0.253928 -0.263780 0.451132 -0.749955 -0.483783
-0.118337 0.427697 -0.424001 -0.271577 0.522274 -0.808378
-0.075165 0.463035 -0.424025 -0.233158 0.602221 -0.763523
-0.126365 0.449273 -0.378743 -0.512720 0.840963 -0.172915
-0.093477 0.480658 -0.298914 -0.565057 0.801530 -0.195604
-0.130066 0.439732 -0.333485 -0.535677 0.455843 0.710814
-0.094369 0.312273 -0.095109 0.389476 -0.816969 -0.425288
-0.082446 0.319699 0.001509 -0.032087 -0.999478 0.003748
-0.283176 0.093008 -0.290566 0.771023 -0.450667 -0.449914
-0.228934 0.232803 -0.183839 0.799019 -0.445495 0.403861
-0.196837 0.256431 -0.176854 0.294183 -0.636564 0.712911
-0.116159 0.501647 -0.136176 -0.607659 0.782293 -0.136999
-0.155790 0.454788 -0.226822 -0.567072 0.807525 -0.162275
0.075126 0.628140 -0.120517 -0.466747 0.882799 -0.053036
0.120195 0.600408 -0.364870 -0.345654 0.836687 -0.424826
-0.220543 0.229407 -0.269848 0.811858 -0.484537 -0.325748
0.207154 0.486275 -0.415027 0.120695 0.164910 -0.978896
-0.094243 0.315149 0.001504 0.392990 -0.860666 0.323747
-0.059119 0.318744 -0.336367 0.325695 -0.843326 0.427462
-0.062752 0.318826 -0.255073 -0.064946 -0.994426 -0.083060
-0.131182 0.508166 0.042968 -0.540209 0.838301 0.073658
-0.129256 0.379543 0.053989 -0.251941 -0.062801 -0.965703
-0.105933 0.491489 0.171843 -0.266839 0.669056 0.693658
0.094641 0.604313 0.145484 -0.246540 0.807530 0.535829
-0.253722 0.294636 0.238958 0.235704 0.003280 0.971819
-0.327681 0.320490 0.225798 -0.299961 0.525310 0.796287
-0.377475 0.160473 0.288315 0.094269 -0.006953 0.995522
-0.428165 0.216917 0.251396 -0.694230 0.423868 0.581705
-0.345833 0.329779 0.171552 -0.701143 0.712682 -0.021967
-0.449086 0.224649 0.184513 -0.888655 0.458077 0.021387
-0.437930 0.204901 0.103021 -0.773527 0.394936 -0.495662
-0.456076 0.115206 0.186648 -0.930212 -0.352438 0.102432
-0.441296 0.122603 0.121560 -0.811506 -0.345288 -0.471417
-0.403911 0.143219 0.076332 -0.119517 -0.069352 -0.990407
-0.393851 0.079305 0.119135 -0.049895 -0.977848 -0.203283
-0.380632 0.087930 0.233506 -0.079729 -0.908550 0.410098
-0.429645 0.130714 0.251735 -0.665944 -0.337666 0.665207
-0.211054 0.220331 0.111834 0.603636 -0.689868 -0.399632
-0.209182 0.228350 0.209597 0.720338 -0.600798 0.346633
-0.312489 0.104029 0.117030 0.563955 -0.652521 -0.506134
-0.304509 0.112994 0.228520 0.570834 -0.621119 0.536992
-0.331931 0.311594 0.111737 -0.436989 0.458381 -0.773904
-0.257467 0.278599 0.073785 -0.004026 -0.083578 -0.996493
-0.180635 0.476272 -0.049468 -0.609926 0.791013 -0.047846
-0.074889 0.311778 0.089060 0.005469 -0.998629 -0.052059
0.500000 0.350968 -0.103152 0.657442 -0.697483 -0.285109
0.471017 0.413169 -0.298996 0.705858 -0.561433 -0.431923
0.425026 0.557785 -0.106474 0.898720 0.438416 -0.009716
0.334264 0.697138 0.066950 0.425586 0.807219 0.408991
0.411561 0.551338 0.155064 0.445807 0.566257 0.693260
0.005047 0.190286 0.422337 -0.736849 0.640248 0.217108
0.088374 0.299792 0.304293 -0.803810 0.561670 0.195999
0.073254 0.211974 0.235738 -0.779874 0.184121 -0.598244
0.113239 0.275946 0.193036 -0.835921 -0.370739 -0.404708
0.096198 0.397069 0.253477 -0.212331 0.376077 0.901932
-0.055796 0.322173 0.186468 0.114723 -0.851885 0.511009
-0.089257 0.303095 0.091277 0.443700 -0.742476 -0.501856
-0.171991 0.246351 0.097918 0.415720 -0.738928 -0.530247
0.475140 0.410021 0.077690 0.969496 0.002491 0.245095
0.359939 0.195224 0.115172 0.498775 -0.839834 -0.214249
0.394350 0.259909 0.228098 0.864411 -0.376079 0.333704
0.344067 0.335319 0.314170 0.656774 0.172667 0.734054
0.287211 0.190620 0.317230 0.715434 -0.537916 0.445871
0.253426 0.242325 0.364448 0.484928 0.069073 0.871822
0.212718 0.201811 0.397806 0.612129 0.212254 0.761739
0.187897 0.294281 0.364259 -0.061808 0.483251 0.873297
0.162624 0.269125 0.384971 -0.084723 0.748632 0.657550
-0.091129 0.400295 0.218576 0.001470 0.070411 0.997517
-0.157711 0.459266 0.189515 -0.217868 0.568314 0.793444
-0.179151 0.470689 0.143985 -0.598276 0.800587 0.033560
-0.289744 0.358001 0.216984 -0.271442 0.530536 0.803026
-0.307158 0.367785 0.167361 -0.656567 0.753284 -0.038514
0.230652 0.385238 0.313946 -0.026445 0.644723 0.763958
-0.292504 0.350099 0.110151 -0.510038 0.460861 -0.726270
-0.168538 0.454638 0.083360 -0.628251 0.344747 -0.697460
0.144046 0.011477 0.356861 0.519566 -0.830435 -0.201069
0.151734 0.124223 0.200016 -0.140672 -0.566121 -0.812231
0.248396 0.132785 0.228520 0.492945 -0.836094 -0.240732
0.205355 0.186036 0.154541 -0.317014 -0.733209 -0.601586
-0.070392 0.314529 0.188379 0.536277 -0.752586 0.382128
-0.174431 0.250411 0.204984 0.461593 -0.581578 0.669850
0.261944 0.165474 0.337933 0.839250 -0.486446 0.242959
0.313701 0.734629 -0.104864 -0.082160 0.996586 -0.008121
0.330141 0.700286 -0.288514 0.387376 0.764148 -0.515769
0.403184 0.553075 -0.371869 0.656721 0.200205 -0.727073
-0.365173 0.143064 -0.334955 -0.209270 -0.018336 0.977686
-0.390989 0.177014 -0.366437 -0.883782 0.313617 0.347238
-0.401544 0.188942 -0.421580 -0.927645 0.337230 -0.160471
-0.374060 0.176432 -0.465523 -0.644055 0.313700 -0.697701
-0.388515 0.093634 -0.422055 -0.807094 -0.570093 -0.153604
-0.373458 0.108706 -0.469035 -0.428991 -0.428953 -0.794963
-0.417280 0.094110 0.036623 -0.073693 -0.034116 0.996697
-0.480961 0.152668 0.003386 -0.679450 0.354070 0.642637
-0.499466 0.169360 -0.064617 -0.881207 0.462381 -0.098376
-0.470095 0.146071 -0.124951 -0.621434 0.346860 -0.702501
-0.500000 0.062129 -0.061367 -0.869526 -0.493876 -0.003244
-0.467776 0.068740 -0.119290 -0.615442 -0.397649 -0.680519
-0.417202 0.158702 -0.304614 -0.613076 0.308976 -0.727098
-0.440205 0.178304 -0.246535 -0.903282 0.410953 -0.123284
-0.454272 0.077321 -0.248277 -0.828042 -0.559263 -0.039646
-0.428728 0.166129 -0.195413 -0.755568 0.332723 0.564280
-0.435281 0.087062 -0.192168 -0.647412 -0.338893 0.682649
0.009748 0.117287 0.467197 -0.679940 0.038367 0.732264
-0.024179 0.088682 0.381168 -0.964172 -0.245087 0.101512
-0.009874 0.129064 0.300515 -0.886563 0.035676 -0.461231
0.056650 0.036225 0.276707 -0.334441 -0.541718 -0.771162
-0.365474 0.100498 -0.318574 0.024314 0.006619 -0.999682
-0.354176 0.055983 -0.298060 0.164100 -0.976277 -0.141261
-0.362888 0.063812 -0.183766 0.005655 -0.931874 0.362738
0.177681 0.066800 0.443161 0.678035 -0.443163 0.586409
0.143629 0.123171 0.480192 0.370240 -0.051778 0.927492
0.091386 0.177805 0.483806 0.006742 0.432037 0.901831
0.036650 0.044608 0.459314 -0.296331 -0.512617 0.805861
-0.335598 0.087576 -0.360339 0.062097 -0.911150 0.407370
-0.391983 0.107032 -0.366723 -0.769113 -0.445057 0.458683
-0.268386 0.123796 -0.352190 0.463847 -0.487936 0.739435
-0.316258 0.089400 -0.449753 0.284127 -0.911458 -0.297517
-0.252189 0.122530 -0.434153 0.740784 -0.469372 -0.480550
0.041161 0.000000 0.355391 -0.546902 -0.826473 -0.133569
-0.423993 0.076923 -0.302246 -0.516833 -0.366474 -0.773680
-0.409868 0.031690 -0.004846 -0.136065 -0.906899 0.398773
-0.471647 0.081473 0.001746 -0.625273 -0.412519 0.662467
0.094127 0.008736 0.427445 0.148715 -0.884624 0.441954
-0.411357 0.026946 -0.108463 0.024424 -0.969737 -0.242928
-0.331717 0.151271 -0.483806 0.110420 -0.042154 -0.992991
