  0.395426   0.477559  -0.072605
  0.297495   0.357492   0.054158
 -0.124054   0.373104   0.100566
 -0.128840   0.367372  -0.050679
 -0.133747   0.341958  -0.188929
 -0.110463   0.374601  -0.320237
  0.219150   0.261438   0.155568
 -0.238149   0.281741   0.114937
 -0.252557   0.290193  -0.064964
 -0.243810   0.291450  -0.204121
 -0.230990   0.286324  -0.328721
  0.118023   0.124218   0.278626
 -0.340557   0.194816   0.128032
 -0.364434   0.202493  -0.079145
 -0.345160   0.215697  -0.220667
 -0.324303   0.234408  -0.334390
  0.021848   0.023007   0.362870
 -0.428226   0.155823   0.137875
 -0.449486   0.147694  -0.089099
 -0.419892   0.161570  -0.232712
 -0.373632   0.220143  -0.336590
