0 1
0 2
0 10
0 11
0 12
0 22
0 24
1 0
1 2
1 3
1 4
1 21
1 22
2 0
2 1
2 3
2 9
2 12
2 13
3 1
3 2
3 4
3 5
3 7
3 9
4 1
4 3
4 5
4 6
4 21
5 3
5 4
5 6
5 7
6 4
6 5
6 7
6 8
6 21
7 3
7 5
7 6
7 8
7 9
8 6
8 7
8 9
8 14
8 21
9 2
9 3
9 7
9 8
9 13
9 14
10 0
10 97
10 72
10 11
10 83
10 24
11 0
11 33
11 32
11 72
11 10
11 12
11 54
12 0
12 33
12 2
12 11
12 13
12 17
12 25
13 2
13 9
13 12
13 14
13 23
13 25
14 8
14 9
14 13
14 21
14 22
14 23
15 16
15 17
15 20
15 39
16 17
16 35
16 39
16 15
17 33
17 34
17 35
17 38
17 40
17 12
17 15
17 16
17 18
17 19
17 20
17 25
17 26
17 27
17 28
17 29
18 40
18 17
18 19
18 39
19 17
19 18
19 20
19 39
20 17
20 19
20 39
20 15
21 1
21 4
21 6
21 8
21 14
21 22
22 0
22 1
22 14
22 21
22 23
22 24
23 13
23 14
23 22
23 24
23 25
23 26
24 0
24 37
24 10
24 82
24 83
24 22
24 23
24 26
25 12
25 13
25 17
25 23
25 26
26 36
26 37
26 38
26 17
26 23
26 24
26 25
27 36
27 38
27 41
27 17
27 28
28 41
28 17
28 27
28 29
28 30
29 32
29 33
29 17
29 28
29 30
29 31
30 64
30 41
30 63
30 28
30 29
30 31
31 32
31 64
31 51
31 53
31 29
31 30
32 33
32 11
32 53
32 54
32 29
32 31
33 32
33 11
33 12
33 17
33 29
34 40
34 17
34 35
34 39
35 16
35 17
35 34
35 39
36 37
36 38
36 41
36 85
36 26
36 27
36 92
36 62
37 36
37 49
37 82
37 84
37 85
37 86
37 24
37 26
38 17
38 26
38 27
38 36
39 34
39 35
39 40
39 15
39 16
39 18
39 19
39 20
40 17
40 18
40 34
40 39
41 36
41 30
41 27
41 28
41 62
41 63
42 43
42 44
42 84
42 86
42 87
42 88
43 42
43 44
43 45
43 46
43 87
44 42
44 43
44 45
44 47
44 84
45 43
45 44
45 46
45 47
46 43
46 45
46 47
46 48
46 87
46 88
47 44
47 45
47 46
47 48
47 49
47 84
48 46
48 47
48 49
48 50
48 88
49 64
49 37
49 47
49 48
49 50
49 51
49 84
49 85
49 94
49 61
49 62
49 63
50 78
50 79
50 48
50 49
50 80
50 51
50 52
50 82
50 86
50 88
51 64
51 49
51 50
51 52
51 53
51 31
52 96
52 70
52 71
52 72
52 79
52 81
52 50
52 51
52 83
52 53
52 54
52 91
53 32
53 51
53 52
53 54
53 31
54 32
54 72
54 11
54 52
54 53
55 85
55 56
55 57
55 92
55 93
55 94
56 55
56 57
56 58
56 59
56 93
57 92
57 55
57 56
57 58
57 60
58 56
58 57
58 59
58 60
59 61
59 56
59 58
59 60
59 93
59 94
60 57
60 58
60 59
60 92
60 61
60 62
61 49
61 94
61 59
61 60
61 62
62 36
62 41
62 60
62 49
62 92
62 61
62 63
63 64
63 41
63 49
63 30
63 62
64 49
64 51
64 63
64 30
64 31
65 97
65 66
65 67
65 89
65 90
65 91
66 65
66 67
66 68
66 69
66 89
67 65
67 66
67 68
67 70
67 91
68 66
68 67
68 69
68 70
69 66
69 68
69 70
69 71
69 89
69 90
70 67
70 68
70 69
70 71
70 52
70 91
71 69
71 70
71 72
71 52
71 90
72 97
72 71
72 10
72 11
72 52
72 54
72 90
73 96
73 74
73 75
73 80
73 81
73 95
74 73
74 75
74 76
74 77
74 95
75 73
75 74
75 76
75 78
75 80
76 74
76 75
76 77
76 78
77 96
77 74
77 76
77 78
77 79
77 95
78 75
78 76
78 77
78 79
78 80
78 50
79 96
79 77
79 78
79 50
79 52
80 73
80 75
80 78
80 81
80 82
80 50
81 96
81 73
81 80
81 82
81 83
81 52
82 37
82 80
82 81
82 50
82 83
82 86
82 24
83 97
83 10
83 81
83 82
83 52
83 24
83 91
84 37
84 42
84 44
84 47
84 49
84 86
85 36
85 37
85 49
85 55
85 92
85 94
86 37
86 42
86 50
86 82
86 84
86 88
87 88
87 42
87 43
87 46
88 42
88 46
88 48
88 50
88 86
88 87
89 65
89 66
89 90
89 69
90 65
90 97
90 69
90 71
90 72
90 89
91 65
91 97
91 67
91 70
91 83
91 52
92 36
92 85
92 55
92 57
92 60
92 62
93 56
93 59
93 94
93 55
94 49
94 93
94 85
94 55
94 59
94 61
95 96
95 73
95 74
95 77
96 73
96 77
96 79
96 81
96 52
96 95
97 65
97 72
97 10
97 83
97 90
97 91
