0.112780 0.303911 0.218107 -0.588868 0.258135 0.765899
0.065893 0.208609 0.292646 -0.850333 0.524496 -0.042876
0.190199 0.265102 0.315556 -0.010374 0.571875 0.820275
0.111709 0.166292 0.367930 0.104046 0.559542 0.822245
0.009441 0.151438 0.350065 -0.889122 0.407253 0.208822
0.045673 0.081207 0.444359 -0.403068 0.228182 0.886267
0.018604 0.019334 0.363423 -0.728644 -0.671126 0.136630
0.112699 0.014967 0.432163 0.466014 -0.451677 0.760801
0.133041 0.000000 0.302066 0.327090 -0.934303 -0.141738
0.175688 0.102598 0.356923 0.759111 -0.187125 0.623486
0.032573 0.318625 0.176622 -0.212077 -0.669702 0.711704
0.078646 0.447600 0.203609 -0.030405 0.406010 0.913363
0.357472 0.449648 0.165384 0.506667 0.438397 0.742359
0.254522 0.189944 0.304385 0.756984 -0.215013 0.617045
0.189191 0.068947 0.233657 0.402133 -0.845270 -0.351863
0.256696 0.637263 -0.287316 -0.351677 0.613605 -0.706974
0.214944 0.714972 -0.074345 -0.510880 0.859652 -0.000005
0.395427 0.477558 -0.072604 0.880946 0.473217 -0.000002
0.500000 0.184316 -0.074345 0.510880 -0.859652 0.000000
0.458257 0.262028 -0.287316 0.371107 -0.602630 -0.706482
0.357472 0.449639 -0.375534 0.013916 0.007475 -0.999875
0.020512 0.052623 0.244525 -0.692928 -0.372336 -0.617428
0.138330 0.191449 0.083567 -0.736651 -0.365114 -0.569243
0.256655 0.121476 0.151099 0.421185 -0.905503 -0.051653
0.152462 0.204342 -0.016970 -0.291171 -0.920052 -0.262151
0.437694 0.300312 0.095171 0.913991 -0.117421 0.388372
0.470919 0.238453 -0.074345 0.386295 -0.889118 -0.245449
0.357472 0.449639 -0.314086 0.548010 0.280244 -0.788130
0.277260 0.598979 -0.243869 0.257782 0.802429 -0.538197
0.244025 0.660843 -0.074354 -0.038029 0.999255 -0.006616
-0.079894 0.499781 -0.289196 -0.155504 0.903288 -0.399861
-0.103834 0.547395 -0.085614 -0.228603 0.973389 -0.015956
-0.086335 0.504324 0.102738 -0.191720 0.892578 0.408103
0.277260 0.598979 0.095166 0.216251 0.808719 0.547000
0.357472 0.449648 0.226845 -0.013916 -0.007475 0.999875
0.256691 0.637263 0.138622 -0.371107 0.602630 0.706482
0.046473 0.308363 -0.396125 0.153078 -0.668046 -0.728204
0.042997 0.310927 -0.260731 -0.060928 -0.985312 -0.159527
0.437694 0.300312 -0.243869 0.722871 -0.311732 -0.616668
0.300640 0.421227 -0.074345 -0.880945 -0.473218 0.000001
0.458257 0.262028 0.138622 0.351677 -0.613605 0.706974
0.075120 0.450407 -0.362045 0.080699 0.484119 -0.871273
-0.301617 0.157572 -0.191259 0.221880 -0.759153 0.611928
-0.423716 0.160076 -0.241631 -0.310829 -0.938549 -0.150040
-0.287725 0.166812 -0.275269 0.243049 -0.499884 -0.831290
-0.402253 0.213785 -0.295611 -0.170864 -0.008822 -0.985255
-0.472673 0.218893 -0.243661 -0.764725 0.641078 -0.064924
-0.267563 0.328453 -0.270219 -0.076593 0.270424 -0.959690
-0.318564 0.340667 -0.216457 -0.675964 0.734176 -0.063707
-0.176565 0.442546 -0.254768 -0.850749 0.468312 -0.238559
-0.188513 0.457333 -0.110129 -0.882462 0.466998 -0.056342
-0.162357 0.538788 -0.107638 -0.838267 0.544557 -0.027689
-0.183500 0.447664 0.036228 -0.911021 0.374134 0.173391
-0.156648 0.529200 0.035224 -0.514251 0.827909 0.223860
-0.144700 0.473236 0.177160 -0.390903 0.723892 0.568485
-0.274150 0.173313 -0.319466 0.202112 -0.779990 0.592256
-0.379252 0.183104 -0.385497 -0.361526 -0.916819 -0.169537
-0.255390 0.187710 -0.407910 0.297436 -0.595540 -0.746233
-0.342252 0.230339 -0.444359 -0.148222 -0.016564 -0.988815
-0.413396 0.239091 -0.385086 -0.779289 0.611907 -0.135195
-0.245268 0.323480 -0.407933 -0.051794 0.305614 -0.950746
-0.299135 0.334967 -0.358374 -0.603832 0.777163 -0.177212
-0.139217 0.410957 -0.390162 -0.167274 0.349027 -0.922062
-0.129014 0.468675 -0.380163 -0.294072 0.727004 -0.620473
-0.151426 0.523532 -0.249660 -0.428980 0.862736 -0.267698
-0.283096 0.133961 0.168150 0.422930 -0.708203 0.565313
-0.417595 0.136032 0.142089 -0.396141 -0.918183 0.003645
-0.297128 0.137636 0.069919 0.105985 -0.573385 -0.812402
-0.404843 0.210372 0.063807 -0.470718 -0.072207 -0.879324
-0.458190 0.191743 0.151695 -0.744603 0.637742 0.197108
-0.284009 0.314439 0.055928 -0.317684 0.241860 -0.916832
-0.306720 0.315628 0.125797 -0.668849 0.712723 0.211347
-0.164486 0.421223 0.182589 -0.295421 0.156768 0.942417
-0.325634 0.136393 -0.037566 0.230119 -0.741606 0.630132
-0.450600 0.145665 -0.088209 -0.346114 -0.926149 -0.149847
-0.310771 0.146280 -0.126552 0.224165 -0.496972 -0.838313
-0.432943 0.200969 -0.146456 -0.194336 -0.007309 -0.980908
-0.500000 0.205892 -0.089506 -0.748460 0.661567 -0.046225
-0.282775 0.323937 -0.122787 -0.101106 0.259851 -0.960341
-0.334173 0.333823 -0.066262 -0.680163 0.732598 0.026046
-0.151201 0.258375 -0.102679 0.293649 -0.466139 -0.834557
-0.159428 0.254334 -0.010881 0.170648 -0.673100 0.719594
0.039548 0.313476 -0.115843 -0.158991 -0.987256 -0.006817
0.036058 0.316044 0.030387 -0.149987 -0.988543 0.016923
-0.134113 0.265170 -0.247680 0.291515 -0.475015 -0.830289
-0.128598 0.272154 -0.300407 0.121003 -0.688721 0.714858
-0.143823 0.261151 -0.160804 0.129059 -0.675025 0.726419
-0.426939 0.201073 -0.163639 -0.361399 -0.237658 0.901615
-0.278521 0.325564 -0.139811 -0.283183 0.071100 0.956427
-0.379098 0.199116 0.209739 -0.136566 -0.134330 0.981481
-0.255353 0.301216 0.187272 -0.090034 0.228507 0.969370
-0.157113 0.256413 0.064937 0.232005 -0.520892 -0.821490
-0.116966 0.276733 -0.388246 0.323887 -0.547334 -0.771701
-0.374130 0.222161 -0.314177 -0.493171 -0.199216 0.846815
-0.263947 0.324303 -0.285128 -0.314622 0.074195 0.946313
-0.456119 0.189157 -0.015677 -0.351628 -0.198469 0.914860
-0.293945 0.314028 0.008526 -0.261819 0.097865 0.960142
-0.158962 0.256508 0.156975 0.323723 -0.675206 0.662798
