0.297897 0.158825 -0.262080 -0.243046 -0.499862 -0.831304
0.427368 0.152413 -0.230053 0.310798 -0.938556 -0.150056
0.311127 0.150020 -0.182089 -0.221888 -0.759160 0.611916
0.430445 0.191438 -0.155794 0.361412 -0.237693 0.901600
0.473985 0.208399 -0.231981 0.764756 0.641040 -0.064935
0.289148 0.309969 -0.133109 0.283193 0.071111 0.956423
0.327269 0.324347 -0.206086 0.675984 0.734155 -0.063732
0.203467 0.435411 -0.104851 0.882493 0.466941 -0.056332
0.192088 0.421334 -0.242555 0.850772 0.468271 -0.238558
0.178566 0.512967 -0.102480 0.838289 0.544522 -0.027688
0.168164 0.498433 -0.237692 0.429009 0.862721 -0.267701
0.122851 0.521157 -0.081513 0.228596 0.973391 -0.015948
0.100059 0.475826 -0.275335 0.155507 0.903290 -0.399857
0.306853 0.131045 0.066562 -0.106016 -0.573415 -0.812377
0.421545 0.129522 0.135278 0.396101 -0.918200 0.003673
0.293499 0.127551 0.160093 -0.422925 -0.708208 0.565311
0.384899 0.189579 0.199682 0.136604 -0.134325 0.981476
0.460196 0.182551 0.144419 0.744627 0.637727 0.197066
0.267092 0.286777 0.178297 0.090051 0.228525 0.969364
0.315994 0.300505 0.119768 0.668875 0.712696 0.211357
0.180585 0.401034 0.173830 0.295417 0.156772 0.942418
0.198690 0.426210 0.034491 0.911034 0.374089 0.173422
0.161748 0.450551 0.168670 0.390892 0.723875 0.568514
0.173131 0.503834 0.033532 0.514239 0.827909 0.223884
0.106192 0.480147 0.097811 -0.119615 0.823676 0.554301
0.267113 0.178721 -0.388357 -0.297418 -0.595544 -0.746238
0.385037 0.174336 -0.367024 0.361508 -0.916830 -0.169513
0.284982 0.165014 -0.304157 -0.202108 -0.779998 0.592246
0.380165 0.211519 -0.299113 0.493169 -0.199259 0.846806
0.417542 0.227632 -0.366624 0.779287 0.611911 -0.135194
0.275265 0.308764 -0.271462 0.314651 0.074192 0.946304
0.308764 0.318912 -0.341198 0.603887 0.777122 -0.177207
0.156536 0.391264 -0.371466 0.167283 0.349034 -0.922058
0.146823 0.446209 -0.361946 0.294058 0.727023 -0.620457
-0.047521 0.428809 -0.344688 -0.080700 0.484122 -0.871271
0.319841 0.139270 -0.120487 -0.224198 -0.496991 -0.838293
0.452970 0.138684 -0.083983 0.346094 -0.926169 -0.149764
0.333996 0.129866 -0.035770 -0.230118 -0.741625 0.630109
0.458225 0.180098 -0.014923 0.351612 -0.198545 0.914849
0.500000 0.196022 -0.085214 0.748466 0.661559 -0.046249
0.303832 0.298973 0.008123 0.261843 0.097858 0.960136
0.342130 0.317823 -0.063089 0.680199 0.732564 0.026042
0.160913 0.248629 -0.153104 -0.129066 -0.675019 0.726424
-0.013651 0.298448 -0.110291 0.159017 -0.987252 -0.006801
0.167928 0.245995 -0.097759 -0.293652 -0.466143 -0.834554
0.349821 0.219300 -0.423053 0.148239 -0.016547 -0.988813
0.257482 0.307976 -0.388383 0.051831 0.305595 -0.950750
0.436160 0.191335 -0.139444 0.194347 -0.007298 -0.980906
0.293198 0.308407 -0.116902 0.101108 0.259855 -0.960340
0.406943 0.203540 -0.281442 0.170887 -0.008783 -0.985251
0.278716 0.312715 -0.257265 0.076604 0.270437 -0.959685
0.409404 0.200287 0.060748 0.470718 -0.072220 -0.879323
0.294373 0.299365 0.053251 0.317683 0.241850 -0.916835
0.175321 0.244218 0.149450 -0.323738 -0.675176 0.662821
-0.007019 0.303354 0.168154 0.212198 -0.669693 0.711676
-0.050878 0.426137 0.193842 -0.270791 0.617446 0.738534
0.175760 0.242139 -0.010357 -0.170654 -0.673107 0.719586
-0.010337 0.300897 0.028935 0.150026 -0.988537 0.016955
0.173557 0.244128 0.061828 -0.232023 -0.520890 -0.821486
0.146409 0.259113 -0.286004 -0.120993 -0.688735 0.714846
-0.016939 0.296025 -0.248231 0.060948 -0.985309 -0.159533
0.151660 0.252464 -0.235811 -0.291527 -0.474969 -0.830311
-0.121164 0.194537 -0.016149 0.291228 -0.920023 -0.262193
-0.020244 0.293576 -0.377142 -0.153077 -0.668049 -0.728202
0.135341 0.263468 -0.369641 -0.323894 -0.547368 -0.771674
-0.352463 0.454674 -0.088584 -0.724761 0.466917 0.506666
-0.322338 0.633236 -0.248666 -0.879974 0.408925 0.241714
-0.406517 0.476532 -0.322348 -0.863824 0.464591 0.194841
-0.156131 0.065639 0.222457 -0.402056 -0.845319 -0.351832
-0.102676 0.000000 0.287592 -0.327085 -0.934306 -0.141729
-0.143285 0.097675 0.339817 -0.759103 -0.187169 0.623483
-0.083318 0.014254 0.411451 -0.465964 -0.451686 0.760827
0.006275 0.018407 0.346001 0.728592 -0.671173 0.136677
-0.019495 0.077310 0.423053 0.403069 0.228168 0.886270
0.015002 0.144172 0.333288 0.889118 0.407232 0.208881
-0.082367 0.158313 0.350296 -0.103999 0.559523 0.822264
-0.038737 0.198608 0.278623 0.850338 0.524483 -0.042916
-0.157082 0.252378 0.300451 -0.187155 0.715344 0.673243
-0.083379 0.289324 0.207670 0.153547 0.550560 0.820553
-0.490691 0.319837 -0.248666 -0.836938 0.505852 0.208924
-0.500000 0.301220 -0.272366 -0.998971 -0.037091 -0.026100
-0.404606 0.478796 -0.355869 -0.336071 0.032509 -0.941275
-0.412283 0.249464 -0.273554 0.521656 -0.714540 -0.466162
-0.316325 0.428091 -0.357539 0.732345 -0.326625 -0.597484
-0.262225 0.401034 -0.070784 0.875219 -0.470147 0.113812
0.004463 0.050094 0.232811 0.692923 -0.372357 -0.617421
-0.107711 0.182246 0.079576 0.736664 -0.365104 -0.569232
-0.220363 0.115621 0.143864 -0.786280 -0.587118 0.192498
-0.424342 0.227016 -0.070784 -0.368026 -0.919867 -0.135652
-0.452027 0.175476 -0.070784 -0.394110 -0.549292 0.736855
-0.218327 0.180813 0.289817 -0.912025 -0.090361 0.400057
-0.208321 0.629160 -0.070780 -0.027482 0.976645 0.213096
-0.220376 0.606709 -0.273554 0.931331 -0.104118 -0.348973
-0.309212 0.656381 -0.272366 -0.445808 0.852652 -0.272470
-0.180636 0.680705 -0.070784 0.293497 0.625030 0.723324
-0.316330 0.428091 -0.299036 -0.528328 0.269372 -0.805176
-0.239957 0.570270 -0.232183 -0.240366 0.802622 -0.545913
-0.392702 0.285912 -0.232183 -0.705170 -0.332241 -0.626380
