 -0.352462   0.454676  -0.088585
 -0.255017   0.329648   0.048109
  0.127072   0.367110   0.084585
  0.148274   0.323532  -0.065012
  0.185003   0.304933  -0.200961
  0.147036   0.287645  -0.285043
 -0.177061   0.229625   0.157464
  0.240324   0.271703   0.104301
  0.267612   0.258887  -0.070300
  0.278958   0.257752  -0.211552
  0.258340   0.268372  -0.317647
 -0.081182   0.111028   0.274722
  0.345567   0.188109   0.122399
  0.381939   0.186533  -0.076408
  0.372682   0.198058  -0.223035
  0.333510   0.212137  -0.344546
 -0.001671   0.019348   0.351821
  0.434838   0.155460   0.136346
  0.416110   0.134916  -0.079768
  0.427685   0.158013  -0.230396
  0.381847   0.181786  -0.360995
