0 1
0 2
0 49
0 50
0 61
1 0
1 2
1 3
1 4
1 49
2 0
2 1
2 3
2 5
2 42
2 61
3 1
3 2
3 4
3 5
4 1
4 3
4 5
4 6
4 49
4 50
5 2
5 3
5 4
5 6
5 7
5 42
6 4
6 5
6 7
6 8
6 50
7 5
7 6
7 8
7 9
7 41
7 42
7 43
7 44
7 48
7 21
8 32
8 33
8 6
8 7
8 9
8 10
8 50
8 59
8 60
8 61
8 30
8 31
9 7
9 8
9 10
9 11
9 21
9 23
10 33
10 8
10 9
10 11
10 12
11 9
11 10
11 12
11 23
11 24
11 91
12 96
12 33
12 34
12 10
12 11
12 91
13 14
13 15
13 51
13 52
13 58
14 13
14 15
14 16
14 17
14 51
15 13
15 14
15 16
15 18
15 53
15 58
16 17
16 18
16 14
16 15
17 14
17 16
17 18
17 51
17 19
17 52
18 15
18 16
18 17
18 19
18 20
18 53
19 17
19 18
19 20
19 21
19 52
20 18
20 19
20 53
20 21
20 22
20 54
20 55
21 7
21 40
21 41
21 9
21 19
21 20
21 52
21 22
21 23
21 56
21 57
21 58
22 20
22 21
22 23
22 55
22 24
23 9
23 11
23 21
23 22
23 24
24 65
24 11
24 23
24 22
24 55
24 91
25 64
25 45
25 46
25 26
25 27
26 45
26 25
26 27
26 28
26 29
27 64
27 25
27 26
27 59
27 28
27 30
28 26
28 27
28 29
28 30
29 45
29 46
29 26
29 28
29 30
29 31
30 8
30 59
30 27
30 28
30 29
30 31
31 32
31 8
31 46
31 29
31 30
32 64
32 33
32 34
32 8
32 46
32 63
32 31
33 32
33 34
33 8
33 10
33 12
34 32
34 33
34 96
34 12
34 63
34 95
35 36
35 37
35 44
35 47
35 48
36 35
36 37
36 38
36 39
36 47
37 35
37 36
37 38
37 40
37 44
37 56
38 40
38 36
38 37
38 39
39 36
39 38
39 40
39 41
39 47
39 48
40 37
40 38
40 39
40 41
40 21
40 56
41 7
41 40
41 39
41 48
41 21
42 2
42 5
42 7
42 43
42 60
42 61
43 7
43 42
43 44
43 56
43 57
43 60
43 62
44 35
44 37
44 7
44 43
44 48
44 56
45 25
45 26
45 29
45 46
46 32
46 64
46 45
46 25
46 29
46 31
47 48
47 35
47 36
47 39
48 35
48 7
48 39
48 41
48 44
48 47
49 0
49 1
49 50
49 4
50 0
50 4
50 6
50 8
50 49
50 61
51 17
51 52
51 13
51 14
52 13
52 17
52 19
52 51
52 21
52 58
53 15
53 18
53 20
53 54
53 57
53 58
54 78
54 20
54 53
54 55
54 57
54 62
55 65
55 78
55 20
55 54
55 22
55 24
56 37
56 40
56 43
56 44
56 21
56 57
57 43
57 21
57 54
57 53
57 56
57 58
57 62
58 13
58 15
58 52
58 53
58 21
58 57
59 64
59 8
59 27
59 60
59 30
59 63
60 8
60 42
60 43
60 88
60 59
60 61
60 62
60 63
61 0
61 2
61 8
61 42
61 50
61 60
62 43
62 78
62 54
62 87
62 86
62 57
62 88
62 60
63 32
63 64
63 34
63 97
63 88
63 59
63 60
63 95
64 32
64 59
64 46
64 25
64 27
64 63
65 24
65 55
65 66
65 67
65 77
65 78
65 79
65 80
65 84
65 87
65 88
65 89
65 90
65 91
65 93
65 94
65 95
65 96
65 97
66 65
66 67
66 93
67 65
67 66
67 79
67 81
67 93
68 69
68 70
68 85
68 86
68 87
68 90
69 68
69 70
69 71
69 72
69 85
70 68
70 69
70 71
70 75
70 77
70 90
71 69
71 70
71 72
71 73
71 75
72 69
72 71
72 73
72 74
72 85
73 72
73 74
73 75
73 71
74 72
74 73
74 75
74 76
74 85
75 70
75 71
75 73
75 74
75 76
75 77
76 74
76 75
76 77
76 78
76 85
76 86
77 65
77 70
77 75
77 76
77 78
77 90
78 65
78 76
78 77
78 55
78 86
78 54
78 62
79 80
79 65
79 67
79 81
80 65
80 79
80 81
80 82
80 89
81 67
81 79
81 80
81 82
81 83
81 93
82 80
82 81
82 83
82 84
82 89
83 81
83 82
83 84
83 92
83 93
84 65
84 82
84 83
84 89
84 92
84 94
85 68
85 69
85 72
85 74
85 76
85 86
86 68
86 76
86 78
86 85
86 87
86 62
87 65
87 68
87 86
87 88
87 90
87 62
88 65
88 97
88 87
88 60
88 62
88 63
89 80
89 65
89 82
89 84
90 65
90 68
90 70
90 77
90 87
91 96
91 65
91 11
91 12
91 24
92 83
92 84
92 93
92 94
93 65
93 66
93 67
93 81
93 83
93 92
93 94
94 65
94 92
94 93
94 84
95 96
95 97
95 34
95 65
95 63
96 65
96 34
96 12
96 91
96 95
97 88
97 65
97 95
97 63
