0.442162 0.430296 -0.112140 0.334594 0.942345 0.005808
0.211611 0.424221 0.125367 -0.105275 0.944354 0.311630
0.362899 0.388727 0.161694 0.327144 0.856437 0.399365
0.045159 0.401566 -0.001589 -0.202157 0.974648 0.095884
-0.046138 0.331470 0.102790 -0.355365 0.710429 0.607459
-0.047146 0.344687 0.022451 -0.630396 0.757013 -0.171849
-0.083037 0.304135 0.100716 -0.509009 0.675258 0.533795
-0.083909 0.315879 0.023818 -0.556696 0.748190 -0.360972
-0.213259 0.214456 0.093643 -0.477311 0.636664 0.605668
-0.213675 0.221170 0.028459 -0.411704 0.562110 -0.717309
-0.237105 0.199921 0.092393 -0.421537 0.545140 0.724658
-0.237454 0.205764 0.029273 -0.503453 0.653116 -0.565663
-0.448654 0.049903 0.081986 -0.617129 0.489910 0.615744
-0.448353 0.042548 0.036104 -0.487779 0.165146 -0.857204
0.051661 0.424667 -0.149204 -0.157350 0.987167 0.027230
0.058192 0.411382 -0.282846 -0.212592 0.977140 0.001170
-0.041516 0.363427 -0.184175 -0.597922 0.785688 0.158690
-0.034607 0.366344 -0.257565 -0.587334 0.724984 -0.359772
-0.072833 0.336528 -0.186297 -0.505972 0.645868 0.571705
-0.066593 0.339561 -0.256926 -0.512122 0.728813 -0.454491
-0.204199 0.248293 -0.194872 -0.451127 0.636039 0.626050
-0.200197 0.251723 -0.253011 -0.358589 0.529916 -0.768507
-0.228249 0.234019 -0.196083 -0.432299 0.595183 0.677403
-0.224634 0.237527 -0.252643 -0.460520 0.654363 -0.599776
-0.441483 0.086143 -0.206180 -0.620897 0.551312 0.557263
-0.441183 0.084389 -0.249581 -0.478361 0.223533 -0.849237
0.241989 0.459579 -0.365491 -0.032857 0.979392 -0.199276
0.273462 0.395820 -0.394822 0.343518 0.471533 -0.812190
0.462306 0.325268 -0.333262 0.821280 0.220463 -0.526209
0.315031 0.308505 -0.361586 0.172596 -0.875709 -0.450937
0.459690 0.291257 -0.147973 0.470404 -0.826559 -0.309065
0.300777 0.272623 -0.146500 0.044024 -0.979582 -0.196167
0.405195 0.201704 -0.002529 0.071543 -0.947500 -0.311650
0.226214 0.195822 0.110697 -0.276152 -0.887833 -0.368094
0.329653 0.178167 0.100125 0.228488 -0.972941 -0.034338
0.472064 0.315908 0.144291 0.803330 0.353333 0.479392
0.484584 0.244794 0.064147 0.923542 -0.346172 0.165031
0.380127 0.216374 0.160735 0.570583 -0.726606 0.382726
0.254062 0.154602 0.202789 0.322865 -0.945576 -0.040540
0.191641 0.173816 0.166122 -0.456118 -0.626700 -0.631825
0.188269 0.229271 0.117780 -0.161272 -0.985331 0.055798
0.164509 0.260104 0.168652 -0.948035 0.127685 -0.291419
0.159897 0.331063 0.152305 -0.327550 0.121707 0.936962
-0.364158 0.049680 -0.223496 0.230213 -0.973076 0.011143
-0.325186 0.106346 -0.180793 0.039530 -0.286984 0.957120
-0.155682 0.156336 -0.222314 0.462723 -0.886189 -0.023605
-0.164751 0.198467 -0.169223 0.074999 -0.259507 0.962825
-0.129587 0.169359 -0.222168 0.452659 -0.888900 -0.070403
-0.011894 0.280657 -0.158090 -0.120847 -0.472593 0.872956
0.018299 0.243176 -0.221413 0.398943 -0.910290 -0.110529
0.059907 0.252285 -0.221161 -0.030315 -0.996919 -0.072337
-0.009501 0.296024 -0.276015 0.012646 -0.287273 -0.957765
-0.007873 0.296180 -0.295937 -0.133618 -0.496884 0.857469
-0.020741 0.358950 -0.152334 -0.944997 0.325796 -0.028935
-0.044326 0.361160 -0.120503 -0.596628 0.788358 -0.150088
-0.049723 0.356644 -0.037771 -0.587397 0.699287 0.407385
-0.026255 0.347322 -0.007655 -0.930286 0.347981 0.116095
-0.019530 0.274029 -0.014738 -0.120590 -0.483340 0.867087
-0.019549 0.274998 0.002733 0.023690 -0.282076 -0.959100
0.052621 0.182663 0.366392 -0.593494 0.756415 0.274958
0.125479 0.250211 0.265366 -0.461023 0.852383 0.246783
0.114694 0.219436 0.228070 -0.825133 0.092656 -0.557288
0.171932 0.291480 0.220095 -0.585699 0.732423 0.347151
0.193831 0.343854 0.183118 -0.362744 0.617702 0.697754
0.223578 0.258244 0.272236 0.231020 0.491334 0.839774
0.304023 0.333592 0.208399 0.158719 0.497416 0.852869
0.388373 0.261383 0.192459 0.507656 0.027863 0.861109
0.137193 0.131995 0.232769 -0.454243 -0.654198 -0.604722
0.195080 0.113817 0.268767 0.399959 -0.913546 -0.073943
0.124645 0.089476 0.358688 0.015144 -0.999080 0.040111
0.138899 0.125590 0.404802 0.660255 -0.210674 0.720888
0.073144 0.133710 0.405364 -0.634735 -0.524132 0.567800
0.101564 0.168749 0.407496 0.086211 0.642669 0.761278
-0.011904 0.278864 -0.143458 -0.004356 -0.293977 -0.955802
-0.083996 0.327729 -0.118652 -0.522223 0.712945 -0.467965
-0.088899 0.323243 -0.039990 -0.524725 0.651957 0.547372
-0.210884 0.239804 -0.049263 -0.461604 0.637852 0.616495
-0.172600 0.190716 -0.024816 0.115905 -0.275106 0.954402
0.033241 0.313379 -0.407496 0.091443 -0.299937 -0.949566
-0.011226 0.359231 -0.386653 -0.283024 0.716329 -0.637786
-0.038018 0.337429 -0.385161 -0.526256 0.704536 -0.476113
-0.050033 0.337807 -0.316043 -0.564442 0.698890 0.439270
-0.189887 0.236064 -0.326693 -0.527311 0.682247 0.506440
-0.153230 0.203855 -0.308999 0.087451 -0.263887 0.960581
-0.325767 0.105755 -0.266199 0.095471 -0.311884 -0.945311
-0.158085 0.205860 -0.271499 0.122467 -0.254788 -0.959211
-0.005683 0.282750 0.125512 -0.013366 -0.349571 0.936815
-0.168123 0.178884 0.112722 0.114966 -0.274177 0.954783
-0.132319 0.137082 0.061298 0.497505 -0.867207 0.020995
-0.157968 0.122567 0.061346 0.513490 -0.857812 -0.022066
-0.326639 0.065087 0.101472 0.075249 -0.283222 0.956098
-0.362753 0.003614 0.061627 0.241760 -0.969600 -0.037793
0.500000 0.258670 -0.076530 0.958501 -0.233460 -0.163621
-0.322928 0.073352 0.014961 0.088516 -0.302039 -0.949177
-0.167445 0.179136 0.005804 0.127025 -0.251130 -0.959582
-0.024811 0.359677 -0.313931 -0.645574 0.735257 0.206472
-0.007543 0.359677 -0.285753 -0.900137 0.389782 -0.194481
-0.182881 0.235899 -0.379182 -0.399415 0.538059 -0.742267
-0.144412 0.212808 -0.395829 0.106215 -0.318180 -0.942061
-0.117746 0.173264 -0.350588 0.448028 -0.893153 -0.039355
-0.135333 0.164107 -0.350752 0.442098 -0.895338 -0.054030
-0.219915 0.163448 -0.312865 0.031352 -0.313961 0.948918
0.046584 0.254824 -0.348107 0.402756 -0.915278 0.007322
0.076467 0.258747 -0.347807 0.094901 -0.969630 -0.225413
0.047882 0.240996 -0.079156 0.006179 -0.995565 -0.093878
0.001536 0.227072 -0.079379 0.404776 -0.914357 -0.010367
-0.126486 0.163836 -0.081889 0.443142 -0.896227 -0.020045
-0.199014 0.225551 -0.378349 -0.535883 0.639387 -0.551374
-0.218859 0.165599 -0.385471 0.066549 -0.370342 -0.926509
-0.239256 0.113952 -0.349464 0.180405 -0.983520 0.011924
-0.316988 0.138652 -0.334561 -0.690572 0.382023 0.614140
-0.207697 0.244222 -0.114088 -0.381656 0.547872 -0.744429
-0.239634 0.221645 -0.050600 -0.459685 0.609822 0.645605
-0.236766 0.226035 -0.112983 -0.502697 0.659127 -0.559327
-0.500000 0.029205 -0.063662 -0.661561 0.599355 0.450678
-0.499661 0.027684 -0.105697 -0.550732 0.305041 -0.776945
0.053919 0.230812 0.060949 -0.155215 -0.981652 0.110760
0.013047 0.219252 0.061027 0.449556 -0.893235 0.005626
-0.205293 0.225686 -0.327865 -0.507668 0.637897 0.579103
-0.316707 0.132974 -0.369328 -0.443894 -0.071137 -0.893251
-0.169722 0.195289 -0.135774 0.106574 -0.269618 -0.957052
-0.155439 0.147916 -0.082024 0.503871 -0.862916 -0.038609
-0.407220 0.047868 -0.122102 0.098008 -0.286820 -0.952958
-0.404148 0.000000 -0.083081 0.311671 -0.949208 -0.043190
-0.405330 0.043566 -0.034011 0.081224 -0.297235 0.951343
0.177745 0.226781 0.314949 0.258814 0.693311 0.672559
0.048745 0.149476 0.323340 -0.900801 -0.170316 -0.399437
0.076283 0.105726 0.323660 -0.550256 -0.811634 -0.196135
0.275671 0.187944 0.257343 0.626077 -0.341489 0.701008
0.223113 0.162508 0.307109 0.759433 -0.189935 0.622243
