0 36
9 11
9 91
10 12
10 64
11 9
12 10
13 14
13 15
13 16
14 13
14 16
15 13
15 16
16 13
16 14
16 15
17 18
18 17
19 87
20 115
21 107
22 60
24 58
25 27
26 63
27 25
28 42
28 85
30 31
31 30
31 32
31 33
31 43
32 31
32 33
32 43
33 31
33 32
33 43
34 94
36 0
42 28
42 85
43 31
43 32
43 33
44 45
45 44
49 50
50 49
51 59
52 53
53 52
53 91
55 57
55 88
56 89
57 55
57 88
58 24
59 51
60 22
61 72
63 26
64 10
64 65
64 66
65 64
65 66
66 64
66 65
68 69
69 68
72 61
73 83
74 75
75 74
80 99
82 90
83 73
85 28
85 42
87 19
87 122
88 55
88 57
89 56
90 82
91 9
91 53
92 93
93 92
94 34
99 80
101 118
102 103
103 102
103 105
104 105
105 103
105 104
106 128
107 21
108 110
110 108
113 114
114 113
115 20
118 101
120 121
121 120
122 87
124 126
126 124
128 106
