 -0.442179   0.430309  -0.115842
 -0.334667   0.330212   0.039663
 -0.040435   0.317458   0.058023
 -0.046482   0.322677  -0.076526
 -0.059467   0.332410  -0.211319
 -0.071857   0.341661  -0.342402
 -0.248658   0.250134   0.164067
  0.118562   0.219843   0.053475
  0.144944   0.218902  -0.076053
  0.114195   0.241242  -0.220371
  0.074440   0.262026  -0.346755
 -0.154699   0.176785   0.282984
  0.276307   0.118372   0.048684
  0.316734   0.114907  -0.076147
  0.271505   0.151643  -0.229083
  0.188434   0.190363  -0.350736
 -0.062582   0.129905   0.357178
  0.413488   0.044028   0.045341
  0.482480   0.034275  -0.075288
  0.426356   0.084575  -0.236160
  0.299427   0.140910  -0.353353
