0 1
0 2
0 3
0 35
0 36
0 14
0 15
0 92
0 26
0 27
0 28
0 30
1 0
1 65
1 2
1 3
1 4
1 42
1 63
2 0
2 1
2 35
2 65
3 0
3 1
3 4
3 5
3 14
3 54
3 55
3 56
4 1
4 3
4 5
4 6
4 42
4 86
5 3
5 4
5 6
5 7
5 56
5 58
6 4
6 5
6 7
6 8
6 86
7 5
7 6
7 8
7 9
7 58
8 6
8 7
8 9
8 10
8 86
8 87
9 7
9 8
9 10
9 11
9 58
9 94
10 8
10 9
10 11
10 12
10 87
10 90
11 9
11 10
11 12
11 13
11 93
11 94
12 10
12 11
12 13
12 90
12 91
13 91
13 11
13 12
13 93
14 0
14 3
14 15
14 16
14 53
14 54
15 0
15 96
15 14
15 79
15 16
15 17
15 26
15 95
16 14
16 15
16 48
16 17
16 18
16 53
17 96
17 15
17 16
17 18
17 51
17 19
18 16
18 17
18 48
18 19
18 20
19 17
19 18
19 51
19 20
19 21
20 46
20 48
20 18
20 19
20 21
20 22
21 19
21 20
21 85
21 22
21 23
21 51
22 44
22 46
22 20
22 21
22 23
22 24
23 84
23 21
23 22
23 85
23 24
23 25
24 43
24 44
24 22
24 23
24 25
25 24
25 43
25 84
25 23
26 0
26 27
26 79
26 15
27 0
27 78
27 79
27 26
27 28
27 29
28 0
28 27
28 29
28 30
29 103
29 78
29 27
29 28
29 30
29 31
30 32
30 0
30 92
30 28
30 29
30 31
31 32
31 33
31 103
31 40
31 104
31 50
31 29
31 30
32 33
32 34
32 36
32 92
32 30
32 31
33 32
33 34
33 38
33 39
33 40
33 31
34 32
34 33
34 36
34 37
34 38
35 0
35 65
35 66
35 2
35 36
35 37
36 0
36 32
36 34
36 35
36 37
36 92
37 128
37 34
37 35
37 36
37 66
37 38
38 128
38 33
38 34
38 129
38 68
38 37
38 39
39 33
39 67
39 68
39 38
39 40
39 41
39 61
40 33
40 39
40 104
40 41
40 42
40 116
40 86
40 31
41 39
41 40
41 42
41 60
41 61
41 62
41 63
42 1
42 4
42 40
42 41
42 86
42 63
43 44
43 45
43 84
43 24
43 25
44 43
44 45
44 46
44 22
44 24
45 43
45 44
45 46
45 47
45 84
45 85
46 44
46 45
46 47
46 48
46 20
46 22
47 45
47 46
47 48
47 49
47 51
47 85
48 104
48 73
48 46
48 47
48 16
48 49
48 50
48 18
48 20
48 53
49 48
49 50
49 51
49 47
50 103
50 104
50 48
50 49
50 51
50 52
50 31
51 96
51 47
51 49
51 50
51 19
51 52
51 85
51 21
51 17
52 96
52 99
52 102
52 103
52 81
52 50
52 83
52 51
52 82
52 95
53 73
53 14
53 48
53 16
53 54
54 3
54 73
54 74
54 75
54 14
54 53
54 55
55 3
55 75
55 54
55 56
55 57
56 3
56 5
56 55
56 57
56 58
57 104
57 105
57 106
57 75
57 76
57 77
57 116
57 55
57 56
57 58
58 5
58 7
58 9
58 116
58 117
58 56
58 57
58 88
58 94
59 71
59 72
59 61
59 60
59 125
59 126
60 64
60 41
60 125
60 59
60 61
60 62
61 67
61 39
61 41
61 59
61 60
61 126
62 64
62 41
62 60
62 63
63 64
63 65
63 1
63 41
63 42
63 62
64 128
64 65
64 66
64 129
64 60
64 125
64 62
64 63
65 64
65 1
65 66
65 35
65 2
65 63
66 64
66 65
66 128
66 35
66 37
67 68
67 69
67 39
67 61
67 126
67 127
68 129
68 67
68 69
68 38
68 70
68 39
69 67
69 68
69 70
69 71
69 127
70 129
70 68
70 69
70 71
70 72
70 125
71 69
71 70
71 72
71 59
71 126
71 127
72 59
72 125
72 70
72 71
73 104
73 105
73 74
73 106
73 111
73 48
73 53
73 54
73 120
74 73
74 75
74 76
74 111
74 54
75 74
75 76
75 54
75 55
75 57
76 74
76 75
76 77
76 111
76 112
76 57
77 121
77 106
77 76
77 112
77 57
77 124
78 97
78 98
78 99
78 102
78 103
78 79
78 80
78 27
78 29
79 78
79 15
79 80
79 81
79 26
79 27
79 95
80 97
80 78
80 79
80 81
80 82
81 79
81 80
81 82
81 52
81 95
82 97
82 80
82 81
82 83
82 52
82 118
83 99
83 100
83 101
83 82
83 52
83 118
84 43
84 45
84 85
84 23
84 25
85 45
85 47
85 51
85 84
85 21
85 23
86 4
86 6
86 40
86 8
86 42
86 116
86 117
86 87
86 88
87 8
87 10
87 86
87 88
87 89
87 90
88 117
88 86
88 87
88 89
88 58
88 94
89 87
89 88
89 90
89 91
89 93
89 94
90 10
90 12
90 87
90 89
90 91
91 12
91 13
91 89
91 90
91 93
92 0
92 32
92 36
92 30
93 11
93 13
93 89
93 91
93 94
94 9
94 11
94 88
94 89
94 58
94 93
95 96
95 15
95 79
95 81
95 52
96 15
96 17
96 51
96 52
96 95
97 98
97 107
97 78
97 80
97 82
97 118
98 97
98 99
98 100
98 107
98 108
98 78
99 98
99 100
99 102
99 78
99 83
99 52
100 98
100 99
100 101
100 108
100 109
100 83
101 100
101 109
101 110
101 83
101 118
102 99
102 52
102 78
102 103
103 102
103 78
103 50
103 52
103 29
103 31
104 40
104 73
104 105
104 48
104 50
104 116
104 57
104 31
105 104
105 73
105 106
105 57
106 121
106 73
106 105
106 77
106 120
106 57
107 97
107 98
107 108
107 110
107 118
107 119
108 98
108 100
108 107
108 109
108 119
109 100
109 101
109 108
109 110
109 119
110 101
110 107
110 109
110 118
110 119
111 73
111 74
111 76
111 112
111 113
111 120
112 76
112 77
112 111
112 113
112 114
112 124
113 111
113 112
113 114
113 115
113 120
113 122
114 112
114 113
114 115
114 123
114 124
115 113
115 114
115 123
115 122
116 40
116 104
116 117
116 86
116 57
116 58
117 88
117 58
117 116
117 86
118 97
118 101
118 107
118 110
118 82
118 83
119 107
119 108
119 109
119 110
120 73
120 106
120 111
120 113
120 121
120 122
121 106
121 77
121 120
121 122
121 123
121 124
122 113
122 115
122 120
122 121
122 123
123 114
123 115
123 121
123 122
123 124
124 77
124 112
124 114
124 121
124 123
125 64
125 129
125 70
125 72
125 59
125 60
126 67
126 71
126 59
126 61
126 127
127 67
127 69
127 126
127 71
128 64
128 129
128 66
128 37
128 38
129 128
129 64
129 68
129 70
129 38
129 125
