4 6
4 86
5 7
5 56
6 4
7 5
8 10
9 11
10 8
10 11
11 9
11 10
12 13
13 12
16 18
16 53
17 19
17 95
17 96
18 16
19 17
20 21
20 22
20 23
21 20
21 23
22 20
22 23
23 20
23 21
23 22
24 25
25 24
33 39
37 66
38 128
39 33
45 47
47 45
48 73
49 50
50 49
51 52
51 96
52 51
52 81
53 16
53 54
54 53
55 56
56 5
56 55
57 58
58 57
59 126
60 61
61 60
66 37
69 127
70 72
71 72
72 70
72 71
73 48
76 111
76 112
79 80
80 79
81 52
81 95
81 96
82 97
82 107
82 118
86 4
88 89
89 88
95 17
95 81
95 96
96 17
96 51
96 81
96 95
97 82
97 98
97 107
98 97
98 107
99 100
100 99
101 109
102 103
103 102
104 105
105 104
106 121
107 82
107 97
107 98
107 118
108 109
109 101
109 108
110 119
111 76
111 113
112 76
112 113
113 111
113 112
114 115
115 114
118 82
118 107
119 110
121 106
126 59
126 127
127 69
127 126
128 38
