-0.388371 0.261389 0.192468 -0.507665 0.027814 0.861106
-0.304020 0.333599 0.208418 -0.158751 0.497441 0.852848
-0.472064 0.315914 0.144299 -0.804037 0.356066 0.476175
-0.362896 0.388735 0.161692 -0.328006 0.857852 0.395602
-0.211606 0.424229 0.125374 0.104366 0.945095 0.309684
-0.442180 0.430305 -0.115839 -0.334602 0.942342 0.005816
-0.045151 0.401564 -0.001584 0.201533 0.974806 0.095588
-0.051672 0.424675 -0.149202 0.157152 0.987198 0.027278
-0.058174 0.411390 -0.282847 0.212723 0.977112 0.001192
0.041526 0.363434 -0.184173 0.597897 0.785696 0.158749
0.034618 0.366351 -0.257575 0.587355 0.724953 -0.359801
0.072845 0.336534 -0.186295 0.505958 0.645843 0.571746
0.066604 0.339567 -0.256926 0.512148 0.728776 -0.454522
0.204212 0.248297 -0.194871 0.451120 0.636018 0.626076
0.200210 0.251718 -0.253011 0.358562 0.529888 -0.768539
0.228263 0.234024 -0.196082 0.432303 0.595198 0.677388
0.224648 0.237531 -0.252643 0.460504 0.654327 -0.599826
0.441492 0.086145 -0.206179 0.620954 0.551333 0.557179
0.441181 0.084390 -0.249581 0.478362 0.223508 -0.849243
0.005693 0.282755 0.125510 0.013370 -0.349568 0.936816
-0.188243 0.229276 0.117787 0.161291 -0.985327 0.055815
-0.053891 0.230817 0.060955 0.155236 -0.981649 0.110756
-0.047874 0.241001 -0.079153 -0.006187 -0.995570 -0.093822
-0.300773 0.272629 -0.146508 -0.044042 -0.979580 -0.196170
-0.059899 0.252270 -0.221160 0.030286 -0.996922 -0.072320
-0.076459 0.258752 -0.347809 -0.094946 -0.969614 -0.225465
0.007883 0.296166 -0.295938 0.133700 -0.496895 0.857450
-0.046575 0.254828 -0.348109 -0.402754 -0.915280 0.007159
0.117739 0.173277 -0.350590 -0.447976 -0.893179 -0.039358
-0.033232 0.313385 -0.407509 -0.091449 -0.299898 -0.949578
0.144405 0.212822 -0.395842 -0.106212 -0.318252 -0.942038
0.182894 0.235904 -0.379185 0.399445 0.538138 -0.742193
0.199028 0.225555 -0.378361 0.535949 0.639386 -0.551311
0.205307 0.225691 -0.327867 0.507743 0.637868 0.579070
0.316985 0.138655 -0.334562 0.690566 0.382012 0.614154
0.219910 0.163451 -0.312866 -0.031393 -0.313966 0.948915
-0.380125 0.216378 0.160743 -0.570569 -0.726600 0.382757
-0.484583 0.244780 0.064143 -0.924289 -0.344307 0.164749
-0.500000 0.258665 -0.076537 -0.957722 -0.236256 -0.164171
-0.459690 0.291263 -0.147971 -0.468075 -0.827876 -0.309075
-0.462306 0.325275 -0.333264 -0.821231 0.211744 -0.529853
-0.273467 0.395828 -0.394815 -0.341057 0.467110 -0.815775
0.153243 0.203878 -0.309000 -0.087446 -0.263932 0.960569
0.189900 0.236068 -0.326694 0.527325 0.682263 0.506405
0.038028 0.337435 -0.385164 0.526276 0.704513 -0.476125
0.011245 0.359238 -0.386656 0.282995 0.716323 -0.637805
-0.241984 0.459588 -0.365493 0.033596 0.979081 -0.200677
0.407228 0.047869 -0.122099 -0.098044 -0.286890 -0.952933
0.169735 0.195293 -0.135772 -0.106602 -0.269653 -0.957039
0.236780 0.226049 -0.112981 0.502687 0.659086 -0.559384
0.207710 0.244237 -0.114085 0.381654 0.547916 -0.744398
0.011914 0.278869 -0.143456 0.004381 -0.293993 -0.955798
0.084008 0.327736 -0.118649 0.522211 0.712991 -0.467911
0.044337 0.361167 -0.120491 0.596559 0.788401 -0.150140
0.088911 0.323250 -0.039976 0.524781 0.651918 0.547364
0.049734 0.356670 -0.037767 0.587330 0.699319 0.407426
0.019540 0.274034 -0.014734 0.120577 -0.483319 0.867101
0.026265 0.347329 -0.007650 0.930267 0.347987 0.116222
-0.018309 0.243181 -0.221412 -0.398823 -0.910317 -0.110739
0.011914 0.280642 -0.158088 0.120874 -0.472595 0.872951
-0.001526 0.227076 -0.079376 -0.404776 -0.914357 -0.010367
0.126498 0.163839 -0.081876 -0.443169 -0.896213 -0.020074
0.172603 0.190719 -0.024802 -0.115867 -0.274994 0.954439
0.009511 0.296040 -0.276006 -0.012583 -0.287266 -0.957768
0.007553 0.359674 -0.285754 0.900208 0.389647 -0.194425
0.024821 0.359684 -0.313932 0.645593 0.735195 0.206635
0.050044 0.337823 -0.316045 0.564424 0.698825 0.439396
0.158078 0.205864 -0.271500 -0.122488 -0.254757 -0.959216
0.129599 0.169372 -0.222178 -0.452686 -0.888874 -0.070560
0.155694 0.156339 -0.222313 -0.462709 -0.886196 -0.023595
0.325773 0.105757 -0.266199 -0.095473 -0.311888 -0.945310
0.364165 0.049681 -0.223495 -0.230229 -0.973071 0.011264
0.155442 0.147919 -0.082011 -0.503873 -0.862915 -0.038594
0.404166 0.000000 -0.083068 -0.311647 -0.949219 -0.043111
0.499670 0.027685 -0.105694 0.550731 0.304991 -0.776966
0.500000 0.029225 -0.063659 0.661575 0.599360 0.450652
0.325202 0.106358 -0.180791 -0.039505 -0.287004 0.957114
0.164754 0.198452 -0.169212 -0.075030 -0.259557 0.962809
-0.329649 0.178171 0.100132 -0.228444 -0.972952 -0.034330
-0.405212 0.201708 -0.002524 -0.071499 -0.947495 -0.311674
-0.226209 0.195826 0.110694 0.276125 -0.887851 -0.368069
-0.315027 0.308511 -0.361588 -0.172606 -0.875701 -0.450949
0.239649 0.221649 -0.050596 0.459667 0.609825 0.645616
0.405348 0.043567 -0.033997 -0.081155 -0.297164 0.951371
0.218854 0.165622 -0.385474 -0.066585 -0.370438 -0.926467
0.135345 0.164120 -0.350754 -0.442110 -0.895331 -0.054056
0.239271 0.113955 -0.349466 -0.180477 -0.983510 0.011700
0.046149 0.331476 0.102806 0.355356 0.710423 0.607472
0.047156 0.344693 0.022457 0.630343 0.757062 -0.171831
0.019559 0.275003 0.002737 -0.023731 -0.282067 -0.959101
0.210879 0.239819 -0.049259 0.461589 0.637846 0.616513
0.020751 0.358957 -0.152332 0.944959 0.325918 -0.028796
-0.159890 0.331069 0.152303 0.327569 0.121650 0.936963
-0.193825 0.343860 0.183136 0.362822 0.617673 0.697740
0.316713 0.132976 -0.369330 0.443859 -0.071229 -0.893261
-0.275666 0.187948 0.257352 -0.626077 -0.341489 0.701008
-0.254058 0.154605 0.202798 -0.322865 -0.945578 -0.040509
-0.223108 0.162511 0.307120 -0.759458 -0.189986 0.622197
-0.195075 0.113819 0.268777 -0.400008 -0.913526 -0.073913
-0.191654 0.173820 0.166140 0.456125 -0.626737 -0.631784
-0.137196 0.131998 0.232769 0.454250 -0.654182 -0.604733
-0.114686 0.219440 0.228079 0.825134 0.092583 -0.557300
-0.048755 0.149479 0.323351 0.900828 -0.170366 -0.399354
-0.052631 0.182667 0.366404 0.593484 0.756420 0.274965
-0.073155 0.133732 0.405377 0.634853 -0.524105 0.567693
-0.101556 0.168752 0.407509 -0.086245 0.642764 0.761194
-0.138892 0.125593 0.404825 -0.660267 -0.210681 0.720875
-0.013038 0.219256 0.061033 -0.449593 -0.893216 0.005621
0.132332 0.137085 0.061294 -0.497504 -0.867208 0.020998
0.168136 0.178888 0.112719 -0.114984 -0.274159 0.954785
0.157981 0.122569 0.061343 -0.513521 -0.857793 -0.022102
0.326646 0.065088 0.101479 -0.075239 -0.283172 0.956113
0.362760 0.003614 0.061633 -0.241763 -0.969598 -0.037819
0.448662 0.049904 0.081982 0.617122 0.489875 0.615779
0.448372 0.042549 0.036100 0.487808 0.165142 -0.857188
-0.164503 0.260109 0.168660 0.948085 0.127620 -0.291285
-0.171935 0.291486 0.220104 0.585715 0.732406 0.347159
-0.223573 0.258249 0.272246 -0.231020 0.491284 0.839803
-0.125471 0.250216 0.265376 0.461006 0.852376 0.246837
-0.177758 0.226785 0.314950 -0.258828 0.693308 0.672556
0.237120 0.199925 0.092389 0.421533 0.545135 0.724664
0.213272 0.214460 0.093639 0.477322 0.636651 0.605672
0.083048 0.304141 0.100723 0.509051 0.675223 0.533799
0.083920 0.315885 0.023813 0.556684 0.748201 -0.360969
0.213689 0.221175 0.028455 0.411682 0.562046 -0.717371
0.167458 0.179140 0.005809 -0.127014 -0.251093 -0.959594
0.237468 0.205768 0.029278 0.503451 0.653118 -0.565663
0.322944 0.073354 0.014957 -0.088520 -0.302020 -0.949183
-0.124638 0.089478 0.358700 -0.015080 -0.999080 0.040150
-0.076294 0.105728 0.323671 0.550384 -0.811568 -0.196050
