0 1
0 2
0 36
0 117
0 95
1 0
1 2
1 3
1 4
1 117
1 93
2 0
2 1
2 3
2 36
2 37
2 5
3 1
3 2
3 4
3 5
4 1
4 3
4 5
4 6
4 87
4 92
4 93
5 2
5 3
5 4
5 37
5 6
5 7
5 8
5 38
5 39
5 40
5 41
5 46
6 4
6 5
6 7
6 53
6 55
6 87
6 88
6 57
7 5
7 6
7 8
7 9
7 53
7 91
8 64
8 65
8 5
8 7
8 9
8 10
8 45
8 46
9 7
9 8
9 10
9 11
9 91
9 59
10 64
10 8
10 9
10 11
10 12
10 63
11 9
11 10
11 12
11 13
11 59
12 10
12 11
12 13
12 14
12 63
13 11
13 12
13 77
13 14
13 15
13 59
14 67
14 12
14 13
14 15
14 16
14 63
15 76
15 13
15 14
15 77
15 16
15 17
16 67
16 70
16 14
16 15
16 17
16 18
17 71
17 76
17 15
17 16
17 18
18 16
18 17
18 70
18 71
19 107
19 108
19 109
19 20
19 21
19 87
19 121
19 122
19 92
20 99
20 80
20 19
20 115
20 21
20 22
20 23
20 92
21 107
21 19
21 20
21 22
21 56
21 89
22 51
22 20
22 21
22 23
22 24
22 56
22 59
22 60
23 39
23 79
23 80
23 81
23 20
23 22
23 24
23 25
24 58
24 22
24 23
24 25
24 26
24 59
24 63
25 81
25 23
25 24
25 26
25 27
25 29
26 64
26 65
26 66
26 42
26 43
26 24
26 25
26 27
26 28
26 63
27 25
27 26
27 28
27 29
28 42
28 85
28 26
28 27
28 29
28 30
29 41
29 44
29 45
29 81
29 25
29 27
29 28
29 30
29 31
30 32
30 84
30 85
30 28
30 29
30 31
31 32
31 33
31 43
31 44
31 29
31 30
32 33
32 34
32 84
32 94
32 30
32 31
33 32
33 34
33 35
33 42
33 43
33 31
34 32
34 33
34 35
34 86
34 94
35 33
35 34
35 42
35 85
35 86
36 0
36 96
36 2
36 37
36 78
36 95
37 2
37 36
37 5
37 38
37 78
37 79
38 37
38 5
38 79
38 39
39 5
39 38
39 40
39 79
39 81
39 23
40 81
40 41
40 5
40 39
41 5
41 40
41 45
41 46
41 81
41 29
42 33
42 35
42 43
42 85
42 26
42 28
43 33
43 66
43 42
43 44
43 26
43 31
44 66
44 43
44 45
44 29
44 31
45 65
45 66
45 8
45 41
45 44
45 46
45 29
46 8
46 41
46 5
46 45
47 72
47 73
47 74
47 48
47 49
48 72
48 47
48 49
48 50
48 51
48 61
49 74
49 75
49 47
49 48
49 50
49 82
50 48
50 49
50 82
50 51
50 52
50 90
51 91
51 48
51 50
51 52
51 53
51 22
51 59
51 60
51 61
52 50
52 51
52 53
52 54
52 90
53 6
53 7
53 51
53 52
53 54
53 55
53 91
54 52
54 53
54 55
54 56
54 90
55 6
55 53
55 54
55 56
55 57
56 89
56 21
56 54
56 55
56 22
56 57
56 90
56 60
56 61
56 62
57 6
57 55
57 56
57 89
57 88
58 24
58 59
58 68
58 63
59 68
59 9
59 11
59 13
59 77
59 51
59 22
59 24
59 58
59 91
60 56
60 51
60 61
60 22
61 72
61 48
61 51
61 56
61 60
61 62
62 72
62 82
62 83
62 56
62 90
62 61
63 64
63 67
63 68
63 58
63 10
63 12
63 14
63 24
63 26
64 65
64 8
64 10
64 26
64 63
65 64
65 66
65 8
65 45
65 26
66 65
66 43
66 44
66 45
66 26
67 68
67 69
67 70
67 14
67 16
67 63
68 67
68 69
68 77
68 58
68 59
68 63
69 67
69 68
69 70
69 71
69 76
69 77
70 67
70 69
70 71
70 16
70 18
71 69
71 70
71 76
71 17
71 18
72 73
72 47
72 48
72 83
72 61
72 62
73 72
73 74
73 75
73 47
73 83
74 73
74 75
74 49
74 47
75 73
75 74
75 49
75 82
75 83
76 69
76 71
76 77
76 15
76 17
77 68
77 69
77 76
77 13
77 15
77 59
78 96
78 36
78 37
78 79
78 80
79 37
79 38
79 39
79 78
79 80
79 23
80 96
80 99
80 78
80 79
80 20
80 23
81 39
81 40
81 41
81 23
81 25
81 29
82 75
82 49
82 50
82 83
82 90
82 62
83 72
83 73
83 75
83 82
83 62
84 32
84 85
84 86
84 94
84 30
85 35
85 42
85 84
85 86
85 28
85 30
86 34
86 35
86 84
86 85
86 94
87 4
87 6
87 19
87 88
87 122
87 92
88 6
88 87
88 89
88 122
88 123
88 57
89 107
89 108
89 21
89 88
89 57
89 56
89 123
89 124
89 125
90 50
90 82
90 52
90 54
90 56
90 62
91 7
91 9
91 51
91 53
91 59
92 4
92 19
92 20
92 115
92 87
92 93
93 1
93 4
93 115
93 116
93 117
93 92
94 32
94 34
94 84
94 86
95 96
95 97
95 0
95 36
95 117
96 97
96 98
96 99
96 36
96 78
96 80
96 95
97 96
97 98
97 106
97 117
97 119
97 95
98 96
98 97
98 128
98 99
98 100
98 106
99 96
99 98
99 100
99 101
99 80
99 115
99 20
100 128
100 129
100 98
100 99
100 101
100 102
101 99
101 100
101 102
101 103
101 115
101 118
102 129
102 100
102 101
102 103
102 104
103 101
103 102
103 104
103 105
103 118
103 119
104 128
104 129
104 102
104 103
104 105
104 106
105 104
105 106
105 119
105 103
106 128
106 97
106 98
106 104
106 105
106 119
107 89
107 19
107 108
107 21
108 107
108 109
108 110
108 19
108 89
108 125
109 108
109 110
109 111
109 19
109 120
109 121
110 108
110 109
110 111
110 112
110 125
110 127
111 109
111 110
111 112
111 113
111 120
112 110
112 111
112 113
112 114
112 127
113 111
113 112
113 114
113 120
113 126
114 112
114 113
114 126
114 127
115 99
115 101
115 116
115 20
115 118
115 92
115 93
116 117
116 115
116 93
116 118
117 0
117 1
117 97
117 116
117 118
117 119
117 93
117 95
118 101
118 103
118 115
118 116
118 117
118 119
119 97
119 103
119 105
119 106
119 117
119 118
120 109
120 111
120 113
120 121
120 124
120 126
121 109
121 19
121 120
121 122
121 123
121 124
122 19
122 87
122 88
122 121
122 123
123 121
123 88
123 89
123 122
123 124
124 121
124 120
124 89
124 123
124 125
124 126
125 108
125 110
125 89
125 124
125 126
125 127
126 113
126 114
126 120
126 124
126 125
126 127
127 110
127 112
127 114
127 125
127 126
128 129
128 98
128 100
128 104
128 106
129 128
129 100
129 104
129 102
