  0.442161   0.430300  -0.112144
  0.335273   0.333077   0.037642
  0.056772   0.323443   0.054567
  0.043629   0.319183  -0.080733
  0.040197   0.308956  -0.214195
  0.064196   0.327684  -0.339005
  0.249763   0.255298   0.157471
 -0.117430   0.223679   0.057140
 -0.141028   0.218592  -0.080713
 -0.128635   0.233243  -0.217217
 -0.080442   0.259972  -0.344560
  0.157228   0.176899   0.278322
 -0.276464   0.116997   0.058988
 -0.314359   0.115431  -0.081036
 -0.277065   0.148059  -0.220757
 -0.192011   0.189901  -0.349850
  0.081443   0.107561   0.337949
 -0.436012   0.048489   0.062078
 -0.484701   0.040488  -0.080328
 -0.422828   0.086000  -0.223184
 -0.304202   0.143817  -0.353785
