0 17
1 4
2 119
4 1
7 20
12 126
14 15
15 14
17 0
20 7
22 24
24 22
26 28
28 26
29 30
30 29
33 75
34 90
35 36
35 73
36 35
36 73
36 90
36 107
38 40
38 128
40 38
40 41
40 67
41 40
41 67
42 86
43 44
44 43
45 46
45 78
46 45
46 77
46 78
53 54
54 53
55 129
56 57
56 58
56 59
56 130
56 131
57 56
58 56
58 59
59 56
59 58
59 130
59 131
60 61
60 132
61 60
62 99
63 66
63 100
66 63
67 40
67 41
68 124
69 72
69 125
71 121
72 69
72 125
72 127
73 35
73 36
74 100
74 102
75 33
76 77
77 46
77 76
77 78
78 45
78 46
78 77
80 81
81 80
82 133
83 135
84 85
85 84
86 42
87 88
88 87
89 121
90 34
90 36
99 62
100 63
100 74
102 74
104 105
105 104
105 108
106 113
106 114
106 115
107 36
107 132
108 105
109 110
110 109
111 116
112 113
112 114
113 106
113 112
113 114
114 106
114 112
114 113
115 106
115 116
116 111
116 115
119 2
121 71
121 89
124 68
125 69
125 72
125 127
126 12
127 72
127 125
128 38
129 55
130 56
130 59
130 131
130 134
131 56
131 59
131 130
131 134
132 60
132 107
133 82
134 130
134 131
135 83
