-0.500000 0.293947 -0.125590 -0.899917 -0.420903 -0.113973
-0.447005 0.431856 -0.114848 -0.865674 0.500602 0.002587
-0.490400 0.325414 -0.253420 -0.854215 -0.349920 -0.384543
-0.357879 0.550959 -0.111630 0.250088 0.968053 0.018150
-0.368002 0.533041 -0.241545 -0.000204 0.933671 -0.358132
-0.367609 0.527487 0.025512 0.024871 0.881868 0.470840
-0.436281 0.422675 0.074906 -0.662810 0.435913 0.608821
-0.493931 0.321281 0.019104 -0.938185 -0.186953 0.291303
-0.425635 0.441979 -0.311289 -0.490918 0.363252 -0.791863
0.067699 0.247448 0.002476 -0.023713 -0.282068 -0.959101
0.001609 0.207689 0.054843 0.155253 -0.981647 0.110754
0.067682 0.246576 -0.013253 0.120570 -0.483333 0.867094
0.007023 0.216852 -0.071217 -0.006191 -0.995570 -0.093824
-0.119281 0.206302 0.105998 0.161304 -0.985325 0.055816
-0.220536 0.245311 -0.131815 -0.044040 -0.979584 -0.196151
-0.153443 0.176204 0.099607 0.276152 -0.887839 -0.368079
-0.314501 0.181497 -0.002267 -0.071501 -0.947494 -0.311676
-0.246510 0.160318 0.090103 -0.228441 -0.972952 -0.034343
-0.385920 0.220253 0.057729 -0.604122 -0.761494 0.234870
-0.291936 0.194697 0.144641 -0.570574 -0.726600 0.382749
-0.374654 0.284260 0.129853 -0.574620 -0.073689 0.815096
-0.299348 0.235197 0.173196 -0.507638 0.027876 0.861119
-0.365883 0.292682 -0.299867 -0.307298 -0.620425 -0.721554
-0.195966 0.356166 -0.355250 -0.107581 0.039364 -0.993417
-0.167629 0.413537 -0.328857 0.193488 0.736181 -0.648536
0.060218 0.323243 -0.347891 0.282999 0.716337 -0.637788
-0.002245 0.370169 -0.254501 0.410108 0.894907 -0.175933
0.072434 0.323644 -0.282463 0.645572 0.735191 0.206713
0.056896 0.323626 -0.257117 0.900186 0.389707 -0.194403
0.057193 0.266490 -0.266272 0.133686 -0.496887 0.857457
0.058657 0.266377 -0.248346 -0.012656 -0.287339 -0.957745
0.453536 0.038286 0.032496 0.487808 0.165143 -0.857188
0.263774 0.185150 0.026349 0.503452 0.653084 -0.565702
0.453806 0.044903 0.073781 0.617123 0.489877 0.615776
0.263460 0.179892 0.083136 0.421535 0.545139 0.724660
0.242377 0.199013 0.025608 0.411654 0.562032 -0.717399
0.242002 0.192971 0.084261 0.477314 0.636663 0.605666
0.125611 0.284234 0.021440 0.556650 0.748223 -0.360976
0.124827 0.273666 0.090635 0.509039 0.675203 0.533836
0.092531 0.310147 0.020220 0.630365 0.757028 -0.171898
0.091633 0.298262 0.092509 0.355364 0.710420 0.607470
0.009473 0.361328 -0.001421 0.420214 0.882426 0.211527
0.236998 0.219765 -0.102641 0.381651 0.547952 -0.744373
0.060820 0.250927 -0.129069 0.004436 -0.293903 -0.955825
0.125690 0.294897 -0.106739 0.522203 0.712982 -0.467932
0.089994 0.324978 -0.108404 0.596547 0.788400 -0.150190
0.068772 0.322989 -0.137055 0.944969 0.325889 -0.028793
0.003605 0.382114 -0.134239 0.453787 0.891052 0.010176
0.087465 0.327018 -0.165706 0.597876 0.785705 0.158781
0.081249 0.329642 -0.231744 0.587373 0.724930 -0.359819
-0.093769 0.297896 0.137046 0.327574 0.121672 0.936958
-0.097920 0.234046 0.151773 0.948075 0.127635 -0.291314
-0.122351 0.156403 0.149497 0.456107 -0.626727 -0.631806
-0.053095 0.197452 0.205230 0.825122 0.092617 -0.557311
-0.073349 0.118771 0.209450 0.454236 -0.654193 -0.604732
0.006230 0.134492 0.290947 0.900829 -0.170391 -0.399342
-0.018550 0.095134 0.291252 0.550316 -0.811623 -0.196010
-0.015725 0.120332 0.364771 0.634828 -0.524086 0.567738
-0.062049 0.080512 0.322763 -0.015099 -0.999079 0.040161
-0.074875 0.113008 0.364257 -0.660272 -0.210708 0.720863
0.095130 0.303973 -0.284364 0.564426 0.698844 0.439365
0.084318 0.303624 -0.346566 0.526269 0.704541 -0.476092
0.220972 0.212414 -0.293946 0.527343 0.682264 0.506384
0.214668 0.212266 -0.341178 0.399475 0.538087 -0.742214
0.234835 0.203076 -0.295010 0.507761 0.637786 0.579144
0.229185 0.202954 -0.340428 0.535960 0.639436 -0.551242
0.335323 0.124753 -0.301026 0.690533 0.381969 0.614218
0.335079 0.119652 -0.332319 0.443954 -0.071108 -0.893223
0.115645 0.302814 -0.167616 0.506010 0.645839 0.571704
0.110030 0.305534 -0.231178 0.512121 0.728817 -0.454488
0.233850 0.223418 -0.175341 0.451118 0.636032 0.626064
0.230249 0.226496 -0.227655 0.358558 0.529923 -0.768517
0.255491 0.210575 -0.176422 0.432330 0.595240 0.677333
0.252239 0.213731 -0.227324 0.460536 0.654334 -0.599794
0.447354 0.077504 -0.185516 0.620979 0.551370 0.557114
0.447075 0.075935 -0.224569 0.478319 0.223426 -0.849289
0.094859 0.320932 -0.033978 0.587363 0.699290 0.407429
0.130102 0.290860 -0.035966 0.524758 0.651887 0.547423
-0.399800 0.232747 -0.068863 -0.509693 -0.853681 -0.106963
-0.363529 0.262078 -0.133132 -0.179014 -0.942260 -0.283021
-0.233362 0.277589 -0.325352 -0.172611 -0.875707 -0.450935
-0.276434 0.349783 0.145495 -0.112493 0.490255 0.864289
-0.140303 0.381722 0.112816 0.267978 0.742699 0.613666
-0.223457 0.300172 0.187530 -0.158704 0.497463 0.852845
-0.124295 0.309397 0.164791 0.362772 0.617701 0.697740
-0.151062 0.232372 0.244971 -0.231027 0.491338 0.839770
-0.104607 0.262279 0.198063 0.585721 0.732410 0.347140
-0.062799 0.225144 0.238789 0.461014 0.852377 0.246821
0.038368 0.197287 0.054921 -0.449631 -0.893197 0.005612
0.169172 0.123340 0.055166 -0.497515 -0.867202 0.020993
0.200779 0.161190 0.005240 -0.127028 -0.251113 -0.959587
0.192251 0.110288 0.055200 -0.513494 -0.857809 -0.022107
0.340685 0.066004 0.013471 -0.088504 -0.301993 -0.949193
0.376512 0.003252 0.055462 -0.241766 -0.969597 -0.037816
0.060820 0.252522 -0.142243 0.120929 -0.472551 0.872967
-0.003797 0.226992 -0.198987 0.030296 -0.996923 -0.072295
-0.018698 0.232817 -0.312936 -0.094921 -0.969624 -0.225432
0.020198 0.281984 -0.366672 -0.091433 -0.299910 -0.949576
0.377776 0.044703 -0.201088 -0.230250 -0.973067 0.011227
0.190194 0.140674 -0.200033 -0.462709 -0.886196 -0.023595
0.343231 0.095160 -0.239513 -0.095486 -0.311938 -0.945292
0.192339 0.185237 -0.244291 -0.122500 -0.254801 -0.959203
0.166713 0.152401 -0.199902 -0.452691 -0.888871 -0.070559
0.033625 0.218814 -0.199205 -0.398823 -0.910317 -0.110739
-0.197936 0.169115 0.231579 -0.626067 -0.341436 0.701043
-0.150653 0.146228 0.276351 -0.759458 -0.190030 0.622184
0.344016 0.058566 0.091315 -0.075259 -0.283206 0.956102
0.201389 0.160963 0.101438 -0.114936 -0.274125 0.954801
0.055222 0.254423 0.112938 0.013369 -0.349546 0.936824
0.187988 0.183450 -0.278025 -0.087396 -0.263983 0.960560
0.247975 0.147073 -0.281513 -0.031415 -0.313941 0.948923
0.413768 0.000000 -0.074731 -0.311642 -0.949223 -0.043082
0.189967 0.133097 -0.073790 -0.503859 -0.862927 -0.038519
0.416515 0.043073 -0.109843 -0.097975 -0.286827 -0.952959
0.202828 0.175715 -0.122163 -0.106517 -0.269566 -0.957073
0.163923 0.147422 -0.073667 -0.443215 -0.896191 -0.020041
0.048735 0.204323 -0.071418 -0.404776 -0.914357 -0.010368
0.073733 0.312527 -0.006871 0.930265 0.347939 0.116384
-0.178501 0.139113 0.182490 -0.322868 -0.945577 -0.040505
-0.041281 0.151834 0.366672 -0.086297 0.642729 0.761217
0.002742 0.164364 0.329695 0.593514 0.756393 0.274974
0.342716 0.095701 -0.162663 -0.039520 -0.287010 0.957112
0.414832 0.039201 -0.030578 -0.081183 -0.297195 0.951359
0.500000 0.026297 -0.057267 0.661573 0.599339 0.450681
0.265736 0.199440 -0.045514 0.459650 0.609802 0.645650
0.263155 0.203399 -0.101638 0.502681 0.659047 -0.559436
0.499704 0.024911 -0.095090 0.550636 0.304942 -0.777052
-0.109847 0.204061 0.283405 -0.258817 0.693283 0.672586
0.247024 0.149026 -0.346845 -0.066560 -0.370358 -0.926502
0.171883 0.147675 -0.315604 -0.442111 -0.895330 -0.054053
0.180036 0.191497 -0.356166 -0.106186 -0.318210 -0.942055
0.156041 0.155914 -0.315448 -0.447976 -0.893179 -0.039353
0.265396 0.102536 -0.314436 -0.180515 -0.983503 0.011649
0.205408 0.171609 -0.022303 -0.115921 -0.275045 0.954417
0.198346 0.178567 -0.152253 -0.075052 -0.259536 0.962813
0.008200 0.229294 -0.313215 -0.402717 -0.915297 0.007143
0.239849 0.215789 -0.044310 0.461547 0.637845 0.616545
-0.125420 0.102414 0.241850 -0.400009 -0.913526 -0.073914
