0 1
0 2
0 7
0 78
0 79
1 0
1 2
1 3
1 4
1 5
1 6
1 7
1 8
2 0
2 1
2 8
2 79
2 22
3 1
3 4
3 5
3 41
3 47
3 26
4 1
4 3
4 8
4 24
4 26
5 1
5 3
5 6
5 41
5 81
5 82
6 1
6 5
6 7
6 81
6 20
7 0
7 1
7 6
7 78
7 18
7 20
8 1
8 2
8 4
8 22
8 23
8 24
9 35
9 37
9 39
9 10
9 11
9 117
9 88
9 89
9 90
10 9
10 11
10 12
10 13
10 108
10 88
11 133
11 136
11 9
11 10
11 12
11 76
11 77
11 115
11 116
11 117
12 10
12 43
12 11
12 13
12 14
12 116
12 94
12 95
13 10
13 12
13 108
13 14
13 15
13 50
13 51
13 52
14 96
14 12
14 13
14 79
14 16
14 15
14 80
14 95
15 13
15 14
15 16
15 17
15 52
15 118
16 78
16 14
16 15
16 17
16 18
16 79
17 15
17 16
17 18
17 19
17 118
18 7
18 78
18 16
18 17
18 19
18 20
19 104
19 17
19 18
19 20
19 21
19 118
20 6
20 7
20 81
20 18
20 19
20 83
20 21
21 104
21 83
21 19
21 20
21 85
22 2
22 8
22 79
22 80
22 23
23 97
23 8
23 80
23 22
23 24
23 25
24 4
24 8
24 23
24 25
24 26
25 97
25 23
25 24
25 26
25 27
25 60
25 61
26 3
26 4
26 47
26 48
26 49
26 24
26 25
26 27
26 28
27 60
27 25
27 26
27 28
27 29
28 49
28 26
28 27
28 29
28 30
29 96
29 131
29 135
29 109
29 60
29 30
29 27
29 28
29 62
29 95
30 101
30 102
30 103
30 71
30 69
30 49
30 28
30 29
30 95
31 32
31 33
31 92
31 93
32 33
32 34
32 35
32 90
32 92
32 31
33 32
33 34
33 106
33 93
33 31
34 32
34 33
34 35
34 36
34 106
34 107
35 32
35 34
35 36
35 37
35 9
35 90
36 34
36 35
36 37
36 38
36 107
36 108
37 35
37 36
37 38
37 39
37 9
38 36
38 37
38 39
38 40
38 108
39 37
39 38
39 40
39 41
39 9
39 117
40 38
40 39
40 41
40 108
40 50
40 82
41 3
41 5
41 39
41 40
41 76
41 45
41 47
41 82
41 117
42 136
42 43
42 44
42 114
42 124
42 125
43 42
43 12
43 44
43 45
43 46
43 114
43 115
43 116
43 94
44 136
44 42
44 43
44 77
44 45
45 41
45 43
45 44
45 76
45 46
45 47
45 77
46 43
46 45
46 47
46 48
46 94
47 3
47 41
47 45
47 46
47 48
47 26
48 68
48 46
48 47
48 49
48 26
48 94
49 68
49 69
49 48
49 26
49 28
49 30
50 40
50 108
50 13
50 82
50 51
50 84
51 13
51 50
51 52
51 53
51 86
51 87
51 84
52 137
52 13
52 15
52 51
52 53
52 54
52 118
53 51
53 52
53 54
53 55
53 120
53 87
54 137
54 52
54 53
54 55
54 56
54 58
55 53
55 54
55 56
55 57
55 120
56 57
56 58
56 54
56 55
57 55
57 119
57 56
57 58
57 59
57 120
58 137
58 54
58 56
58 57
58 59
59 137
59 105
59 119
59 57
59 58
59 127
60 61
60 25
60 27
60 29
60 62
61 97
61 25
61 60
61 62
61 63
62 64
62 109
62 61
62 60
62 29
62 63
63 64
63 65
63 130
63 97
63 61
63 62
64 65
64 66
64 109
64 110
64 62
64 63
65 64
65 128
65 66
65 67
65 130
65 63
66 64
66 65
66 67
66 132
66 110
67 128
67 65
67 66
67 132
68 69
68 70
68 48
68 49
68 94
69 68
69 70
69 71
69 49
69 30
70 68
70 69
70 134
70 71
70 72
70 94
71 101
71 69
71 70
71 72
71 73
71 30
72 134
72 70
72 71
72 73
72 74
72 121
73 100
73 101
73 71
73 72
73 74
73 75
74 98
74 72
74 73
74 75
74 121
75 73
75 74
75 100
75 98
76 41
76 11
76 77
76 45
76 117
77 136
77 11
77 76
77 45
77 44
78 0
78 7
78 79
78 16
78 18
79 0
79 2
79 78
79 14
79 16
79 80
79 22
80 96
80 97
80 14
80 79
80 22
80 23
81 5
81 6
81 82
81 83
81 20
82 5
82 40
82 41
82 81
82 50
82 83
82 84
83 81
83 82
83 20
83 84
83 85
83 21
84 82
84 51
84 83
84 85
84 86
84 50
85 104
85 105
85 83
85 84
85 21
85 86
85 87
85 127
86 51
86 84
86 85
86 87
87 51
87 85
87 86
87 53
87 120
87 127
88 89
88 9
88 10
88 108
89 9
89 107
89 108
89 88
89 90
89 91
90 32
90 35
90 9
90 89
90 91
90 92
91 106
91 107
91 89
91 90
91 92
91 93
92 32
92 90
92 91
92 93
92 31
93 33
93 106
93 91
93 92
93 31
94 68
94 102
94 134
94 70
94 103
94 43
94 12
94 46
94 48
94 95
95 96
95 103
95 12
95 14
95 30
95 29
95 94
96 97
96 135
96 14
96 80
96 29
96 95
97 96
97 130
97 131
97 135
97 80
97 23
97 25
97 61
97 63
98 99
98 100
98 74
98 75
98 121
99 98
99 100
99 101
99 134
99 102
99 121
100 98
100 99
100 101
100 73
100 75
101 99
101 100
101 102
101 71
101 73
101 30
102 99
102 101
102 134
102 103
102 30
102 94
103 94
103 95
103 102
103 30
104 105
104 19
104 85
104 21
104 118
105 104
105 137
105 85
105 118
105 59
105 127
106 33
106 34
106 107
106 91
106 93
107 34
107 36
107 106
107 108
107 89
107 91
108 36
108 38
108 40
108 10
108 107
108 13
108 50
108 88
108 89
109 64
109 129
109 131
109 110
109 29
109 62
110 64
110 129
110 66
110 132
110 109
111 112
111 113
111 122
111 123
111 126
112 133
112 111
112 113
112 114
112 115
112 122
113 111
113 112
113 114
113 125
113 126
114 42
114 43
114 112
114 113
114 115
114 125
115 133
115 11
115 43
115 112
115 114
115 116
116 11
116 43
116 115
116 12
117 39
117 9
117 41
117 11
117 76
118 104
118 137
118 105
118 15
118 17
118 19
118 52
119 120
119 57
119 59
119 127
120 119
120 53
120 87
120 55
120 57
120 127
121 98
121 99
121 134
121 72
121 74
122 133
122 111
122 112
122 123
122 124
123 111
123 122
123 124
123 125
123 126
124 133
124 136
124 42
124 122
124 123
124 125
125 42
125 113
125 114
125 123
125 124
125 126
126 113
126 123
126 125
126 111
127 105
127 119
127 85
127 87
127 120
127 59
128 65
128 129
128 130
128 67
128 132
129 128
129 130
129 131
129 132
129 109
129 110
130 128
130 129
130 65
130 131
130 97
130 63
131 129
131 130
131 97
131 135
131 109
131 29
132 128
132 129
132 66
132 67
132 110
133 136
133 11
133 112
133 115
133 122
133 124
134 99
134 102
134 70
134 72
134 121
134 94
135 96
135 97
135 131
135 29
136 133
136 42
136 11
136 44
136 77
136 124
137 105
137 52
137 54
137 118
137 58
137 59
