  0.446994   0.431849  -0.116947
  0.301875   0.333469   0.017252
  0.003673   0.289250   0.044413
 -0.003824   0.282639  -0.072630
 -0.010464   0.280390  -0.189745
  0.004233   0.285772  -0.306010
  0.185780   0.254765   0.124611
 -0.153145   0.202082   0.049373
 -0.180194   0.196940  -0.073871
 -0.158047   0.212814  -0.196374
 -0.124967   0.234302  -0.311517
  0.097822   0.168577   0.243342
 -0.294685   0.108535   0.053454
 -0.336139   0.100904  -0.075854
 -0.295764   0.135882  -0.203406
 -0.222544   0.170797  -0.317167
  0.001980   0.136351   0.336927
 -0.432821   0.033017   0.057846
 -0.491962   0.028277  -0.076819
 -0.420831   0.062581  -0.210002
 -0.320834   0.134625  -0.321167
