0.093776 0.297891 0.137048 -0.327544 0.121778 0.936955
0.119306 0.206299 0.105983 -0.161247 -0.985335 0.055798
0.097927 0.234042 0.151749 -0.948017 0.127669 -0.291486
0.122340 0.156400 0.149473 -0.456056 -0.626689 -0.631882
0.153449 0.176201 0.099609 -0.276168 -0.887827 -0.368095
0.178507 0.139111 0.182474 0.322876 -0.945573 -0.040537
0.246515 0.160315 0.090088 0.228488 -0.972941 -0.034344
0.291940 0.194694 0.144625 0.570594 -0.726607 0.382707
0.385922 0.220266 0.057715 0.604119 -0.761504 0.234844
0.374657 0.284255 0.129838 0.574639 -0.073740 0.815078
0.493932 0.321275 0.019090 0.938796 -0.185015 0.290569
0.436282 0.422659 0.074891 0.664593 0.436851 0.606199
-0.241989 0.192968 0.084255 -0.477316 0.636652 0.605676
-0.055213 0.254418 0.112941 -0.013383 -0.349563 0.936817
-0.124816 0.273661 0.090620 -0.509021 0.675270 0.533768
-0.091623 0.298257 0.092486 -0.355377 0.710452 0.607425
0.140309 0.381715 0.112801 -0.267993 0.742697 0.613661
0.124301 0.309391 0.164775 -0.362701 0.617734 0.697748
0.223462 0.300166 0.187514 0.158681 0.497412 0.852878
0.151068 0.232368 0.244954 0.231012 0.491344 0.839771
0.299351 0.235193 0.173180 0.507638 0.027876 0.861119
0.197941 0.169112 0.231562 0.626067 -0.341436 0.701043
-0.453519 0.038285 0.032482 -0.487779 0.165146 -0.857204
-0.376505 0.003252 0.055448 0.241767 -0.969598 -0.037787
-0.453798 0.044903 0.073766 -0.617153 0.489921 0.615711
-0.344010 0.058565 0.091300 0.075218 -0.283191 0.956109
-0.192239 0.110286 0.055204 0.513481 -0.857817 -0.022070
-0.201377 0.160960 0.101423 0.114920 -0.274149 0.954796
-0.169160 0.123338 0.055152 0.497493 -0.867214 0.020991
-0.038359 0.197283 0.054907 0.449593 -0.893216 0.005617
-0.001583 0.207685 0.054846 -0.155225 -0.981651 0.110754
-0.340670 0.066003 0.013458 0.088565 -0.302062 -0.949165
-0.200766 0.161187 0.005227 0.127027 -0.251102 -0.959590
-0.067689 0.247443 0.002463 0.023682 -0.282049 -0.959108
-0.058648 0.266363 -0.248354 0.012663 -0.287258 -0.957770
-0.081239 0.329636 -0.231753 -0.587364 0.724962 -0.359770
-0.056887 0.323638 -0.257126 -0.900154 0.389757 -0.194452
0.002263 0.370162 -0.254510 -0.410101 0.894906 -0.175955
-0.087455 0.327012 -0.165716 -0.597897 0.785703 0.158716
-0.003614 0.382107 -0.134250 -0.453785 0.891054 0.010131
-0.068762 0.322984 -0.137066 -0.945011 0.325757 -0.028936
-0.089984 0.324972 -0.108433 -0.596602 0.788369 -0.150134
-0.060810 0.250922 -0.129079 -0.004376 -0.293957 -0.955809
-0.263761 0.185146 0.026336 -0.503434 0.653113 -0.565684
-0.242364 0.199010 0.025612 -0.411673 0.562061 -0.717365
-0.125601 0.284229 0.021427 -0.556674 0.748194 -0.360999
-0.092521 0.310141 0.020206 -0.630397 0.756998 -0.171914
0.490400 0.325408 -0.253429 0.852331 -0.353225 -0.385699
0.365886 0.292677 -0.299874 0.307303 -0.620418 -0.721559
0.425636 0.441971 -0.311296 0.488416 0.361980 -0.793990
0.195954 0.356160 -0.355266 0.107589 0.039320 -0.993418
0.233367 0.277584 -0.325360 0.172608 -0.875705 -0.450941
-0.020189 0.281979 -0.366670 0.091444 -0.299957 -0.949560
0.018707 0.232813 -0.312953 0.094882 -0.969638 -0.225388
-0.008191 0.229290 -0.313214 0.402757 -0.915278 0.007241
-0.335073 0.119650 -0.332326 -0.443967 -0.071103 -0.893218
-0.229173 0.202951 -0.340435 -0.535924 0.639461 -0.551248
-0.247029 0.149007 -0.346852 0.066506 -0.370332 -0.926515
-0.180042 0.191485 -0.356173 0.106197 -0.318122 -0.942083
-0.214656 0.212263 -0.341185 -0.399446 0.538076 -0.742238
-0.084308 0.303619 -0.346573 -0.526264 0.704549 -0.476085
-0.060200 0.323237 -0.347907 -0.283033 0.716349 -0.637758
-0.499695 0.024910 -0.095102 -0.550732 0.305041 -0.776945
-0.263142 0.203386 -0.101667 -0.502700 0.659123 -0.559329
-0.416516 0.043072 -0.109863 0.097999 -0.286832 -0.952955
-0.202815 0.175712 -0.122174 0.106606 -0.269648 -0.957040
-0.236985 0.219752 -0.102652 -0.381633 0.547902 -0.744419
-0.125679 0.294892 -0.106759 -0.522241 0.712931 -0.467968
-0.447076 0.075933 -0.224578 -0.478320 0.223452 -0.849282
-0.252226 0.213727 -0.227333 -0.460552 0.654370 -0.599743
-0.343225 0.095159 -0.239522 0.095483 -0.311934 -0.945294
-0.192344 0.185234 -0.244300 0.122466 -0.254787 -0.959211
-0.230236 0.226501 -0.227664 -0.358554 0.529938 -0.768508
-0.110020 0.305529 -0.231187 -0.512105 0.728828 -0.454486
-0.239853 0.215776 -0.044323 -0.461584 0.637849 0.616514
-0.067672 0.246571 -0.013266 -0.120579 -0.483371 0.867071
-0.130091 0.290855 -0.035979 -0.524713 0.651949 0.547393
-0.094849 0.320909 -0.033991 -0.587394 0.699300 0.407367
-0.073723 0.312521 -0.006884 -0.930284 0.347933 0.116254
-0.009464 0.361330 -0.001434 -0.420222 0.882418 0.211545
-0.156047 0.155895 -0.315455 0.448050 -0.893140 -0.039393
-0.171872 0.147655 -0.315612 0.442041 -0.895366 -0.054030
-0.265382 0.102535 -0.314444 0.180403 -0.983521 0.011866
-0.163911 0.147420 -0.073679 0.443188 -0.896205 -0.020014
-0.048726 0.204320 -0.071430 0.404776 -0.914357 -0.010368
-0.007014 0.216848 -0.071229 0.006176 -0.995565 -0.093876
-0.060801 0.252535 -0.142254 -0.120841 -0.472624 0.872940
0.003806 0.227006 -0.198996 -0.030324 -0.996922 -0.072300
-0.033633 0.218810 -0.199232 0.398950 -0.910286 -0.110538
-0.166701 0.152389 -0.199912 0.452679 -0.888890 -0.070403
-0.057183 0.266494 -0.266280 -0.133640 -0.496837 0.857492
0.167634 0.413530 -0.328865 -0.193496 0.736212 -0.648500
0.368004 0.533032 -0.241554 -0.001560 0.933531 -0.358493
0.357882 0.550949 -0.111641 -0.250033 0.968067 0.018130
0.367612 0.527478 0.025498 -0.023242 0.882117 0.470457
0.276438 0.349777 0.145497 0.112502 0.490254 0.864288
0.314496 0.181493 -0.002280 0.071538 -0.947500 -0.311650
0.399802 0.232752 -0.068866 0.509680 -0.853695 -0.106919
0.500000 0.293942 -0.125600 0.899852 -0.421045 -0.113965
-0.500000 0.026279 -0.057279 -0.661555 0.599359 0.450681
-0.265722 0.199437 -0.045526 -0.459694 0.609814 0.645607
-0.414816 0.039201 -0.030608 0.081241 -0.297283 0.951327
-0.205405 0.171606 -0.022325 0.115905 -0.275105 0.954402
0.150659 0.146225 0.276333 0.759435 -0.189953 0.622235
0.109837 0.204058 0.283387 0.258816 0.693315 0.672554
0.062807 0.225141 0.238772 -0.461056 0.852365 0.246781
-0.002751 0.164361 0.329676 -0.593497 0.756411 0.274963
-0.072424 0.323638 -0.282471 -0.645558 0.735260 0.206513
0.053103 0.197449 0.205213 -0.825138 0.092701 -0.557273
0.073339 0.118769 0.209433 -0.454277 -0.654182 -0.604714
0.125426 0.102412 0.241832 0.399960 -0.913544 -0.073959
0.062057 0.080511 0.322744 0.015157 -0.999080 0.040114
0.074883 0.113006 0.364238 0.660289 -0.210718 0.720844
0.015716 0.120313 0.364752 -0.634696 -0.524166 0.567812
0.041289 0.151832 0.366670 0.086238 0.642694 0.761254
-0.006238 0.134490 0.290946 -0.900830 -0.170293 -0.399381
0.018541 0.095132 0.291234 -0.550232 -0.811666 -0.196071
0.220541 0.245307 -0.131826 0.044021 -0.979586 -0.196146
0.363531 0.262074 -0.133142 0.179027 -0.942262 -0.283005
0.104597 0.262274 0.198046 -0.585741 0.732405 0.347119
-0.198342 0.178581 -0.152263 0.075054 -0.259511 0.962819
-0.190181 0.140671 -0.200043 0.462724 -0.886187 -0.023651
-0.342702 0.095681 -0.162673 0.039529 -0.287003 0.957114
-0.377769 0.044702 -0.201098 0.230229 -0.973074 0.011012
-0.447346 0.077503 -0.185526 -0.620913 0.551334 0.557223
-0.255478 0.210571 -0.176432 -0.432334 0.595206 0.677360
-0.263447 0.179889 0.083131 -0.421538 0.545137 0.724659
-0.233837 0.223414 -0.175351 -0.451119 0.636081 0.626014
-0.115635 0.302808 -0.167626 -0.506027 0.645867 0.571658
-0.335326 0.124751 -0.301034 -0.690569 0.382026 0.614142
-0.234822 0.203072 -0.295009 -0.507704 0.637844 0.579130
-0.220959 0.212411 -0.293954 -0.527309 0.682247 0.506442
-0.095119 0.303960 -0.284372 -0.564434 0.698884 0.439289
-0.247979 0.147071 -0.281521 0.031383 -0.313989 0.948908
-0.187976 0.183429 -0.278034 0.087409 -0.263933 0.960572
-0.189964 0.133094 -0.073801 0.503854 -0.862928 -0.038567
-0.413752 0.000000 -0.074760 0.311668 -0.949209 -0.043194
0.446997 0.431849 -0.116943 0.865674 0.500601 0.002593
