0 1
0 2
0 13
0 15
0 16
0 17
1 0
1 2
1 3
1 4
1 13
1 85
1 117
1 30
2 0
2 1
2 3
2 105
2 108
2 17
2 119
3 1
3 2
3 4
3 5
3 108
3 109
3 110
4 96
4 1
4 3
4 5
4 6
4 117
5 3
5 4
5 6
5 7
5 103
5 110
5 21
6 96
6 4
6 5
6 7
6 8
7 5
7 6
7 8
7 9
7 20
7 21
8 96
8 97
8 6
8 7
8 9
8 10
9 7
9 8
9 10
9 11
9 18
9 20
9 95
10 97
10 98
10 8
10 9
10 137
10 11
11 9
11 10
11 137
11 94
11 95
12 44
12 13
12 14
12 45
12 27
12 126
13 0
13 1
13 12
13 14
13 15
13 27
13 28
13 29
13 30
14 12
14 45
14 13
14 46
14 15
15 0
15 13
15 14
15 46
15 16
15 79
16 0
16 79
16 15
16 17
16 18
16 94
16 95
17 0
17 2
17 16
17 18
17 19
17 119
18 9
18 16
18 17
18 19
18 20
18 95
19 103
19 104
19 105
19 17
19 18
19 20
19 21
19 119
20 7
20 9
20 18
20 19
20 21
21 5
21 7
21 103
21 19
21 20
22 24
22 43
22 31
22 23
23 22
23 24
23 25
23 26
23 31
24 43
24 22
24 23
24 25
24 126
25 23
25 24
25 26
25 27
25 126
26 32
26 23
26 25
26 27
26 28
26 31
27 12
27 13
27 25
27 26
27 28
27 126
28 32
28 33
28 13
28 26
28 27
28 29
29 33
29 28
29 13
29 30
30 33
30 1
30 75
30 13
30 85
30 29
31 32
31 43
31 22
31 23
31 26
32 33
32 43
32 44
32 26
32 28
32 31
33 32
33 75
33 44
33 45
33 46
33 78
33 28
33 29
33 30
34 35
34 36
34 71
34 72
34 73
34 87
34 88
34 89
34 90
35 128
35 34
35 36
35 37
35 38
35 73
36 34
36 35
36 37
36 107
36 90
37 35
37 36
37 38
37 39
37 107
37 93
37 91
37 92
37 61
38 128
38 35
38 37
38 39
38 40
38 86
39 37
39 38
39 40
39 41
39 79
39 93
40 38
40 39
40 41
40 42
40 86
41 67
41 39
41 40
41 42
41 76
41 77
41 79
42 65
42 66
42 67
42 40
42 41
42 83
42 84
42 85
42 86
43 32
43 44
43 22
43 24
43 126
43 31
44 32
44 33
44 43
44 12
44 45
44 126
45 33
45 44
45 12
45 46
45 14
46 33
46 45
46 78
46 15
46 79
46 14
47 98
47 137
47 48
47 49
47 118
48 47
48 49
48 50
48 51
48 118
49 137
49 47
49 48
49 50
49 91
49 92
50 48
50 49
50 51
50 52
50 91
50 61
51 48
51 50
51 52
51 117
51 53
51 118
52 80
52 50
52 51
52 53
52 54
52 58
52 59
52 60
52 61
53 51
53 52
53 117
53 54
53 87
53 90
54 80
54 90
54 52
54 53
55 56
55 57
55 82
55 129
56 129
56 130
56 55
56 57
56 58
56 59
57 81
57 82
57 55
57 56
57 58
58 80
58 81
58 52
58 56
58 57
58 59
59 130
59 131
59 52
59 56
59 58
59 60
60 131
60 132
60 52
60 59
60 61
61 132
61 37
61 107
61 50
61 52
61 91
61 60
62 64
62 99
62 136
62 63
63 64
63 65
63 66
63 99
63 100
63 62
64 65
64 135
64 136
64 62
64 63
65 64
65 66
65 135
65 42
65 83
65 63
66 65
66 67
66 100
66 42
66 74
66 63
67 66
67 41
67 42
67 74
67 76
68 123
68 124
68 69
68 70
69 68
69 70
69 71
69 72
69 124
69 125
70 68
70 69
70 71
70 121
70 123
71 89
71 34
71 69
71 70
71 72
71 121
72 34
72 69
72 71
72 73
72 125
72 127
73 128
73 34
73 35
73 72
73 127
74 66
74 67
74 100
74 102
74 75
74 76
75 33
75 102
75 74
75 76
75 77
75 78
75 83
75 84
75 85
75 30
76 67
76 41
76 74
76 75
76 77
77 41
77 75
77 76
77 78
77 79
78 33
78 75
78 77
78 46
78 79
79 39
79 41
79 77
79 46
79 78
79 16
79 15
79 93
79 94
80 90
80 134
80 81
80 52
80 54
80 58
81 133
81 134
81 80
81 82
81 57
81 58
82 129
82 133
82 81
82 55
82 57
83 65
83 102
83 135
83 42
83 75
83 84
84 75
84 42
84 83
84 85
85 1
85 42
85 75
85 84
85 117
85 86
85 87
85 30
86 128
86 38
86 40
86 42
86 85
86 87
86 88
86 89
86 120
86 127
87 34
87 85
87 86
87 53
87 88
87 117
87 90
88 89
88 34
88 86
88 87
89 34
89 71
89 86
89 88
89 121
89 120
90 34
90 131
90 36
90 132
90 134
90 107
90 80
90 53
90 54
90 87
91 37
91 49
91 50
91 92
91 61
92 37
92 137
92 49
92 91
92 93
93 37
93 39
93 137
93 79
93 92
93 94
94 137
94 11
94 79
94 16
94 93
94 95
95 9
95 11
95 16
95 18
95 94
96 97
96 4
96 6
96 8
96 117
96 118
97 96
97 98
97 8
97 10
97 118
98 97
98 137
98 10
98 47
98 118
99 100
99 101
99 136
99 62
99 63
100 66
100 99
100 101
100 102
100 74
100 63
101 99
101 100
101 102
101 135
101 136
102 100
102 101
102 135
102 74
102 75
102 83
103 5
103 104
103 110
103 112
103 19
103 21
104 103
104 105
104 106
104 112
104 114
104 19
105 2
105 104
105 106
105 108
105 19
105 119
106 104
106 105
106 108
106 113
106 114
106 115
107 132
107 37
107 36
107 90
107 61
108 2
108 3
108 105
108 106
108 109
108 115
109 3
109 108
109 110
109 111
109 115
109 116
110 3
110 5
110 103
110 109
110 111
110 112
111 109
111 110
111 112
111 113
111 116
112 103
112 104
112 110
112 111
112 113
112 114
113 106
113 111
113 112
113 114
113 115
113 116
114 112
114 113
114 106
114 104
115 106
115 108
115 109
115 113
115 116
116 113
116 115
116 109
116 111
117 96
117 1
117 4
117 51
117 85
117 118
117 87
117 53
118 96
118 97
118 98
118 47
118 48
118 51
118 117
119 17
119 2
119 19
119 105
120 121
120 86
120 89
120 122
120 125
120 127
121 70
121 71
121 120
121 89
121 122
121 123
122 120
122 121
122 123
122 124
122 125
123 68
123 70
123 121
123 122
123 124
124 68
124 69
124 122
124 123
124 125
125 69
125 72
125 120
125 122
125 124
125 127
126 43
126 12
126 44
126 24
126 25
126 27
127 128
127 72
127 73
127 86
127 120
127 125
128 35
128 38
128 73
128 86
128 127
129 130
129 133
129 82
129 55
129 56
130 129
130 131
130 133
130 134
130 56
130 59
131 130
131 132
131 134
131 90
131 59
131 60
132 131
132 107
132 90
132 60
132 61
133 129
133 130
133 134
133 81
133 82
134 130
134 131
134 133
134 80
134 81
134 90
135 64
135 65
135 101
135 102
135 136
135 83
136 64
136 99
136 101
136 135
136 62
137 98
137 10
137 11
137 47
137 49
137 92
137 93
137 94
