 -0.447009   0.431858  -0.114847
 -0.303255   0.324896   0.021619
  0.009917   0.291615   0.047957
  0.004134   0.288470  -0.064874
  0.001104   0.293357  -0.189019
 -0.015574   0.306762  -0.306575
 -0.188251   0.239326   0.130792
  0.160185   0.197107   0.052199
  0.166043   0.203781  -0.065963
  0.151739   0.216791  -0.191901
  0.117907   0.237150  -0.311739
 -0.094698   0.162968   0.247007
  0.300724   0.105088   0.056052
  0.329794   0.106930  -0.067597
  0.295519   0.135095  -0.195081
  0.219505   0.172099  -0.316421
 -0.008196   0.116800   0.327859
  0.441000   0.048150   0.061002
  0.484246   0.030930  -0.068387
  0.437735   0.078590  -0.196859
  0.320844   0.126889  -0.319859
