9 11
10 88
11 9
12 116
13 15
15 13
19 21
21 19
25 61
27 28
27 29
27 60
28 27
28 29
28 49
28 60
29 27
29 28
29 30
29 60
30 29
31 33
32 34
32 35
33 31
34 32
34 35
34 36
35 32
35 34
36 34
36 107
39 117
40 108
42 125
42 136
43 94
45 46
46 45
46 48
46 68
48 46
48 68
49 28
49 69
50 84
53 87
55 56
55 120
56 55
57 119
58 59
59 58
59 119
60 27
60 28
60 29
61 25
62 63
62 64
62 65
62 109
63 62
63 64
63 65
63 130
64 62
64 63
64 65
64 110
65 62
65 63
65 64
65 130
66 67
67 66
68 46
68 48
69 49
70 72
70 73
71 73
71 101
72 70
72 73
73 70
73 71
73 72
73 101
74 75
75 74
76 77
76 117
77 76
84 50
87 53
88 10
89 90
89 91
90 89
91 89
94 43
95 103
96 135
99 102
101 71
101 73
102 99
103 95
105 137
107 36
108 40
109 62
109 129
109 131
110 64
110 132
111 113
112 115
113 111
115 112
116 12
117 39
117 76
119 57
119 59
119 120
120 55
120 119
123 126
124 136
125 42
126 123
128 132
129 109
129 131
130 63
130 65
131 109
131 129
132 110
132 128
135 96
136 42
136 124
137 105
