-0.449357 0.420087 0.155889 -0.897214 0.106310 0.428610
-0.359249 0.586288 0.168189 -0.508901 0.637855 0.578066
-0.462977 0.617387 -0.183057 -0.841873 0.538863 -0.029617
-0.288621 0.419742 0.271450 -0.167509 0.445798 0.879321
-0.184769 0.535804 0.151795 0.398688 0.378830 0.835186
-0.153975 0.368596 0.252619 0.849446 0.484362 0.209369
-0.164807 0.307956 0.103716 0.443672 -0.865581 -0.232217
-0.144670 0.205742 0.194617 0.750476 -0.288664 -0.594524
-0.499171 0.334384 -0.039190 -0.935497 -0.347524 -0.063821
-0.362920 0.293427 0.114353 -0.364794 -0.925333 -0.103362
-0.332217 0.289417 0.265024 -0.894851 -0.227682 0.383931
-0.262265 0.165675 0.205391 -0.364522 -0.760810 -0.536928
-0.227124 0.074526 0.368031 -0.608807 -0.791600 -0.052195
-0.061260 0.156006 0.343364 0.965545 -0.098793 -0.240756
-0.073139 0.221077 0.423134 0.639683 0.563241 0.523034
-0.227650 0.292419 0.356464 -0.231364 0.628970 0.742205
-0.149277 0.171010 0.500000 -0.123253 0.412208 0.902714
-0.264448 0.134061 0.436748 -0.755454 -0.058767 0.652561
-0.393520 0.330173 -0.172985 -0.201874 -0.971105 -0.127289
-0.066595 0.378779 0.100785 -0.024658 -0.539077 0.841895
-0.050662 0.374639 -0.038339 -0.063660 -0.913157 -0.402605
-0.050786 0.376400 -0.064188 0.079060 -0.989671 0.119583
-0.136619 0.087821 0.312225 0.326913 -0.851134 -0.410729
-0.280830 0.675623 0.060367 0.132905 0.918781 0.371722
-0.193418 0.700381 -0.182076 0.215363 0.976525 0.004265
-0.265807 0.681628 -0.438405 0.045562 0.881810 -0.469398
-0.461912 0.390326 -0.388240 -0.879423 -0.384779 -0.280286
-0.376722 0.529716 -0.499623 -0.410763 0.148443 -0.899577
0.433489 0.196488 -0.444344 0.929391 0.368914 -0.011569
0.376040 0.196644 -0.496835 0.173990 -0.014972 -0.984634
0.321651 0.292140 -0.440003 0.696806 0.715433 0.051159
0.269614 0.293667 -0.500000 0.258480 0.252877 -0.932331
0.113986 0.282874 -0.473676 -0.301108 -0.369447 -0.879115
0.110009 0.445644 -0.498388 0.092193 0.206766 -0.974037
-0.085739 0.387291 -0.473117 -0.172671 -0.606722 -0.775934
-0.265891 0.347081 -0.430354 -0.079771 -0.903196 -0.421751
0.229326 0.088978 0.150118 -0.486449 -0.689053 0.537191
0.348273 0.164381 0.217477 -0.028456 0.046909 0.998494
0.101087 0.279280 0.111214 -0.648926 -0.525440 0.550280
0.227806 0.300906 0.157442 0.087515 0.404409 0.910381
0.312703 0.290749 0.111890 0.672757 0.721649 0.163161
0.166165 0.442843 0.064675 0.574925 0.770193 0.276161
0.270687 0.287247 0.025316 0.544393 0.336184 -0.768516
0.120172 0.446378 -0.022724 0.513228 -0.031193 -0.857685
0.111783 0.439932 -0.348784 0.149338 -0.013632 -0.988692
0.108118 0.435617 -0.364093 0.285176 0.079024 0.955212
0.055471 0.536818 -0.350369 0.510780 0.843088 -0.168246
0.177550 0.450504 -0.436527 0.602790 0.788188 -0.124113
0.270297 0.284407 -0.375926 0.334223 0.295267 0.895049
0.382642 0.183752 -0.377557 0.282901 0.028849 0.958715
0.128054 0.445488 -0.188164 0.193964 -0.105894 -0.975277
0.132213 0.446053 -0.213020 0.250375 0.073006 0.965392
0.075816 0.544044 -0.204650 0.568293 0.822285 -0.029854
0.194068 0.454715 -0.284856 0.700121 0.708094 -0.091832
0.280109 0.314116 -0.215411 0.306346 0.283564 0.908704
0.335050 0.289560 -0.285427 0.732884 0.680139 -0.017071
0.438129 0.145726 -0.215840 0.250736 0.026620 0.967690
0.479047 0.146687 -0.281698 0.928815 0.367884 -0.044322
0.117774 0.271418 -0.382814 -0.391570 -0.570351 0.722062
-0.057771 0.369837 -0.361234 -0.018946 -0.938112 0.345815
-0.053424 0.367615 -0.323539 -0.059775 -0.983429 -0.171154
0.101321 0.256732 -0.325040 -0.296216 -0.324992 -0.898129
0.120503 0.290191 0.004861 -0.126615 -0.390525 -0.911844
0.266697 0.087107 0.044486 -0.330445 -0.706463 -0.625872
0.410499 0.084650 0.141749 0.349502 -0.924006 0.155120
0.439870 0.158774 0.152867 0.859248 0.444424 0.253338
0.109664 0.266759 -0.228511 -0.360252 -0.437301 0.824006
-0.048199 0.371397 -0.215989 0.011178 -0.937766 0.347087
-0.044554 0.369122 -0.171088 -0.148975 -0.943338 -0.296513
0.110295 0.252697 -0.157766 -0.309083 -0.319297 -0.895833
0.105538 0.255991 -0.065916 -0.426858 -0.421674 0.799989
0.284534 0.072207 -0.164258 -0.517263 -0.704391 -0.486078
0.280986 0.076502 -0.052589 -0.395666 -0.657571 0.641131
0.445186 0.000000 -0.118863 0.162451 -0.985648 0.045913
0.441241 0.104450 -0.202590 0.204436 0.001876 -0.978878
0.499171 0.104255 -0.114268 0.928231 0.371707 0.014863
0.275963 0.090589 -0.330790 -0.449002 -0.739108 -0.502112
0.282838 0.085898 -0.224346 -0.274014 -0.657450 0.701909
0.419928 0.075085 -0.286922 0.307567 -0.950401 -0.046272
0.430325 0.148611 -0.355438 0.195478 -0.008368 -0.980672
0.402825 0.155668 0.047741 0.492279 0.014124 -0.870323
0.102146 0.437372 0.119902 0.161647 0.338703 0.926904
0.068740 0.539482 -0.033582 0.501481 0.840070 0.206880
0.196037 0.460316 -0.128772 0.743271 0.668863 0.013040
0.282845 0.288794 -0.190354 0.236209 0.224688 -0.945368
0.277035 0.314708 -0.353410 0.219859 0.233552 -0.947162
0.259861 0.121728 -0.482520 -0.430704 -0.685784 -0.586681
0.270290 0.116946 -0.385582 -0.246645 -0.680095 0.690389
0.392844 0.112761 -0.440835 0.450969 -0.885444 -0.112320
0.275957 0.293764 -0.048904 0.279422 0.300554 0.911916
0.334030 0.277500 -0.116874 0.750854 0.660439 0.006187
0.435555 0.111767 -0.030482 0.242042 0.049881 0.968983
0.124448 0.448678 -0.054259 0.226211 0.079128 0.970859
-0.127502 0.102832 0.456710 0.419226 -0.772149 0.477530
