-0.229346 0.088958 0.150118 0.486441 -0.689054 0.537196
-0.101094 0.279261 0.111214 0.648919 -0.525442 0.550286
-0.348287 0.164362 0.217477 0.028457 0.046907 0.998494
-0.227825 0.300880 0.157448 -0.087512 0.404403 0.910385
-0.102146 0.437359 0.119902 -0.161643 0.338726 0.926896
-0.166172 0.442830 0.064675 -0.574915 0.770195 0.276174
0.280823 0.675610 0.060354 -0.133621 0.918565 0.372001
-0.068746 0.539469 -0.033582 -0.501474 0.840070 0.206897
0.193412 0.700368 -0.182076 -0.215396 0.976517 0.004266
-0.075823 0.544037 -0.204650 -0.568293 0.822285 -0.029854
-0.055477 0.536805 -0.350369 -0.510777 0.843087 -0.168258
-0.194074 0.454702 -0.284856 -0.700122 0.708091 -0.091849
-0.111789 0.439919 -0.348784 -0.149346 -0.013637 -0.988691
-0.277029 0.314701 -0.353410 -0.219851 0.233549 -0.947164
-0.196043 0.460303 -0.128772 -0.743276 0.668858 0.013056
-0.128061 0.445475 -0.188164 -0.193973 -0.105906 -0.975273
-0.132219 0.446040 -0.213020 -0.250387 0.073004 0.965389
-0.280109 0.314110 -0.215411 -0.306338 0.283556 0.908709
-0.335050 0.289560 -0.285427 -0.732890 0.680133 -0.017082
-0.438116 0.145726 -0.215840 -0.250740 0.026606 0.967689
-0.479040 0.146681 -0.281698 -0.928842 0.367821 -0.044281
0.265800 0.681615 -0.438405 -0.044586 0.882076 -0.468993
-0.177556 0.450491 -0.436527 -0.602792 0.788189 -0.124098
-0.110015 0.445637 -0.498388 -0.092195 0.206771 -0.974036
-0.269608 0.293661 -0.500000 -0.258484 0.252871 -0.932332
-0.113986 0.282867 -0.473676 0.301123 -0.369464 -0.879102
-0.376020 0.196644 -0.496835 -0.174025 -0.014964 -0.984628
-0.259861 0.121728 -0.482520 0.430728 -0.685818 -0.586624
-0.124454 0.448665 -0.054259 -0.226214 0.079120 0.970859
-0.120178 0.446372 -0.022724 -0.513199 -0.031173 -0.857703
-0.270713 0.287214 0.025316 -0.544372 0.336159 -0.768541
-0.312722 0.290730 0.111890 -0.672756 0.721647 0.163171
-0.402844 0.155648 0.047748 -0.492272 0.014102 -0.870327
-0.439890 0.158748 0.152867 -0.859234 0.444430 0.253374
0.044547 0.369123 -0.171088 0.148964 -0.943346 -0.296494
-0.105545 0.255985 -0.065916 0.426870 -0.421678 0.799981
-0.110295 0.252690 -0.157766 0.309090 -0.319294 -0.895832
-0.284528 0.072207 -0.164258 0.517265 -0.704385 -0.486085
-0.280980 0.076502 -0.052589 0.395681 -0.657575 0.641117
-0.445173 0.000000 -0.118863 -0.162443 -0.985650 0.045892
-0.435549 0.111760 -0.030482 -0.242033 0.049875 0.968985
-0.499165 0.104255 -0.114262 -0.928238 0.371688 0.014913
0.376715 0.529703 -0.499623 0.412272 0.149584 -0.898697
0.085732 0.387285 -0.473117 0.172657 -0.606716 -0.775942
0.265885 0.347068 -0.430354 0.079766 -0.903192 -0.421760
0.057764 0.369824 -0.361234 0.018921 -0.938137 0.345747
0.053417 0.367602 -0.323539 0.059767 -0.983431 -0.171147
-0.109665 0.266752 -0.228511 0.360258 -0.437310 0.823999
-0.282831 0.085898 -0.224346 0.274025 -0.657475 0.701881
-0.275957 0.090589 -0.330797 0.449000 -0.739113 -0.502106
-0.419908 0.075092 -0.286922 -0.307553 -0.950406 -0.046262
-0.266716 0.087081 0.044486 0.330422 -0.706483 -0.625861
-0.410519 0.084631 0.141755 -0.349493 -0.924005 0.155146
-0.108125 0.435604 -0.364093 -0.285188 0.079024 0.955208
-0.270297 0.284401 -0.375926 -0.334229 0.295267 0.895047
-0.321651 0.292134 -0.440003 -0.696805 0.715435 0.051130
-0.282838 0.288800 -0.190354 -0.236207 0.224687 -0.945369
-0.334023 0.277500 -0.116874 -0.750856 0.660437 0.006233
-0.441241 0.104450 -0.202590 -0.204455 0.001880 -0.978874
-0.117774 0.271418 -0.382814 0.391571 -0.570371 0.722045
-0.270290 0.116952 -0.385582 0.246668 -0.680108 0.690368
-0.392831 0.112761 -0.440835 -0.450987 -0.885430 -0.112358
-0.382635 0.183746 -0.377557 -0.282878 0.028828 0.958723
-0.433483 0.196495 -0.444331 -0.929408 0.368869 -0.011656
-0.275943 0.293771 -0.048904 -0.279423 0.300552 0.911916
0.048193 0.371384 -0.215989 -0.011188 -0.937747 0.347140
-0.101321 0.256726 -0.325040 0.296216 -0.324985 -0.898132
0.066589 0.378766 0.100785 0.024669 -0.539074 0.841897
0.050656 0.374626 -0.038339 0.063685 -0.913141 -0.402639
-0.120510 0.290165 0.004861 0.126606 -0.390515 -0.911849
0.050779 0.376387 -0.064188 -0.079077 -0.989676 0.119536
0.393513 0.330160 -0.172985 0.202129 -0.971049 -0.127309
-0.430318 0.148611 -0.355438 -0.195494 -0.008357 -0.980669
0.461905 0.390313 -0.388240 0.879976 -0.383888 -0.279770
0.184763 0.535791 0.151795 -0.398719 0.378888 0.835145
0.359242 0.586275 0.168189 0.507563 0.637717 0.579393
0.462984 0.617375 -0.181309 0.841872 0.538863 -0.029620
0.449357 0.420074 0.155889 0.896931 0.105399 0.429425
0.288615 0.419742 0.271457 0.167548 0.445806 0.879309
0.332210 0.289398 0.265024 0.894839 -0.227680 0.383959
0.227637 0.292400 0.356477 0.231424 0.628939 0.742212
0.264442 0.134055 0.436748 0.755457 -0.058779 0.652557
0.149270 0.171010 0.500000 0.123289 0.412156 0.902733
0.073132 0.221071 0.423147 -0.639687 0.563217 0.523056
0.153962 0.368583 0.252638 -0.849447 0.484359 0.209370
0.262252 0.165649 0.205404 0.364499 -0.760821 -0.536928
0.362914 0.293407 0.114353 0.364785 -0.925334 -0.103385
0.499165 0.334371 -0.039190 0.935569 -0.347313 -0.063909
0.164794 0.307943 0.103716 -0.443711 -0.865553 -0.232245
0.144657 0.205716 0.194630 -0.750511 -0.288641 -0.594492
0.061254 0.155999 0.343371 -0.965551 -0.098787 -0.240734
0.227117 0.074520 0.368031 0.608803 -0.791604 -0.052166
0.136612 0.087808 0.312225 -0.326933 -0.851145 -0.410690
0.127495 0.102819 0.456710 -0.419203 -0.772145 0.477558
