 -0.462978   0.617387  -0.183057
 -0.354750   0.481417  -0.004992
 -0.009851   0.463523   0.016343
  0.030434   0.406823  -0.139199
  0.102550   0.384817  -0.287262
  0.042131   0.406510  -0.418899
 -0.268167   0.372641   0.137459
  0.152259   0.331606   0.060531
  0.193742   0.296756  -0.129594
  0.229551   0.268292  -0.281902
  0.193985   0.297739  -0.421260
 -0.192224   0.214664   0.308963
  0.281934   0.179936   0.101503
  0.336076   0.143843  -0.120548
  0.338360   0.154452  -0.277221
  0.306046   0.191456  -0.423624
 -0.107927   0.121697   0.421774
  0.407634   0.091350   0.134069
  0.448141   0.013481  -0.113375
  0.424286   0.089943  -0.273654
  0.382841   0.137281  -0.424794
