0 1
0 2
0 51
0 52
1 0
1 2
1 3
1 4
1 67
1 68
1 69
1 51
2 0
2 1
2 33
2 3
2 52
2 31
3 1
3 2
3 4
3 5
3 31
4 1
4 67
4 3
4 5
4 6
4 74
5 3
5 4
5 6
5 7
5 29
5 30
5 31
6 4
6 5
6 7
6 8
6 74
6 75
6 76
7 5
7 6
7 8
7 9
7 14
7 28
7 29
8 6
8 7
8 9
8 10
8 76
8 21
9 7
9 8
9 10
9 11
9 14
9 15
9 16
10 8
10 9
10 11
10 12
10 21
10 22
10 53
11 9
11 10
11 12
11 13
11 16
11 17
11 18
12 66
12 10
12 11
12 13
12 46
12 45
12 53
13 66
13 72
13 11
13 12
13 18
14 64
14 7
14 9
14 15
14 56
14 57
14 28
15 65
15 34
15 36
15 9
15 14
15 16
15 56
16 65
16 9
16 11
16 47
16 15
16 17
17 11
17 47
17 16
17 18
17 19
18 72
18 11
18 13
18 17
18 19
18 20
19 47
19 48
19 17
19 18
19 50
19 20
20 72
20 18
20 19
20 50
21 8
21 10
21 42
21 76
21 22
21 23
22 10
22 53
22 21
22 23
22 24
22 54
22 55
23 42
23 43
23 21
23 22
23 24
23 25
24 23
24 22
24 55
24 25
24 26
25 27
25 43
25 23
25 24
25 26
25 59
26 55
26 24
26 25
26 27
26 61
26 63
27 25
27 26
27 59
27 60
27 61
28 64
28 35
28 70
28 7
28 14
28 29
29 68
29 69
29 5
29 7
29 70
29 28
29 30
30 32
30 5
30 69
30 29
30 31
31 32
31 33
31 2
31 3
31 5
31 30
32 33
32 69
32 51
32 52
32 30
32 31
33 32
33 2
33 52
33 31
34 65
34 35
34 36
34 70
34 71
34 15
35 64
35 34
35 36
35 37
35 38
35 70
35 40
35 28
36 34
36 35
36 37
36 15
36 56
36 58
37 35
37 36
37 38
37 39
37 58
38 40
38 35
38 37
38 39
39 37
39 38
39 40
39 41
39 58
40 64
40 35
40 38
40 39
40 41
40 57
41 40
41 57
41 58
41 39
42 73
42 43
42 44
42 76
42 21
42 23
43 42
43 44
43 45
43 23
43 25
43 59
44 71
44 73
44 42
44 43
44 45
44 46
45 43
45 44
45 12
45 46
45 53
45 59
46 65
46 66
46 71
46 12
46 44
46 45
46 47
47 65
47 66
47 46
47 48
47 49
47 17
47 19
47 16
48 49
48 50
48 19
48 47
49 66
49 72
49 47
49 48
49 50
50 72
50 48
50 49
50 19
50 20
51 0
51 1
51 32
51 69
51 52
52 0
52 33
52 2
52 32
52 51
53 10
53 12
53 45
53 54
53 22
53 59
54 53
54 22
54 55
54 59
54 62
55 54
55 22
55 24
55 26
55 62
55 63
56 36
56 14
56 15
56 57
56 58
57 64
57 40
57 41
57 14
57 56
57 58
58 36
58 37
58 39
58 41
58 56
58 57
59 43
59 45
59 53
59 54
59 25
59 27
59 60
59 62
60 27
60 59
60 61
60 62
61 26
61 27
61 60
61 62
61 63
62 54
62 55
62 59
62 60
62 61
62 63
63 26
63 61
63 62
63 55
64 35
64 40
64 14
64 57
64 28
65 34
65 71
65 46
65 47
65 15
65 16
66 72
66 12
66 13
66 46
66 47
66 49
67 1
67 68
67 4
67 74
67 88
68 1
68 67
68 69
68 70
68 88
68 29
69 32
69 1
69 68
69 51
69 29
69 30
70 34
70 35
70 68
70 71
70 88
70 28
70 29
71 65
71 34
71 70
71 73
71 44
71 76
71 46
71 86
71 87
71 88
72 66
72 13
72 49
72 50
72 18
72 20
73 42
73 44
73 76
73 71
74 67
74 4
74 6
74 75
74 78
74 84
74 88
75 6
75 74
75 76
75 77
75 78
76 6
76 71
76 8
76 73
76 42
76 75
76 77
76 21
76 87
77 75
77 76
77 78
77 79
77 86
77 87
78 74
78 75
78 77
78 79
78 80
78 84
79 77
79 78
79 80
79 81
79 85
79 86
79 91
80 78
80 79
80 81
80 82
80 83
80 84
81 79
81 80
81 82
81 91
81 93
82 80
82 81
82 83
82 93
83 80
83 82
83 84
83 90
83 93
84 74
84 78
84 80
84 83
84 88
84 89
84 90
85 79
85 86
85 88
85 89
85 91
85 92
86 71
86 77
86 79
86 85
86 87
86 88
87 76
87 77
87 86
87 71
88 67
88 68
88 70
88 71
88 74
88 84
88 85
88 86
88 89
89 84
89 85
89 88
89 90
89 92
90 83
90 84
90 89
90 92
90 93
91 79
91 81
91 85
91 92
91 93
92 85
92 89
92 90
92 91
92 93
93 81
93 82
93 83
93 90
93 91
93 92
