0 1
0 2
0 3
0 8
0 9
0 10
1 0
1 2
1 3
1 4
1 23
2 0
2 1
2 8
2 18
2 23
2 24
2 25
2 26
2 27
3 0
3 1
3 4
3 5
3 10
3 15
4 1
4 3
4 5
4 6
4 81
4 19
4 23
5 3
5 4
5 6
5 7
5 13
5 14
5 15
6 4
6 5
6 7
6 9
6 11
6 18
6 19
6 20
6 21
7 5
7 6
7 11
7 13
7 22
8 0
8 9
8 2
8 18
9 0
9 6
9 8
9 10
9 11
9 18
10 0
10 3
10 9
10 11
10 12
10 15
10 17
11 6
11 7
11 9
11 10
11 12
11 22
12 10
12 11
12 17
12 22
12 93
13 5
13 7
13 14
13 22
13 93
14 5
14 13
14 15
14 16
14 93
15 3
15 5
15 10
15 14
15 16
15 17
16 17
16 93
16 14
16 15
17 10
17 12
17 15
17 16
17 93
18 2
18 35
18 67
18 68
18 6
18 8
18 9
18 21
18 26
18 60
19 4
19 38
19 6
19 81
19 20
20 38
20 6
20 43
20 19
20 21
20 62
21 68
21 70
21 6
21 43
21 18
21 20
21 92
22 7
22 11
22 12
22 13
22 93
23 1
23 2
23 4
23 41
23 81
23 82
23 24
24 2
24 46
24 82
24 52
24 23
24 25
25 33
25 2
25 46
25 47
25 24
25 27
26 27
26 35
26 18
26 2
27 33
27 2
27 34
27 35
27 25
27 26
28 88
28 49
28 29
28 30
29 32
29 86
29 88
29 28
29 30
29 31
30 47
30 48
30 49
30 28
30 29
30 31
31 32
31 33
31 47
31 29
31 30
32 33
32 34
32 86
32 58
32 29
32 31
33 32
33 34
33 47
33 25
33 27
33 31
34 32
34 33
34 35
34 59
34 58
34 27
35 34
35 59
35 18
35 26
35 27
35 60
36 64
36 37
36 38
36 63
37 64
37 65
37 36
37 38
37 39
37 40
38 36
38 37
38 39
38 81
38 19
38 20
38 62
38 63
39 37
39 38
39 40
39 41
39 81
40 65
40 37
40 39
40 41
40 42
40 80
41 39
41 40
41 42
41 43
41 81
41 82
41 23
42 40
42 41
42 43
42 80
42 62
43 41
43 42
43 82
43 20
43 21
43 92
43 62
44 45
44 46
44 53
44 85
44 59
44 60
44 61
45 44
45 46
45 47
45 48
45 58
45 59
46 44
46 45
46 47
46 52
46 53
46 24
46 25
47 33
47 45
47 46
47 48
47 25
47 30
47 31
48 45
48 47
48 49
48 58
48 30
49 48
49 87
49 88
49 58
49 28
49 30
50 67
50 68
50 69
50 51
50 52
50 83
50 84
51 66
51 67
51 50
51 52
51 53
51 54
52 46
52 82
52 83
52 50
52 51
52 53
52 24
53 44
53 46
53 51
53 52
53 85
53 54
53 55
54 66
54 51
54 53
54 55
54 56
55 79
55 53
55 54
55 85
55 56
55 57
56 66
56 77
56 78
56 54
56 55
56 57
57 56
57 78
57 79
57 55
58 32
58 34
58 45
58 48
58 49
58 86
58 87
58 59
59 34
59 35
59 44
59 45
59 58
59 60
60 66
60 35
60 67
60 44
60 18
60 59
60 61
61 66
61 44
61 76
61 79
61 85
61 60
62 38
62 42
62 43
62 80
62 20
62 63
63 64
63 36
63 38
63 80
63 62
64 65
64 36
64 37
64 80
64 63
65 64
65 40
65 80
65 37
66 67
66 76
66 77
66 51
66 54
66 56
66 60
66 61
67 66
67 68
67 50
67 51
67 18
67 60
68 67
68 69
68 70
68 18
68 50
68 21
69 68
69 70
69 71
69 74
69 50
69 84
70 68
70 69
70 71
70 72
70 21
70 89
70 91
70 92
71 69
71 70
71 72
71 73
71 74
72 73
72 91
72 70
72 71
73 71
73 72
73 74
73 75
73 91
74 69
74 71
74 73
74 75
74 84
74 90
75 73
75 74
75 91
75 90
76 66
76 77
76 78
76 79
76 61
77 56
77 66
77 76
77 78
78 76
78 77
78 79
78 56
78 57
79 76
79 78
79 85
79 55
79 57
79 61
80 64
80 65
80 40
80 42
80 62
80 63
81 4
81 38
81 39
81 41
81 19
81 23
82 41
82 43
82 83
82 52
82 23
82 24
82 92
83 82
83 50
83 52
83 84
83 89
83 90
83 92
84 69
84 74
84 50
84 83
84 90
85 44
85 79
85 53
85 55
85 61
86 32
86 87
86 88
86 58
86 29
87 88
87 49
87 58
87 86
88 49
88 86
88 87
88 28
88 29
89 70
89 83
89 90
89 91
89 92
90 74
90 75
90 83
90 84
90 89
90 91
91 70
91 72
91 73
91 75
91 89
91 90
92 70
92 43
92 82
92 83
92 21
92 89
93 12
93 13
93 14
93 16
93 17
93 22
