  0.462985   0.617374  -0.181307
  0.356000   0.486569  -0.008817
 -0.002567   0.443033   0.019846
 -0.017630   0.450113  -0.112439
 -0.020788   0.441573  -0.280890
  0.016063   0.441795  -0.406388
  0.270411   0.381926   0.129175
 -0.167133   0.318744   0.065183
 -0.185372   0.313520  -0.111146
 -0.184423   0.315949  -0.279972
 -0.160531   0.337729  -0.416266
  0.196389   0.223575   0.300844
 -0.290012   0.176211   0.104700
 -0.330717   0.149261  -0.110944
 -0.315646   0.177477  -0.280171
 -0.285114   0.210001  -0.426625
  0.127224   0.101190   0.423886
 -0.408814   0.091097   0.136894
 -0.445052   0.015119  -0.110816
 -0.412039   0.078694  -0.280330
 -0.391082   0.131456  -0.433557
