0 1
0 6
0 9
0 11
0 108
1 0
1 7
1 8
1 9
1 108
2 3
2 7
2 108
2 90
2 91
3 2
3 4
3 74
3 108
3 89
3 90
4 74
4 3
4 108
4 5
5 4
5 6
5 73
5 74
5 108
6 0
6 5
6 73
6 11
6 108
6 84
7 1
7 2
7 8
7 108
7 91
8 1
8 101
8 7
8 9
8 10
8 76
8 91
9 0
9 1
9 8
9 10
9 11
10 39
10 8
10 9
10 41
10 11
10 12
10 76
10 17
10 18
10 19
10 88
11 0
11 6
11 9
11 10
11 12
11 13
11 84
12 10
12 11
12 13
12 14
12 47
12 48
12 88
13 70
13 73
13 11
13 12
13 14
13 15
13 84
13 27
13 28
14 12
14 13
14 15
14 16
14 48
14 49
14 50
15 64
15 65
15 13
15 14
15 16
15 27
16 64
16 14
16 15
16 50
16 54
16 63
17 18
17 10
17 76
17 77
18 10
18 77
18 78
18 17
18 19
18 20
19 38
19 39
19 10
19 18
19 20
19 21
20 78
20 18
20 19
20 21
20 22
20 86
21 38
21 19
21 20
21 22
21 23
21 25
22 20
22 21
22 86
22 23
22 24
22 85
23 24
23 25
23 21
23 22
24 85
24 22
24 23
24 25
24 26
25 36
25 38
25 21
25 23
25 24
25 26
26 36
26 37
26 78
26 85
26 24
26 25
27 65
27 66
27 13
27 15
27 28
27 29
28 69
28 70
28 13
28 27
28 29
28 30
29 66
29 67
29 27
29 28
29 30
29 31
30 32
30 34
30 69
30 28
30 29
30 31
31 32
31 33
31 67
31 68
31 29
31 30
32 33
32 34
32 30
32 31
33 32
33 34
33 35
33 68
33 31
34 32
34 33
34 35
34 69
34 87
34 30
35 33
35 34
35 66
35 68
35 71
35 87
36 25
36 26
36 37
36 38
37 36
37 38
37 39
37 40
37 78
37 26
38 36
38 37
38 39
38 19
38 21
38 25
39 37
39 38
39 40
39 41
39 10
39 19
40 37
40 39
40 41
40 42
40 75
40 77
40 78
40 59
41 39
41 40
41 10
41 42
41 43
41 88
42 40
42 41
42 43
42 44
42 46
42 79
42 57
42 59
43 41
43 42
43 44
43 45
43 82
43 88
44 42
44 43
44 45
44 46
45 43
45 44
45 46
45 80
45 81
45 82
46 42
46 44
46 45
46 79
46 80
47 12
47 48
47 88
47 57
47 58
47 59
48 12
48 14
48 47
48 49
48 59
48 60
49 14
49 48
49 50
49 51
49 60
49 61
50 14
50 16
50 49
50 51
50 52
50 54
51 49
51 50
51 52
51 53
51 61
51 62
52 50
52 51
52 53
52 54
53 51
53 52
53 54
53 55
53 62
54 16
54 50
54 52
54 53
54 55
54 63
55 64
55 53
55 54
55 60
55 62
55 63
56 57
56 58
56 83
56 79
57 42
57 47
57 79
57 56
57 58
57 59
58 47
58 82
58 83
58 56
58 57
58 88
59 65
59 40
59 42
59 75
59 47
59 48
59 57
59 60
60 64
60 65
60 48
60 49
60 55
60 59
60 61
60 62
61 49
61 51
61 60
61 62
62 51
62 53
62 55
62 60
62 61
63 64
63 16
63 54
63 55
64 65
64 15
64 16
64 55
64 60
64 63
65 64
65 66
65 72
65 59
65 74
65 75
65 15
65 27
65 60
66 65
66 67
66 35
66 68
66 71
66 72
66 27
66 29
67 66
67 68
67 29
67 31
68 33
68 66
68 67
68 35
68 31
69 34
69 70
69 71
69 87
69 28
69 30
70 69
70 71
70 72
70 73
70 13
70 28
71 66
71 35
71 69
71 70
71 72
71 87
72 65
72 66
72 70
72 71
72 73
72 74
73 5
73 70
73 6
73 72
73 74
73 13
73 84
74 65
74 3
74 4
74 5
74 72
74 73
74 75
74 89
75 65
75 40
75 74
75 77
75 89
75 90
75 59
75 95
76 99
76 100
76 101
76 8
76 10
76 77
76 17
77 99
77 40
77 75
77 76
77 78
77 17
77 18
77 95
78 37
78 40
78 77
78 18
78 20
78 85
78 86
78 26
79 42
79 46
79 80
79 83
79 56
79 57
80 45
80 46
80 79
80 81
80 83
81 80
81 82
81 83
81 45
82 43
82 45
82 81
82 83
82 88
82 58
83 79
83 80
83 81
83 82
83 56
83 58
84 73
84 11
84 13
84 6
85 78
85 86
85 22
85 24
85 26
86 78
86 20
86 85
86 22
87 34
87 35
87 69
87 71
88 41
88 10
88 43
88 12
88 47
88 82
88 58
89 75
89 74
89 3
89 90
90 97
90 2
90 3
90 75
90 89
90 91
90 95
91 97
91 2
91 98
91 101
91 102
91 7
91 8
91 90
92 104
92 105
92 106
92 93
92 94
93 96
93 104
93 92
93 94
93 95
94 99
94 106
94 92
94 93
94 95
95 96
95 97
95 99
95 75
95 77
95 90
95 93
95 94
96 97
96 98
96 104
96 107
96 93
96 95
97 96
97 98
97 90
97 91
97 95
98 96
98 97
98 102
98 107
98 91
99 100
99 106
99 76
99 77
99 94
99 95
100 99
100 101
100 102
100 106
100 76
101 100
101 102
101 8
101 76
101 91
102 98
102 100
102 101
102 103
102 106
102 107
102 91
103 102
103 104
103 105
103 106
103 107
104 96
104 103
104 105
104 107
104 92
104 93
105 104
105 106
105 92
105 103
106 99
106 100
106 102
106 103
106 105
106 92
106 94
107 96
107 98
107 102
107 103
107 104
108 0
108 1
108 2
108 3
108 4
108 5
108 6
108 7
