 -0.471485   0.449495  -0.153998
 -0.326996   0.383974   0.011816
 -0.018483   0.411198   0.080700
  0.023240   0.378338  -0.075518
  0.029293   0.362931  -0.223779
 -0.001064   0.378213  -0.368557
 -0.211405   0.331558   0.144466
  0.151698   0.351740   0.109721
  0.183163   0.334733  -0.070787
  0.183243   0.330129  -0.227533
  0.165342   0.319636  -0.374644
 -0.174087   0.164811   0.317416
  0.308431   0.279923   0.137985
  0.344210   0.275553  -0.065205
  0.327714   0.257393  -0.229471
  0.288818   0.244368  -0.377883
 -0.086212   0.079556   0.450320
  0.432637   0.247072   0.158129
  0.472810   0.237771  -0.061256
  0.437589   0.221177  -0.231637
  0.384095   0.221881  -0.381313
