  0.471494   0.449489  -0.149367
  0.329854   0.392008   0.004937
  0.026307   0.415269   0.078593
  0.011986   0.415366  -0.066233
 -0.002749   0.411379  -0.222900
  0.026476   0.400454  -0.373255
  0.216541   0.346024   0.128379
 -0.144439   0.357155   0.106633
 -0.162028   0.343700  -0.063197
 -0.170242   0.330010  -0.230244
 -0.145323   0.325734  -0.375845
  0.180533   0.178178   0.308463
 -0.304148   0.281277   0.134911
 -0.334972   0.279777  -0.060582
 -0.320815   0.258324  -0.236929
 -0.281543   0.251530  -0.377107
  0.098963   0.078395   0.475487
 -0.431896   0.244859   0.155087
 -0.472200   0.237039  -0.058937
 -0.438086   0.220579  -0.242860
 -0.386631   0.222601  -0.379137
