-0.383577 0.669496 -0.147307 -0.529916 0.845646 0.063816
-0.396368 0.606030 0.020293 -0.678788 0.623048 0.388662
-0.474558 0.263353 0.065601 -0.950845 -0.186096 0.247512
-0.486079 0.217382 -0.155682 -0.762999 -0.639965 -0.090976
-0.471763 0.268933 -0.389040 -0.889898 -0.267817 -0.369264
-0.432951 0.437452 -0.443327 -0.690566 0.141134 -0.709366
-0.396251 0.605806 -0.349151 -0.527089 0.703457 -0.476786
-0.432819 0.440856 0.131930 -0.894608 0.246715 0.372569
-0.313065 0.418847 0.269666 -0.311051 0.609348 0.729344
-0.258067 0.582843 0.084050 0.018197 0.888738 0.458055
-0.072057 0.572057 0.089109 0.305747 0.879668 0.364283
-0.255968 0.644331 -0.151932 0.209501 0.976307 -0.054169
-0.050735 0.574249 -0.159738 0.463498 0.884108 -0.059354
-0.081129 0.545681 -0.384253 0.356363 0.837270 -0.414710
0.138406 0.441951 -0.231564 0.537673 0.831151 -0.141758
0.088496 0.428770 -0.297907 0.305265 0.244274 -0.920404
0.248752 0.348520 -0.299017 0.156132 0.430172 -0.889143
-0.062850 0.434648 0.188301 0.404571 0.308578 0.860873
0.075938 0.417449 0.170956 0.099764 0.355677 0.929269
0.138897 0.448690 0.111630 0.395738 0.908301 0.135572
0.222843 0.373125 0.197888 -0.006917 0.481990 0.876149
0.300473 0.384343 0.137938 0.377108 0.921638 0.091507
0.396767 0.300096 0.229266 0.320300 0.245221 0.915027
0.443006 0.318429 0.162333 0.687117 0.714327 0.132692
0.441092 0.244626 0.161924 0.619479 -0.781769 0.071294
0.422428 0.302565 0.083096 0.601297 0.233494 -0.764148
0.297367 0.202619 0.080807 -0.075611 -0.906072 -0.416314
0.084357 0.426720 -0.323612 0.430762 0.472902 0.768640
0.112272 0.421764 -0.393247 0.459554 0.863403 -0.208196
0.245027 0.341820 -0.333677 0.306489 0.515814 0.800001
0.280208 0.341314 -0.393120 0.497733 0.859974 -0.112722
0.382924 0.248628 -0.338556 0.570215 0.215082 0.792840
0.379852 0.281379 -0.394596 0.756410 0.638790 -0.140681
0.392531 0.207985 -0.394591 0.593852 -0.804533 0.008132
0.370805 0.237171 -0.455744 0.469819 0.172270 -0.865790
0.256100 0.173671 -0.441730 -0.272357 -0.942009 -0.196064
0.306945 0.271864 0.050146 0.069674 -0.119188 -0.990424
0.104905 0.302954 0.060712 -0.127213 -0.547120 -0.827331
0.246561 0.378831 0.056028 0.266021 0.438980 -0.858213
0.086193 0.440388 0.028599 0.429411 0.309224 -0.848520
-0.052663 0.354777 0.016295 0.139326 -0.989685 -0.033347
0.086222 0.442726 0.004054 0.349407 0.268979 0.897533
0.113120 0.285415 -0.004433 -0.294524 -0.747341 0.595598
0.247472 0.370427 0.004273 0.148867 0.472490 0.868673
0.331768 0.265539 0.019830 -0.037038 -0.094373 0.994848
0.454200 0.292247 0.008913 0.401822 0.332070 0.853387
0.333160 0.202570 -0.008460 -0.015373 -0.884814 0.465690
0.089041 0.447049 -0.136492 0.301208 0.196179 -0.933160
0.090911 0.446378 -0.167957 0.401784 0.360570 0.841759
0.253802 0.360509 -0.176400 0.266279 0.538212 0.799639
0.295716 0.364282 -0.239043 0.422067 0.902213 -0.088719
0.439232 0.268115 -0.174019 0.527760 0.330153 0.782603
0.440040 0.298806 -0.243002 0.685915 0.723832 -0.074750
0.447948 0.219934 -0.239924 0.564576 -0.825222 0.016206
0.431178 0.261561 -0.311385 0.420922 0.198068 -0.885208
0.295638 0.184982 -0.277116 -0.235526 -0.939726 -0.247876
0.335829 0.265992 -0.148178 -0.014479 -0.102490 -0.994629
0.118612 0.285586 -0.123097 -0.215206 -0.530097 -0.820173
0.247705 0.373363 -0.136516 0.145569 0.403539 -0.903308
-0.052770 0.355552 -0.137914 0.066111 -0.997709 0.014366
0.123009 0.299073 -0.156320 -0.281888 -0.684467 0.672342
0.323510 0.260032 -0.152560 0.062330 0.067359 0.995780
0.303059 0.193781 -0.168205 -0.033754 -0.841160 0.539733
0.312607 0.247528 -0.312783 -0.083839 -0.155847 -0.984217
0.117234 0.289549 -0.289074 -0.292564 -0.597690 -0.746440
-0.052873 0.343452 -0.294328 0.179087 -0.983511 0.025172
0.111859 0.284987 -0.315738 -0.273265 -0.667859 0.692308
0.282102 0.234473 -0.316649 0.079029 -0.036005 0.996222
0.268697 0.182251 -0.341321 -0.064814 -0.875469 0.478908
0.236107 0.333139 -0.449579 0.162425 0.393999 -0.904645
0.058058 0.401858 -0.453051 0.182454 0.267440 -0.946143
0.108426 0.273997 -0.435483 -0.316809 -0.586171 -0.745678
-0.058073 0.324944 -0.438122 0.021547 -0.850557 -0.525442
-0.201462 0.425299 -0.500000 -0.017049 0.186050 -0.982392
-0.302314 0.246388 -0.414379 0.113612 -0.886851 -0.447869
-0.167718 0.268251 -0.112852 0.500021 -0.854538 -0.140515
-0.138206 0.440354 0.263384 0.340586 0.501608 0.795230
-0.052566 0.337414 0.164057 0.700903 -0.647761 0.298564
0.097226 0.292539 0.170051 -0.414253 -0.766197 0.491260
0.331656 0.201216 -0.120000 -0.103894 -0.934348 -0.340881
0.481653 0.236898 -0.057084 0.598170 -0.801369 -0.000244
0.486079 0.316948 -0.062114 0.650698 0.759326 0.003914
0.306721 0.386866 -0.068917 0.360278 0.932754 0.013046
0.454482 0.292714 -0.128721 0.450351 0.270542 -0.850877
-0.264811 0.583154 -0.380475 0.104299 0.849030 -0.517947
0.284268 0.196936 0.192746 -0.066941 -0.891709 0.447631
0.280427 0.266342 0.226339 -0.190747 -0.095015 0.977030
0.261515 0.222889 -0.464391 -0.085171 -0.059633 -0.994580
0.148246 0.447405 -0.075748 0.526469 0.849099 0.043155
-0.346225 0.196600 -0.134242 0.176123 -0.972166 -0.154510
-0.373502 0.167862 -0.001444 -0.071860 -0.996591 0.040516
-0.386931 0.285571 0.200342 -0.780001 -0.318598 0.538604
-0.042764 0.102702 0.394104 0.988332 -0.133848 0.072688
-0.100757 0.047524 0.292132 0.572431 -0.645305 -0.505869
-0.083354 0.205389 0.282223 0.980202 0.002452 -0.197983
-0.131769 0.206441 0.141322 0.456266 -0.791587 -0.406463
-0.238834 0.039149 0.308045 -0.410210 -0.774615 -0.481351
-0.285578 0.200958 0.159679 -0.434405 -0.883381 -0.175869
-0.313377 0.186852 0.300532 -0.934709 -0.354950 0.018137
-0.076815 0.273578 0.216679 0.968275 0.037129 0.247114
-0.129432 0.313379 0.315471 0.357843 0.459803 0.812729
-0.284327 0.293897 0.322448 -0.310183 0.342934 0.886669
-0.255652 0.213755 0.375104 -0.447748 0.477791 0.755803
-0.231846 0.085606 0.500000 -0.239506 0.286371 0.927701
-0.153783 0.000000 0.419512 0.098321 -0.967518 0.232898
-0.085979 0.099050 0.494308 0.475763 0.128166 0.870186
-0.120798 0.231201 0.367425 0.399099 0.652843 0.643829
-0.288417 0.085845 0.426513 -0.878230 -0.394059 0.270978
-0.471485 0.449495 -0.153998 -0.975170 0.221455 -0.001478
