-0.382933 0.248626 -0.338554 -0.570214 0.215087 0.792839
-0.245030 0.341814 -0.333675 -0.306480 0.515818 0.800001
-0.280215 0.341312 -0.393119 -0.497714 0.859985 -0.112724
-0.112278 0.421758 -0.393246 -0.459556 0.863402 -0.208197
-0.084363 0.426715 -0.323610 -0.430800 0.472905 0.768617
0.081125 0.545676 -0.384252 -0.356362 0.837271 -0.414708
-0.088502 0.428765 -0.297895 -0.305265 0.244274 -0.920404
-0.138412 0.441946 -0.231561 -0.537674 0.831150 -0.141763
-0.248760 0.348514 -0.299015 -0.156109 0.430142 -0.889161
-0.295719 0.364281 -0.239040 -0.422068 0.902214 -0.088703
-0.431187 0.261554 -0.311383 -0.420887 0.198059 -0.885227
-0.440049 0.298799 -0.242999 -0.685917 0.723832 -0.074726
-0.447957 0.219926 -0.239922 -0.564572 -0.825224 0.016235
-0.439236 0.268108 -0.174016 -0.527754 0.330166 0.782602
-0.303067 0.193778 -0.168202 0.033763 -0.841146 0.539753
-0.090912 0.446377 -0.167954 -0.401821 0.360572 0.841741
-0.089047 0.447044 -0.136479 -0.301192 0.196172 -0.933167
0.050731 0.574244 -0.159734 -0.463491 0.884111 -0.059356
-0.148248 0.447409 -0.075744 -0.526462 0.849102 0.043171
-0.247713 0.373362 -0.136513 -0.145556 0.403542 -0.903309
-0.306728 0.386860 -0.068913 -0.360291 0.932748 0.013082
-0.454482 0.292712 -0.128717 -0.450367 0.270549 -0.850866
-0.486079 0.316947 -0.062110 -0.650709 0.759317 0.003895
-0.481657 0.236891 -0.057080 -0.598190 -0.801355 -0.000291
-0.454209 0.292240 0.008918 -0.401833 0.332068 0.853382
-0.333164 0.202562 -0.008456 0.015377 -0.884826 0.465667
-0.118618 0.285579 -0.123093 0.215208 -0.530072 -0.820189
0.052766 0.355550 -0.137910 -0.066130 -0.997708 0.014354
-0.123015 0.299071 -0.156316 0.281884 -0.684458 0.672353
-0.253804 0.360502 -0.176397 -0.266286 0.538219 0.799633
-0.323518 0.260030 -0.152557 -0.062333 0.067363 0.995779
-0.117235 0.289542 -0.289072 0.292561 -0.597680 -0.746450
0.052868 0.343445 -0.294326 -0.179101 -0.983508 0.025183
-0.111860 0.284985 -0.315737 0.273248 -0.667844 0.692330
-0.282114 0.234471 -0.316647 -0.079027 -0.036004 0.996222
-0.268704 0.182248 -0.341320 0.064802 -0.875438 0.478966
-0.086199 0.440383 0.028605 -0.429416 0.309228 -0.848516
-0.246568 0.378825 0.056033 -0.266032 0.438954 -0.858223
-0.138904 0.448685 0.111636 -0.395733 0.908301 0.135594
-0.300476 0.384337 0.137944 -0.377103 0.921640 0.091503
-0.422432 0.302558 0.083102 -0.601283 0.233467 -0.764168
-0.443015 0.318427 0.162339 -0.687107 0.714341 0.132667
-0.441101 0.244618 0.161935 -0.619477 -0.781775 0.071246
-0.396776 0.300089 0.229273 -0.320286 0.245251 0.915024
-0.284276 0.196928 0.192758 0.066949 -0.891705 0.447637
0.373501 0.167854 -0.001439 0.071928 -0.996590 0.040439
0.167720 0.268244 -0.112848 -0.500054 -0.854506 -0.140591
0.346223 0.196592 -0.134229 -0.176126 -0.972165 -0.154513
0.302312 0.246381 -0.414369 -0.113610 -0.886852 -0.447868
0.058074 0.324937 -0.438116 -0.021551 -0.850559 -0.525438
-0.108432 0.273990 -0.435477 0.316803 -0.586169 -0.745682
-0.392535 0.207977 -0.394590 -0.593854 -0.804531 0.008158
-0.379860 0.281376 -0.394595 -0.756432 0.638758 -0.140707
-0.370813 0.237163 -0.455743 -0.469794 0.172228 -0.865813
-0.236114 0.333132 -0.449569 -0.162408 0.393982 -0.904656
-0.058064 0.401852 -0.453050 -0.182461 0.267412 -0.946150
0.201459 0.425293 -0.500000 0.017050 0.186028 -0.982397
0.264809 0.583150 -0.380474 -0.104302 0.849037 -0.517936
0.313063 0.418841 0.269673 0.311010 0.609367 0.729345
0.072058 0.572053 0.089115 -0.305744 0.879668 0.364286
0.138202 0.440349 0.263392 -0.340523 0.501728 0.795181
0.062845 0.434647 0.188307 -0.404586 0.308600 0.860858
-0.075934 0.417444 0.170963 -0.099772 0.355699 0.929260
0.052561 0.337407 0.164068 -0.701333 -0.647432 0.298266
-0.097232 0.292532 0.170062 0.414245 -0.766207 0.491251
-0.222850 0.373119 0.197895 0.006904 0.482003 0.876143
-0.086228 0.442720 0.004059 -0.349394 0.268974 0.897539
-0.113121 0.285408 -0.004429 0.294530 -0.747353 0.595580
0.052669 0.354771 0.016300 -0.139339 -0.989683 -0.033358
-0.104906 0.302957 0.060718 0.127196 -0.547128 -0.827328
-0.306952 0.271857 0.050161 -0.069670 -0.119196 -0.990423
-0.297365 0.202616 0.080813 0.075626 -0.906063 -0.416330
0.255966 0.644328 -0.151919 -0.209501 0.976307 -0.054168
-0.280434 0.266340 0.226346 0.190733 -0.094983 0.977036
-0.261522 0.222882 -0.464391 0.085190 -0.059632 -0.994579
-0.256102 0.173663 -0.441720 0.272358 -0.942014 -0.196037
-0.331776 0.265532 0.019835 0.037037 -0.094401 0.994845
-0.247474 0.370421 0.004283 -0.148870 0.472481 0.868677
-0.331664 0.201213 -0.119996 0.103889 -0.934339 -0.340907
-0.335837 0.265990 -0.148175 0.014478 -0.102489 -0.994629
-0.295646 0.184974 -0.277113 0.235533 -0.939727 -0.247867
-0.312610 0.247525 -0.312771 0.083837 -0.155847 -0.984217
0.258065 0.582839 0.084056 -0.018181 0.888734 0.458062
0.231844 0.085602 0.500000 0.239076 0.286628 0.927732
0.085979 0.099051 0.494313 -0.475755 0.128208 0.870184
0.153779 0.000000 0.419511 -0.098927 -0.967390 0.233175
0.042760 0.102703 0.394103 -0.988337 -0.133815 0.072694
0.100758 0.047524 0.292140 -0.572683 -0.645219 -0.505694
0.383580 0.669492 -0.147303 0.529923 0.845640 0.063822
0.396250 0.605802 -0.349150 0.530916 0.701885 -0.474853
0.471763 0.268931 -0.389039 0.891939 -0.264252 -0.366899
0.486079 0.217375 -0.155678 0.763083 -0.639866 -0.090974
0.474558 0.263345 0.065606 0.949926 -0.188765 0.249013
0.432818 0.440850 0.131936 0.893256 0.246754 0.375773
0.396367 0.606021 0.020298 0.675836 0.624953 0.390742
0.076689 0.273556 0.216783 -0.968206 0.037288 0.247359
0.129433 0.313377 0.315464 -0.357434 0.459812 0.812905
0.120805 0.231198 0.367419 -0.398972 0.652790 0.643962
0.255650 0.213752 0.375103 0.447682 0.477850 0.755804
0.288347 0.085758 0.426683 0.878234 -0.393976 0.271084
0.131682 0.206399 0.141392 -0.456271 -0.791563 -0.406504
0.238753 0.039037 0.308165 0.410279 -0.774587 -0.481338
0.285498 0.200912 0.159749 0.434317 -0.883383 -0.176076
0.386867 0.285549 0.200437 0.779979 -0.318695 0.538578
0.284325 0.293891 0.322442 0.310030 0.342946 0.886718
0.083355 0.205386 0.282221 -0.980258 0.002179 -0.197711
0.432955 0.437447 -0.443326 0.694931 0.142190 -0.704878
0.313380 0.186849 0.300525 0.934697 -0.354992 0.017962
0.471494 0.449489 -0.149367 0.975170 0.221451 -0.001472
