0 1
0 2
0 35
0 34
0 51
0 52
1 0
1 33
1 2
1 3
1 4
1 34
2 0
2 1
2 3
2 52
2 53
2 54
3 1
3 2
3 4
3 5
3 54
3 55
4 32
4 1
4 33
4 3
4 5
4 6
5 3
5 4
5 6
5 7
5 72
5 17
5 55
5 56
5 57
6 32
6 4
6 5
6 7
6 8
6 31
7 5
7 6
7 8
7 9
7 15
7 17
7 29
8 6
8 7
8 9
8 10
8 81
8 31
9 7
9 8
9 10
9 11
9 13
9 29
10 8
10 9
10 11
10 12
10 80
10 81
11 9
11 10
11 12
11 13
12 10
12 11
12 13
12 14
12 80
13 9
13 11
13 12
13 14
13 29
13 30
14 12
14 13
14 80
14 28
14 30
15 7
15 16
15 17
15 27
15 28
15 29
16 15
16 17
16 18
16 19
16 26
16 27
17 5
17 7
17 72
17 15
17 16
17 18
17 59
18 66
18 77
18 16
18 17
18 19
18 20
18 59
19 79
19 16
19 18
19 20
19 21
19 26
20 77
20 18
20 19
20 21
20 22
20 24
21 78
21 79
21 19
21 20
21 22
21 23
22 24
22 20
22 21
22 23
23 78
23 21
23 22
23 24
23 25
24 76
24 77
24 20
24 22
24 23
24 25
25 67
25 76
25 78
25 23
25 24
26 67
26 78
26 79
26 16
26 19
26 27
27 32
27 67
27 68
27 46
27 15
27 16
27 26
27 28
28 32
28 14
28 15
28 80
28 27
28 29
28 30
28 31
29 7
29 9
29 13
29 15
29 28
29 30
30 13
30 28
30 29
30 14
31 32
31 6
31 8
31 80
31 81
31 28
32 33
32 4
32 6
32 46
32 48
32 49
32 27
32 28
32 31
33 32
33 1
33 34
33 35
33 4
33 75
33 49
33 50
34 0
34 1
34 35
34 33
35 0
35 33
35 34
35 75
35 51
36 66
36 68
36 69
36 37
36 38
36 59
37 36
37 69
37 38
37 39
37 40
37 70
38 65
38 36
38 37
38 39
38 59
38 62
39 65
39 37
39 38
39 40
39 41
39 43
40 37
40 70
40 71
40 39
40 41
40 42
41 40
41 42
41 43
41 39
42 71
42 40
42 41
42 43
42 44
43 65
43 39
43 73
43 41
43 42
43 44
44 64
44 71
44 73
44 42
44 43
45 100
45 102
45 103
45 46
45 47
45 91
45 92
46 32
46 68
46 100
46 45
46 47
46 48
46 27
46 63
47 48
47 91
47 45
47 46
48 32
48 106
48 46
48 47
48 49
48 56
48 90
48 91
49 32
49 33
49 48
49 50
49 55
49 56
50 33
50 74
50 75
50 49
50 54
50 55
51 0
51 35
51 75
51 52
51 53
52 0
52 2
52 51
52 53
53 2
53 74
53 75
53 51
53 52
53 54
54 2
54 3
54 74
54 50
54 53
54 55
55 3
55 5
55 49
55 50
55 54
55 56
56 89
56 5
56 106
56 48
56 49
56 55
56 57
57 56
57 89
57 72
57 5
58 103
58 104
58 82
58 59
58 60
58 93
58 94
59 66
59 36
59 38
59 72
59 17
59 82
59 18
59 58
59 60
59 61
59 62
60 96
60 104
60 63
60 58
60 59
60 61
60 95
61 59
61 60
61 62
61 63
62 64
62 65
62 38
62 59
62 61
62 63
63 64
63 68
63 100
63 46
63 60
63 61
63 62
63 95
64 65
64 68
64 69
64 71
64 73
64 44
64 62
64 63
65 64
65 38
65 39
65 73
65 43
65 62
66 67
66 36
66 68
66 77
66 18
66 59
67 66
67 68
67 76
67 77
67 78
67 25
67 26
67 27
68 64
68 66
68 67
68 36
68 69
68 46
68 27
68 63
69 64
69 36
69 37
69 70
69 71
69 68
70 40
70 37
70 69
70 71
71 64
71 69
71 70
71 40
71 42
71 44
72 89
72 5
72 17
72 82
72 88
72 57
72 59
73 64
73 65
73 43
73 44
74 50
74 75
74 53
74 54
75 33
75 35
75 74
75 50
75 51
75 53
76 24
76 25
76 67
76 77
77 66
77 67
77 76
77 18
77 20
77 24
78 67
78 79
78 21
78 23
78 25
78 26
79 26
79 19
79 21
79 78
80 10
80 12
80 14
80 81
80 28
80 31
81 80
81 8
81 10
81 31
82 72
82 88
82 58
82 59
82 94
83 97
83 98
83 99
83 84
83 85
84 97
84 83
84 85
84 86
85 99
85 101
85 83
85 84
85 86
85 87
86 97
86 105
86 84
86 85
86 87
87 100
87 101
87 105
87 85
87 86
88 72
88 108
88 82
88 89
88 94
89 72
89 106
89 108
89 88
89 57
89 56
90 48
90 106
90 91
90 108
91 108
91 45
91 47
91 48
91 90
91 92
92 103
92 108
92 45
92 91
92 93
93 103
93 108
93 58
93 92
93 94
94 108
94 82
94 88
94 58
94 93
95 96
95 97
95 100
95 105
95 60
95 63
96 97
96 98
96 104
96 60
96 95
97 96
97 98
97 105
97 83
97 84
97 86
97 95
98 96
98 97
98 99
98 103
98 104
98 107
98 83
99 98
99 101
99 107
99 83
99 85
100 101
100 102
100 105
100 45
100 46
100 87
100 63
100 95
101 99
101 100
101 102
101 107
101 85
101 87
102 100
102 101
102 103
102 107
102 45
103 98
103 102
103 104
103 107
103 45
103 58
103 92
103 93
104 96
104 98
104 103
104 58
104 60
105 97
105 100
105 86
105 87
105 95
106 108
106 48
106 56
106 89
106 90
107 98
107 99
107 101
107 102
107 103
108 106
108 88
108 89
108 90
108 91
108 92
108 93
108 94
