 -0.349351   0.396854  -0.054142
 -0.256376   0.309946   0.085515
  0.005022   0.288326   0.117606
  0.001454   0.287883  -0.009227
  0.004549   0.291021  -0.131412
 -0.035766   0.315912  -0.244171
 -0.181996   0.240418   0.197241
  0.161659   0.191165   0.113106
  0.173329   0.192786  -0.015895
  0.158342   0.206541  -0.132942
  0.104879   0.239879  -0.252516
 -0.097601   0.158995   0.316825
  0.306436   0.096515   0.108709
  0.328567   0.089057  -0.022903
  0.302801   0.114080  -0.134873
  0.220967   0.170835  -0.259798
 -0.010132   0.113253   0.422437
  0.446346   0.020660   0.105226
  0.486954   0.009730  -0.028592
  0.449367   0.058188  -0.135219
  0.332285   0.108484  -0.266532
