  0.349350   0.396872  -0.054701
  0.252306   0.305426   0.088472
  0.009559   0.285648   0.113434
  0.005807   0.289491  -0.007820
 -0.005737   0.291928  -0.133034
  0.030695   0.310274  -0.243336
  0.174670   0.232270   0.203010
 -0.159147   0.193993   0.117234
 -0.171516   0.195237  -0.011384
 -0.162502   0.204390  -0.135731
 -0.111608   0.235035  -0.252335
  0.091307   0.156003   0.323260
 -0.308651   0.095809   0.120095
 -0.327819   0.087778  -0.015736
 -0.305694   0.113501  -0.138726
 -0.226714   0.171405  -0.259784
  0.003054   0.114021   0.402689
 -0.456675   0.025138   0.123723
 -0.486869   0.011401  -0.018519
 -0.451286   0.058013  -0.140030
 -0.335177   0.105994  -0.267189
