0 1
0 2
0 85
0 86
1 0
1 2
1 3
1 4
1 85
2 0
2 1
2 3
2 103
2 86
3 1
3 2
3 4
3 5
3 103
3 74
3 81
4 1
4 3
4 5
4 6
4 76
4 85
4 91
5 3
5 4
5 6
5 7
5 73
5 74
5 61
6 4
6 5
6 7
6 8
6 75
6 76
6 13
6 60
7 5
7 6
7 8
7 9
7 61
7 62
8 6
8 7
8 9
8 10
8 16
8 60
9 38
9 7
9 8
9 10
9 11
9 62
9 63
10 8
10 9
10 11
10 12
10 16
10 59
11 38
11 39
11 9
11 10
11 75
11 12
11 13
12 10
12 11
12 13
12 14
12 58
12 59
13 6
13 11
13 12
13 75
13 14
13 15
13 60
14 12
14 13
14 15
14 16
14 58
15 16
15 60
15 13
15 14
16 8
16 10
16 14
16 15
16 58
16 59
16 60
17 80
17 18
17 19
17 45
18 45
18 46
18 17
18 19
18 20
18 21
19 64
19 80
19 17
19 18
19 20
20 64
20 18
20 19
20 51
20 21
20 22
21 46
21 18
21 20
21 53
21 22
21 23
21 55
22 65
22 51
22 20
22 21
22 52
22 23
22 24
23 21
23 22
23 53
23 24
23 25
23 61
24 65
24 22
24 23
24 25
24 26
25 23
25 24
25 26
25 27
25 61
26 65
26 67
26 24
26 25
26 27
27 25
27 26
27 38
27 39
27 40
27 41
27 61
27 62
27 63
27 67
27 78
27 87
27 105
27 106
27 107
27 108
27 109
27 110
27 111
27 112
28 96
28 36
28 30
28 29
28 94
29 32
29 96
29 95
29 28
29 93
29 30
29 31
30 36
30 37
30 43
30 44
30 28
30 29
30 31
31 32
31 33
31 41
31 43
31 29
31 30
32 33
32 34
32 93
32 92
32 29
32 31
33 32
33 34
33 35
33 41
33 54
33 87
33 31
34 32
34 33
34 35
34 36
34 92
34 94
35 33
35 34
35 36
35 37
35 53
35 54
36 34
36 35
36 37
36 94
36 28
36 30
37 35
37 36
37 73
37 44
37 53
37 30
38 39
38 9
38 11
38 27
38 63
39 38
39 40
39 91
39 11
39 75
39 76
39 27
40 97
40 102
40 39
40 27
40 41
40 42
40 89
40 91
41 33
41 40
41 42
41 43
41 87
41 27
41 31
42 40
42 41
42 43
42 44
42 89
42 90
43 41
43 42
43 44
43 30
43 31
44 37
44 71
44 104
44 73
44 42
44 43
44 90
44 30
45 46
45 47
45 80
45 17
45 18
46 45
46 47
46 48
46 18
46 21
46 55
47 45
47 46
47 79
47 48
47 49
47 80
48 46
48 47
48 49
48 50
48 55
48 57
49 64
49 47
49 48
49 79
49 50
49 51
50 66
50 77
50 48
50 49
50 51
50 52
50 56
50 57
51 64
51 49
51 50
51 52
51 20
51 22
52 65
52 66
52 50
52 51
52 22
53 35
53 37
53 73
53 23
53 21
53 54
53 55
53 61
54 33
54 35
54 53
54 87
54 55
54 56
55 46
55 48
55 21
55 53
55 54
55 56
55 57
56 77
56 50
56 55
56 54
56 87
56 57
57 56
57 50
57 48
57 55
58 16
58 59
58 12
58 14
59 16
59 58
59 10
59 12
60 6
60 8
60 13
60 15
60 16
61 5
61 7
61 73
61 53
61 23
61 25
61 27
61 62
62 7
62 9
62 27
62 61
62 63
63 38
63 9
63 27
63 62
64 79
64 80
64 49
64 51
64 19
64 20
65 66
65 67
65 52
65 22
65 24
65 26
66 65
66 67
66 77
66 50
66 52
67 65
67 66
67 77
67 78
67 26
67 27
68 88
68 101
68 69
68 70
69 68
69 70
69 71
69 72
69 88
70 100
70 101
70 68
70 69
70 71
71 100
71 69
71 70
71 72
71 73
71 104
71 44
72 69
72 102
72 71
72 73
72 74
72 88
72 89
73 5
73 37
73 71
73 72
73 74
73 44
73 53
73 61
74 97
74 3
74 5
74 102
74 72
74 73
74 81
74 82
75 6
75 39
75 11
75 76
75 13
76 4
76 6
76 39
76 75
76 91
77 66
77 67
77 78
77 50
77 87
77 56
78 27
78 67
78 77
78 87
79 64
79 49
79 80
79 47
80 64
80 45
80 79
80 47
80 17
80 19
81 3
81 103
81 74
81 82
81 83
82 97
82 74
82 81
82 83
82 84
82 85
82 91
83 81
83 82
83 84
83 103
84 103
84 82
84 83
84 85
84 86
85 0
85 1
85 4
85 82
85 84
85 86
85 91
86 0
86 2
86 103
86 84
86 85
87 33
87 41
87 77
87 78
87 54
87 56
87 27
88 99
88 68
88 69
88 101
88 72
88 89
88 90
89 102
89 40
89 72
89 42
89 88
89 90
90 98
90 99
90 104
90 42
90 44
90 88
90 89
91 97
91 4
91 39
91 40
91 76
91 82
91 85
92 32
92 34
92 93
92 94
93 32
93 92
93 29
93 94
93 95
94 96
94 34
94 36
94 92
94 28
94 93
94 95
95 96
95 29
95 93
95 94
96 28
96 29
96 94
96 95
97 102
97 40
97 74
97 82
97 91
98 104
98 90
98 99
98 100
99 98
99 100
99 101
99 88
99 90
100 98
100 99
100 101
100 70
100 71
100 104
101 99
101 100
101 68
101 70
101 88
102 97
102 40
102 72
102 74
102 89
103 2
103 3
103 81
103 83
103 84
103 86
104 98
104 100
104 71
104 44
104 90
105 112
105 106
105 27
106 105
106 27
106 108
107 27
107 108
107 109
108 107
108 106
108 27
109 27
109 107
109 111
110 112
110 27
110 111
111 27
111 109
111 110
112 105
112 27
112 110
