-0.354448 0.078148 -0.175070 -0.096633 -0.002206 -0.995318
-0.201107 0.174102 -0.185157 0.136400 -0.275592 -0.951548
-0.347443 0.041145 -0.155285 0.313707 -0.749366 -0.583128
-0.135858 0.163747 -0.142067 0.490466 -0.869526 -0.058035
-0.050259 0.266596 -0.191943 0.009440 -0.279949 -0.959968
0.029724 0.241036 -0.141124 0.061183 -0.994957 -0.079482
-0.048760 0.266756 -0.210398 -0.058607 -0.501271 0.863303
0.033252 0.247342 -0.258447 0.121881 -0.976221 -0.179271
-0.122572 0.173126 -0.259642 0.450376 -0.890574 -0.063557
-0.050082 0.275672 -0.305443 0.065987 -0.192547 -0.979067
-0.189581 0.186327 -0.305081 0.116649 -0.268516 -0.956186
-0.094443 0.298042 -0.286264 -0.421692 0.780858 -0.460909
-0.243330 0.197962 -0.287535 -0.521393 0.652723 -0.549638
-0.249644 0.197979 -0.236860 -0.502655 0.646519 0.573891
-0.355576 0.107261 -0.247325 -0.728391 0.393109 0.561170
-0.266171 0.132107 -0.227228 -0.080926 -0.224757 0.971049
-0.277403 0.103068 -0.261141 0.342725 -0.939009 -0.028316
0.017895 0.085902 0.363544 -0.533180 -0.822984 -0.196001
0.073774 0.111404 0.279343 -0.440411 -0.663624 -0.604682
0.062997 0.071783 0.395984 0.036088 -0.998543 0.040122
0.127742 0.095702 0.312692 0.419019 -0.904955 -0.074019
0.123389 0.151202 0.217613 -0.443126 -0.636477 -0.631297
0.181566 0.134616 0.251576 0.342186 -0.938794 -0.039679
0.154877 0.172065 0.166323 -0.257390 -0.893408 -0.368203
0.251017 0.157702 0.156531 0.248972 -0.967897 -0.034468
0.320619 0.181149 0.061393 0.377608 -0.773556 -0.508943
0.393285 0.222580 0.123140 0.886908 -0.456077 -0.073408
0.349354 0.396868 -0.054700 0.002582 0.613516 -0.789678
-0.209249 0.149172 0.069097 0.237932 -0.418614 -0.876442
-0.274599 0.172485 0.090852 -0.466459 0.618878 -0.631986
-0.059167 0.246903 0.066260 0.014575 -0.271440 -0.962345
-0.127691 0.277188 0.093395 -0.552752 0.828476 -0.089959
-0.274161 0.167080 0.149308 -0.468738 0.625460 0.623766
-0.114995 0.266344 0.157028 -0.407293 0.696882 0.590311
-0.209880 0.148929 0.168141 0.151240 -0.319730 0.935360
-0.054612 0.246550 0.179996 0.036770 -0.503164 0.863408
-0.145388 0.139507 0.120514 0.485197 -0.874391 -0.004969
0.025228 0.221048 0.120194 0.033976 -0.999244 -0.018901
0.164441 0.416847 -0.274831 0.090329 0.772876 -0.628095
0.148630 0.440244 -0.198274 -0.215246 0.962738 -0.163719
0.142349 0.452427 -0.074477 -0.295961 0.954900 0.023940
0.136758 0.430915 0.062261 -0.228419 0.943895 0.238509
-0.132456 0.283915 0.020989 -0.524077 0.813861 0.250944
-0.074927 0.315900 0.056636 -0.725697 0.677896 0.117562
-0.059124 0.246028 0.050078 -0.062211 -0.531323 0.844882
-0.008466 0.125877 0.363250 -0.897066 -0.189309 -0.399293
0.051236 0.191943 0.274991 -0.826925 0.075198 -0.557261
-0.005519 0.156683 0.403124 -0.609189 0.743803 0.275037
0.060623 0.220661 0.309526 -0.478863 0.842473 0.246840
0.109505 0.199975 0.355462 0.244131 0.698633 0.672541
0.151324 0.230006 0.315908 0.220671 0.496068 0.839774
0.152772 0.141326 0.348213 0.763272 -0.174014 0.622202
0.200939 0.165910 0.302117 0.632825 -0.328465 0.701173
0.119070 0.202324 0.172898 -0.248336 -0.968651 -0.006655
0.090916 0.296215 0.204807 -0.358321 0.128758 0.924677
0.096573 0.230570 0.219945 -0.950675 0.107523 -0.290955
0.121983 0.308592 0.233441 -0.375826 0.609827 0.697758
0.102837 0.259785 0.267607 -0.601080 0.719844 0.347171
-0.355214 0.102016 -0.279537 -0.439558 -0.090729 -0.893620
-0.265237 0.134136 -0.294490 -0.014919 -0.262969 -0.964689
-0.196948 0.177167 -0.217925 0.169444 -0.419239 0.891924
0.222526 0.244815 -0.071976 0.212301 -0.942657 -0.257538
0.235028 0.278307 -0.271202 0.543410 -0.691561 -0.475866
0.194835 0.358383 -0.301991 0.470763 0.217464 -0.855039
0.075492 0.105510 0.438712 0.664544 -0.196737 0.720886
0.297045 0.194090 0.212696 0.585746 -0.714363 0.382867
0.303806 0.235959 0.242105 0.507031 0.038476 0.861069
0.380295 0.288208 0.197382 0.798134 0.380703 0.466956
-0.398236 0.040118 -0.065679 -0.108819 0.078424 -0.990963
-0.208297 0.163224 -0.066588 0.183891 -0.280857 -0.941968
-0.394439 0.002601 -0.046778 0.375164 -0.717058 -0.587435
-0.138661 0.153610 -0.016712 0.497925 -0.866897 -0.023689
-0.052162 0.250634 -0.069156 0.023719 -0.265130 -0.963921
0.022720 0.230360 -0.009590 0.036739 -0.994619 -0.096867
-0.052179 0.252300 -0.082703 -0.032995 -0.504463 0.862803
-0.103258 0.298152 -0.230284 -0.539113 0.800714 0.261179
-0.057828 0.327703 -0.200960 -0.708700 0.694632 -0.123408
0.224260 0.301225 0.256872 0.148316 0.500649 0.852850
0.277798 0.353542 0.213513 0.311191 0.866253 0.390853
0.040071 0.144744 0.441195 0.072709 0.644466 0.761168
0.014452 0.111757 0.439234 -0.623590 -0.537404 0.567743
-0.207127 0.167122 -0.090423 0.182153 -0.330507 0.926059
-0.266634 0.198829 -0.111404 -0.428438 0.611815 0.664923
-0.353925 0.078703 -0.095946 -0.130181 0.039434 0.990706
-0.461246 0.057739 -0.119461 -0.635300 0.542691 0.549437
-0.263359 0.202138 -0.163806 -0.436967 0.587022 -0.681517
-0.460909 0.056123 -0.159672 -0.520564 -0.041191 -0.852829
0.137011 0.383507 0.179869 -0.061169 0.871844 0.485950
-0.270979 0.190402 -0.045473 -0.463323 0.627483 -0.625777
-0.128011 0.288175 -0.042374 -0.552194 0.784909 -0.281069
-0.273547 0.186277 0.012317 -0.479816 0.587728 0.651423
-0.112132 0.299457 -0.172258 -0.515794 0.829392 -0.214626
-0.354448 0.040471 0.157727 -0.039968 -0.143126 0.988897
-0.467148 0.024037 0.139667 -0.613182 0.488523 0.620768
-0.380977 0.000000 0.120808 0.400340 -0.915580 -0.037973
-0.466719 0.027051 0.097175 -0.491105 0.153978 -0.857384
-0.351172 0.048192 0.077575 -0.037266 -0.148637 -0.988189
-0.117857 0.296518 -0.110848 -0.536230 0.766407 0.353664
-0.396409 0.036169 0.015921 -0.152210 0.000973 0.988348
-0.500000 0.006618 -0.008158 -0.662327 0.572884 0.482832
-0.393530 0.000631 -0.005978 0.336853 -0.811080 0.478204
-0.499672 0.005203 -0.047097 -0.582919 0.152082 -0.798170
-0.070044 0.326785 -0.077382 -0.756422 0.653474 -0.028235
-0.347182 0.041431 -0.115723 0.283856 -0.812300 0.509503
-0.210865 0.158930 0.036220 0.162899 -0.373189 0.913342
0.197403 0.627211 -0.328082 -0.861453 -0.505035 0.053286
0.145481 0.727712 -0.055012 -0.009875 -0.005143 0.999938
0.322740 0.384609 0.331156 -0.885887 -0.457693 -0.075642
0.197403 0.627211 0.218051 -0.288706 0.646134 -0.706512
0.448078 0.142016 0.218051 0.303128 -0.639095 -0.706874
0.448095 0.142016 -0.328082 -0.289067 0.645929 -0.706552
0.500000 0.041524 -0.055012 -0.009914 -0.005080 0.999938
0.322740 0.384609 -0.441195 0.418311 -0.908304 0.000005
