0 1
0 2
0 4
0 98
1 0
1 2
1 3
1 4
2 0
2 1
2 98
2 3
2 47
2 48
2 49
3 1
3 2
3 4
3 5
3 47
4 0
4 1
4 98
4 3
4 5
4 6
5 3
5 4
5 6
5 7
5 47
5 48
5 50
6 98
6 4
6 5
6 7
6 8
6 77
6 79
7 5
7 6
7 8
7 9
7 50
8 34
8 6
8 7
8 9
8 10
8 77
8 86
9 7
9 8
9 10
9 11
9 50
10 8
10 9
10 11
10 12
10 82
10 84
10 86
11 68
11 9
11 10
11 12
11 13
11 50
11 52
12 101
12 102
12 10
12 11
12 13
12 14
12 82
13 68
13 11
13 12
13 14
13 90
14 90
14 101
14 12
14 13
15 16
15 17
15 44
15 46
16 99
16 46
16 15
16 17
16 18
16 19
17 42
17 44
17 15
17 16
17 18
18 40
18 42
18 16
18 17
18 19
18 20
19 67
19 99
19 16
19 18
19 20
19 21
19 92
20 37
20 38
20 40
20 18
20 19
20 21
20 22
21 67
21 19
21 20
21 23
21 54
21 22
21 53
21 55
22 33
22 37
22 20
22 21
22 23
22 24
23 104
23 21
23 22
23 55
23 24
23 25
24 32
24 33
24 22
24 23
24 25
24 26
24 31
25 71
25 104
25 23
25 24
25 26
25 27
26 24
26 25
26 27
26 28
26 30
26 31
27 25
27 26
27 28
27 71
28 71
28 26
28 27
28 29
28 30
29 72
29 28
29 30
29 71
30 72
30 73
30 56
30 26
30 28
30 29
30 31
31 32
31 26
31 24
31 57
31 56
31 30
32 33
32 34
32 86
32 24
32 57
32 59
32 31
33 32
33 34
33 35
33 37
33 74
33 22
33 24
34 8
34 32
34 33
34 35
34 36
34 53
34 65
34 66
34 77
34 78
34 80
34 86
34 105
34 106
34 107
34 108
34 109
34 110
34 111
34 112
35 33
35 34
35 36
35 74
36 65
36 34
36 35
36 74
36 75
36 94
37 33
37 38
37 39
37 74
37 20
37 22
38 40
38 20
38 37
38 39
39 100
39 37
39 38
39 40
39 41
39 74
39 75
39 76
40 38
40 39
40 41
40 42
40 18
40 20
41 100
41 39
41 40
41 42
41 43
41 45
42 40
42 41
42 43
42 44
42 17
42 18
43 41
43 42
43 44
43 45
44 42
44 43
44 45
44 46
44 15
44 17
45 99
45 100
45 41
45 43
45 44
45 46
46 99
46 44
46 45
46 15
46 16
47 48
47 2
47 3
47 5
48 2
48 5
48 47
48 49
48 50
49 2
49 98
49 79
49 48
49 50
49 51
50 5
50 7
50 9
50 11
50 48
50 49
50 51
50 52
51 79
51 80
51 49
51 50
51 52
51 53
52 68
52 69
52 11
52 50
52 51
52 53
52 54
53 34
53 66
53 67
53 80
53 51
53 52
53 21
53 54
54 69
54 70
54 52
54 21
54 53
54 55
54 58
54 63
55 104
55 21
55 54
55 23
55 56
55 58
56 104
56 73
56 55
56 57
56 58
56 30
56 31
57 32
57 56
57 58
57 59
57 31
58 70
58 88
58 54
58 55
58 56
58 57
58 59
58 60
59 32
59 86
59 57
59 58
59 60
59 61
60 97
60 87
60 88
60 58
60 59
60 61
60 62
61 85
61 86
61 59
61 60
61 62
61 63
62 64
62 96
62 97
62 63
62 60
62 61
62 95
63 64
63 69
63 70
63 85
63 54
63 61
63 62
64 70
64 103
64 63
64 62
64 95
65 34
65 66
65 36
65 93
65 94
66 65
66 34
66 67
66 53
66 93
67 66
67 19
67 21
67 53
67 92
67 93
68 69
68 11
68 13
68 83
68 52
68 90
68 91
69 68
69 82
69 83
69 52
69 84
69 54
69 85
69 63
70 64
70 103
70 54
70 88
70 89
70 58
70 63
71 72
71 73
71 104
71 25
71 27
71 28
71 29
72 73
72 29
72 30
72 71
73 71
73 72
73 104
73 56
73 30
74 33
74 35
74 36
74 37
74 39
74 75
75 36
75 39
75 74
75 76
75 94
76 100
76 39
76 75
76 92
76 94
77 34
77 6
77 8
77 78
77 79
78 80
78 34
78 77
78 79
79 98
79 6
79 77
79 78
79 80
79 49
79 51
80 34
80 78
80 79
80 51
80 53
81 91
81 82
81 83
81 102
82 69
82 102
82 10
82 12
82 81
82 83
82 84
83 68
83 69
83 81
83 82
83 91
84 69
84 10
84 82
84 85
84 86
85 69
85 84
85 86
85 61
85 63
86 32
86 34
86 8
86 10
86 84
86 85
86 59
86 61
87 88
87 89
87 60
87 97
88 70
88 87
88 89
88 58
88 60
89 96
89 97
89 70
89 103
89 87
89 88
90 68
90 101
90 13
90 14
90 91
91 68
91 101
91 102
91 81
91 83
91 90
92 99
92 67
92 100
92 76
92 19
92 93
92 94
93 65
93 66
93 67
93 92
93 94
94 65
94 36
94 75
94 76
94 92
94 93
95 64
95 96
95 62
95 103
96 97
96 103
96 89
96 62
96 95
97 96
97 87
97 89
97 60
97 62
98 0
98 2
98 4
98 6
98 79
98 49
99 100
99 45
99 46
99 16
99 19
99 92
100 99
100 39
100 41
100 76
100 45
100 92
101 102
101 12
101 14
101 90
101 91
102 101
102 12
102 81
102 82
102 91
103 64
103 96
103 70
103 89
103 95
104 71
104 73
104 55
104 23
104 56
104 25
105 34
105 108
105 106
106 112
106 105
106 34
107 34
107 108
107 110
108 105
108 34
108 107
109 34
109 110
109 111
110 34
110 107
110 109
111 112
111 34
111 109
112 34
112 106
112 111
