0.265237 0.134119 -0.294490 0.014871 -0.262928 -0.964701
0.355214 0.102017 -0.279537 0.439580 -0.090649 -0.893617
0.277403 0.103060 -0.261141 -0.342693 -0.939020 -0.028327
0.355576 0.107245 -0.247325 0.728344 0.393103 0.561235
0.243330 0.197946 -0.287527 0.521380 0.652735 -0.549637
0.249644 0.197963 -0.236851 0.502663 0.646522 0.573881
0.094426 0.298034 -0.286281 0.421686 0.780817 -0.460983
0.103258 0.298152 -0.230293 0.539091 0.800731 0.261170
-0.148630 0.440227 -0.198282 0.215061 0.962778 -0.163728
0.057828 0.327678 -0.200968 0.708719 0.694634 -0.123290
0.112132 0.299448 -0.172267 0.515784 0.829379 -0.214704
0.050259 0.266580 -0.191951 -0.009440 -0.279949 -0.959968
0.263359 0.202122 -0.163814 0.436981 0.586988 -0.681537
0.201107 0.174086 -0.185165 -0.136415 -0.275635 -0.951534
0.354439 0.078131 -0.175079 0.096683 -0.002237 -0.995313
-0.017887 0.085885 0.363536 0.533247 -0.822931 -0.196043
-0.073774 0.111387 0.279335 0.440379 -0.663619 -0.604711
0.008466 0.125860 0.363250 0.897088 -0.189208 -0.399292
-0.051236 0.191926 0.274982 0.826913 0.075239 -0.557274
-0.123389 0.151185 0.217622 0.443080 -0.636464 -0.631342
-0.096573 0.230553 0.219954 0.950665 0.107503 -0.290996
-0.119078 0.202307 0.172898 0.248346 -0.968649 -0.006630
-0.090916 0.296207 0.204799 0.358402 0.128785 0.924642
0.054612 0.246534 0.179987 -0.036743 -0.503177 0.863402
0.114995 0.266327 0.157020 0.407307 0.696887 0.590296
0.209880 0.148912 0.168133 -0.151263 -0.319766 0.935345
0.274161 0.167064 0.149299 0.468746 0.625475 0.623745
0.354448 0.040463 0.157718 0.039957 -0.143150 0.988894
0.467148 0.024021 0.139659 0.613194 0.488549 0.620736
0.466719 0.027034 0.097167 0.491002 0.153892 -0.857458
0.274599 0.172469 0.090844 0.466453 0.618844 -0.632023
0.127691 0.277171 0.093387 0.552757 0.828478 -0.089912
-0.136758 0.430899 0.062252 0.228651 0.943851 0.238463
-0.137011 0.383498 0.179861 0.061535 0.871686 0.486186
-0.349354 0.396851 -0.054144 -0.869325 0.464366 -0.169231
-0.277790 0.353534 0.213505 -0.311044 0.866029 0.391465
-0.380295 0.288200 0.197382 -0.798018 0.380295 0.467485
-0.121983 0.308575 0.233450 0.375709 0.609852 0.697799
-0.102837 0.259768 0.267598 0.601112 0.719831 0.347143
-0.151307 0.229989 0.315900 -0.220778 0.496036 0.839765
-0.060615 0.220636 0.309535 0.478869 0.842487 0.246778
-0.109497 0.199958 0.355470 -0.244233 0.698626 0.672512
0.005519 0.156666 0.403132 0.609231 0.743787 0.274987
-0.040071 0.144728 0.441204 -0.072738 0.644407 0.761215
-0.014443 0.111741 0.439234 0.623636 -0.537387 0.567709
-0.075483 0.105494 0.438712 -0.664580 -0.196819 0.720830
-0.062980 0.071766 0.395984 -0.036092 -0.998543 0.040124
0.266171 0.132099 -0.227236 0.080871 -0.224874 0.971026
0.196948 0.177150 -0.217925 -0.169490 -0.419316 0.891878
0.122572 0.173109 -0.259651 -0.450347 -0.890586 -0.063594
0.048760 0.266740 -0.210406 0.058557 -0.501260 0.863313
-0.033252 0.247325 -0.258455 -0.121899 -0.976210 -0.179317
-0.029733 0.241019 -0.141132 -0.061180 -0.994957 -0.079480
-0.222526 0.244799 -0.071993 -0.212583 -0.942582 -0.257578
-0.022720 0.230343 -0.009590 -0.036720 -0.994619 -0.096878
-0.025228 0.221031 0.120185 -0.033922 -0.999246 -0.018891
0.059150 0.246904 0.066251 -0.014545 -0.271471 -0.962337
0.074927 0.315891 0.056620 0.725690 0.677888 0.117656
0.059124 0.246011 0.050069 0.062257 -0.531325 0.844877
0.132456 0.283898 0.020981 0.524073 0.813869 0.250927
0.273547 0.186260 0.012309 0.479826 0.587757 0.651390
0.128011 0.288158 -0.042383 0.552196 0.784925 -0.281020
0.270979 0.190385 -0.045481 0.463325 0.627508 -0.625751
0.052162 0.250634 -0.069164 -0.023715 -0.265116 -0.963925
0.208297 0.163208 -0.066597 -0.183866 -0.280829 -0.941981
-0.393285 0.222572 0.123140 -0.886939 -0.456004 -0.073480
-0.320619 0.181132 0.061385 -0.378020 -0.773145 -0.509262
-0.154877 0.172056 0.166323 0.257390 -0.893419 -0.368176
0.135858 0.163730 -0.142075 -0.490453 -0.869533 -0.058040
0.052179 0.252284 -0.082711 0.033030 -0.504446 0.862811
0.138661 0.153602 -0.016729 -0.497901 -0.866911 -0.023686
0.380968 0.000000 0.120800 -0.400362 -0.915572 -0.037935
0.351172 0.048175 0.077584 0.037255 -0.148659 -0.988186
0.209249 0.149156 0.069089 -0.237917 -0.418631 -0.876438
-0.224277 0.301191 0.256864 -0.148373 0.500543 0.852902
-0.303806 0.235925 0.242080 -0.507001 0.038394 0.861090
-0.200922 0.165893 0.302109 -0.632814 -0.328375 0.701225
-0.164441 0.416830 -0.274839 -0.090919 0.772961 -0.627906
-0.194826 0.358367 -0.302000 -0.471527 0.217880 -0.854512
0.050074 0.275664 -0.305451 -0.065983 -0.192585 -0.979059
-0.235028 0.278299 -0.271210 -0.543864 -0.691254 -0.475794
0.353925 0.078687 -0.095955 0.130192 0.039439 0.990704
0.266634 0.198813 -0.111412 0.428462 0.611801 0.664921
0.207127 0.167106 -0.090431 -0.182153 -0.330507 0.926059
0.117849 0.296519 -0.110857 0.536221 0.766386 0.353722
0.070044 0.326769 -0.077390 0.756412 0.653492 -0.028085
-0.142349 0.452410 -0.074494 0.295967 0.954898 0.023948
0.396401 0.036169 0.015912 0.152132 0.000877 0.988360
0.210865 0.158931 0.036203 -0.162960 -0.373293 0.913289
0.393530 0.000623 -0.005995 -0.336865 -0.811076 0.478203
0.347434 0.041137 -0.155285 -0.313697 -0.749381 -0.583114
0.347182 0.041414 -0.115731 -0.283886 -0.812278 0.509522
-0.181566 0.134599 0.251568 -0.342164 -0.938802 -0.039676
-0.251034 0.157693 0.156523 -0.248963 -0.967899 -0.034488
-0.297045 0.194073 0.212688 -0.585740 -0.714357 0.382887
0.398236 0.040110 -0.065687 0.108818 0.078430 -0.990963
0.499672 0.005203 -0.047106 0.582902 0.152138 -0.798173
0.500000 0.006609 -0.008167 0.662302 0.572878 0.482874
0.189581 0.186310 -0.305064 -0.116572 -0.268509 -0.956198
-0.127733 0.095685 0.312700 -0.419046 -0.904945 -0.073992
-0.152755 0.141309 0.348205 -0.763320 -0.173950 0.622161
0.460909 0.056106 -0.159663 0.520555 -0.041178 -0.852835
0.461229 0.057723 -0.119470 0.635259 0.542689 0.549486
0.394439 0.002601 -0.046786 -0.375134 -0.717050 -0.587464
0.145388 0.139508 0.120505 -0.485188 -0.874395 -0.005010
-0.322740 0.384593 0.331147 0.418311 0.908304 0.000005
-0.197403 0.627194 0.218043 -0.276986 -0.651671 0.706119
-0.500000 0.041516 -0.055020 -0.920677 0.390326 -0.000028
-0.448095 0.142000 0.218043 -0.314616 -0.633284 -0.707084
-0.322740 0.384601 -0.441204 -0.418519 -0.908208 -0.000032
-0.448078 0.142000 -0.328091 -0.910434 0.410181 -0.053488
-0.197403 0.627194 -0.328091 0.861475 -0.505004 0.053215
-0.145481 0.727678 -0.055020 0.851329 -0.524633 0.000000
