0.00000000 0.58228612 0.05103075
-0.03405616 0.53142846 0.05387171
0.00000000 0.66637242 0.05094318
0.03405616 0.53142846 0.05387171
-0.04200352 0.38694966 0.05355733
0.00000000 0.74666929 0.05517204
0.04200352 0.38694966 0.05355733
-0.04341948 0.25152966 0.04206578
0.04341948 0.25152966 0.04206578
-0.04125736 0.06088247 0.04198031
-0.11216940 0.80043572 0.03447334
0.00000000 0.85965270 0.03577794
0.11216940 0.80043572 0.03447334
0.04125736 0.06088247 0.04198031
-0.19443771 0.76479477 0.03190983
0.19443771 0.76479477 0.03190983
-0.36556223 0.70577288 0.03859726
0.36556223 0.70577288 0.03859726