0.000001 0.538674 0.049449
0.048183 0.495080 0.049449
-0.000000 0.760961 0.039394
-0.048181 0.495080 0.049449
0.063096 0.698134 0.032241
-0.063095 0.698133 0.032242
0.052419 0.288098 0.069097
-0.000001 0.925967 -0.104847
0.000000 0.779011 0.084554
-0.052417 0.288100 0.069097
0.179265 0.631590 0.029776
-0.179263 0.631586 0.029777
0.057360 0.047592 0.049019
-0.000001 0.812515 -0.110112
-0.057359 0.047593 0.049019
0.258120 0.584564 0.035108
0.258120 0.584564 0.035108
0.269543 0.579685 0.036593
-0.269539 0.579678 0.036595
-0.258122 0.584569 0.035096
-0.258122 0.584569 0.035096
0.322556 0.562253 0.059513
0.286800 0.564488 0.064361
0.323920 0.561684 0.030337
-0.322553 0.562245 0.059517
-0.323913 0.561675 0.030339
-0.286796 0.564481 0.064364
0.344868 0.549821 0.059522
0.299430 0.555090 0.078195
0.344027 0.550633 0.030346
-0.344870 0.549824 0.059546
-0.344008 0.550602 0.030368
-0.299427 0.555075 0.078190
