-1.356210839003324509e-02 -4.148036614060401917e-02 -1.999020576477050781e-02
2.425156533718109131e-02 3.228788077831268311e-02 -6.328961998224258423e-02
2.758040465414524078e-02 2.485332079231739044e-02 -4.883407056331634521e-02
-2.915420010685920715e-02 -2.955665998160839081e-02 -3.969355300068855286e-02
2.177395299077033997e-02 1.721522770822048187e-02 -4.684453830122947693e-02
-9.771646931767463684e-03 -3.093727491796016693e-02 -3.318921849131584167e-02
-9.846069850027561188e-03 -1.426459476351737976e-02 -3.686351701617240906e-02
-1.924176327884197235e-02 -3.814007714390754700e-02 1.222327700816094875e-03
-3.325635567307472229e-03 -1.515155076049268246e-03 1.708268001675605774e-02
1.396446675062179565e-02 1.410135533660650253e-02 3.363256901502609253e-02
-2.480616420507431030e-02 -4.190861806273460388e-02 1.351863518357276917e-02
-9.506637230515480042e-03 -4.059590399265289307e-02 9.157548658549785614e-03
-7.793550938367843628e-02 9.035082161426544189e-02 -6.146227195858955383e-02
-9.055699221789836884e-03 2.134141884744167328e-02 4.103792086243629456e-02
-5.325979739427566528e-02 2.648752741515636444e-02 4.518242180347442627e-02
-1.283228993415832520e-01 9.569109976291656494e-02 1.504404395818710327e-01
-2.453205175697803497e-02 -8.422166109085083008e-02 3.412055373191833496e-01
-7.132806628942489624e-02 -5.457106512039899826e-03 2.527089715003967285e-01
4.922873526811599731e-02 4.856780171394348145e-03 1.353312730789184570e-01
-7.852969318628311157e-02 -3.885051608085632324e-02 1.073908060789108276e-01
6.807435303926467896e-02 -7.407888025045394897e-02 3.293807804584503174e-02
-2.183467894792556763e-02 -1.622147858142852783e-01 3.291909694671630859e-01
-2.769447304308414459e-02 -2.077202796936035156e-01 1.933999210596084595e-01
4.616422578692436218e-02 -9.205865114927291870e-02 6.235390156507492065e-02
-5.155298858880996704e-02 -2.009044289588928223e-01 4.674988612532615662e-02
7.508490979671478271e-02 6.073667854070663452e-02 3.831758722662925720e-02
5.632670223712921143e-02 5.012624710798263550e-02 5.414741113781929016e-02
6.751093268394470215e-02 5.286812037229537964e-02 4.637176170945167542e-02
-9.992149472236633301e-02 1.706209406256675720e-02 1.188802532851696014e-02
-2.231792174279689789e-02 -6.955783069133758545e-02 1.523578912019729614e-02
-8.269001543521881104e-02 7.269854843616485596e-02 2.311578392982482910e-02
-1.412423141300678253e-02 9.479097276926040649e-02 6.034149602055549622e-02
-1.013817116618156433e-01 -2.288503199815750122e-02 -4.690598323941230774e-02
-3.113890253007411957e-02 1.084730774164199829e-02 1.537788361310958862e-01
3.377337474375963211e-03 8.676013350486755371e-02 1.121956706047058105e-01
1.130178105086088181e-02 1.080209389328956604e-01 5.100315436720848083e-02
-3.934222087264060974e-02 -3.654514998197555542e-02 -1.636894769035279751e-03
-3.124654479324817657e-02 2.864626701921224594e-03 4.851800575852394104e-02
-9.293452836573123932e-03 -1.213462427258491516e-01 -4.608203470706939697e-02
1.644193232059478760e-01 1.103377435356378555e-02 3.118259273469448090e-02
7.027278840541839600e-02 5.975752696394920349e-02 -2.836984023451805115e-02
-7.844935357570648193e-02 3.477121517062187195e-02 4.902769997715950012e-02
3.454930614680051804e-03 5.049709975719451904e-02 5.126679688692092896e-02
5.417136009782552719e-03 2.263519354164600372e-02 4.687148705124855042e-02
-3.458728780969977379e-03 -2.073602518066763878e-04 -4.698770493268966675e-02
4.777561873197555542e-03 -3.356553614139556885e-02 3.481605276465415955e-02
-1.959035359323024750e-02 -5.058117583394050598e-02 -2.712745591998100281e-02
-2.383489720523357391e-02 -4.873325303196907043e-02 3.475134074687957764e-02
-2.367265522480010986e-02 2.725101634860038757e-02 3.944145515561103821e-02
-1.325810141861438751e-02 -5.920071154832839966e-02 3.796154633164405823e-02
-4.724189639091491699e-02 -4.186047613620758057e-02 2.138886600732803345e-02
-4.589093849062919617e-02 -4.934699088335037231e-02 -2.014603465795516968e-02
-2.693399600684642792e-02 -5.896326899528503418e-02 -2.609278261661529541e-02
2.709694439545273781e-03 2.650677040219306946e-02 -4.934318363666534424e-02
-1.541256438940763474e-02 -5.844032019376754761e-02 -1.420970913022756577e-02
6.412652321159839630e-03 2.074422128498554230e-02 -4.448559880256652832e-02
-2.673243172466754913e-02 -3.443561494350433350e-02 -2.881853096187114716e-02
-8.080454543232917786e-03 -2.560869976878166199e-02 -2.069152146577835083e-02
-1.844438537955284119e-02 -3.081951104104518890e-02 1.524872425943613052e-02
-3.133923513814806938e-03 -4.151069745421409607e-02 6.851341575384140015e-03
8.674889802932739258e-03 2.414434589445590973e-02 3.591698408126831055e-02
-2.293985104188323021e-03 4.352378658950328827e-03 2.379056252539157867e-02
-1.149296062067151070e-03 8.376250974833965302e-03 2.200960926711559296e-02
1.710294745862483978e-03 2.078900672495365143e-02 3.215647861361503601e-02
-4.703882441390305758e-04 -2.874549105763435364e-02 1.393491216003894806e-02
-1.092890370637178421e-02 -3.119618399068713188e-03 -1.693219132721424103e-02
-1.070401910692453384e-02 -3.173719346523284912e-02 4.630624025594443083e-04
-4.664395470172166824e-03 1.135942619293928146e-02 -3.088418953120708466e-02
1.323256827890872955e-02 1.679536700248718262e-02 4.583003744482994080e-02
-7.414424791932106018e-03 -3.768043592572212219e-02 3.285864740610122681e-02
-2.448420040309429169e-02 -3.841738775372505188e-02 -5.917444825172424316e-03
1.445529633201658726e-03 7.098632864654064178e-03 -3.376242890954017639e-02
2.866039518266916275e-03 2.562181279063224792e-02 3.858728706836700439e-02
-5.703732371330261230e-03 -2.679068222641944885e-02 2.838803082704544067e-02
-6.817325949668884277e-03 2.594603970646858215e-02 -1.970213092863559723e-02
-9.444101713597774506e-03 -2.077244222164154053e-02 8.802376687526702881e-03
-5.843141116201877594e-05 7.381390780210494995e-03 -3.830773755908012390e-02
6.233124062418937683e-03 3.423427790403366089e-02 4.165501520037651062e-02
-2.277132309973239899e-02 -2.260103262960910797e-02 -9.099395945668220520e-03
-1.512942835688591003e-02 -2.470305934548377991e-02 2.484891936182975769e-02
-5.299913231283426285e-03 1.394136250019073486e-02 -3.962769359350204468e-02
3.463562205433845520e-02 -9.462161362171173096e-02 3.337880969047546387e-02
-1.874703541398048401e-02 -3.716995939612388611e-02 -1.346337422728538513e-02
-1.333193853497505188e-02 -3.656052052974700928e-02 2.613073587417602539e-02
3.391768410801887512e-02 2.469188347458839417e-02 4.778980463743209839e-02
3.485356923192739487e-03 -6.186168268322944641e-02 3.011521324515342712e-02
-1.367824710905551910e-02 -3.285961225628852844e-02 3.748800233006477356e-02
-2.093476057052612305e-02 -4.276810958981513977e-02 -1.997440867125988007e-02
9.050530940294265747e-02 -5.072107911109924316e-02 -6.892210990190505981e-02
4.304545372724533081e-02 -1.550088822841644287e-01 -3.097512759268283844e-02
1.155523816123604774e-03 4.379211168270558119e-04 1.450386480428278446e-03
1.709595471620559692e-01 -8.855181932449340820e-02 -1.694738306105136871e-02
-2.495139651000499725e-02 -4.542467743158340454e-02 1.247040033340454102e-01
3.593893349170684814e-02 3.708507493138313293e-02 5.749678611755371094e-02
1.664441227912902832e-01 4.488784447312355042e-02 4.920056834816932678e-02
2.719887159764766693e-02 -1.947637088596820831e-02 -8.807454258203506470e-02
2.457326510921120644e-03 -2.542247064411640167e-02 -1.327837556600570679e-01
1.776095330715179443e-01 -6.053821649402379990e-03 -2.498387731611728668e-02
3.395720943808555603e-02 -2.078189700841903687e-02 4.053745884448289871e-03
2.733606100082397461e-02 -4.915589839220046997e-02 -3.798320516943931580e-02
9.818347543478012085e-02 -1.463537290692329407e-02 -7.124210242182016373e-03
-6.007494404911994934e-03 1.958573237061500549e-03 -1.167262252420186996e-02
-2.161141857504844666e-02 -2.607366070151329041e-02 5.043544992804527283e-02
-1.702268980443477631e-02 -3.293637186288833618e-02 1.658180356025695801e-02
2.550317719578742981e-02 4.482320044189691544e-03 2.004288695752620697e-02
1.155296433717012405e-02 -3.715021163225173950e-02 -1.568904891610145569e-02
